0
40.3326504242 51.0584726591 0.226202149095 0.226202149095
74.1181538342 67.07678322 0.158765526346 0.158765526346
73.565704956 72.642211998 0.0968698699666 0.0968698699666
64.6396128015 34.6500398953 0.196442485208 0.196442485208
90.8940732405 76.2957536376 -0.259508371408 -0.259508371408
86.2747154881 6.03971042535 0.298619235747 0.298619235747
86.8629780369 92.5551502719 -0.272438766883 -0.272438766883
22.8236914651 20.9821729591 0.299983908501 0.299983908501
28.9235370741 79.0733443556 -0.0810423592098 -0.0810423592098
79.6081787996 6.89523196476 -0.297726515181 -0.297726515181
79.7188176583 34.9406430236 -0.285739293615 -0.285739293615
25.3306233701 35.1475129843 0.102345424872 0.102345424872
53.7515271349 59.7265178407 0.0993848355831 0.0993848355831
24.4411331552 58.8279365259 -0.260536709305 -0.260536709305
19.121996917 47.664616604 0.299933137245 0.299933137245
39.3843369047 5.62515603903 0.0821382341186 0.0821382341186
2.26379787797 82.24511139 -0.291209058001 -0.291209058001
85.7774209189 32.9909286327 -0.0413999589145 -0.0413999589145
45.2517135497 59.3967963547 0.29893099987 0.29893099987
52.0487581386 13.1974797254 0.171413356921 0.171413356921
32.395145947 97.6681064514 0.236535190494 0.236535190494
22.2346090781 85.899777858 -0.297745636672 -0.297745636672
61.5568163467 24.6451374407 -0.220707399566 -0.220707399566
94.524070632 70.4654495361 0.167937616732 0.167937616732
40.5717926193 39.9540791512 0.26222241971 0.26222241971
47.6163348294 60.4716074624 0.113086827175 0.113086827175
97.9293718895 84.2662115432 0.176641369857 0.176641369857
1.68317560205 54.5424595689 -0.299922538208 -0.299922538208
43.2386260478 9.07797168418 -0.0746544085647 -0.0746544085647
15.3041725956 3.36130111198 -0.207032856887 -0.207032856887
18.5785973406 94.0716120215 -0.0374083331531 -0.0374083331531
75.0218009496 1.40497023736 0.063837020455 0.063837020455
49.9855586029 40.4786710204 -0.191827137522 -0.191827137522
25.6044193241 37.0295080737 0.211635945346 0.211635945346
11.0706310304 9.69195369986 -0.208402309241 -0.208402309241
19.4905907892 20.1908256669 -0.166078292254 -0.166078292254
43.6669541675 59.5826602585 0.263769869385 0.263769869385
36.6590155411 99.6191308195 -0.262860935307 -0.262860935307
58.2811730159 37.9239887522 0.0321565681748 0.0321565681748
21.3008097969 73.2538511579 0.162359386457 0.162359386457
59.9718823426 14.6086030451 -0.0256231382275 -0.0256231382275
93.8361014732 6.61144989046 -0.0658650248223 -0.0658650248223
25.897498138 97.9135649867 0.112461825539 0.112461825539
5.5342601151 88.760355423 -0.295212716719 -0.295212716719
10.7890866262 84.4823791991 -0.174459104363 -0.174459104363
10.8636745427 90.6949272179 -0.246783370203 -0.246783370203
18.6189469341 57.8310709255 -0.289696904429 -0.289696904429
6.29843236784 27.3349254183 -0.286718939781 -0.286718939781
16.7774713611 13.9633240034 -0.251310159416 -0.251310159416
7.96105904345 35.039906353 -0.250035519397 -0.250035519397
62.466520996 11.121797368 -0.258653106779 -0.258653106779
5.37305777847 75.2268981208 -0.121321503851 -0.121321503851
25.1936574494 61.8286936666 0.19827082388 0.19827082388
2.21427253249 6.06034767927 0.103105057129 0.103105057129
88.7707902701 84.7209976124 -0.206225831784 -0.206225831784
57.4120313972 26.9732038037 0.0488975984612 0.0488975984612
22.1070373923 31.1054704456 0.0109171706062 0.0109171706062
14.3295832825 22.3793098849 -0.08763786691 -0.08763786691
2.83959669462 53.291505527 0.0563370751529 0.0563370751529
79.0094485941 56.4244599429 0.28547657059 0.28547657059
47.0327430583 23.4200442527 -0.0202252716921 -0.0202252716921
31.0355722157 35.678220105 0.204236875557 0.204236875557
89.809628525 47.9638626396 -0.181208259819 -0.181208259819
16.6342523803 35.3078802891 0.182486277216 0.182486277216
71.8135888544 42.9911640687 -0.0256510541951 -0.0256510541951
70.247271253 99.2849613138 0.251575357177 0.251575357177
72.3720531995 92.4288503769 -0.2763026389 -0.2763026389
11.7242411654 78.8348628442 0.253790863596 0.253790863596
38.7326276586 77.2943337888 -0.299985935544 -0.299985935544
65.104913636 68.2139861157 -0.122298828223 -0.122298828223
53.6064778782 7.52422914077 0.0659646763256 0.0659646763256
39.6781965363 91.1331221728 0.244026273322 0.244026273322
41.030148453 71.0431668609 0.112767328991 0.112767328991
5.00665892062 90.7149606421 0.157089880008 0.157089880008
26.1542034985 10.2982781735 -0.286169093477 -0.286169093477
29.1253817564 17.1944414407 -0.260506343219 -0.260506343219
52.9366097719 55.4287377085 -0.293410015283 -0.293410015283
0.986142226236 79.8579487268 0.180301201448 0.180301201448
18.931457216 32.7482384577 -0.217294271648 -0.217294271648
93.6120378398 85.8537632293 -0.274923310391 -0.274923310391
2.75928632268 14.9709137653 -0.222132325699 -0.222132325699
55.334961328 47.5593079162 0.288563171435 0.288563171435
14.1799386968 42.7135041723 -0.0911159405086 -0.0911159405086
54.3340217862 15.5209736623 0.035191079645 0.035191079645
14.0110039869 92.9777116853 -0.279292752465 -0.279292752465
91.6121385098 22.7019344167 -0.282932139939 -0.282932139939
51.4597314552 63.3294569028 -0.288480467216 -0.288480467216
40.7219428072 12.8151174489 -0.0623768884715 -0.0623768884715
50.6812315945 11.1095484953 0.0451856590269 0.0451856590269
87.7709927772 3.99845177188 0.162161731416 0.162161731416
16.2217078824 88.1425870886 0.0201327367016 0.0201327367016
85.4469791435 90.7515618016 0.277211786769 0.277211786769
49.3868452373 80.6996916489 0.177740658554 0.177740658554
56.5596631246 34.5886254968 0.294123610312 0.294123610312
63.6566622808 8.07932536382 -0.285532289339 -0.285532289339
32.5774176062 56.6528874835 -0.141462133412 -0.141462133412
38.7888596532 17.9883663678 -0.1642180745 -0.1642180745
3.8725227088 55.777979202 -0.272990871733 -0.272990871733
86.2549880327 38.1144476342 -0.0642623151623 -0.0642623151623
59.1907682598 42.7779088685 0.294968576522 0.294968576522
45.8945034947 69.6681026986 -0.275646649137 -0.275646649137
84.9742769962 40.2399353186 -0.0474325719303 -0.0474325719303
63.8762811678 84.9272382086 -0.279440986083 -0.279440986083
44.2418171072 14.4291828579 -0.0277474008075 -0.0277474008075
28.3569170539 43.2219347339 -0.207761531314 -0.207761531314
90.4319098606 85.1211333272 0.0804688259202 0.0804688259202
50.8754364024 21.9418636269 0.260470703395 0.260470703395
3.48163647132 3.52513276826 -0.25957211774 -0.25957211774
34.5477321563 10.0142962775 0.297926799126 0.297926799126
1.27890113948 99.6502302306 -0.157786010038 -0.157786010038
65.3208637742 43.8089338732 0.0706237636095 0.0706237636095
11.0826104031 37.2457136139 0.256967209164 0.256967209164
17.9677064073 53.6794372233 0.197801925043 0.197801925043
87.147449943 26.8734657094 0.265511427646 0.265511427646
55.1882237383 89.9460489094 0.112437099061 0.112437099061
38.5716285494 1.37695980006 0.2631622063 0.2631622063
89.0345388401 98.518797243 -0.297841238901 -0.297841238901
35.6001821204 26.5421602178 0.266963081523 0.266963081523
78.74345352 49.2937813843 -0.161749501397 -0.161749501397
42.9643583532 24.4327816118 0.296285023172 0.296285023172
87.5127230371 81.2031477249 -0.209900859937 -0.209900859937
86.5258408375 55.2968564757 0.172438516811 0.172438516811
84.8336715648 31.9853722378 0.286217239475 0.286217239475
10.817951595 42.6417758388 -0.0421469774644 -0.0421469774644
44.2689948192 41.0930930112 -0.294417602489 -0.294417602489
30.123854668 50.9702473754 0.292260487164 0.292260487164
87.4818224265 26.9693008581 0.190898055665 0.190898055665
53.3358651069 58.5149050827 -0.299974124533 -0.299974124533
8.06150038415 12.120066864 -0.210366892311 -0.210366892311
71.7717713381 28.864711525 -0.248845279179 -0.248845279179
41.5025437689 75.7807195776 -0.27757994474 -0.27757994474
62.1273434087 1.39796693461 -0.293531352954 -0.293531352954
50.1462681357 92.9470833801 0.0565946426558 0.0565946426558
39.2466068612 91.6366380415 -0.28028125406 -0.28028125406
61.6152350067 79.5806643351 -0.273851890478 -0.273851890478
91.0560477863 78.5517526905 -0.00137061651126 -0.00137061651126
13.5546658696 83.1726343566 0.289654944337 0.289654944337
51.3948649426 33.7004836113 0.299042807417 0.299042807417
94.3706426189 27.072742817 -0.224133522118 -0.224133522118
97.8918049017 47.0148300602 0.227348548464 0.227348548464
90.4436974168 3.21439004154 -0.276178933856 -0.276178933856
36.894766029 48.0727399115 -0.206415123316 -0.206415123316
24.1495429827 0.436867378353 0.257022572084 0.257022572084
19.4898295053 27.1654341442 -0.299424256412 -0.299424256412
80.5945638602 80.3884147017 -0.263823837396 -0.263823837396
65.7782633707 89.3093667937 0.29507146335 0.29507146335
63.8419563584 46.9099794107 0.190138810062 0.190138810062
26.2132227831 41.6222270503 -0.212747904219 -0.212747904219
9.28988160579 20.6418028074 -0.0569095674529 -0.0569095674529
27.7017136174 89.8461497139 -0.295499945658 -0.295499945658
73.6282216934 49.0780934936 0.253386167975 0.253386167975
15.2394030693 1.08638165193 0.0813215358727 0.0813215358727
72.4290788119 91.0796003084 0.299681904503 0.299681904503
57.4835750191 43.6337636489 0.21791051849 0.21791051849
87.8922969472 45.8552874898 0.272993101227 0.272993101227
80.0181952458 31.9361482799 0.0519963047997 0.0519963047997
36.5803540351 54.6689070757 -0.121816213738 -0.121816213738
43.6032521644 26.5535070491 0.227419602125 0.227419602125
68.1811617152 11.8280488653 -0.0394430826991 -0.0394430826991
48.9819494593 18.1570305181 -0.0794215383537 -0.0794215383537
98.7460282332 57.5266606726 -0.105007319206 -0.105007319206
8.34229724601 17.4003723937 0.193569823248 0.193569823248
90.7539582916 78.4734973917 0.224232874093 0.224232874093
86.3132761122 58.5018777946 -0.16040757744 -0.16040757744
21.1305327361 66.288746227 -0.204703996904 -0.204703996904
49.4701413863 79.3830304891 0.253370944446 0.253370944446
78.0303588456 94.6606047724 -0.270132158708 -0.270132158708
46.9025216544 61.1859064799 0.186705892496 0.186705892496
21.4985865051 99.7483501515 0.203581999254 0.203581999254
87.1238904559 75.173039215 0.111485619291 0.111485619291
20.3960633988 34.6915179642 0.202509705501 0.202509705501
17.2325275521 94.8565774935 -0.299981270128 -0.299981270128
94.5512605625 59.8236258441 0.23988162469 0.23988162469
42.6110275332 40.6811598581 -0.286835799537 -0.286835799537
20.1582055068 96.77531652 -0.167916763198 -0.167916763198
46.6177469073 49.8573105879 -0.273725030095 -0.273725030095
45.1385402659 20.9770586086 -0.222757970307 -0.222757970307
26.3158826172 92.0799907242 -0.0641650130579 -0.0641650130579
88.2436341779 8.58180543035 0.24740256521 0.24740256521
78.5202957953 99.6684855148 0.123754148645 0.123754148645
10.7836291664 40.7909095872 -0.283214338181 -0.283214338181
31.9925652179 99.5219312064 -0.0518045888571 -0.0518045888571
57.2066274069 59.689819989 -0.295887459571 -0.295887459571
81.6980214879 87.8321961438 0.276042498591 0.276042498591
13.29258173 5.129755608 0.281733070064 0.281733070064
17.6405826863 54.5105727951 -0.114946145092 -0.114946145092
40.4497808072 81.2711547059 -0.0158449222612 -0.0158449222612
14.9226530111 42.4940542764 0.295832691885 0.295832691885
78.4013119688 99.8438556321 0.0696147455088 0.0696147455088
99.0206276274 88.8426273764 -0.185395511671 -0.185395511671
89.7618472395 3.12638822213 0.297857467624 0.297857467624
65.2811480935 30.2843404448 0.286997305557 0.286997305557
1.31994622121 41.5090230144 0.106418412819 0.106418412819
64.3547116524 74.9018125989 -0.257517781626 -0.257517781626
50.4866462058 73.9840058317 0.091470951635 0.091470951635
70.3520609162 27.6128061305 0.0922105149018 0.0922105149018
56.0236486405 88.9470959528 -0.283878635552 -0.283878635552
66.6905502255 40.0639115595 0.213519416369 0.213519416369
45.106142787 74.5487223302 -0.299961567105 -0.299961567105
91.6851512795 15.7237833586 -0.230314293304 -0.230314293304
68.1617746372 74.6533557669 -0.251919657308 -0.251919657308
74.9960350512 60.6182012963 0.248491008093 0.248491008093
8.6001926867 25.406937299 -0.164662935776 -0.164662935776
46.2629594312 18.322226324 -0.089690035774 -0.089690035774
5.06677634749 88.995295391 -0.107584415326 -0.107584415326
3.77492212066 56.1121255803 -0.123345662376 -0.123345662376
53.8924563734 48.5063605278 0.289971389677 0.289971389677
72.8650755544 3.51482120649 -0.291555006621 -0.291555006621
13.2444505067 92.979929423 -0.0714564322269 -0.0714564322269
30.7829910021 76.0364736193 0.119768003143 0.119768003143
47.2434128042 78.828096543 -0.290405069497 -0.290405069497
59.5475048802 88.0651096835 0.0421397989482 0.0421397989482
34.0900074794 28.9596663105 0.218012831986 0.218012831986
44.9479589238 18.9278786725 0.00470889873997 0.00470889873997
1.79219214608 74.5319781603 -0.0795170948758 -0.0795170948758
71.6085011376 80.568127917 0.0204497519173 0.0204497519173
3.14598889835 80.3044694102 -0.271266413376 -0.271266413376
98.5788357558 33.7815107715 0.298122117988 0.298122117988
51.9176788815 88.4077381443 0.298849797984 0.298849797984
83.3282386377 48.9837169891 -0.289830614504 -0.289830614504
50.9151258041 83.4162821985 0.270210675197 0.270210675197
31.167671453 53.7982074092 -0.0833038812141 -0.0833038812141
81.1537759848 69.7066428537 0.228972753035 0.228972753035
31.1755356836 91.5949269124 -0.117085447648 -0.117085447648
2.7761373528 90.9316136198 0.110097098691 0.110097098691
81.735203381 26.4123775548 0.0162242815907 0.0162242815907
37.6351005175 11.2095220736 -0.0636103583221 -0.0636103583221
1.17213941148 40.2551562791 -0.103090813124 -0.103090813124
98.974341074 96.7173626475 0.298865025108 0.298865025108
22.1073388026 87.6538133215 -0.297256770597 -0.297256770597
90.9319552809 30.2161905269 0.256485601329 0.256485601329
30.8871467324 53.133370366 0.0108204162786 0.0108204162786
83.434610125 78.7386084866 0.221738233691 0.221738233691
38.3082070517 6.63378777774 0.0142290762419 0.0142290762419
33.0093524017 78.9658199025 -0.0301287863672 -0.0301287863672
23.4462404792 40.306118979 -0.299506509577 -0.299506509577
40.814292986 25.2969429121 0.296954067714 0.296954067714
17.4197968874 18.7889875162 -0.298759942719 -0.298759942719
25.7929582654 61.4296636615 -0.180464646366 -0.180464646366
86.8155412342 82.3135087025 0.264318670368 0.264318670368
95.8042426986 59.2497052961 -0.287492735149 -0.287492735149
66.7325388435 94.744952232 0.0536819936456 0.0536819936456
98.3336681902 48.212649302 -0.271757568486 -0.271757568486
42.9264684441 7.87115685967 -0.0961997861759 -0.0961997861759
71.6082380138 56.6674220885 0.0512840717591 0.0512840717591
1.56417102649 86.6927027204 -0.14854626326 -0.14854626326
68.3806153771 88.3971152555 0.298886133401 0.298886133401
94.0920176032 22.3260751018 -0.274547722833 -0.274547722833
53.6186977756 23.8547773385 0.225518977315 0.225518977315
46.8686096062 13.4656658105 -0.245399502205 -0.245399502205
57.0325534026 3.08668111265 -0.29913215681 -0.29913215681
82.6521750472 84.0743883572 0.277553967038 0.277553967038
81.995421513 77.6489027911 0.0812118156112 0.0812118156112
58.0508811436 35.5744422028 -0.258219993197 -0.258219993197
8.70006270146 89.6060103959 0.276986095622 0.276986095622
79.6393260098 0.191410249151 0.274681302216 0.274681302216
5.41589841953 25.4456516841 0.20520447706 0.20520447706
51.1713706696 18.2054274748 -0.191108140708 -0.191108140708
4.35123513519 66.4599306752 0.254037008519 0.254037008519
96.2315863983 86.7227487788 -0.156764151151 -0.156764151151
74.108119128 39.7153765525 0.0821692957693 0.0821692957693
48.6978749436 32.7288714346 -0.257436544581 -0.257436544581
32.1807107066 5.37364948289 -0.181519848866 -0.181519848866
30.7143859651 65.9529732178 -0.234038622527 -0.234038622527
4.52311200994 45.7590485162 -0.232495610456 -0.232495610456
25.5924917369 75.1211620137 -0.133604363133 -0.133604363133
10.2127869998 89.4304182163 -0.260906283272 -0.260906283272
6.86754743782 64.2051229415 0.262857583215 0.262857583215
24.7282606094 69.2302091333 0.0699718508264 0.0699718508264
19.8516109341 22.6583775783 -0.102359566062 -0.102359566062
6.26724498978 71.0055548345 -0.0627675340791 -0.0627675340791
0.222241639853 19.3208751331 0.296590784703 0.296590784703
57.182955086 76.2322138833 0.134593645348 0.134593645348
59.7953435138 32.2827843348 -0.286830303049 -0.286830303049
8.60068252587 96.5190306286 -0.299999151181 -0.299999151181
5.15606922301 9.89104883044 -0.0294872067241 -0.0294872067241
60.6643990039 73.1393500702 -0.0818812163452 -0.0818812163452
27.9896748877 65.7757517998 0.0634318024786 0.0634318024786
11.1704912287 74.0191604903 0.13537039526 0.13537039526
50.1576898437 88.583107851 0.260365867887 0.260365867887
70.7798993203 23.6435007516 -0.285355015094 -0.285355015094
25.4698879175 32.2252733615 -0.183177666155 -0.183177666155
6.52565237072 73.6376317874 -0.223481925759 -0.223481925759
6.04634565645 85.7334455883 -0.286337698899 -0.286337698899
51.6628210286 42.9728187315 -0.287835541063 -0.287835541063
50.958385276 41.9113496974 0.294671377238 0.294671377238
44.3878328047 44.768458286 0.0731040391728 0.0731040391728
20.3307653325 8.98062614695 0.137704159263 0.137704159263
75.5482906148 81.0879216072 -0.0268603716182 -0.0268603716182
83.198307313 50.4119456938 -0.270040001638 -0.270040001638
18.9727757856 53.661597131 -0.27505027519 -0.27505027519
10.1619727535 17.0486760927 0.286877702179 0.286877702179
7.64054778714 91.272149637 -0.116060556702 -0.116060556702
71.9106621817 6.89997581749 -0.0426840957976 -0.0426840957976
18.1213477217 18.5409274276 0.297903319772 0.297903319772
87.6615559694 50.0743740765 0.127370097252 0.127370097252
78.1449141526 72.8796714124 -0.20008863993 -0.20008863993
78.026322701 71.0458984097 -0.0639977089082 -0.0639977089082
53.9353703675 85.5375711257 0.156569652423 0.156569652423
92.4394159337 55.738765855 0.286691918133 0.286691918133
82.2858380408 91.1092324296 0.0031057318762 0.0031057318762
84.0880632652 39.5194196894 -0.299952780254 -0.299952780254
1.33392561606 31.7495326542 0.00365881108675 0.00365881108675
40.0768250603 0.0864973314072 -0.252459449863 -0.252459449863
84.1401392931 0.90329784476 -0.293989509021 -0.293989509021
87.8676638578 1.31755503863 -0.273332966545 -0.273332966545
4.03431622282 10.096927424 0.29681001301 0.29681001301
20.568505782 80.0550013888 -0.247102501396 -0.247102501396
67.6606591011 3.93533385367 0.0406107266503 0.0406107266503
29.6465638474 9.96399581281 0.297501376277 0.297501376277
52.7120100245 95.0155560323 0.120254567231 0.120254567231
20.9975427777 88.6701401168 -0.0871848184955 -0.0871848184955
57.1630834079 56.1279549871 0.281764608329 0.281764608329
46.5435127308 70.8946217432 0.284322446088 0.284322446088
76.0492209857 24.6496621163 0.059036238875 0.059036238875
55.1116026599 58.0285527366 -0.0396138395563 -0.0396138395563
93.8924919687 72.5226289449 0.0647518003185 0.0647518003185
22.7107271807 35.7437533011 0.212278585886 0.212278585886
76.2905859632 91.1838936523 0.193065071329 0.193065071329
93.6716084212 92.0608773308 -0.0710827613982 -0.0710827613982
52.1290641341 55.55578469 -0.0933706897776 -0.0933706897776
65.8073613236 12.7544890572 -0.0576954092112 -0.0576954092112
45.595512582 99.5936227027 0.265703339853 0.265703339853
29.5422989977 74.3873950621 -0.299984638614 -0.299984638614
7.77942309824 54.3064137939 -0.105589403258 -0.105589403258
25.3838263869 52.5168046136 -0.20865159341 -0.20865159341
27.622850369 72.8620799941 0.229900987415 0.229900987415
46.2345345606 84.0052501609 -0.238775658957 -0.238775658957
89.3440947705 80.5478093308 -0.11713027814 -0.11713027814
7.40602628336 61.6391769674 -0.2949668381 -0.2949668381
70.2546176762 89.9804491581 -0.194679393115 -0.194679393115
66.1894063129 78.1093171749 -0.244056177713 -0.244056177713
61.3886303241 91.2031655122 -0.158619792933 -0.158619792933
36.0013498688 84.2903652594 0.286239020031 0.286239020031
77.5703476637 85.2753331377 -0.267368644813 -0.267368644813
12.2802340629 48.9925653164 -0.290874875667 -0.290874875667
33.0075717418 16.6705215247 -0.273922998415 -0.273922998415
52.514351 12.4574439532 -0.0256180787406 -0.0256180787406
55.3822421636 43.3182819247 0.286529458862 0.286529458862
0.0994230311802 26.1584996111 0.203090027024 0.203090027024
38.7432592719 91.4974862053 -0.295936963446 -0.295936963446
9.38627944551 38.7726200142 0.028832026306 0.028832026306
22.9201399872 58.3914013639 -0.086594086701 -0.086594086701
99.639726333 29.3061163875 -0.189276164059 -0.189276164059
90.0891369115 30.2206838523 0.291190638492 0.291190638492
44.7998380078 24.9070925668 0.0683764294885 0.0683764294885
99.5504340039 48.2984176993 0.229822469994 0.229822469994
58.012710086 79.9482932391 -0.216446994416 -0.216446994416
95.7755767032 48.6424179316 0.187800647263 0.187800647263
18.0055285739 7.43283699999 -0.0922509929624 -0.0922509929624
2.9078083656 16.7994470793 0.261711940612 0.261711940612
83.4657105137 34.992292445 0.141500047632 0.141500047632
97.4555297011 8.91569672734 -0.29734329249 -0.29734329249
10.8091080451 65.5878656303 0.29869337403 0.29869337403
49.0784233266 4.03145920167 0.172295722458 0.172295722458
22.2227795229 46.4263189712 -0.00474172392597 -0.00474172392597
85.1155463243 81.8961441068 -0.0678693138001 -0.0678693138001
11.9500677351 71.3739154491 -0.0477558072858 -0.0477558072858
3.61290825137 67.3632839099 0.166401715386 0.166401715386
75.4854094561 77.5993331453 0.237419608195 0.237419608195
28.7866172902 80.1289303308 -0.0175758161585 -0.0175758161585
8.31490157413 33.430042643 0.290265627071 0.290265627071
49.9278939597 19.9500971971 0.196958529426 0.196958529426
54.5275247817 28.0997110699 -0.0817895717532 -0.0817895717532
66.032121227 85.7599443443 0.225374767406 0.225374767406
46.4485918035 59.656834901 0.0104968784303 0.0104968784303
98.9003417984 16.2333142347 0.284812130599 0.284812130599
34.4144203181 97.383330259 -0.260113712176 -0.260113712176
49.2232473421 40.8094139294 -0.299929349743 -0.299929349743
71.8629865582 85.1173810156 -0.195652399073 -0.195652399073
42.4642467684 92.3609243086 -0.147489809458 -0.147489809458
16.745679387 37.202771522 -0.101628960101 -0.101628960101
37.4395870956 98.009352319 -0.0343487238547 -0.0343487238547
95.6457972967 13.0091613311 0.267687842191 0.267687842191
25.3909025815 90.4381963844 -0.259642471993 -0.259642471993
25.6025046308 42.2605241398 0.289347773098 0.289347773098
67.1973720197 63.3116134249 0.278811223958 0.278811223958
31.5535533234 47.0711386285 0.07352180376 0.07352180376
14.6735215454 30.2623693823 -0.263784707508 -0.263784707508
60.5038403522 86.0811542308 -0.222824720098 -0.222824720098
85.1424085183 76.7383309833 -0.0708531153966 -0.0708531153966
4.76037210561 23.2656552688 -0.223096465478 -0.223096465478
74.4734630694 67.6347697504 -0.146775876692 -0.146775876692
25.8413357127 10.5934454752 0.289666930391 0.289666930391
71.88925687 16.8351997269 -0.298039011014 -0.298039011014
46.4679981129 42.0919373419 0.0195273585419 0.0195273585419
42.1962659915 56.8166328575 0.263422599643 0.263422599643
23.3615401711 7.0494383398 0.299249762655 0.299249762655
61.1063281488 69.4601853905 -0.13907529506 -0.13907529506
32.929092249 8.00992401711 0.265999295409 0.265999295409
42.6702987334 11.8959894995 -0.0701564780962 -0.0701564780962
30.4479943013 2.42933545833 0.289179450439 0.289179450439
91.0649940901 71.1273740058 -0.111327643016 -0.111327643016
50.6925596336 31.9247160938 0.123359854864 0.123359854864
63.2259551409 1.07782308534 -0.0941482791723 -0.0941482791723
0.625439293079 38.7894079003 -0.164306723284 -0.164306723284
79.2509760927 84.6073956252 -0.261052542677 -0.261052542677
26.7516640051 33.5459171435 0.085941079322 0.085941079322
90.8814522597 34.570674717 -0.155040454043 -0.155040454043
44.8998192946 79.448261632 0.132244737215 0.132244737215
10.5669310039 48.0735240999 0.28682874646 0.28682874646
10.2811334414 22.9452413722 0.154571875481 0.154571875481
50.4445253672 86.6079563284 0.261078329693 0.261078329693
96.9549112618 36.8699831149 -0.296014172823 -0.296014172823
21.0946917656 3.19709305777 0.17201993443 0.17201993443
37.2012468664 84.544608983 0.185130595419 0.185130595419
80.1077760819 74.9222978641 -0.204387664685 -0.204387664685
46.5660348404 19.5900240845 0.299678525934 0.299678525934
76.048735762 54.4346654578 0.246931607708 0.246931607708
12.9310489824 16.9459853365 0.299765390194 0.299765390194
25.2428038997 75.5151450298 0.226335486053 0.226335486053
31.9826051915 56.455997184 0.190459068903 0.190459068903
72.8666239924 5.10130855982 0.126190811172 0.126190811172
92.4971070125 18.0231410531 -0.0140547072819 -0.0140547072819
44.3923113131 79.805124977 0.160216380499 0.160216380499
14.2241796298 39.7240388921 0.299628111952 0.299628111952
23.6930812727 84.0671639815 0.206942986229 0.206942986229
63.8497702592 67.319929365 0.214085538478 0.214085538478
35.1246409379 8.01334286532 0.0522938315719 0.0522938315719
37.4013087198 41.0168104736 -0.291113406841 -0.291113406841
72.6779799134 24.8358142318 -0.145989989117 -0.145989989117
74.2277894337 39.3028194629 0.283792684065 0.283792684065
30.8198196696 1.81940107151 0.287267313609 0.287267313609
52.3156811046 24.2106279888 -0.288274607184 -0.288274607184
37.6502384622 6.75013755277 0.256634842074 0.256634842074
48.8930398644 55.8461412786 0.298578915885 0.298578915885
92.8479643846 98.3125943855 0.0974519142624 0.0974519142624
98.445733324 40.9302972426 0.292510768481 0.292510768481
89.0219959284 13.4699372242 -0.197309827104 -0.197309827104
40.0377596652 48.8204190847 0.29268352802 0.29268352802
34.1740813591 71.2767590039 0.199393313283 0.199393313283
98.8179677516 33.3547938826 -0.293876349776 -0.293876349776
19.4499658928 76.8807490934 0.0811311949274 0.0811311949274
53.8915139543 78.1339038372 0.0817174287788 0.0817174287788
16.1435645496 52.4918267182 0.151845045499 0.151845045499
14.774512667 44.9509779577 -0.0878897758882 -0.0878897758882
73.5575245098 8.45847965834 -0.206781373495 -0.206781373495
41.4636490264 14.7497337238 0.170703776386 0.170703776386
48.818881548 34.0343003575 0.0420270268158 0.0420270268158
92.8368237932 67.2951928089 0.29723491402 0.29723491402
75.4758651293 72.6984894629 -0.29768187152 -0.29768187152
16.1850112446 7.14263821929 -0.166199837888 -0.166199837888
0.197773112225 72.3509782411 -0.0307587196246 -0.0307587196246
21.6248150129 80.8309832626 0.203766210288 0.203766210288
88.8243850797 78.4472320801 -0.119480277608 -0.119480277608
56.3328358876 11.3724406141 0.296225457584 0.296225457584
44.8815201253 79.8289975742 0.0644974887557 0.0644974887557
2.8101737399 99.4946356712 0.0378786737089 0.0378786737089
91.4431188523 71.0428936929 0.288194507127 0.288194507127
83.4310746811 58.5743547667 0.229973784348 0.229973784348
30.2571745923 86.3525427811 -0.140820753386 -0.140820753386
94.9249814535 39.0408933251 0.0508873717191 0.0508873717191
91.8471168599 82.5565923882 0.193312596309 0.193312596309
55.7360518659 43.7793872577 0.145349808805 0.145349808805
41.7775379997 74.4562807926 0.270218065692 0.270218065692
5.48526913782 76.868440349 -0.295101607774 -0.295101607774
85.8763448805 21.0965883944 -0.0836649451498 -0.0836649451498
17.3876562208 56.4785006182 -0.177030888984 -0.177030888984
85.3363952917 80.2991765516 0.184721108642 0.184721108642
82.441774835 55.2731092013 0.152826767885 0.152826767885
70.4388406821 13.2820382947 -0.299553153546 -0.299553153546
25.1905808389 71.7839816351 -0.282799290111 -0.282799290111
68.7091026666 49.6871717978 -0.224456374231 -0.224456374231
85.3556645188 37.8911112662 -0.223657607293 -0.223657607293
45.7032715008 75.2392195807 0.299720107178 0.299720107178
57.3929093384 4.34244867683 0.187609524948 0.187609524948
70.2878748284 83.1071599211 0.297616691466 0.297616691466
78.4102914698 62.0982648454 0.273876781987 0.273876781987
34.5537223922 18.4262861928 -0.158369585554 -0.158369585554
90.5475931853 83.7983433836 0.272882346924 0.272882346924
44.4858364149 78.8982209851 -0.195951722989 -0.195951722989
64.1521178388 33.0416314226 0.165767539135 0.165767539135
25.6885916778 74.8152384704 -0.252296353358 -0.252296353358
45.6038437554 71.8128185666 0.168289574749 0.168289574749
17.7474567604 91.3279002207 -0.28581614391 -0.28581614391
70.1078554949 45.4343374283 0.294908729752 0.294908729752
66.2165144236 37.919577254 -0.0102470746076 -0.0102470746076
57.7972243089 99.6758201122 -0.177048939364 -0.177048939364
72.397882657 47.8613697587 -0.221533929002 -0.221533929002
70.2602586358 95.9907227184 0.023249199943 0.023249199943
69.594694438 36.9241758791 0.289706753949 0.289706753949
39.764437284 87.7617789369 -0.200366714491 -0.200366714491
14.7442879326 86.5286373848 -0.208996351034 -0.208996351034
64.9396286187 60.4521344474 -0.274244755739 -0.274244755739
69.6618223819 8.38036364426 0.113749805777 0.113749805777
24.3356668052 77.6503238644 0.274078574361 0.274078574361
72.4710776691 51.6753376368 0.00387494698871 0.00387494698871
15.4655317572 48.0555007204 -0.121601079107 -0.121601079107
68.9761331164 39.2689484027 0.298804118686 0.298804118686
9.13027965676 32.5756175972 -0.273418566854 -0.273418566854
44.8088511045 29.4387500524 0.29999306043 0.29999306043
61.284973393 80.0269183512 -0.223260652028 -0.223260652028
45.3312356136 9.43890328726 -0.299118351925 -0.299118351925
66.3862700637 5.34685520736 0.182624135861 0.182624135861
22.3299539632 26.8774683393 0.110525067036 0.110525067036
53.5131393045 17.9000134466 0.250878896853 0.250878896853
51.5704929995 41.62513694 0.198797949751 0.198797949751
51.5517990203 14.6754038014 -0.298425785285 -0.298425785285
54.2293954104 70.8059051019 -0.289351612482 -0.289351612482
98.5629506155 60.0823123887 -0.296271970953 -0.296271970953
