300

6.472794280385283 5.926099149667771 0.008374209364247131 -0.028807509741797462 4.995287698205839
4.167533810735417 2.387310363710305 0.007535087816158834 -0.029038292849318373 4.966277375611296
2.834108135160298 5.546082340866579 0.007727106234966024 -0.028987787587767874 4.972895700214906
4.163023329483761 5.192663378264503 0.009220418869550434 -0.028547922444024508 5.024793120161075
1.0481160409228423 1.0919776200664353 0.008169263352706808 -0.02886629758514454 4.988180654007264
6.706059401863745 4.897970645229079 0.007141957989675119 -0.029137474771738812 4.952762338042451
0.733876107494319 5.907912378708706 0.008419153552681389 -0.02879440663490693 4.99684820806873
0.48739607413044483 6.093568801355688 0.008795284442605654 -0.028681753286256037 5.009936261315367
4.080395015523597 1.9148544764477484 0.005784185667719585 -0.02943710577080137 4.906410176395994
1.2677977373483367 0.14119472381289422 0.007385745308292907 -0.02907663608880899 4.9611378294789965
0.9837412299480675 5.548668473255681 0.007546248145272067 -0.029035394588845832 4.96666172623438
1.9660820030019055 2.027945781301482 0.00882242086233623 -0.028673417831291306 5.010882520115645
3.8186457969274383 3.2671944016437173 0.005432988353013412 -0.02950394274594534 4.894493416601893
6.903361590904125 0.3553683096119705 0.006836010603982057 -0.029210767860880425 4.942275489834877
4.547580310792749 0.9326570033680905 0.008719014972349984 -0.02870503053319987 5.007278178033007
4.463519858816982 0.6068650717612152 0.006748360518208816 -0.029231141447372194 4.939275929379293
1.108349547654045 5.116325315402511 0.007415282196386115 -0.02906911746076855 4.962153789673834
2.6575576257354676 4.908274775874348 0.006110861738001126 -0.02937102941367622 4.917519955993337
1.9609547680180084 6.559372237387598 0.006763813496878936 -0.02922756963860386 4.939804609468988
6.884541656978637 5.72819875737591 0.009075527545513953 -0.028594314116107373 5.019721879613327
1.3232316865527143 2.955229003338637 0.007492948063637469 -0.029049194985672693 4.964826469514319
1.6420723913837412 2.9742330315361847 0.006154544868196299 -0.02936190691125763 4.919007473045053
3.63249600102703 0.28285721799505903 0.00738540950298597 -0.029076721384523472 4.961126280522185
3.243498951217587 3.1177169511793563 0.0059740615942273844 -0.029399159649016796 4.912864538037944
1.290821627337447 2.703847505214896 0.005952155655674211 -0.02940360255224903 4.912119473121952
5.90451542724362 5.390826734408487 0.007213290511166258 -0.029119897664681427 4.9552112121629115
4.614519770744158 0.7573177260424838 0.008078634223088924 -0.02889179241738969 4.985042425051494
6.169169263677312 5.189669888180953 0.007894356126224421 -0.028942687182643267 4.978669843348891
0.4487785747758121 6.812434363474651 0.007398641279424301 -0.029073357343423527 4.961581371091258
0.6585610407614213 6.65296979966163 0.008134661451458348 -0.028876067652472307 4.98698216146321
3.7915438037119307 4.995822930332581 0.00829046486293663 -0.028831721980423112 4.992381884235675
5.665067290486962 1.0518041485480807 0.008118915561846424 -0.028880498785505904 4.986436911279797
0.7542798202755934 5.613062669697586 0.008278596975737436 -0.0288351319073333 4.991970282553546
1.3965598659950167 6.978397951131209 0.008680871178261489 -0.02871658885707752 5.005949626561174
3.743937693860227 0.238590932853169 0.008480250964486657 -0.028776472048868726 4.9989707182775325
1.2325088113740315 5.543092227492628 0.006614620305879579 -0.02926169506725551 4.934703062435458
2.7549183560955157 5.705604409782128 0.007096618698176649 -0.029148550616671997 4.951206586657739
4.3962511127827995 4.841092855943128 0.007306357015848423 -0.029096686188584475 4.958408460068647
0.4794800188797072 2.443928892906667 0.005587727773474383 -0.02947502838555958 4.899740678886928
1.0222515614604106 1.3004375640470311 0.006425129029177701 -0.02930388569726578 4.928232005101482
5.81601259910891 3.7905791021829596 0.00868325001065596 -0.02871586964123572 5.006032465863384
3.789846724299762 1.150451911156807 0.009289013967471605 -0.028525676495258046 5.0271968608106095
1.270370580730348 5.028838310006617 0.007567469048230572 -0.029029871033197378 4.96739265898002
6.451636155516354 1.7542062795318032 0.0075084014098943195 -0.029045204565778096 4.965358477625658
2.3102134845896343 5.364254563901132 0.008986121477577444 -0.0286225369384026 5.016596716535586
2.834556691662861 2.916923795882232 0.0052041030220222485 -0.029545174085393013 4.886741084409173
1.8144699223647454 5.17327536106213 0.006476044781343624 -0.029292675603127004 4.929969845623923
3.421416791449573 3.986608635618842 0.005398004599775669 -0.029510363371886842 4.893307814281331
3.8040664762123737 6.85943626657405 0.00605595241541751 -0.029382400180077164 4.915650812116056
1.016088083078467 2.566688379527827 0.006185140819206201 -0.02935547705363667 4.92004961580329
3.6559143038407353 0.9478779004612647 0.007915400560972508 -0.028936938918264248 4.979397022677384
6.738157325398657 2.939445506536089 0.00782068956366233 -0.028962679688675615 4.976125467005206
3.4738969990933364 4.515459743262906 0.007502364814359841 -0.029046764401431276 4.965150648708166
2.646951013493734 0.6570586144658709 0.006081744339394249 -0.02937707245098201 4.91652869345724
1.2029217840980417 1.5487913318227442 0.007694640747252405 -0.028996422258111824 4.97177589589551
4.2005380551977005 5.427227591897977 0.007829904098957174 -0.02896018994760106 4.976443632706421
6.231026229894335 5.3564521756546855 0.007771518596383045 -0.02897591238781054 4.9744281197376266
0.8617980914594016 1.8413889228855398 0.008405917930817536 -0.028798273277062292 4.996388579461376
6.457216387912152 0.663529231591009 0.007154625626585068 -0.029134366856745184 4.9531971153330385
2.5717648525860817 1.517862471353347 0.006863979807004152 -0.029204208279099763 4.943233093611612
0.44465272531224276 4.263103166380141 0.006817342343906429 -0.029215130384202984 4.941636449272351
3.0262117429316513 3.8814718772652586 0.006223873185268048 -0.029347289526866042 4.921369225174276
2.042321631518567 5.1194419884335645 0.009092589015040868 -0.02858889338543131 5.0203186096592995
1.146788554673897 5.637916919941307 0.006661159753601338 -0.029251135887978806 4.936293805427999
1.1866025940901832 1.6537148175197365 0.006420577997835573 -0.029304883179663246 4.928076703039345
0.7405304484524369 2.3719877691303908 0.006999065342002126 -0.029172128553439234 4.947861177565121
2.991646464736802 6.711722980753278 0.009238544011271261 -0.028542062023473425 5.025428087617482
4.459736775994606 2.5462481610903303 0.007592071260299884 -0.029023446624729606 4.968240231921207
6.128689638936979 0.5035866294977956 0.009146193634894334 -0.028571789268315318 5.022194185724898
1.2548911139605654 0.2480869810596373 0.009232832039001427 -0.02854391025314487 5.025227969373963
3.6506321578371543 4.366844355953648 0.005535172470095235 -0.02948494303413693 4.8979579341469135
4.609228513871458 5.074324634980712 0.00757124546391907 -0.029028886339732097 4.967522748422304
5.101977483307855 1.4838448695862017 0.01007624777634346 -0.028257197857355452 5.054922944985453
0.14696509695420668 6.6265458307552905 0.008866326397064516 -0.02865987188074498 5.012414109402293
5.1463220505025165 6.294116135516974 0.00714242349914128 -0.02913736066562849 4.952778314388421
0.6711140521005163 6.368800984413962 0.006698561903666551 -0.029242593394272456 4.93757264832028
1.77908075505167 5.336722977970892 0.008131002622197193 -0.028877098129102625 4.986855455707543
4.585735594979999 0.7153156495496081 0.008326812609022523 -0.028821245493111908 4.99364279908058
3.311146528484313 0.22774397377099997 0.007173075305189101 -0.0291298299113827 4.953830426320258
1.3602803839113955 3.1933465973851174 0.005015537871502536 -0.029577768338052885 4.880362358878058
0.27076014590385195 0.764388260750525 0.008505343198237364 -0.028769065627513826 4.999842800915861
0.6423795100799601 1.3466267147629092 0.007078440658967632 -0.029152970309000655 4.9505829995426405
3.9666879672349853 2.747661101696426 0.007264005269690772 -0.029107288218621546 4.9569531732393735
0.8078869947841782 5.707839934478237 0.007828161835092813 -0.028960660943486705 4.9763834725452
4.868989688851025 4.523094790918248 0.005908074322031005 -0.029412491526651697 4.9106205185898695
2.9334736257718674 1.9565572878203394 0.007444602297714751 -0.029061622401869793 4.96316255367414
1.873420777490187 4.661236573435489 0.008385248279258746 -0.02880429848642713 4.995670915300252
4.773557823521194 1.3886268499782741 0.010280617260568201 -0.02818348645469022 5.062164834184208
4.143000013803635 4.355039693674492 0.007830147049374734 -0.028960124260527062 4.976452021832788
0.8659383863435747 6.431548906777677 0.007398462265545317 -0.029073402898616835 4.961575213779028
1.3052475706812412 6.27794116296133 0.008615077599090653 -0.028736395702343157 5.003659282520237
4.595500529353835 0.31717395908043006 0.007996384109895505 -0.028914664811597084 4.982196720207061
2.6631078837244373 3.4776438502491094 0.0063117742034892515 -0.02932851012929514 4.9243653821241375
0.28415432792208684 2.8693626186887298 0.008329682847221654 -0.02882041609110981 4.9937423880972
1.208866527987479 2.6033017505741616 0.007708012609434983 -0.0289928705307493 4.972237079721092
4.153820758664469 5.884383365200842 0.0072951963350464015 -0.02909948642902698 4.958024906299964
6.685847490582895 4.928282641493264 0.006732013063717584 -0.029234910639677623 4.938716717546728
3.693885240948402 0.8167600291385969 0.0074485871155808405 -0.02906060133551271 4.963299672235806
0.018201118143716916 1.499337190687675 0.008801682485171583 -0.02867979054020834 5.0101593390818495
3.458695529212406 5.027973717779137 0.007122017652178215 -0.029142355164983865 4.952078041717618
5.616166816099595 4.922409435239244 0.008811854430325955 -0.028676666847783146 5.010514031317422
5.312367820982282 5.9912542542656215 0.007446263104752568 -0.02906119690884738 4.963219701866779
5.579044680476009 2.2459485014815437 0.008341747512970399 -0.028816926422327763 4.994161028688401
5.197265653930951 1.8799365988913366 0.007216668753800825 -0.02911906063213432 4.955327225317322
6.601473427833349 6.4023352970237495 0.008956174870745561 -0.028631921550685793 5.015550628426773
0.20097492576536166 1.7262273913991681 0.008458984416498618 -0.02878273063212442 4.998231773120901
1.353045621805216 1.6264040623394602 0.008832184720519795 -0.028670411804901173 5.011223057472538
0.777357897709995 0.7820649849571971 0.006408926596626213 -0.02930743352596841 4.927679127863655
3.844823577788157 6.675226705066697 0.0068168637177872015 -0.029215242067337322 4.941620066487195
0.6248497304838795 4.7424780014101735 0.008169588871539513 -0.028866205460191988 4.988191930803367
6.951559761407261 5.299838289198094 0.00875587070937087 -0.028693809926895054 5.008562375820293
4.733471784972839 3.9730318992919114 0.009198447866929627 -0.028555009312542304 5.024023597446189
5.990299503790464 0.5208687439713979 0.00860435629659374 -0.028739607734297064 5.003286211960995
3.0888711799641113 5.417927812897102 0.008411603339973324 -0.028796613155906887 4.996586007027934
6.122961143356732 5.706911012510136 0.0069593317072258265 -0.029181632959599794 4.9464993586315895
0.03933867385196914 0.6751353718921287 0.008630993462922208 -0.0287316193738361 5.004213185883822
4.160332020581727 2.4908437258954836 0.0072576497654192945 -0.029108873559148752 4.956734831663696
5.187436070036251 0.5581903295789855 0.008431766267170227 -0.028790715823261676 4.997286262682447
5.719102503033036 5.546503835222182 0.006736830103220536 -0.029233800987219255 4.938881490785543
4.948617150311819 0.14467809720439703 0.008080637110809202 -0.028891232301226148 4.985111749484725
3.1450414598342666 5.150491053372782 0.006763664607120916 -0.029227604094115886 4.939799515317401
5.179331599856647 0.30028854812193256 0.007890348857287888 -0.028943779900184007 4.9785313906454505
0.73177088336478 4.683748737023725 0.0071711260007141266 -0.02913030984871053 4.953763509059768
4.724147667177015 0.7392563675808221 0.008149347807262715 -0.02887192633539131 4.987490797503133
0.4274804432599788 4.974987843274865 0.006612899358240543 -0.02926208403510901 4.934644250524644
5.04979219426454 1.9906456719062593 0.009347550170270441 -0.02850654847248746 5.0292496014244366
0.8365363819459513 5.206186094691674 0.006856499362771999 -0.029205965426404024 4.9429769586366
6.8117020084111894 6.964743745502568 0.008238982394598787 -0.02884647585237218 4.990596722541995
0.8924055915987597 0.614329385297471 0.008958732517902374 -0.028631121383429582 5.015639958194248
1.6409283132985228 5.807176381064604 0.007026775188755379 -0.029165466402008587 4.94881115998008
6.993970645706569 0.5190811041982513 0.007013162674780553 -0.029168742675971908 4.948344452230273
0.44043669796299983 3.6896977783607054 0.007393089845870883 -0.029074769518104195 4.961390429995261
0.6565331597697701 4.077807552502414 0.00857898999053784 -0.028747189962538104 5.0024037030919715
0.2644822855954649 0.8624283960082758 0.007888002457061276 -0.02894441944896106 4.978450324029051
0.1864708304215101 6.500755904455553 0.006577085356033989 -0.029270154564324444 4.93342051473069
1.0355987426770614 2.070121824524151 0.006698933608779904 -0.029242508245791075 4.937585359424576
2.7460556226638655 3.649779885076046 0.00638521667008964 -0.029312608346512073 4.92687019206333
4.27476001873166 0.9235217772267503 0.007461784338703937 -0.029057215532164685 4.963753826352651
0.7619613398174401 0.45531963582408413 0.006453959242934625 -0.02929754955777938 4.929215947262812
6.801543939138957 3.9823396833719413 0.007150435185357603 -0.029135395598138013 4.953053286319715
1.263831028109082 0.45394263654639305 0.008912040315857359 -0.028645689682891787 5.014009553469105
3.493728973711791 5.156375526322003 0.006160060597396452 -0.029360750219236627 4.919195329979785
4.651867469018031 5.847830341335674 0.007730061422392671 -0.028986999679270646 4.9729976475462685
0.7856873975640251 3.7374756099363573 0.006869243822604998 -0.029202970556188337 4.943413345960435
6.394077761207301 5.920498905774886 0.006798444256798953 -0.02921953380338566 4.940989638455129
6.475543650889113 6.308914299242597 0.008082121937143673 -0.028890816966523132 4.985163143519826
3.9039198227423975 6.6233817554007155 0.008793966211704642 -0.028682157489760024 5.009890301028387
4.105006839180354 4.30690046348098 0.007987134412703323 -0.02891722123360767 4.9818768379502005
1.2505227042043339 1.5663396771462368 0.006142823880995477 -0.029364361303578043 4.918608299475832
1.085906547112566 2.048755703883832 0.008205147985833617 -0.028856118008674877 4.9894240055938095
0.846176126333255 5.6848880058942175 0.006574550149882086 -0.029270724116883157 4.9333339015397915
4.243717678341298 5.4568886618300585 0.008457644939828656 -0.02878312425835303 4.998185235927203
6.858122789350259 1.8375352187255862 0.006544362641694837 -0.029277488239498772 4.932302699926719
5.771458925050984 2.8630491814746932 0.007988367276362412 -0.02891688067994095 4.9819194724380935
1.901435248821858 1.6130285320987396 0.00776852010322507 -0.028976716435886726 4.974324638904534
6.5763941456794175 4.65328775175465 0.007758050860191202 -0.028979521163240197 4.973963357932763
3.784303177908509 4.384152420926369 0.005732330252062146 -0.02944724757734232 4.904648913877034
4.665873828065323 3.07063705905432 0.008049525484295302 -0.028899915907796003 4.984035057829601
6.296466140026121 5.65481404529444 0.00893407719003162 -0.02863882443052711 5.014778936728376
3.916663346813846 3.656291855497131 0.007132498619319135 -0.029139791753638365 4.952437704756201
0.15595661415348566 5.650289578175706 0.009042895663892419 -0.028604650636075868 5.0185808842046615
0.6614698927782856 2.388596201270499 0.006602613680273596 -0.02926440658187116 4.93429276258294
6.1188752145119745 5.123480741691464 0.00694269518769322 -0.029185595480147073 4.945929294932257
0.20292391621356276 5.330881946020703 0.009279838308751787 -0.028528662796623028 5.026875214507993
5.012881812321189 4.668708475160958 0.006322525421239453 -0.02932619430300803 4.924731975656024
5.922039864338424 3.602192873600069 0.006937041114688523 -0.029186939897377404 4.945735571190417
4.245528174777538 6.624013672656643 0.006830612539565005 -0.02921203060956799 4.942090696756044
3.4557843246407134 0.8035137320779429 0.00708833614533641 -0.02915056587256442 4.950922446750197
0.762702564899205 5.721144010475913 0.006852885021004297 -0.029206813706546198 4.94285320688855
1.2123537489771528 5.490044346204808 0.0074281727891450725 -0.0290658261367986 4.962597261078465
6.119077257401611 4.880688864332595 0.007679439909707295 -0.029000451766708648 4.971251700843531
3.7529878628086966 5.481544121838368 0.008671280436933325 -0.028719486339140142 5.005615664283763
3.544650571702209 1.4208478874862922 0.008818291362393961 -0.02867468809678543 5.010738504899509
6.557075275830326 4.356294350103099 0.008986811348120797 -0.028622320342580318 5.0166208189816786
4.823748362468465 4.152528341935396 0.00770859615251138 -0.02899271538434244 4.972257206898119
3.999216833990868 0.38063625212195434 0.005740822327142214 -0.029445593201838968 4.904937304618892
3.0070312430654096 3.334807758919838 0.005494683255236105 -0.02949251525259634 4.8965848940168595
6.068433178900568 4.87511139401349 0.009461650624799617 -0.02846888068495544 5.033254847323703
3.7678229286629024 2.6619973939004793 0.005849691872477717 -0.02942415852657588 4.908635958614447
4.970219876441417 0.16755556410852282 0.0058719782588362995 -0.029419719089885166 4.909393433689025
6.471940581295855 6.44657618773723 0.007752070306108099 -0.028981121544363272 4.973756991896001
3.5663013135462287 3.1492054926784783 0.006530346129969254 -0.029280617811494273 4.931823978451482
0.5852756729775248 4.995968127718371 0.007271350961689494 -0.029105454045452325 4.957205547261763
5.39540929384242 3.3487952568461847 0.008954644367779645 -0.028632400252975514 5.0154971744464465
3.425215681702478 6.630269483726965 0.006751321594985468 -0.029230457689216616 4.939377229269062
3.7187400789948133 4.75082297711984 0.006194158292761966 -0.02935357564325355 4.920356807729258
0.40530719392581027 6.468460863798236 0.008509811692495801 -0.028767744175695487 4.999998127367388
6.183121488086988 5.594692730191256 0.007085473854096583 -0.0291512617267746 4.9508242580190585
1.1797830846850925 4.837562069049967 0.00816936188054378 -0.028866269701239854 4.988184067257068
6.922838730329816 3.9175287828361616 0.008353035299860926 -0.028813656506581686 4.994552757738239
2.5747004548415937 5.237605294021962 0.007346485197549855 -0.02908658032911708 4.959787831758844
0.9648306940142488 2.899090190561853 0.005436640261243398 -0.029503270033503528 4.894617194969089
0.0269678756819532 5.673158737799688 0.0073452836159132555 -0.029086883789808015 4.959746521458534
4.681949750037442 6.263925781811757 0.007336307321855376 -0.02908914909170241 4.959437930668065
3.554219890849709 1.2936007263217009 0.010380107210923166 -0.02814699583063423 5.065697196872014
0.38423508596191214 4.474806122957989 0.00869521425044044 -0.028712249113208417 5.006449134208817
3.634620794242935 5.871091778750872 0.008878915002720573 -0.028655974392340307 5.012853380782625
1.5956026561582606 4.640015225935732 0.0070960953126333656 -0.029148678037160154 4.95118863089705
0.9812201529565231 3.6574455484232993 0.008134601035276507 -0.028876084672214104 4.986980069205886
0.06724713201316442 2.675578965771591 0.006598939465007875 -0.0292652353132033 4.934167212002348
1.7361328676888295 4.982303279106797 0.007839492441990517 -0.028957595864504592 4.9767747345540245
5.08379083633527 6.667477804435334 0.0070541023407795205 -0.029158868979537064 4.949748235382506
4.266026991780794 6.0276211583930905 0.00852824402392489 -0.028762285268531588 5.000638917263602
1.3815475049538444 0.3209520042303181 0.007237119436160161 -0.02911398465113892 4.956029599078443
6.9652918992565365 6.232100710129998 0.009371728685248727 -0.028498608763413105 5.030097893568543
6.963635308290429 2.792115999078236 0.007304850209996698 -0.029097064515334038 4.9583566742382725
1.6207983979423957 4.475368761146933 0.007511647134481555 -0.02904436532835646 4.965470226588158
2.468220758302223 3.6768963384369475 0.006619062979436326 -0.02926069044425055 4.934854890612296
1.389983013580671 3.5164014401427885 0.005473884219823802 -0.02949638268581359 4.895879709303217
4.011525937224139 2.9186840467313395 0.005505243269845013 -0.029490545884059628 4.896942963411448
3.3030005518209173 0.7841736515044975 0.007809457032604956 -0.02896571043243885 4.975737659545233
3.453957203642699 5.221127447465495 0.008809221402463562 -0.028677475800397388 5.010422214833417
0.282134375371829 4.508674633488751 0.008689077763043942 -0.028714106770501763 5.006235417448326
5.169971054952088 2.7591333034828875 0.00862519615425439 -0.02873336025077184 5.004011417478576
2.4073425490986935 4.272199512841083 0.006056168258038971 -0.029382355692325304 4.9156581581049315
0.08891111848180334 5.704239691370797 0.007352520805429927 -0.02908505523126473 4.959995342096152
6.487259862013714 3.5215970561339835 0.008188041149622773 -0.02886097680488455 4.98883122330755
3.8570377123026094 5.331281495666252 0.00889664906326594 -0.028650473564063285 5.013472301012779
0.34805908949128356 0.6190894921736796 0.007543606279661177 -0.029036081076781975 4.966570739546724
3.0779582028814763 6.025315220641254 0.006249476322915924 -0.029341848027847756 4.922241725166282
4.24665996155619 2.7412916790436763 0.006640359231181342 -0.029255864869814817 4.9355827615777175
0.7712133058287266 0.23891868954433917 0.008384491249720199 -0.028804518855265842 4.995644633575563
0.8179155755860011 6.384357564413392 0.007746698851179052 -0.028982557804809794 4.973571653250353
3.6339611368150706 4.376643814178954 0.007441422175472402 -0.029062436855955276 4.963053128342193
4.763603717404696 2.467502841031795 0.009006998421065534 -0.02861597420048674 5.017326188429489
2.63709809320941 2.2466189608413147 0.008401288832398589 -0.02879962405925839 4.996227841010042
4.852449494312721 5.496722085558881 0.007864751814258381 -0.028950745739965308 4.977647125990767
4.709648776208034 2.4981337308715235 0.007207914414055352 -0.029121228851125995 4.955026597014914
0.6302271703661346 5.151492399188892 0.006533413850129642 -0.029279933460698543 4.931928749328495
4.773644124385642 6.198950910151248 0.0059856233019151515 -0.029396807882618316 4.913257820367469
3.5808026000965403 2.9368588976210224 0.007303265520561614 -0.029097462307496436 4.958302212435034
1.296107462952846 5.245813878255201 0.008453224923527194 -0.02878442266908021 4.99803167662066
4.386011430288659 3.508109555149733 0.00812381692332051 -0.028879120460920744 4.986606627130637
5.02425350351445 2.889019116454962 0.008251272231252185 -0.02884296286038878 4.99102279139417
0.6311499693349254 4.242213643968645 0.007554638477383164 -0.029033212661984924 4.966950706199629
4.5180384785874255 0.27954141430974416 0.008030665416148509 -0.028905162393141406 4.983382517671126
2.9051986925555595 4.72958655821557 0.006588958990384737 -0.02926748399543473 4.933826189933177
1.7360272213055103 5.328599228431214 0.007822350532907873 -0.028962231131946927 4.976182816053191
2.444291531695813 4.488258166449243 0.008069724771411648 -0.02889428216989765 4.984734065237463
4.575603649544641 5.368406772019839 0.008370934259715704 -0.028808461597584795 4.995174010821881
1.6948709847901986 2.9926032644555915 0.00629404264904913 -0.02933232052074896 4.923760837193437
2.0593857807285563 0.023147216008923985 0.006617160805164631 -0.02926112067024421 4.934789883250604
6.078036611907489 5.150368835156749 0.007133253014154508 -0.029139607091312254 4.952463593658635
3.6651638108359235 2.547093660187361 0.006894059415331282 -0.029197122200276555 4.944263193625445
2.935019996539088 0.6238049361051139 0.008141073520947463 -0.02887426054337198 4.98720422321292
3.1645447698799067 4.620964566785575 0.007134811036463921 -0.02913922564986847 4.952517061521177
6.8651295305972555 4.964605548471828 0.008136779852787173 -0.02887547079490266 4.9870555240569985
1.8259058155874477 6.236177581978493 0.007811898691025076 -0.02896505202552139 4.975821955291226
5.727374924618027 0.7524846825702352 0.007011240643554968 -0.029169204730985776 4.94827855922888
0.2813746138438361 2.6556689400875504 0.005824003467048817 -0.02942925387460245 4.907762996359601
2.8687536508170997 1.4826659168229 0.010985518812938692 -0.027916274400617464 5.087293799008757
3.000838096969228 3.649752142502742 0.004970861361100379 -0.029585309485092755 4.878852075655687
2.588317912731607 4.068784738170776 0.0069029492110797095 -0.029195021702154187 4.9445676796431055
0.650102455489629 3.8173022889815686 0.007056460466857198 -0.02915829840165028 4.949829107831642
0.36500998781707167 4.821151563099559 0.008782281879936453 -0.028685737309355322 5.009482953621007
0.5962071651405697 1.5627943685300452 0.007713384071707219 -0.028991441946932088 4.972422352669148
0.9208569045604692 3.783180202374346 0.006873963470583596 -0.0292018599785199 4.943574964371964
6.62461470504021 3.3905546641495823 0.00632805553364916 -0.029325001503206306 4.924920551943934
6.916728876925482 0.08484407874410171 0.008507541613678313 -0.028768415592304204 4.999919217727765
1.804064407150575 4.326847471796435 0.007958415810028848 -0.028925138163795914 4.980883842484115
6.440033057301415 3.769100007340798 0.008624727928711284 -0.028733500798818572 5.003995121981153
0.5279072463202881 5.740783051107841 0.006832286164689393 -0.02921163921733585 4.94214798946391
6.385178250759599 5.581353767030003 0.008064433525852854 -0.02889575941045849 4.984550945606491
0.09500074783998756 4.403508450079079 0.007949463718566892 -0.02892759973774507 4.9805743639109235
1.496261460035583 1.9603551497377387 0.007900701668914831 -0.028940955636239902 4.978889095018481
3.5272787437232243 5.815598310282608 0.00643739348724476 -0.029301193919196854 4.9286505510011995
0.01815985458710699 6.252811427061977 0.00817583342511041 -0.028864437424014473 4.988408264910683
5.6175675769151185 0.0463507468709785 0.007318252792184936 -0.029093696500611214 4.958817317189739
1.1588192402741515 4.877371698872247 0.007152418674660575 -0.02913490873681204 4.9531213652262815
1.7435890897013204 2.936451118133957 0.007504801381541209 -0.029046134961877752 4.965234533906069
0.5078663065784571 4.763333027996946 0.007960196843307066 -0.028924648074191053 4.980945416895827
1.3748060375745361 1.2375394336663392 0.006527544375543324 -0.02928124253554334 4.931728293157088
0.5087201806442698 5.256418280960884 0.006930612992118059 -0.02918846696134424 4.9455153372634815
6.665926834760886 1.8969261401437336 0.007398061846861791 -0.0290735047923364 4.961561441122857
0.1943511506212344 4.0730431204448445 0.007253876202580879 -0.029109814153265058 4.956605197589779
0.6557000062530673 2.1189167598400673 0.007614581140486537 -0.029017549070432306 4.969015886397443
5.164844575096699 5.185143034363939 0.007946058817813193 -0.028928535207712353 4.980456661587635
3.0992809883824823 4.864730177101433 0.005613885972048836 -0.029470057419232035 4.9006282235057945
1.3757153299980025 6.912094427704476 0.009120888532430416 -0.028579877403148168 5.021308643717673
2.6560628260544714 5.223319439212937 0.0075449959994566135 -0.02903571999052518 4.966618601668085
6.174340285872836 5.806224450488862 0.0068376714041409395 -0.029210379144560813 4.9423323459646715
5.768824139828465 6.642684724770919 0.005853777147741013 -0.0294233460555489 4.908774801383933
1.544360887397922 1.5032079890051202 0.007789599677163171 -0.02897105688216326 4.975052175850349
3.513392865356258 5.567920273980315 0.007337797646307519 -0.029088773190044364 4.95948916400172
2.983260062022857 6.907260673126205 0.00799173201309998 -0.028915950951521427 4.9820358332192916
3.222267492982678 4.5893636915470015 0.00671642799635069 -0.029238495087296073 4.9381836524103955
0.4554044892670706 6.8395852302882885 0.0077403377411140875 -0.02898425730726052 4.973352179055432
0.8582407438278652 6.15920579767495 0.008853020592762276 -0.028663984830866192 5.011949876713617
0.25158938828953875 4.2395704159056375 0.009281817306332745 -0.02852801898996602 5.0269445840373175
1.4000626495603994 0.2625158506361737 0.006795700135747888 -0.02922017213612877 4.9408957255578985
3.7588420600909918 3.0589551941857556 0.0061258312638286525 -0.029367910911862617 4.918029652811852
6.426853522779796 1.0579457621932642 0.0066618992565482035 -0.029250967476232344 4.936319086671042
4.695046680127961 3.6252877351383828 0.007252706461201774 -0.029110105616222726 4.956565014044918
0.8608210852791465 0.12864247428768188 0.006886093439232224 -0.029199001988872205 4.943990368119977
2.8442850208574857 3.2145146570853265 0.005941082995740777 -0.029405841814811557 4.911742912522825
3.3837512898854687 2.5122139520222206 0.005714905731151314 -0.02945063416098291 4.90405722806803
1.0374174052098133 3.938964139870829 0.007496928958031074 -0.02904816786302081 4.964963511686019
6.080720114780565 3.5402064575856667 0.00853157531804713 -0.028761297303711617 5.000754740860449
6.714282471886629 2.756301481202975 0.0076055514524144925 -0.02901991707611646 4.96870471885004
1.006818295658812 4.452373870416883 0.00837973713146201 -0.02880590227032642 4.995479589885393