300

2.8627671943704924 5.360106629985588 0.007371912208765655 -0.029080146326768228 4.960662111989417
0.6794564472695583 1.84796326629907 0.007975240265551891 -0.028920503846003788 4.981465544215276
6.286921523644895 4.99719216810549 0.006672465614990582 -0.029248558983593846 4.936680332614964
0.6244976554644579 4.645333727441137 0.006940253046898358 -0.029186176310798544 4.945845619528256
4.363704313710465 0.5047546935983982 0.006278357980702588 -0.029335681704472934 4.923226144775834
3.118531087184312 4.3388900735458735 0.00786951408260626 -0.028949451602813855 4.977811625199948
4.110169938299078 5.338778301374366 0.00806876364549642 -0.028894550580223863 4.984700801858731
3.8351587574765693 5.516664959608723 0.008601482934589233 -0.028740467834152773 5.003186234291387
0.495763565552182 1.3528001452828766 0.00790505254716897 -0.0289397675219843 4.9790394344755065
4.538798863624151 6.5423554767870105 0.008883853058427217 -0.028654443893334824 5.013025707415099
4.399947973348651 4.989940338389601 0.007522176622152144 -0.029041640085662304 4.965832774760655
5.367570520477736 1.4597760389541685 0.007528790166774881 -0.029039926284766527 4.966060507757799
0.30621573069279073 2.721548227748914 0.00751818990775869 -0.029042672406493095 4.965695501400048
3.19980598781697 6.763791571259023 0.006796388319290078 -0.02922001207757138 4.940919277281816
0.9044752547316945 0.35733120390357187 0.0072698022651976274 -0.029105840909084336 4.957152337777496
0.7915973272149927 0.024307771289318384 0.008624257517638095 -0.028733641994523818 5.0039787505017195
4.506323248236581 4.552608602593088 0.007256900770484113 -0.029109060294130882 4.9567091009348445
6.085164735181367 4.350543582403475 0.008738744518535872 -0.0286990303710728 5.0079655700083565
5.180897579250923 5.944836173147453 0.00811097330967454 -0.028882730341325893 4.986161917923577
3.281505244589442 5.165070320630259 0.007664425076508199 -0.029004423597902996 4.970733991503778
4.7117850608869025 2.3864480852508647 0.008615741184714143 -0.02873619675318953 5.003682374766301
5.033672117931297 2.406458374647993 0.008673927895192182 -0.028718686858368137 5.005707848909757
6.993291471866428 6.707861264951646 0.008565912990983774 -0.028751089277293397 5.001948837328979
6.717149620694681 2.5686508832219364 0.00812598840451659 -0.02887850952611062 4.98668182000803
4.639088394004365 2.1260862350778367 0.006845011711941303 -0.029208659925840253 4.9425836444412825
2.319192048522634 4.832712280091723 0.008221184175544995 -0.02885155335076031 4.989979778818437
0.9357986460297728 0.17250489135632485 0.00859268735310768 -0.02874309872041884 5.002880213564417
2.5781073144265534 4.629843458338718 0.007967874141782117 -0.028922534150048466 4.9812108506865425
3.7493547901145616 6.2228851735835 0.007181310060532527 -0.02912780090934594 4.954113127665046
3.9622881456180066 6.063888659653331 0.007972086074335935 -0.028921373474013627 4.981356481668936
0.24496244904503395 4.446202233150209 0.006300287567049044 -0.02933097980928164 4.923973744341217
1.9754804720482768 0.46444798912255786 0.006727757787604365 -0.029235890189137883 4.938571165372125
4.161296475101801 5.052099414490522 0.009756328214861209 -0.02836924496288019 5.043623765950864
4.616298064126213 6.365422881389669 0.006942363230928454 -0.02918567444432033 4.945917920954436
0.13045309281478956 6.671008512152743 0.006511267419737948 -0.029284866340631623 4.9311724441960205
4.649297317684115 4.983930602561823 0.00939561067866822 -0.028490744110586084 5.0309360147549445
6.236187343186381 5.162256412521647 0.006452871028968592 -0.029297789259319515 4.929178803899949
0.8549857893817676 4.292072367538147 0.008617235366030266 -0.028735748722565714 5.003734371659861
3.8409828545509512 1.8702202810288715 0.008040239418383496 -0.02890250075849964 4.983713754106764
4.397293705947782 0.7289057616910204 0.006219853947701326 -0.02934814162548055 4.92123227286022
2.2407401680792214 3.231079506435817 0.008182522508427449 -0.028862541908138965 4.988640013855959
0.12223330169162917 0.5680726233103636 0.007051569585179189 -0.02915948158636185 4.949661375738014
4.692993230088787 4.471470020434276 0.007258238252147683 -0.02910872682676211 4.9567550484615195
2.885477871157072 1.1992645715006316 0.009153774234723584 -0.028569361512986436 5.022459514640439
5.744055108327051 4.810522716311238 0.007599006439848907 -0.02902163160690892 4.9684791903213785
6.326414179073414 2.372662189173482 0.00979700639415621 -0.028355222900073668 5.045058003198192
5.238392596319714 4.616435195784117 0.008857208239550815 -0.02866269111931455 5.012095974379727
6.870367407633643 3.4332684207033095 0.007571402169267009 -0.029028845467762212 4.967528146681694
0.19019373350709864 6.292067065586234 0.006703325553180272 -0.029241501783049385 4.937735552422284
4.372686733379677 1.9916013910430808 0.00756260270317406 -0.02903113915012541 4.967225030307017
6.997708943975018 0.3683682734997822 0.007036343837329801 -0.02916315938650802 4.949139254405732
3.105142470877643 2.367358892395841 0.0075960163190375634 -0.029022414373737326 4.968376160949178
6.948919455372149 3.970733332828077 0.008150418210911793 -0.028871624183395662 4.987527871899818
6.007040230174012 0.07978438729339764 0.0082259752120079 -0.0288501877257572 4.990145840928957
4.575197722783607 0.9746253465418376 0.007715571482540573 -0.028990859882000855 4.972497803652063
0.6684791714918529 4.881125300505903 0.008736549836660348 -0.02869969855157977 5.0078890985632345
2.6129573321046737 4.789201547715387 0.00874011415868651 -0.028698613285194245 5.008013294620836
4.223386827334446 1.2655968313618577 0.008612103731419385 -0.028737287090455706 5.003555796280132
2.7390791102442864 0.06677718454132085 0.007737729913466116 -0.028984953610213898 4.973262206202431
5.965591424481024 0.947741442426546 0.007526894256215003 -0.029040417745889217 4.965995221968231
3.8859359281278736 3.709709820836498 0.008992100368587087 -0.028620659163640098 5.016805610915881
6.466720002785772 3.3261438588483316 0.007605960754580881 -0.029019809802956587 4.968718823057223
5.4770751683908445 4.564592740950378 0.006745439037460057 -0.029231815752565046 4.939175986410746
4.557500318331879 5.077349185725108 0.007844665086459245 -0.0289561950138703 4.976953367117237
4.556082216902415 1.0799205815133368 0.006422488509830149 -0.02930446452916517 4.9281418978271585
4.110665794810719 1.7990590172571177 0.007011211964698257 -0.029169211624349257 4.948277576039466
6.404302689975122 6.150805620279634 0.007853328303681099 -0.028953846627945676 4.9772525627976965
0.9633630961881753 2.0028260100779858 0.008124939410676503 -0.028878804677008978 4.986645495817598
2.385849363311584 6.900217685461344 0.008941598392170664 -0.02863647705624997 5.015041570076454
4.501583307309229 6.64271059783266 0.006537289637094185 -0.029279068362923384 4.932061121358011
0.07850890150072896 3.8090499116404786 0.007368013642303295 -0.029081134348007 4.960528051445657
1.0110156515933988 4.509817790081655 0.007801476279325513 -0.02896786094731748 4.975462145606117
1.5576911955428665 0.9318822530648515 0.007953431101505494 -0.02892650918644704 4.980711515204277
3.5079021981995204 6.053155554169206 0.008146430851809558 -0.028872749511895907 4.987389768086728
1.5851998369752445 5.741235387844113 0.009681968397852361 -0.028394708801869905 5.041003801359183
3.9771238231111936 5.781095895495951 0.007997124842120566 -0.02891445995102689 4.982222338171298
5.176409951901663 4.771537569216771 0.009209061921907418 -0.028551588020957343 5.024395325244768
0.9065774449840749 0.1306394276366961 0.007894928244612779 -0.028942531126569 4.9786896106886385
6.670134069825655 6.652444278245541 0.007037317335970172 -0.02916292448834399 4.949172635650472
4.766437832678769 2.6300254106395413 0.007064401930848664 -0.029156375381028103 4.950101473719238
3.581809199982101 0.17570236145825419 0.007924775095374008 -0.028934372978997487 4.979721001312468
3.973780599679868 0.7643174195134633 0.007116321970389549 -0.029143746526720804 4.951882602955881
0.43665919563974503 2.1953523024404396 0.006770710812946769 -0.02922597261148798 4.940040602559238
4.217976271753242 5.146979392978605 0.008305939097393758 -0.028827267919634452 4.99291863432833
1.312969171068774 3.966542506806694 0.007064658184240641 -0.02915631329128979 4.950110262660301
6.342218241308366 1.3915629486566834 0.007939302269661379 -0.028930390240557585 4.980223109095301
5.303091519909011 4.104429194831736 0.008023672229943086 -0.028907104385365895 4.983140590254646
1.2366583578712955 0.8380690844501488 0.007135362195089999 -0.029139090691798885 4.952535976227732
0.6053634065128577 3.8039991436812697 0.00872591120706447 -0.02870293493018487 5.007518431615438
4.181325670091264 5.845670508197809 0.008067138138690024 -0.02889500445148422 4.984644545782522
4.636218603799576 5.696192215804456 0.008739863036775493 -0.0286986897627471 5.008004544317332
0.9623871448593844 6.744076865831877 0.0071002675901993065 -0.02914766200139499 4.951331771188741
6.141276458941769 2.931144243389193 0.007525918816385424 -0.029040670549578842 4.965961633071807
3.6370832145302106 2.2944093100253555 0.008521697655067077 -0.028764225508009496 5.000411322412422
4.59072591129276 2.0345160501836683 0.008979848375731252 -0.028624505640253015 5.016377557552397
0.6094543368596002 5.33529503711875 0.00837710362628763 -0.028806668235574182 4.995388168685144
3.137999197307686 4.380072695359938 0.009082299691495812 -0.028592163827067286 5.019958723923162
0.05994335262498413 0.2426377859198947 0.008889418529194852 -0.028652717815467472 5.0132199404074225
3.389172075899458 0.9280198689891088 0.006793260301712448 -0.02922073945801471 4.940812228091227
6.945818367436429 4.488212400875704 0.00663716176082851 -0.02925659043293657 4.935473469621566
2.0153633825172994 4.359458280136383 0.007084459371226398 -0.029151508287178596 4.950789457515761
1.740525565143095 5.4364588016576 0.007245563420721666 -0.029111884355298955 4.956319641447802
2.085576888614738 1.7033883760819895 0.008285541539244103 -0.02883313721053365 4.99221112777326
1.7451033941256953 1.3462267766306342 0.008062062077114473 -0.028896421146307246 4.984468877454219
2.97383804242167 5.831709898366738 0.007840697682721422 -0.02895726955098092 4.976816355672267
3.5886607987073442 1.1587468110603534 0.008469481922576896 -0.02877964343009036 4.998596508110829
4.744867594946416 1.0562373547510442 0.007087931478248442 -0.029150664269612363 4.950908564810246
4.038887389488637 0.18126891501454587 0.0063221279558570605 -0.029326279990987105 4.924718422421069
0.21323685157560698 6.1032612078559065 0.00808526010478594 -0.028889938889481177 4.985271766800802
4.073411697199813 4.192298019330647 0.0069891469912136866 -0.029174506411166732 4.947521197352074
3.372431436095947 4.74265431159967 0.007675366385448915 -0.029001530146685724 4.971111239289725
1.1580888742014197 3.407237185911944 0.009604335102426139 -0.02842106168390451 5.038270995082082
2.257393256821478 6.9201210214943005 0.007829728675500233 -0.028960237375892647 4.9764375753113
6.5756743822418064 4.876698366834567 0.007957266186581127 -0.028925454444760114 4.980844097914674
2.5179700043004387 5.143381109792511 0.006901029212371786 -0.02919547560513429 4.944501915561764
3.338148296599293 0.08284209901244094 0.006596221058153284 -0.029265848146807143 4.934074324370958
0.6618187763428317 1.948034684740182 0.0065809231273914566 -0.02926929194209119 4.933551632176481
1.483521214642078 6.9660729218712865 0.008545331581773718 -0.028757213150052294 5.001233065606892
2.120629328699242 4.9849412737511445 0.007108141169155045 -0.029145742898738457 4.951601907370402
1.318089518826825 6.572627453532136 0.009127739669966516 -0.02857769004866068 5.021548371816986
6.598539122490408 4.6013270252802325 0.006475520267254693 -0.029292791558135488 4.929951939678496
1.4845099754812234 6.711538647922789 0.010392516047075523 -0.028142416566657485 5.066138091009042
4.177469914764886 4.132301860646888 0.007905556445961151 -0.028939629874615225 4.979056846501714
1.0730617958299016 0.16207270280605232 0.009699394854775499 -0.02838876079456718 5.041617587607185
3.8312531524325157 4.413534509804073 0.009119096449352099 -0.028580449260769396 5.0212459399795275
1.5756981575266777 1.4509029919266272 0.009029832077145515 -0.028608777196143034 5.018124222647581
4.253804705788684 4.64678861279575 0.009104815952541517 -0.028585001774887916 5.020746320147801
3.1292847294020247 6.378316470688725 0.00728633058664456 -0.029101707623129743 4.957720247659273
4.117827527132059 0.0031422109685167385 0.008412456483885262 -0.02879636393551687 4.996615633692676
5.023801500294918 5.238931734060855 0.009444424974732182 -0.028474599854899717 5.03264983865972
3.3170072658948193 6.934270479781611 0.006429451394366738 -0.029302937647401082 4.928379508922182
3.8589783961717736 3.13081515743053 0.008139396831815774 -0.028874733231914494 4.987146155045092
4.068994071815643 3.5166966953541943 0.009712744869064224 -0.028384196080010204 5.042087882436893
3.5419566182545297 0.2649217387316336 0.008409172084181632 -0.028797323223845307 4.996501579536325
3.500225423037717 5.913872015591979 0.00851160555841874 -0.02876721346981482 5.000060484793057
4.385594306142397 1.489992588456543 0.008222902345192072 -0.028851063706931756 4.990039331391065
6.199232956219667 3.0954697842569967 0.008461328134791932 -0.028782041730832413 4.998313202029444
0.6311915990635757 0.348237714708063 0.007799653639248284 -0.028968351749931526 4.975399226751335
4.030288850257505 6.855640464665131 0.00804872594641769 -0.028900138592045932 4.984007392185183
3.2351086268571523 3.42713257903802 0.007864494796078592 -0.02895081556022995 4.977638248227405
4.510805474733092 6.847977242370963 0.008353616055004618 -0.028813488140202133 4.994572913348836
6.957519941724654 4.609227959836047 0.007321060164852384 -0.02909299018771724 4.958913812550621
1.0911187544916647 5.294635796043557 0.008244138279120272 -0.02884500275671236 4.9907754624402285
4.259531351133417 3.192309476729212 0.009112373666896725 -0.028582593411984977 5.021010725683365
2.821612587752494 5.365527945641062 0.008938603097619765 -0.028637412150248884 5.014936974611063
2.8617064265108763 5.743642272658501 0.006974002011422431 -0.029178130439503416 4.947002112687916
0.2641358223474827 6.04891254829208 0.007406472316407981 -0.02907136336373446 4.961850734735664
0.5857785011430012 3.7622002465426045 0.009293887503711785 -0.028524089031349446 5.027367712914324
4.656100357034211 0.9994665232804291 0.006710593768602157 -0.029239834665620083 4.93798411771938
4.485554107995449 1.4831728078656938 0.006304048706577445 -0.029330171665114733 4.924101977061807
4.245076956897261 5.122184884727001 0.007880768679270875 -0.02894638984439723 4.9782004129346635
0.6628106918515715 4.898967768841644 0.00845460799662795 -0.028784016460934612 4.998079726320162
3.249419564381575 1.270290306083215 0.006702999573040015 -0.02924157650886534 4.937724404577479
2.2669724610152886 2.321908504054821 0.008822750876977668 -0.028673316288193626 5.0108940295641435
5.3306007357871 1.0518336064783278 0.007512167315924429 -0.029044230790598615 4.965488136521523
2.9567355088747056 4.085152240285429 0.007474244155441607 -0.02905401304991871 4.9641826528239115
0.2513860197609828 3.8355379343519065 0.008979316553794322 -0.028624672473702737 5.016358978353378
1.139533417192559 2.5168450478272106 0.008348306482036563 -0.028815026963061933 4.994388644399914
2.670911303462296 5.085438243771683 0.007739218450047453 -0.028984556194332958 4.973313562047462
0.357462456963655 3.098599042859031 0.008560846182996497 -0.02875259836312319 5.001772611831726
3.5338250929965076 5.0811288422856515 0.006573259190486669 -0.029271014051697672 4.93328979764279
4.013563564678191 1.811303619799774 0.008778365018998363 -0.028686936183448135 5.009346412627062
2.4916872687030285 4.55534249802716 0.007228620684790815 -0.029116095943574137 4.955737696638254
3.6133379923663256 4.770727369449661 0.00832811397616383 -0.02882086948029196 4.993687952425203
1.4313425910666375 4.106989499999276 0.007694653635831395 -0.0289964188379287 4.971776340384132
2.3521321361245406 3.044412178640024 0.00714672274672601 -0.029136306457432606 4.9529258680876875
0.6408182246881822 6.060376032812987 0.007178378996672684 -0.02912852339168823 4.95401250120457
6.812315002053931 0.22599701701995806 0.006685212691688367 -0.02924564807397656 4.937116173260977
4.173615637006988 5.160669573783477 0.009482356033285285 -0.028461990866030754 5.033982235013674
4.627497988934663 4.9313469745444936 0.008150272299204073 -0.028871665373663962 4.98752281809326
2.540845979103933 4.323634089304074 0.00733307493875887 -0.029089964110368828 4.95932681233314
0.18820854056683908 4.928255451666924 0.008089639875332509 -0.028888712790420934 4.985423371949446
6.8810165875927645 0.838629404180444 0.006216314531137252 -0.02934889152336033 4.921111673355614
2.9483617149849874 3.789587562743063 0.0071982012148583 -0.02912363128578599 4.954693067186387
1.2545991129438074 3.5844289041152604 0.007983664475038293 -0.028918179430074978 4.981756844395353
0.32056626920347264 6.796067591799824 0.007195221930605192 -0.029124367484450853 4.954590770650423
6.462804275426818 2.7801859589578766 0.00936941251112519 -0.028499370329822565 5.030016621419632
2.4615933034323563 4.310852958931788 0.008937766423011828 -0.02863767328830473 5.014907758605483
0.24529997510707152 2.113599999042401 0.00752953584189707 -0.029039732953413798 4.966086185426432
1.318738543271966 6.590060898687988 0.008333295100431098 -0.028819371831619284 4.993867726976294
2.887069345617936 5.886386677251985 0.00768411165374604 -0.02899921426681703 4.971412796392803
0.03217243262712657 2.597289160775116 0.008941417038384013 -0.02863653368244306 5.015035237118424
4.0038038250572185 4.4374522359932005 0.009095592929994787 -0.028587937827899177 5.020423684210911
1.861803092522117 2.7978570563000758 0.008331477927253148 -0.02881989721611952 4.993804673672274
6.789844033659201 6.0560487842049175 0.008430620389674223 -0.028791051384852363 4.997246462671041
0.18616017595832157 4.204472609269815 0.006737421884858977 -0.02923366460684365 4.9389017338945065
3.735159560000382 5.886165028034939 0.008015112189317462 -0.028909479009360486 4.982844480036419
2.5791019602647176 5.032026347913132 0.007674593873422697 -0.029001734583952436 4.971084602443343
4.539478071054488 4.263417106346617 0.008064061718123974 -0.02889586317461874 4.98453807842221
3.354859265578823 3.363317211573073 0.008032948307495272 -0.028904528044739093 4.983461497209965
5.997944371639979 4.679075609840117 0.007716309207954902 -0.028990663535131966 4.972523250565866
4.339560301873483 2.3278113057648144 0.007499132141065105 -0.0290475991629402 4.965039358280212
3.438568344633345 5.113075552525886 0.00795132516629005 -0.02892708813724469 4.980638712982395
1.1127147564810025 5.7091356769396935 0.009131838669615084 -0.028576380500548396 5.021691808657168
6.89644865661696 0.7128052989429482 0.006039053022338016 -0.02938587821715373 4.915075692576243
3.8155940159038457 3.9190586415629793 0.009321297789568842 -0.02851514347707511 5.028328815739228
0.06601369385670011 5.313956208470852 0.007882481349345608 -0.028945923508798585 4.978259580377629
5.024461424981129 4.083611277829739 0.00845091325739185 -0.028785101443559974 4.997951367944508
4.425428400573993 3.104795817112632 0.008448824654485302 -0.028785714546589968 4.997878810247705
3.441228682602892 2.1045713548528813 0.007201033162392657 -0.029122931195093002 4.954790307174861
5.178674632038268 4.429611545792912 0.00771583487067609 -0.02899078978310972 4.9725068888759925
1.4931784959782952 6.105751184952071 0.008724272693027208 -0.028703432999864317 5.007461346866972
0.70816647914347 5.475539441685259 0.00857225107448141 -0.028749200189153997 5.002169291296456
4.586286727974103 6.702085810401715 0.008044230417897747 -0.028901390225796554 4.983851841679762
3.344644937108332 5.662674995841816 0.009411609518042516 -0.028485463069430544 5.031497611945971
3.3338383834810053 2.2209323733517636 0.009550062746487302 -0.02843934425295624 5.036362027372014
5.056141479173847 3.9206266659962234 0.007365364947993415 -0.02908180529442541 4.960436973026157
5.900558771437399 3.1180315226286437 0.0078051787837366115 -0.028966863553962965 4.975589962021502
4.809895357154185 2.956232730287401 0.008129976317638963 -0.02887738708876947 4.986819915452816
0.5127763992194039 2.374903912208464 0.008826631607501842 -0.028672121903783987 5.01102937530883
6.66539584615087 0.2088853859685202 0.006302678668300366 -0.029330466099333496 4.924055266411223
6.90031557532296 4.6689968659472045 0.00820771485585513 -0.028855388003715614 4.989512960819454
3.6789719756384307 3.9445683011441446 0.007679581216427365 -0.02900041434773469 4.971256573416289
1.6991106059650731 2.221671428811237 0.007092121453696797 -0.029149645165696503 4.9510523024844275
5.834223540892154 3.7135761968771606 0.00912604086145512 -0.028578232593970035 5.021488927110914
3.457784060601608 5.132735541729164 0.00888818178696369 -0.028653101481722478 5.01317677752288
2.8718818302924167 2.952487055837116 0.0071837469292399155 -0.02912720000371879 4.954196789794229
0.3267633538678197 4.785411017092519 0.007632530040018386 -0.029012833112059513 4.969634489904243
3.632170250731012 0.023911663286933987 0.008022432950405105 -0.028907448340458112 4.983097719403645
6.528334831324353 5.471853988459664 0.00839043931380407 -0.028802786811719643 4.995851137385935
0.7560002915073404 2.1991012792559137 0.008402397885641982 -0.02879930050836928 4.996266350522211
4.024538258706719 6.634748579960681 0.008435278071799552 -0.0287896871093004 4.997408241843624
4.151346121485323 5.803804835020079 0.008792832057623674 -0.028682505197531565 5.009850759121307
0.0774827443788816 3.8236536796206453 0.008515662467942758 -0.02876601280560222 5.000201513196291
1.2862450936926788 1.9262095612009762 0.009744494974656058 -0.028373311715217574 5.043206680760264
6.033869069316144 1.6745107452721244 0.006560640588050723 -0.029273844897355412 4.932858722994493
1.267720917756443 4.93706570506464 0.008552274447365223 -0.028755149135014823 5.001474504674318
1.2319266466816354 1.9579849958737676 0.007549664089409687 -0.029034506576435526 4.966779375621245
4.067096316031777 4.598354167300897 0.008573825198152484 -0.02874873078018446 5.002224045394357
1.1963918595941767 5.641887652854407 0.00763687379943506 -0.02901169003301087 4.969784211407259
0.03485400032014705 2.382033770610169 0.007987866207585698 -0.028917019096886702 4.98190214458095
4.722502139738808 4.688909722544956 0.0086690018263512 -0.02872017422187267 5.005536325006383
0.836707196737362 2.9473146997248323 0.0076399895934511 -0.029010869670038485 4.96989161080601
1.5466675229558415 2.3487916919271665 0.007637762313137069 -0.029011456131122118 4.9698148375887286
4.063320407226215 3.6856752221053983 0.007188759148237735 -0.02912596336447308 4.954368873804629
0.8615622889491724 6.700290515957249 0.007271031052160653 -0.029105533965871774 4.957194555882308
6.331140367935871 4.172115770292038 0.008618452282969423 -0.02873538376716377 5.003776720466513
5.175898722236394 4.776143529253254 0.007281504460660223 -0.029102915537612125 4.95755441457897
5.893521772665097 3.936507635683623 0.008268919315539682 -0.028837908616144388 4.991634678256665
0.9764054707348697 4.80410960487158 0.007314484161083114 -0.02909464420571704 4.958687785017115
5.071528185749505 2.417411514219102 0.0073756588633129404 -0.02907919628070957 4.96079095301045
5.288326771861623 6.407898249363118 0.008570147241105743 -0.02874982741279967 5.002096113245888
2.459592172493559 4.582491352313538 0.006615042317199719 -0.029261599668194097 4.934717484430052
0.1533576313212945 2.0004456460612206 0.007744719834047715 -0.02898308670055879 4.973503370834193
6.32501443449659 0.056783575463403534 0.008061762341760956 -0.028896504770386418 4.984458504719191
6.614971555720016 4.069390945865798 0.008011257005061114 -0.028910547576946014 4.982711128861117
3.3243328497845397 4.417697618131394 0.007957006089958243 -0.02892552599494722 4.980835105962561
5.126829648962564 5.640081722904831 0.00868254589228372 -0.02871608254669127 5.006007945771506
1.967418480341721 0.14308318977926063 0.00887619430848433 -0.028656817244733065 5.012758438827906
3.6095653878919336 2.0724932890658923 0.007052395316046764 -0.02915928188941219 4.949689693583535
6.198318339934233 0.8963173978231023 0.007290611443411077 -0.02910063547040173 4.957867350216705
6.467173931997457 3.098326843646582 0.007347884185672048 -0.02908622694668304 4.959835929424659
6.0320692435686425 3.513524629984762 0.008920281938214307 -0.02864312430833563 5.014297275337508
4.091055228649782 3.2647917943900717 0.007840971113684356 -0.028957195513280763 4.976825798251514
3.7878838486393276 4.263450849616855 0.009276315123160102 -0.028529808582179992 5.026751720642768
3.9640742415501258 0.989559584723035 0.00864968365585247 -0.028725998201170985 5.0048637590561835
4.386890882793659 3.2348091323527455 0.008196925863483294 -0.028858454677763993 4.989139081980518
3.03121670647078 2.829087748943507 0.007518905976473018 -0.0290424870305034 4.965720157223368
3.226378569110401 6.496540230012938 0.008677228655979747 -0.028717689719959087 5.005822785156803
5.267833898508064 3.7784302951372823 0.008798388668799707 -0.028680801188822058 5.010044493112902
2.8473609978728356 3.207280908755954 0.008668007392026472 -0.02872047436676098 5.005501700246772
3.9456994749123635 5.183331817083052 0.008487052065679691 -0.02877446693223772 4.999207068935985
2.7961443706698446 5.0212917682031435 0.008474215893751516 -0.02877824985967856 4.998761002358043
3.5380639527285855 3.851513665312471 0.008479934944902288 -0.02877656517602865 4.998959736421505
4.918983586787062 1.3983238968545797 0.007116414602289511 -0.029143723907701303 4.951885781405702
6.979755080667092 5.264799191110104 0.0063165448566959975 -0.029327483033382652 4.924528047623057
3.3919661518292568 5.681717200926435 0.009079125328172961 -0.02859317196946376 5.019847703736768
1.9394209567482155 6.4597592651528 0.009250973492167617 -0.028538035837233296 5.025863597757294
4.565931739681281 4.315063492559088 0.009433749323765308 -0.02847813852231844 5.032274943574917
5.0917231796283495 2.3548632936484934 0.009074920887746963 -0.02859450665566961 5.019700663656824
3.91761259608725 4.201956315127762 0.008563229930346847 -0.028751888514669987 5.001855518313582
4.748318541883301 0.6590145166844316 0.007814813504640339 -0.028964265740523975 4.975922588743344
3.9047397876399508 4.691736062478994 0.007568664939085437 -0.029029559263617125 4.967433854384405
3.072937656918229 1.3335507379905223 0.009520931607911107 -0.028449110026808905 5.035337878046857
3.610343181680428 3.5127564374978495 0.009684613368580763 -0.028393806787768115 5.041096952965597
4.085407714998552 1.5620971176437122 0.006193867099951605 -0.029353637088921997 4.920346887557722
1.5406551756349949 4.614399161931799 0.008963672735358289 -0.02862957511199554 5.015812509970458
6.550607608958671 4.314456370663224 0.00746272443889188 -0.0290569741017396 4.9637861799032645
4.610825433041116 6.302774925114022 0.00741865419178825 -0.02906825708539579 4.962269790625879
6.068568854350912 4.661496401853811 0.00734512799797519 -0.02908692308741784 4.959741171355234
2.535848103815907 5.233620479916416 0.006527847873399763 -0.029281174876390294 4.931738658093163
2.2340931180249477 6.093437073508252 0.010482128904565135 -0.028109161738267472 5.069324233847382
4.921191886658345 0.9268391843035337 0.008428921349211823 -0.02879154884490935 4.997187450384165
6.9815925086024135 5.022318951641166 0.006802559847067929 -0.02921857593256487 4.941130491411556
6.353607013418419 6.3335759880808125 0.007143939539920298 -0.029136988997663493 4.952830345540632
6.661860854783157 4.034927919847626 0.008126871872332115 -0.02887826091666008 4.986712412709411
3.730955165608949 6.242966670367839 0.006698740209787689 -0.029242552549354744 4.9375787458042915
4.273098286080037 5.599982940005822 0.007696475699806079 -0.028995935263451917 4.971839178460023
3.7008452144250277 3.688675641881656 0.00719047017156142 -0.029125541002904744 4.954427619869362
4.612323027314403 6.646580300638367 0.006103854578007003 -0.029372486433574922 4.917281388047247
0.21679981415146 2.505874654686765 0.006806246665672865 -0.02921771733599353 4.9412566739051345
2.7175345007727087 0.4647210576938154 0.00931350840335922 -0.028517688567283237 5.028055661281279
1.1347576806387154 3.060205860200137 0.009049679157601256 -0.028602505259932694 5.018818039629391
4.080864575452706 6.515083626367111 0.006428374995585938 -0.029303173802783297 4.928342775593386
6.357813222622793 2.6750894650026744 0.009641776059766306 -0.028408381763369014 5.039588655423336
6.857228988155331 1.9616853362507791 0.008022531893312082 -0.02890742088151052 4.9831011421531315
4.485094059916082 3.3866407484783174 0.007096322189203621 -0.029148622804294137 4.951196414330141
2.4632498962966434 2.9708449946373596 0.009060447673381718 -0.0285990959290309 5.019194550616126
3.0961076963980387 2.186499293577987 0.00771457389140905 -0.0289911253605994 4.972463393270036
4.457424036046125 3.9001459120430755 0.009434484643816615 -0.02847789492756774 5.032300764195024