300

5.926863849987739 1.0764763572757126 0.00743192945573003 -0.029064865810202054 4.962726510067387
3.719925582654714 4.560181554557497 0.0049608628093356245 -0.02958698768355695 4.8785141286045155
2.29238631311313 0.6980760112491363 0.007715861819274506 -0.02899078261078617 4.972507818433343
3.627917011333557 0.34598340737267763 0.006765283362882613 -0.02922722944481573 4.939854900156028
0.5042000892669914 3.2434339383980193 0.007024200667869196 -0.029166086555750086 4.9487228879984855
6.152544366407517 0.04640780371562654 0.007841255326242923 -0.028957118553279208 4.976835613184597
0.1709535680325354 1.0542551981857236 0.006476974280478616 -0.02929247009335366 4.930001577187406
6.919492962043543 1.238602006394007 0.007150516570211217 -0.029135375624472985 4.953056079653385
3.5984110829102134 4.080489273051237 0.008105909556831659 -0.02888415188743587 4.985986601111087
0.68542032771493 2.2822333704754474 0.006959693225734035 -0.02918154674111144 4.946511747213227
0.4360686766848203 0.6988079691783541 0.007094907830867461 -0.029148967097849206 4.951147892312739
1.4660876398515323 4.1895440132624495 0.006857256493859226 -0.029205787669183404 4.943002882566188
3.37029969409699 5.44014679284673 0.006835253547366746 -0.029210945019687573 4.9422495728742835
6.3188724309011794 2.4957657699437066 0.007905872572423948 -0.028939543515207607 4.979067770170602
3.9788581823252875 3.0773090796681073 0.005918689872279229 -0.02941035719259083 4.910981451471025
3.8941931483120236 2.75157093874728 0.006366432069645762 -0.029316693925178293 4.926229399863072
0.5614782103389461 0.2666380444816857 0.008295975795444619 -0.028830136760018967 4.9925730307790435
2.110992303233802 0.05905166409904474 0.008464847074236441 -0.028781007001315827 4.99843546586076
1.3871512278331615 1.7023793257567004 0.008742703640128092 -0.02869782453533527 5.008103526054638
6.324105953231786 0.8749109795292052 0.006311915967172782 -0.02932847962004422 4.9243702157742835
0.8079269783567846 5.113440701575085 0.006837035093044527 -0.02921052808725781 4.942310562287336
1.1250133726165903 5.13212950261456 0.007713012653507588 -0.028991540762898955 4.972409541386172
3.093245543617808 2.435062081977077 0.006716590911034152 -0.02923845766338938 4.938189224338336
2.786626053044695 5.288789204362704 0.00784301820253672 -0.028956641129016976 4.976896492543938
0.7723786244822461 4.861276928404441 0.0073016722575119965 -0.02909786215933878 4.958247456728667
5.357481308589377 0.540691366842652 0.008024095559197383 -0.02890698687959139 4.983155234755494
4.043699018082744 2.9015737282017744 0.005699485367093091 -0.02945362229930797 4.903533654233724
5.6143577862612775 0.337780034650623 0.007447626644678977 -0.029060847499022935 4.963266621755439
6.877570051661652 1.9564161542215328 0.006703728840019203 -0.029241409330596477 4.9377493440352955
0.08073646660842741 1.7952013132657707 0.006602629797780343 -0.02926440294544659 4.934293313337582
3.240005170738879 0.14504218821443624 0.007595426221840821 -0.029022568813056038 4.968355828539232
5.094861243007301 3.196011359865182 0.005594440102033787 -0.029473755104240724 4.89996841313802
0.19963703969293956 0.7614326001369914 0.008191367030903953 -0.028860033024323092 4.9889464631928995
0.8067173986345763 2.1175897226443 0.007141093557683728 -0.029137686641193875 4.952732670789015
3.190057895467338 2.3873285120525907 0.006841074929678112 -0.02920958222581298 4.942448865231493
0.6789569659148478 0.6915934296166061 0.008484520689936631 -0.028775213442510505 4.999119097092356
2.229465821937319 0.8613967571755958 0.008038415114426798 -0.02890300819029318 4.983650635418277
3.8737164342607606 6.997602412516301 0.0075074126356972455 -0.02904546015330749 4.9653244351783306
6.964960482293271 4.602486233135583 0.006687906760406081 -0.02924503211084089 4.937208292850193
0.5021376436020265 3.457660118807748 0.006310237455822718 -0.02932884080987743 4.924312984678921
5.302579023139708 5.948621387419077 0.006085967046850407 -0.029376197934801753 4.916672437198521
3.2317319981365262 3.2979862645855023 0.007328164811634369 -0.02909120142746813 4.959158024820294
0.7233275500736194 0.17897891166189567 0.008829054984464225 -0.028671375761921632 5.011113896730076
5.918362840581284 3.9079472764980507 0.005665295911280032 -0.029460217620337324 4.902372994802203
1.7610412574015897 0.5143503655755562 0.007470091263405849 -0.029055081079157007 4.964039718500431
2.3730120474287815 5.086981577319689 0.005556396655128871 -0.029480950734514528 4.898677814157562
1.2651150535699254 0.3230908003874423 0.008293387355200283 -0.028830881467215047 4.99248324949102
2.928865880089339 6.1500352210893805 0.009292712309237519 -0.02852447191338948 5.027326513120512
3.254443265093701 2.0087251995311464 0.007440868657229128 -0.02906257857840328 4.963034082558235
0.5030286674681645 4.725397207672143 0.00721559987658201 -0.029119325514528484 4.955290518351713
3.1047922572004425 3.097351688088273 0.007108658599292619 -0.02914561670163634 4.951619660606597
6.203254601787045 5.093045705756406 0.006514138837717695 -0.029284227754935555 4.931270496522825
2.9467665583771545 6.670771189769605 0.007978675648326723 -0.02891955627077978 4.981584333260926
2.1076037911039935 2.80881900559622 0.0079391018153369 -0.02893044525004263 4.980216180252232
0.6924039384562339 3.708147675311846 0.006366152374190536 -0.029316754662625743 4.926219859388754
3.665309625145852 0.5805691997301741 0.006861241658655485 -0.02920485170141308 4.943139335953209
5.678910993046946 0.5051758479144368 0.008129772658645753 -0.028877444424996058 4.986812862917544
0.35129531742535913 4.000481530746374 0.007990753745930822 -0.028916221305210203 4.982002001975163
5.872538730316139 2.803304960862829 0.005976867950060357 -0.029398589243491622 4.91295999597243
2.0827218563086762 3.6823195328440925 0.006828896715000951 -0.029212431765531763 4.942031960244186
6.911395427008509 6.416869238969434 0.008304705946012052 -0.028827623196341943 4.992875857337249
2.527519020281361 6.043522554175733 0.007893063496133819 -0.0289430397271261 4.9786251819043725
1.5064154975958917 0.2727552737177056 0.008863184219004831 -0.028660843768109543 5.012304474411837
0.5922640048198886 0.7862848670491007 0.009100882114642576 -0.028586254471955203 5.020608704214515
0.6702933469760952 3.811759585949858 0.007816233486953053 -0.028963882579471863 4.975971614384715
0.23260487993242412 4.53206314747426 0.006929225972326531 -0.029188796265424092 4.945467818085136
2.4365286602753478 1.859867664527384 0.006307579254262561 -0.029329412608356076 4.924222351173713
4.0092039744148575 4.718650061117987 0.006689955242610921 -0.029244563577729497 4.937278338887609
5.545210352315099 2.6440198123789806 0.007195997604930164 -0.029124175841898758 4.954617403911296
0.659040343261901 2.3855590220096867 0.006683905314674208 -0.02924594689430434 4.9370714701881795
3.118476965190016 6.520793303150766 0.009222939441681718 -0.02854710822579183 5.024881414084383
4.06737974862698 0.225823715900061 0.006612682399268381 -0.0292621330645325 4.934636836193179
4.578124052880818 3.6391479087455934 0.006884491765284883 -0.029199379670358145 4.94393551475242
6.576671025127248 1.7707019072530372 0.008243149115427822 -0.02884528544945987 4.990741170231848
4.594491338581459 1.4434754839897694 0.008245908772264198 -0.02884449667648053 4.990836842523632
0.0930944420537376 1.5108992259550542 0.005714901840753422 -0.0294506349159157 4.904057095969081
1.2356417610428079 0.4878539493118413 0.007596565454859767 -0.02902227064324966 4.968395082089744
4.010598910744793 2.8582751670998094 0.006924276022280469 -0.029189970907270046 4.945298237592985
2.760917491571082 2.376790119889922 0.007595908056561342 -0.029022442708984134 4.968372430645352
0.8315034388170801 5.348377863080683 0.007948854179137037 -0.028927767235630467 4.98055329276535
6.688698076147637 2.9054269140771978 0.006107549701301061 -0.02937171831279432 4.917407191887988
0.10988173112196029 3.500794546711858 0.007526000764138526 -0.02904064931261328 4.965964454900005
3.5158553736075993 4.919659039985623 0.006522758144140801 -0.02928230909940411 4.931564838883628
0.2581029401825567 0.8573841035380545 0.007175377426151094 -0.02912926292909385 4.953909456763355
4.372730441333383 6.684749201747301 0.008056416472328331 -0.028897995667942034 4.984273508936657
2.4296280942701443 4.117532247424632 0.006266534133653788 -0.02933820972642591 4.92282310872009
1.340531654556337 6.815083674670355 0.0068092729766818655 -0.029217012193737915 4.941360253096162
4.2429988795010605 3.5424633943162913 0.005443439166369917 -0.029502016372479185 4.894847645679883
3.6395108649085417 6.51590784075508 0.007406472032460142 -0.02907136343607547 4.961850724968395
0.2969878232567997 1.5762148629336865 0.008344594468795891 -0.02881610215055709 4.994259824670277
0.7332717234045573 1.421658826510289 0.007626088405828155 -0.029014526975749466 4.969412469321054
4.032991959908329 2.463582397865243 0.007671351364573559 -0.029002592440008797 4.970972800134373
2.1708782844981114 5.641198019720327 0.006373325228753166 -0.029315196153676653 4.926464533305517
6.744851729000032 5.022000051985223 0.007811534887048905 -0.028965150141306323 4.975809395211594
0.6855458155770954 4.759687595927107 0.005519126383039826 -0.029487950826872212 4.897413748993062
3.6012505072251755 1.0332333484668987 0.00765626000296134 -0.02900657999087542 4.970452490650912
6.144685935774817 0.08006419545645148 0.007381361007135649 -0.029077749391628258 4.9609870480336165
3.145574885002017 2.9670207835369853 0.005727209503527683 -0.029448243942597024 4.904475021159972
6.465550579420273 3.6482760352223496 0.006839801040600741 -0.029209880549653004 4.942405253427596
2.9129779256069206 0.17879598061328075 0.007387788491305373 -0.02907611702424751 4.961208098998572
5.075316714911486 0.07367653930102573 0.00612429885636591 -0.029368230513905927 4.917977473440678
4.767922867274461 1.1423314488135832 0.006868465004703042 -0.02920315374200481 4.943386676911213
5.111532591466096 4.414553029209125 0.0040718804439514944 -0.029722378600141767 4.848538566396098
4.727543915110678 4.0476887463513265 0.004284896907793776 -0.029692417525179374 4.855709021065266
6.039222100797753 1.5486361347415365 0.007904013142019203 -0.028940051421011463 4.979003518497585
6.66066694657739 3.878293222932038 0.007289772323712874 -0.02910084568304553 4.957838515222079
0.8515866004975431 3.7878472661455813 0.007626190112632672 -0.0290145002432574 4.969415974697911
0.2067149118124569 2.926163614494145 0.007470756507702938 -0.029054910036044063 4.964062614538936
3.278138840563741 1.8204282308776318 0.008537751252900124 -0.02875946459069783 5.000969478448265
0.08304877924181578 6.8943074253869385 0.007601244058916124 -0.02902104561790964 4.968556292866371
6.396118726233995 0.44799120214574234 0.006964172235944863 -0.02918047815009368 4.946665237782151
4.235446953099726 6.134386710212232 0.006361429164318443 -0.029317779912322126 4.92605875263158
5.418682592228852 2.664270464537961 0.008721185693578125 -0.028704371097415256 5.007353800532648
2.5568178477066734 0.5721440545414593 0.007457103342177206 -0.02905841719268428 4.96359273384459
5.577485420078215 0.8573535434278128 0.007133340238184183 -0.02913958573909901 4.952466586974961
6.461501285884742 2.8172139455247676 0.005842033337621013 -0.02942568005131104 4.908375684839751
3.7128006296265763 4.663538225482055 0.007222847122853866 -0.029117528731674357 4.955539407009187
4.6074279116628025 2.699956715587503 0.006665996500080408 -0.029250034028371927 4.936459160974733
5.173428767045065 0.6970876038223625 0.006163368206930428 -0.029360056068505714 4.919307985433264
4.3972511253975375 2.2941405079841193 0.008305147955674132 -0.02882749585785005 4.992891190222492
2.5964253517035423 0.300811530555594 0.007326496239541045 -0.029091621695120244 4.959100668645281
4.593843602238805 2.4403420989514943 0.006464512142330713 -0.02929522286588137 4.929576158901398
0.19452994615643684 6.836579751847371 0.0070525032658166125 -0.029159255780723314 4.949693395657494
4.13868755206488 2.8796301851058534 0.006160208624496904 -0.029360719161878067 4.9192003716486
6.87390150158719 0.12380081994579765 0.008006767308207815 -0.028911791318979436 4.982555836047647
4.577645796829025 4.157401672849868 0.005911191535290161 -0.02941186520153242 4.910726502349986
0.29452770229309494 0.35754774425092356 0.008145526712919961 -0.028873004598917434 4.987358453615094
6.249313460113179 2.1108987192942714 0.00658283579971847 -0.029268861830176192 4.933616980063392
0.29914843567093735 2.7524158336868974 0.005800163499720531 -0.029433961734304636 4.9069529840020305
1.090561318833848 0.9567236485538559 0.008761718770570822 -0.028692024748794336 5.008766191316321
6.4190530249785684 2.6616914011018395 0.007516937433114407 -0.029042996602049235 4.965652376317202
6.9171611474981 5.846027372701141 0.007919714044576089 -0.02893575866384264 4.979546090675795
0.11150771858708786 6.228635953628199 0.006437556222535744 -0.029301158166217447 4.928656104883772
6.694417653234292 3.0066602454917133 0.008653201965912119 -0.02872493856803065 5.004986239567489
6.617142384698226 1.6451936257619852 0.006379952089412756 -0.029313754644139288 4.92669059433991
0.5262557702628772 4.229745961976115 0.0053468603680616655 -0.029519672833628278 4.891574994103531
2.2620199969270662 5.815074102057129 0.007436373789440131 -0.029063729025431816 4.962879423920337
3.7074273296506406 3.0684588962885595 0.0069563422688182 -0.02918234572886582 4.946396917417944
0.19770553927155796 2.6011908863877995 0.007686284129385772 -0.0289986385246334 4.9714877121193055
6.277100534817466 6.1379845600636465 0.00677498187476571 -0.029224982816018832 4.940186744287122
0.676819162239299 2.593113799421457 0.008359348720019342 -0.028811825505807694 4.994771876777688
2.9479377101209425 0.30725612267431396 0.007806537434350421 -0.02896649742868622 4.975636865932842
4.113807972644336 1.0005687298965342 0.008461535270481841 -0.028781980836391226 4.998320398736022
0.2639488816216844 5.894244577952808 0.005394172995963866 -0.02951106398775914 4.893177976560428
5.846613168046334 1.0706224960271635 0.007121954180021216 -0.029142370676691322 4.95207586371451
5.915137051638753 1.4554952956717595 0.006214937915794998 -0.02934918306704317 4.921064768398284
3.3528969270230844 1.7726985965746067 0.00936834996292262 -0.028499719629712286 5.029979338431318
3.6072333184798464 6.468994346788891 0.007920350662631399 -0.02893558441402133 4.979568091825982
0.7489656983768539 3.7279093613912333 0.0063994719962616586 -0.029309499452721172 4.927356538475159
0.5756581431127799 4.208053425273021 0.007763014344515996 -0.028978191943025686 4.9741346374414475
0.2988199591440874 0.8351309978906094 0.007862714704117505 -0.02895129906380117 4.97757676197696
3.703778161003691 0.6092875932955291 0.008371332556618928 -0.02880834586064413 4.995187836541174
6.316188478440503 3.988685192154226 0.005893571574351658 -0.029415400967826258 4.9101274617499735
5.285814960255682 5.028341360856068 0.007050956072125917 -0.02915962994396449 4.949640335875192
1.406220690081497 3.7757403154150126 0.008160795855866283 -0.028868692575156146 4.9878873311278005
6.024079988501556 6.80212348879283 0.007849735845370477 -0.028954820793054576 4.977128489546972
3.2758355866443605 6.543712159937922 0.00781345847594573 -0.028964631305174102 4.975875806264703
4.199678874177942 5.239939016778669 0.0064125431128519254 -0.029306642435219618 4.927802528809992
5.733909165027436 0.8009700287277624 0.006928575273904736 -0.029188950729237183 4.945445525398102
3.435030945488475 5.8222556683194755 0.006379108541868476 -0.02931393822418033 4.92666181792034
6.589561415878208 0.7954098360433568 0.00888678603991978 -0.028653534404688836 5.013128065989842
0.1479550674410192 4.547644952716523 0.006352886710653423 -0.02931963216756996 4.925767387330774
5.559812452783738 0.2709854603158035 0.006159689490414407 -0.02936082807724738 4.919182690435931
6.6518596452082335 0.4799418737315794 0.006992540939916095 -0.029173693136173164 4.947637531659728
4.508478624785627 6.828559607476744 0.0076226767539957245 -0.02901542346932219 4.9692948868726
5.405346110877403 5.759508897699316 0.006907914445519259 -0.02919384726296598 4.944737754334243
3.6910360228625256 1.7723597712080068 0.00945541194452072 -0.02847095335529555 5.033035714958494
2.9230142892212423 2.9575089958093606 0.006288512678434312 -0.029333506580243196 4.923572312770559
0.220037069019641 0.872644973801893 0.009074747032380488 -0.02859456183084996 5.019694583635902
0.6629669215517568 0.6397146051487839 0.008337341506947977 -0.028818201480948154 4.994008135611761
5.583749441365237 0.03377616002691977 0.007539806137930468 -0.029037068092395726 4.966439865234597
3.205487631601988 0.6319919087398425 0.0072069888977089255 -0.029121457913852806 4.954994815639509
2.999254804033441 3.5715577392538447 0.007475364123220028 -0.029053724911365063 4.964221200797644
6.013653556145684 6.507592805567688 0.008417541122191067 -0.0287948780420446 4.996792210481716
4.3441088864522435 6.318185802228153 0.005508946238915712 -0.02948985437971399 4.897068529499479
3.441471496072954 2.5283565568005404 0.006362708348584465 -0.029317502323200274 4.926102384527498
2.552242149619063 5.506457475061489 0.0078046049298626935 -0.028967018173929517 4.975570151373336
5.534733731976775 0.028999120066136717 0.006815779725719419 -0.029215494976646758 4.941582962999459
3.324026165569839 4.835411042417917 0.006837555002832336 -0.029210406391956316 4.942328361036789
4.389189895076823 2.309022715753205 0.006596872097202428 -0.029265701401694644 4.934096570118905
5.907975498426603 1.5924342981660127 0.005616353671901323 -0.029469587228736688 4.900711960008306
3.099666373392977 5.317722985664288 0.0067420918619926825 -0.029232587934092526 4.939061483388302
0.017546487428135173 0.1409303234455042 0.006318449625120119 -0.029327072720181594 4.924592996317971
4.9118297572799205 5.5138383160386555 0.007295632164009951 -0.0290993771639096 4.958039883532735
2.8723830609178416 1.7790076549398763 0.00875220742416731 -0.028694927516973282 5.008434710171535
3.1784100271015787 6.902934426756477 0.007967154670519911 -0.028922732347688256 4.981185974968762
6.838362733020635 1.6136985798623489 0.006684743304316606 -0.029245755366469752 4.937100123470952
5.63896286170046 0.7459218062220716 0.008379433122005484 -0.02880599070599443 4.995469036180566
0.6218510779737633 6.984861961267152 0.007660707718756031 -0.029005405655632394 4.970605828473653
6.388258000803335 6.071106741001194 0.007823016661922106 -0.02896205121028704 4.976205816045155
2.0239972513257367 0.38715007662348516 0.0072805625919222594 -0.029103151175518815 4.957522051329191
0.4505027041991116 5.057507966890759 0.006629479915890381 -0.029258332078995992 4.935210909421048
6.472721404262886 0.8217052100854494 0.007766365820066216 -0.02897729390313918 4.974250294328714
4.134080900081396 1.4138526045164108 0.007829064016807543 -0.028960417065724886 4.976414624648913
3.0116151818455896 3.4449481358583918 0.005961015097111091 -0.029401807750749163 4.91242078694067
6.834053864512505 6.624433559638273 0.008580640082727306 -0.02874669747589614 5.00246110370489
3.0801470785718994 1.0196018871114532 0.007739721286137517 -0.02898442192649199 4.973330910501975
1.0695369066001847 6.795517878439675 0.007099507177740583 -0.029147847224678704 4.951305682988508
0.44861311403782034 5.811540936115419 0.007092578284757915 -0.029149534014707344 4.951067974439591
6.554409371727498 4.834185105753462 0.006705112979976544 -0.029241091975604296 4.9377966792185095
1.1997210687591933 0.13515378382138554 0.009430032348472178 -0.028479369548969447 5.032144426092192
4.540942452499216 1.8187637298960333 0.008029797939098807 -0.02890540338859232 4.983352506650203
3.7231672262506303 1.179222852320828 0.007260495669113826 -0.029108163848631526 4.956832600420713
0.7798250137130628 2.4564081812123466 0.007844249198677112 -0.02895630768086728 4.976939004492147
6.397445985034594 1.3766490109150926 0.008161144608285405 -0.02886859398520569 4.987899411793169
6.436482255196626 4.947358861114227 0.00779651199390006 -0.028969197447098402 4.975290777381671
1.0909238557650893 6.629991744041068 0.0075649955278251305 -0.02903051571474378 4.967307453884343
1.9740985563470466 5.8396706758425205 0.008810809861132819 -0.028676987805398332 5.010477605767931
0.8577547516334686 5.670402731857252 0.006912225389266874 -0.029192826861542107 4.9448854230892945
3.561448495570326 5.090813817556148 0.00729886384082861 -0.029098566745340646 4.958150941642293
2.766233632662652 2.9370057806944927 0.006740183432224266 -0.029233028021400202 4.938996199554837
2.909575021229266 0.3720709950053375 0.007068758847550441 -0.02915531938352206 4.950250909152774
6.721760848835434 6.655722883677048 0.006916483043503742 -0.02919181841387969 4.9450312715126
4.711168055135284 4.929612855499507 0.005409532231736633 -0.029508252422564815 4.893698458204751
1.886806417401154 6.4289937199714675 0.006675174422094557 -0.02924794089221692 4.936772946946002
6.527528573139706 0.8509841632999227 0.006403527592372858 -0.02930861365492608 4.927494911953585
5.970019081262398 5.679178227852439 0.0054603287017296895 -0.029498895072003407 4.8954201634422345
3.321866891864487 0.484400383888929 0.008095122296351176 -0.028887176999615558 4.9856131542625235
6.759284297745088 2.7584634464730957 0.007778471766232438 -0.028974046610405056 4.974668091255682
2.527332206254041 1.174800110513644 0.006865373363842347 -0.02920388071087546 4.94328081155144
3.796037604656364 4.913361572279211 0.006973380425289622 -0.029178279000725654 4.946980809590665
0.17663558051392791 2.3766573443715036 0.005987096369089722 -0.029396507905995104 4.913307930389484
0.24561535317632283 1.5280321380091597 0.008048801130365234 -0.028900117653113996 4.984009993694326
3.11682257447683 6.534327359444697 0.008662614913632311 -0.02872210129600749 5.005313948276528
4.294271567915028 4.634959645918913 0.00534582168070615 -0.02951986095085971 4.891539807939656
2.15612676258172 4.412147135186467 0.0058679777430017815 -0.029420517283141635 4.909257454771367
4.318379690906585 0.6499357151453423 0.00674482929249137 -0.029231956448639396 4.93915512751144
4.254583102763919 4.669387907989015 0.006017947997903652 -0.029390207585087372 4.914357542558622
0.08095228859307592 0.30128144884404223 0.008107740090362131 -0.028883638112729752 4.986049976688718
4.220540719479245 1.3479511004619509 0.008426103955830804 -0.02879237350628691 4.997089596911747
3.1153440211191117 5.105829333233393 0.005495377016970017 -0.029492385990986855 4.8966084173836615
0.7560251892998803 0.39794809689873933 0.008087860154792662 -0.028889211102356482 4.985361766394266
3.9247299654646315 5.678139804400273 0.0070478123233013775 -0.029160389940045748 4.949532525595712
4.55822661745726 5.057752231515794 0.00553833000784857 -0.02948435009838548 4.898065025060933
0.0874730528451403 6.393480264995231 0.006914523846856494 -0.029192282541302808 4.944964157465643
3.9655403411012466 2.4286318518244077 0.0077472734916327 -0.028982404204031198 4.973591480416065
2.3714388467892955 6.883142505378075 0.00931595364654686 -0.028516889866452656 5.028141407270933
1.1906037083979235 0.47930136370374016 0.007044409534718723 -0.029161212154284053 4.949415835091453
1.9197521698123543 6.644394995392677 0.00912009176472942 -0.028580131668746987 5.021280765216117
4.030822577619913 0.518964755457338 0.008542712744852491 -0.02875799121911916 5.001141999707079
1.1755972236796783 5.149159259156228 0.007312944692243199 -0.029095031189675533 4.958634872921315
1.5040888416651252 2.170901269453737 0.005998876067165412 -0.029394106312844247 4.913708664352705
5.527965244539179 0.2997050309891713 0.00542623231810489 -0.02950518603279691 4.894264433899765
3.217915469351188 4.719774610078635 0.00573017736971075 -0.02944766658517538 4.90457580459821
2.4072865628000994 2.7787710634592835 0.007488216168139577 -0.02905041511956779 4.964663580452625
2.6241220178646882 6.77273367933472 0.009296777950967861 -0.02852314708671534 5.0274690481393165
6.316134575115949 0.11465908828108931 0.008527669556285367 -0.02876245559646818 5.000618944374342
1.2485011843543383 1.3783333663348099 0.008642310162776749 -0.028728217401195737 5.004607085356684
5.146580969603913 2.893620738483392 0.008608944595320928 -0.028738233643609598 5.003445866485501
6.750484895819031 4.8102643005413075 0.007113705637518984 -0.029144385258617664 4.9517928305514936
2.331504268524669 3.634703218357607 0.007838967099962445 -0.02895773808165455 4.976756592829122
2.5343095312008743 5.818538720287576 0.007915787328514296 -0.028936833119222505 4.9794103885779695
2.0765998585402254 6.227877979171515 0.008235507989149808 -0.028847467967928305 4.990476279902275
0.11796633771953102 5.971526071052108 0.006337713296641896 -0.029322915785603046 4.9252498991177776
6.812614449256531 6.9699720457483 0.006892588111328504 -0.029197469567200048 4.944212801835454
0.08732082854128176 3.7226772125416887 0.006421493648524866 -0.029304682549414433 4.9281079488156205
0.3937717170883378 5.938634008153002 0.007629120756741845 -0.029013729792618022 4.969516982228379
6.097232196870746 5.545687714164643 0.005675343601719568 -0.02945828363979172 4.902714065607713
6.358715321474486 2.232141121140784 0.00653422481043144 -0.02927975249428762 4.931956446208645
1.2976730287655989 6.487383839764667 0.006398072379847118 -0.029309805011672074 4.927308785727935
5.914646459074769 5.9243412457972315 0.007280874170623776 -0.02910307322795212 4.95753275735607
6.982030311101505 0.8915141879252881 0.006786483935137526 -0.02922231400485116 4.9405803317017325
5.8331230428594925 0.7304444565032157 0.0055504583524327005 -0.029482069331678705 4.898476389513118
6.544482122252014 6.552886614885948 0.0057982253180097814 -0.029434343599978416 4.906887135946815
0.9962460542658634 4.121804128977019 0.008019363728490426 -0.02890829993946673 4.982991546881344
2.9788879206158403 0.9655797198744569 0.008270761493993172 -0.028837380330215153 4.991698559287399
6.449969530266308 1.3973665581120955 0.00738640572847513 -0.029076468327744857 4.961160542632106
5.057458800239874 2.192995846755804 0.00867357353613688 -0.02871879388333058 5.005695509961365
0.6268595360324839 0.031186549426758258 0.0075638137707677525 -0.029030823640419572 4.967266746691903
1.2188629950318899 5.092286977171518 0.007184366223782695 -0.02912704725787649 4.95421805157588
6.960922144193042 6.913617005396905 0.006267491764653261 -0.02933800516360994 4.922855749918953
0.8801403617240156 3.4005778987714206 0.005913662634081741 -0.029411368452526402 4.910810520131282
6.952324178469415 0.40451521122658174 0.006750803409182663 -0.02923057736909361 4.9393595017073695
6.124004636279755 4.048549785256304 0.008080740722116588 -0.028891203321805874 4.985115335740869
6.643882454561639 6.222681237689267 0.006195529582630553 -0.0293532862417609 4.920403524239877
0.15374179402710852 4.280388038358063 0.006038080305975366 -0.02938607810202975 4.915042591198529
4.638759042876679 0.3397467141447936 0.008258549123827931 -0.028840880124734767 4.9912750940203665
2.549098539146619 0.01446430918663431 0.007621673703411957 -0.029015686963412026 4.969260317464013
0.7945069117916326 2.05342535537815 0.00836659062178725 -0.028809723382348214 4.995023237661576
2.1162706891760257 0.37545415869800114 0.0075980617492892605 -0.029021878947683374 4.968446639204103
5.618282154913241 0.9545870553755453 0.006575214696509873 -0.029270574843941834 4.93335660505473
5.22316645667522 1.792759760632903 0.005805056786529062 -0.029432997056113276 4.907119233011587
1.0490300082032666 3.6656996158972626 0.008497462679510568 -0.02877139426601229 4.999568888656832
2.973850386232189 0.7206391195518504 0.007303900668716188 -0.029097302882252284 4.958324040795453
2.4285426360605027 2.0548313211755698 0.008430838750398876 -0.0287909874433784 4.997254047005638
2.6815789143007724 6.741356977559767 0.006800003953613502 -0.029219170868298793 4.941043017352658
6.879017288293368 1.9821204048869039 0.00830927139227697 -0.028826307584036627 4.993034231491225
0.30223222120941984 1.3067198369276178 0.007924374740011028 -0.028934482628515668 4.979707164668948
6.70464043235524 6.390039856176829 0.007108326242236861 -0.029145697762001283 4.9516082572934685
0.8045131105248112 2.399897552825332 0.005441418743426017 -0.02950238909069386 4.894779161880165
3.2979562227053383 5.229285416492239 0.006929089925625533 -0.029188828561670554 4.945463157165772
5.840010344916801 3.1971360644646967 0.007167105798672684 -0.029131299223869717 4.953625503875941
4.214194612434788 5.790784064361873 0.00722922584575723 -0.02911594569425894 4.955758481104997
0.2601751420954609 2.2643291033396555 0.007081652612142994 -0.02915219024843465 4.950693176862844
2.394733972157277 5.387191575461009 0.006413735461784126 -0.02930638151369515 4.927843214270379
2.930209360536458 4.6837364412050855 0.0074339707320167005 -0.029064343776447437 4.962796742444546
0.5071280810196346 6.093807958567802 0.007549828930522186 -0.02903446371331577 4.966785053046268
5.558688250515844 5.696378546336877 0.006387141781999519 -0.02931218892980591 4.926935867750022
6.199254473993836 4.914761042550346 0.006628630384552585 -0.029258524556528585 4.935181873981122
0.46328728821118226 6.603627388535621 0.0062164638405438205 -0.029348859898115483 4.921116760753443