300

1.8190262523466565 3.703038907415166 0.027402349341137087 -0.012211111767004831 5.863977416558055
5.115977799416184 4.863692651718282 0.027394187079820807 -0.012229411851588724 5.863309488068452
4.17944095738466 3.937281896359377 0.027397801078454916 -0.012221313189073197 5.863605102910285
2.645649112336191 1.1206268625439595 0.027417148968389912 -0.012177846379599143 5.865191049821709
4.343447293939909 6.239529037920297 0.02740241641027156 -0.012210961259380029 5.8639829090594
6.635968685016148 2.450250532007894 0.027398100717354282 -0.01222064143495384 5.863629621317586
5.240671156565841 5.3595890727265925 0.02739325056531804 -0.012231509451645894 5.863232915768441
0.8964976505017699 0.9573252425764881 0.027409331777559942 -0.012195430763513133 5.864549593975125
5.043275323073766 1.380608836774181 0.027400395518266146 -0.012215495300747344 5.8638174415880275
2.6074925575461916 1.0227308008439593 0.027417148968389912 -0.012177846379599143 5.865191049821709
5.520968075969426 2.3890662783731917 0.027395217817678078 -0.012227102711680045 5.863393779544574
6.021558597858524 2.7717725045982324 0.02739502135869399 -0.012227542874866566 5.863377712332855
5.857405878842698 2.082852222408106 0.027396437591805795 -0.012224369402071023 5.863493550562126
6.296618768202796 6.004862855580077 0.027393557439469265 -0.012230822164126907 5.86325800529433
2.668679791356191 1.0532209939839592 0.02741714896838991 -0.012177846379599148 5.865191049821709
3.955177635301031 6.630939809461113 0.02740828819932616 -0.012197775944108761 5.864464030953776
4.435260777827858 4.452213372343441 0.027395450994038978 -0.012226580259140689 5.863412850402831
4.07887675236914 3.7181072781934907 0.027398131025628634 -0.012220573485008204 5.863632101413151
2.6614089612821545 3.0537868088759845 0.02740345294206101 -0.012208634929927579 5.864067802501601
4.693072679552097 6.640190479534023 0.027402156780666626 -0.012211543873227745 5.863961647554611
6.8560681736401365 6.866462659168533 0.027397677662273322 -0.012221589860331979 5.86359500458593
4.62504172882649 2.053024111081928 0.027403726775412512 -0.01220802026614223 5.864090232547754
5.867194188530365 6.847994269064615 0.027394859763821687 -0.01222790491133062 5.863364496882971
0.82685135736642 1.6416395997459745 0.027409439045530115 -0.012195189675005836 5.864558389812889
5.190473740037402 1.1713867094819972 0.027397231677446357 -0.012222589595185209 5.863558514522704
5.432170747696827 3.4846482001984023 0.027393596088611583 -0.012230735600690747 5.863261165284605
3.660679130487287 4.511802315786479 0.027400285977762666 -0.012215741006456485 5.8638084743378975
6.547035166262358 3.241382847676123 0.02739530720185037 -0.012226902441593501 5.863401089935795
4.180004394534049 2.2632058074516777 0.027404876312068904 -0.012205439538181517 5.864184404915355
3.5374235868760153 0.9319720104820083 0.02741355503405043 -0.01218593453105212 5.864896027113485
3.914077451296837 4.775756910690424 0.027396946970908206 -0.012223227751835588 5.863535221659626
4.200021990372612 0.4457393953827738 0.027410520034936086 -0.012192759794827725 5.864647039283531
6.809980147537175 0.4529526171518381 0.027399623731777317 -0.01221722633649001 5.863754265123282
2.2519331698062244 2.9663102100794125 0.027403909465431135 -0.012207610167860608 5.864105197552989
2.1388980549179215 0.7655619806060776 0.02741726117176036 -0.012177593762294815 5.86520026364579
2.9165670231474365 3.4707305191171782 0.027402153569633658 -0.012211551078639162 5.863961384604074
0.6508169882405671 0.9051813642904836 0.027405268158261643 -0.012204559687828577 5.8642165102988155
2.9871285763116133 1.1538841070799855 0.027414840478095132 -0.012183042377033604 5.865001525514042
5.650813874847806 4.653171234767505 0.027392017035917208 -0.012234271645832519 5.8631320786527255
1.2344228592046158 0.27174438479526136 0.027409068030051054 -0.012196023520969167 5.864527967752613
3.4723022275364044 2.0855396308044685 0.02740838545692259 -0.012197557404855865 5.8644720044128835
1.3568893417064878 6.57992520103635 0.027404675341337534 -0.01220589076781725 5.864167939550391
3.7647508014198476 6.735265501732872 0.02740777848289941 -0.012198921207726369 5.864422245262581
2.9936801011322447 4.860564949196144 0.027402546791531198 -0.012210668668747966 5.8639935865825645
0.5715682585755569 3.355554994162451 0.02740043916832245 -0.012215397389485988 5.863821014937299
6.220899089019305 3.679240967695115 0.027394735095360178 -0.012228184209237335 5.863354301592882
4.797630558161419 2.2145636661594343 0.02740164526461792 -0.012212691627648762 5.8639197616131975
0.05587662278401434 6.1820304000419934 0.027396322794844573 -0.012224626674082098 5.863484159832064
3.4676628947683352 1.205665296993387 0.02741335398125466 -0.012186386810635436 5.864879528660757
5.5686985353057015 6.763997839373192 0.027395445520412755 -0.012226592523597759 5.863412402720538
5.309088761719137 5.847961030486349 0.027393945878092265 -0.012229952135153753 5.863289765419191
4.937424180646057 3.281908752951483 0.02739472964635731 -0.012228196416601746 5.863353855982965
0.43192902051991916 2.6529586159979335 0.02740183796120076 -0.01221225926469369 5.863935540280158
1.0947827584321062 1.8332770875856181 0.027411029353608122 -0.012191614732086721 5.864688813467355
4.180257799086128 1.3366668263879269 0.02741038525144431 -0.012193062796828547 5.86463598503336
1.1383888110402325 1.7969277424067953 0.027411029353608122 -0.012191614732086721 5.864688813467355
3.0307649593897534 4.6485223981939265 0.02740204550165973 -0.012211793575268524 5.8639525350402275
3.389459538148335 1.0614310867533874 0.02741335398125466 -0.012186386810635436 5.864879528660757
3.56946049294061 6.958469937243607 0.027413400620378104 -0.012186281895092256 5.86488335582667
0.21972345101385485 0.01749559608333165 0.027401306301901057 -0.012213452130720353 5.8638920075215
5.711118331227719 0.47730522069274 0.027397173911671294 -0.012222719077751803 5.863553788399108
5.8116077040009 5.6288439519583156 0.027393569773198696 -0.012230794540049092 5.863259013709235
2.532966970847263 6.117245812643395 0.027407830760538286 -0.012198803752896888 5.864426530714521
3.3417549140525296 1.6733342119400019 0.027411655365047843 -0.01219020714130174 5.8647401641369505
2.787921776822065 5.027329333238061 0.027403301529576398 -0.012208974784113352 5.864055400592783
3.5355665012215103 5.7798510720226 0.027405798162234377 -0.0122033694974327 5.864259939134472
1.716189758631857 0.8693293779329803 0.027416101066920204 -0.01218020534672617 5.865105008336878
3.1829495748315226 1.5975466230444642 0.027413747259164598 -0.012185502091036114 5.864911801736635
0.12786312626368637 5.351389678012847 0.027394900204883988 -0.012227814308552739 5.863367804171703
3.863164953326089 2.1000578725214045 0.027404448523918327 -0.012206400005731028 5.8641493573189
1.9851749493453599 6.118049425353134 0.02740803278178133 -0.012198349848762327 5.864443091764744
1.2388354193766222 6.783106400630961 0.027404675341337534 -0.01220589076781725 5.864167939550391
3.9931161167584106 2.8045257107248314 0.027399431940758834 -0.012217656457918783 5.8637385669904045
1.6665457402587125 0.6355015524842053 0.027416101066920204 -0.01218020534672617 5.865105008336878
3.6681751460920466 3.3613666511480993 0.027400077485448614 -0.012216208650453376 5.86379140715194
3.038468054318769 4.9522346998828315 0.027402397440340013 -0.012211003829401046 5.863981355545465
0.9501981841759954 1.7610249735773054 0.027409439045530115 -0.012195189675005836 5.864558389812889
2.2483876866493704 1.364852844218723 0.02741722267507575 -0.012177680435342031 5.86519710238517
6.518920436883778 1.0951570791092453 0.027399298333301476 -0.012217956082861933 5.863727631520124
3.6442371505128275 4.505803409848811 0.02739958094023985 -0.012217322304795152 5.86375076257956
4.757414252086953 6.796778752860827 0.027397258081214366 -0.012222530410325602 5.863560674771294
0.8721325771108287 3.9425405924812083 0.027399200352930433 -0.012218175805740267 5.863719612217275
2.2507126073461583 3.282017065553609 0.027403316782842555 -0.01220894054777807 5.864056649943184
5.085524374573713 4.180989139408356 0.027394315877232196 -0.01222912333809844 5.863320019967472
3.855495489991512 0.33703737985734766 0.027412321112383096 -0.012188709990462322 5.864794780782266
1.6154827605460051 1.473414779452267 0.027414954612505593 -0.01218278554330898 5.865010893913986
6.969381652825983 0.541621350349692 0.027400114228383485 -0.012216126238359562 5.863794414882068
3.938889080642414 5.593481606425839 0.02740364522579495 -0.012208203321486977 5.864083552594382
6.021573989682895 6.65105597271469 0.027394805011233075 -0.012228027575881536 5.863360019230063
0.2749814842177942 5.639607073770342 0.027394996398913768 -0.012227598795491356 5.863375671062307
4.488043073241647 1.2248914521685914 0.027407773389041358 -0.012198932652283823 5.864421827696505
5.495123524419137 5.961661594776349 0.027393945878092265 -0.012229952135153753 5.863289765419191
2.7084931500580662 3.4889762866725382 0.027403032556677927 -0.012209578481571325 5.864033370385217
2.7384328937525906 5.665035807774432 0.02740652204895579 -0.012201743694247149 5.864319261680162
6.093996468632784 2.7418593795894246 0.02739502135869399 -0.012227542874866566 5.863377712332855
4.342735782537144 2.3561019584293814 0.02740086769191074 -0.012214436120034445 5.863856096927365
6.093159814488962 5.585129163798069 0.02739297813015131 -0.012232119569438978 5.863210643098553
5.102798802877013 6.705396948119442 0.027397258081214366 -0.012222530410325602 5.863560674771294
3.9605538341355913 0.7785991142167119 0.02741193769009505 -0.012189572267899573 5.864763324727738
1.1558588664322558 2.7958962197083355 0.027403549094514125 -0.012208419104231061 5.8640756783455075
2.932090619737743 1.0487075987688306 0.02741489020569837 -0.012182930477085695 5.8650056072392855
6.718158986513528 5.546927384009808 0.027393929397726998 -0.012229989049559627 5.863288417879953
2.821387661594814 0.22187573228442659 0.027417706924175153 -0.01217659012285615 5.865236869464063
2.7468599345049696 5.936490001015642 0.02740719486639352 -0.012200232356620613 5.864374406184538
5.958620649881399 1.7889673805783264 0.027397412406108265 -0.012222184479446578 5.863573301213827
0.8569555746869427 3.2323712471658355 0.027401795885534215 -0.012212353673535663 5.863932094930449
0.2188050216307682 1.8280824340301303 0.027405379930519426 -0.01220430870077789 5.864225668630615
2.812135193456482 0.17856766721781128 0.027417706924175153 -0.01217659012285615 5.865236869464063
0.2390751420412644 6.455083694627937 0.027396830867820965 -0.012223487980114857 5.863525723198687
1.7614233151605583 1.31039890948227 0.02741636122957524 -0.012179619736652022 5.865126368314147
6.798568686765433 6.945317726446544 0.02739755822790295 -0.012221857598117704 5.863585232284328
0.09681530183609814 2.553017625076969 0.027402106873383982 -0.01221165586231623 5.863957560679575
6.8163847893007965 0.9533777330959864 0.027400838653496584 -0.012214501262231189 5.863853719548955
4.419247316474744 3.656593211985624 0.027396271589022386 -0.01222474142959779 5.863479971108497
2.7257105223100133 5.660170972084028 0.02740652204895579 -0.012201743694247149 5.864319261680162
1.985558951534155 4.627972069890736 0.02740162065198373 -0.012212746850925011 5.863917746285266
1.0159338994732108 3.9364176892770337 0.02740094725388322 -0.012214257635644899 5.863862610740447
5.1470703345256705 6.092489082156175 0.02739678737706577 -0.012223585456642807 5.8635221652468275
2.030415758701602 2.8073193601891573 0.02740392476834549 -0.012207575815486893 5.864106451110047
3.0480141593685772 4.503803493208792 0.027401693061213605 -0.01221258438574891 5.863923675312732
4.171314068902385 2.9607834312989945 0.027399329270735785 -0.012217886704082716 5.863730163655773
2.8543405233057504 0.15040406193101072 0.027417088194904037 -0.012177983203833618 5.865186059354382
4.839027699045275 3.9390242161600666 0.027394230244796744 -0.012229315160509327 5.863313017685993
6.521089998596092 6.95051649882338 0.0273958302159147 -0.012225730521354346 5.863443867665706
3.6881506661472363 2.273473008805175 0.02740701868787634 -0.012200628124912136 5.8643599658317225
2.1615894846544967 6.513739565316754 0.027408427062085725 -0.012197463916008396 5.864475415368142
6.973899599815262 1.5021181379976718 0.027400510680907503 -0.012215236977868003 5.863826869274439
3.9231104107048926 1.1695208878464693 0.027409729136033727 -0.01219453765787222 5.864582177737997
6.774996276440824 0.26247408266376027 0.027399575985610467 -0.012217333416452144 5.863750357038395
2.810920946198343 0.32082163194187185 0.027417706924175153 -0.01217659012285615 5.865236869464063
1.0262910115157837 2.94833813799934 0.02740387569415354 -0.012207685978078756 5.864102431149716
4.0345407353126745 0.6863066282076663 0.02741219721220587 -0.012188988637255047 5.86478461573928
5.887875976828469 1.7634331055075423 0.027397412406108265 -0.012222184479446578 5.863573301213827
2.962344359656127 5.092090902849767 0.027402397440340013 -0.012211003829401046 5.863981355545465
0.9193468341284929 5.3132162352106755 0.02739638250300902 -0.012224492862643474 5.863489044111381
3.9711497474305495 3.012796877816396 0.027399378268989083 -0.012217776822026526 5.86373417404438
6.607213242823874 1.7231910454133033 0.027400510680907503 -0.012215236977867997 5.863826869274439
5.268772900580564 0.13035904939783388 0.027395971854581876 -0.012225413127700742 5.863455453108841
5.9218937238767655 2.010904119249909 0.027396590482486792 -0.012224026747962967 5.8635060577777365
1.2027102182393874 2.180881416033206 0.02740960112261749 -0.012194825390263116 5.864571680258749
1.5190125505283232 4.304642070692414 0.02740045454179732 -0.01221536290508385 5.863822273471596
5.920255309618053 2.588367911562781 0.02739502135869399 -0.012227542874866566 5.863377712332855
2.5133477847833463 2.7438511067989766 0.027403469731120633 -0.012208597245202056 5.8640691776828255
3.6010193342208408 3.2656653191328 0.027400361009640956 -0.012215572706236397 5.8638146166091785
6.025944202209627 5.567146459479923 0.02739297813015131 -0.012232119569438978 5.863210643098553
0.9044539876903799 6.783498669203753 0.027402767244071115 -0.012210173928624566 5.864011641040681
1.9747714576745885 0.7118643257251059 0.02741743777475 -0.012177196141465061 5.865214766172015
6.05149320465405 3.8108218010706447 0.027393005726854144 -0.012232057768361624 5.863212899189363
6.5252286006911815 4.392893184141336 0.027394012557345866 -0.012229802778784982 5.863295217579594
2.5176401519042453 5.888653149337277 0.02740685773024952 -0.012200989687474621 5.864346773458328
2.706631624185943 3.119951844314853 0.027403291406595757 -0.012208997505331677 5.864054571450992
1.005503506658189 6.747712942787987 0.027404957624706416 -0.012205256965260735 5.864191066965125
0.2049773177122942 5.650998295304752 0.02739502253536851 -0.01222754023860283 5.863377808564342
0.1794234495277885 4.736415231634775 0.0273955486204784 -0.01222636151040055 5.863420835244928
1.9986193771288605 3.5768327230695522 0.02740315306679572 -0.012209308006507344 5.8640432406238
5.266454339514794 5.615663604854887 0.02739373730029532 -0.012230419319157004 5.863272711074998
5.716534731333685 6.284575853283387 0.02739393958715703 -0.012229966226248983 5.863289251031928
3.4582894361345513 6.11024391436435 0.02740746211423419 -0.012199631980384394 5.864396311867043
5.660748799583217 5.196761389022755 0.02739261334104474 -0.012232936456469381 5.863180821862406
5.56326127733477 3.7945491998181353 0.02739304712735882 -0.012231965053837368 5.863216283792539
0.9811719019327845 6.6490898051809735 0.027404957624706412 -0.01220525696526074 5.864191066965125
5.008525919072535 3.277408065551161 0.027394676124300653 -0.012228316320927898 5.8633494790665
1.7002512098080995 2.661521711860257 0.027404655418660384 -0.0122059354981291 5.864166307335175
1.2797395426125253 2.4418916295384343 0.02740636495418935 -0.012202096541077755 5.864306387086252
5.545896530526947 1.0926098456529092 0.027397231677446357 -0.012222589595185209 5.863558514522704
3.712735989568568 1.3164692006106133 0.02741309632110808 -0.012186966402253292 5.864858385886981
5.588983764750687 1.3090495824873292 0.027397231677446357 -0.012222589595185209 5.863558514522704
6.250397147181253 0.33631902739436836 0.02739820846034209 -0.012220399877403318 5.863638437880386
1.5902035152160319 4.149970962228171 0.02740146788164469 -0.012213089614474891 5.863905237371662
4.636042186546568 3.7961186914177634 0.027395183203521554 -0.01222718026551872 5.86339094861663
1.5307677190709885 3.94146751799837 0.027401656079554654 -0.01221266736212058 5.8639206471630665
3.1791012940414998 0.009015920942858253 0.027417010259388648 -0.012178158663631276 5.865179659694221
6.613507992913529 0.5406106173844982 0.027400281053626723 -0.012215752051440154 5.8638080712404745
6.5706505440384255 3.1568418278819625 0.02739814527171367 -0.01222054154569566 5.863633267160704
1.346888811307347 5.098223009333059 0.02739892317755809 -0.012218797351223654 5.863696927298766
0.7477808132389491 1.5364813045825216 0.027409847461496266 -0.012194271693607065 5.864591880996638
6.932256471650132 6.1354566169634035 0.027394895873622944 -0.012227824012200877 5.863367449958005
6.994685843370661 1.754975693411896 0.027400510680907503 -0.012215236977868003 5.863826869274439
4.471256339417164 5.632366700153806 0.027401212489575208 -0.012213662599775204 5.863884326522177
5.881768506630424 0.48434757300330145 0.027397512650375495 -0.01222195976807789 5.863581503118235
6.004832902129685 6.188867312293157 0.02739409317554028 -0.012229622197345972 5.863301809573845
6.121239420499827 5.410128229206996 0.027392706666129397 -0.012232727476053333 5.863188450928588
6.346464596526452 1.6291831148421922 0.027399097902767906 -0.012218405547146458 5.863711227234036
5.773988092351667 2.1684465858897335 0.02739649128065968 -0.012224249077499116 5.863497942536578
5.669859660523214 0.5764581022980847 0.027397512650375495 -0.01222195976807789 5.863581503118235
6.486242115320067 0.08972601449023236 0.02739835258556394 -0.01222007674268545 5.863650231858391
1.8569263063053365 4.5617515579122 0.027400749176508185 -0.01221470198433371 5.863846394137029
1.3393084773642356 5.790106300550892 0.02739977911465943 -0.012216877852703319 5.863766983648251
6.574833343493012 4.396968154715964 0.027395348608297575 -0.012226809666869277 5.863404476452085
0.5059187478687478 1.1927676258314963 0.02740933934087391 -0.012195413764888077 5.864550214151598
0.7695582384814699 1.0505198535480824 0.02740933934087391 -0.012195413764888077 5.864550214151598
0.3584305011596577 3.385825334398719 0.027398424447779367 -0.012219915620794027 5.8636561125652555
3.6878107241595584 2.685082483443919 0.02740405788773122 -0.012207276980796175 5.8641173558971325
2.1719664714044313 0.9364434621310591 0.027417837952829878 -0.012176295084809729 5.865247630296187
5.946215305360094 2.3145253173115963 0.02739649128065968 -0.012224249077499116 5.863497942536578
4.443200182269823 2.1226218512935704 0.02740373088353135 -0.012208011044514588 5.864090569057713
2.2966337477784444 0.8592239441457856 0.02741771545838686 -0.01217657090657851 5.865237570335026
0.5623464504775777 4.943271762999798 0.027397523119690754 -0.012221936299376235 5.863582359717791
6.736068853160132 6.156987442433404 0.027394895873622944 -0.012227824012200877 5.863367449958005
6.8117087762558475 5.488587766203729 0.027394124330875742 -0.012229552409819489 5.863304357111606
0.4442326789684652 4.575877599607888 0.027397768440176364 -0.012221386357466814 5.8636024323150435
0.9594176552798038 2.1378166163901713 0.027409623053766867 -0.01219477609677241 5.8645734786603665
3.278600168621318 3.744303719015563 0.027401190106791085 -0.012213712815171906 5.863882493923812
0.07119105077741875 0.7306514068620497 0.027404418740700688 -0.012206466871471566 5.8641469173582195
0.7459570043168402 6.299619363158977 0.027401117716685727 -0.012213875219451501 5.863876567009926
6.04567094388277 2.5177734681006085 0.02739502135869399 -0.012227542874866566 5.863377712332855
3.198510563372982 4.0209363310502475 0.027401190106791085 -0.012213712815171906 5.863882493923812
4.559260369565527 2.912396639342529 0.027397121456329887 -0.012222836655503031 5.863549496793552
5.657171768933686 6.143285845513388 0.02739393958715703 -0.012229966226248983 5.863289251031928
6.361673432890389 6.3131417287884215 0.027394979021477046 -0.012227637728229955 5.863374249899464
1.4408073100297483 1.7766529358344127 0.027415278119101685 -0.012182057529510536 5.865037449110349
1.2728624494299345 4.095788487349102 0.027400905962239715 -0.012214350267144626 5.8638592301431025
3.2177960464275133 1.9292301269160588 0.02741054552890873 -0.012192702481715102 5.864649130199204
5.543274865454793 5.886021595754887 0.02739373730029532 -0.012230419319157004 5.863272711074998
1.499839212520301 6.817687291876514 0.027409881298777795 -0.0121941956350926 5.864594655855843
5.070718158345368 5.407606894886138 0.027395086881266562 -0.012227396074710942 5.863383070970037
1.7929316634636214 5.184499413185429 0.02740389749606449 -0.01220763703692038 5.864104217070052
2.591807918172858 0.40394133924073533 0.027417577599317285 -0.01217688131606016 5.865226248813271
1.3271084695491486 2.801305856885865 0.02740387569415354 -0.012207685978078756 5.864102431149716
5.787612512398441 0.37772114133524315 0.02739607749889476 -0.012225176386234769 5.863464094562073
6.88746383627775 5.439968244447947 0.027394124330875742 -0.012229552409819489 5.863304357111606
1.176743841551648 1.6098217072893304 0.02741263596317144 -0.012188001868667388 5.864820612878912
5.217783078381087 4.759938023257952 0.027391118618331767 -0.01223628296650902 5.863058650191518
0.06686529224208998 5.609753199413358 0.027395607812548545 -0.012226228878154912 5.86342567661913
4.405934978056749 1.5584163571314191 0.027404031257682846 -0.012207336762289364 5.8641151744128255
0.633598499622882 6.7952629909878075 0.027402767244071115 -0.012210173928624566 5.864011641040681
0.37732320016165777 3.567417129838719 0.027398424447779367 -0.012219915620794027 5.8636561125652555
5.307504346695014 3.095569984235825 0.027393982799308342 -0.012229869434756799 5.8632927843468625
4.664773296103398 1.411843169077845 0.027403933139779398 -0.012207557023028821 5.864107136867848
5.718824489155226 5.022067798987586 0.02739164640801568 -0.01223510143228252 5.863101785444941
4.714564842921212 4.049769324194107 0.027394312740899325 -0.012229130363758537 5.863319763503302
4.059281289085529 3.149508023500875 0.02739869426998839 -0.012219310631116026 5.8636781936414915
6.902955509367381 2.8194844295904073 0.02739814527171367 -0.01222054154569566 5.863633267160704
5.626167744730693 1.0777464801100884 0.027397231677446357 -0.012222589595185209 5.863558514522704
1.4288011073777955 3.793254630067162 0.02740183440088806 -0.012212267253311633 5.863935248744296
0.40575908649441095 4.440092273906952 0.027397768440176364 -0.012221386357466814 5.8636024323150435
0.30005042122088577 3.052598164951332 0.02740006502358008 -0.012216236601489981 5.8637903870437675
4.5152753562756205 6.183369671747629 0.027400802206358148 -0.01221458302391197 5.863850735635354
0.5309079334699188 3.3243049507133775 0.02740144130725065 -0.012213149237002618 5.863903061482512
1.2458831028060222 4.633230826007716 0.02740009407058015 -0.012216171451128152 5.863792764787297
1.699451827970938 3.0106338699339776 0.027404048253004996 -0.01220729860972417 5.864116566636947
0.5551648420044365 4.833275187174906 0.02739768630167277 -0.012221570492990339 5.863595711483018
0.30627533215298997 5.671301531193358 0.027395607812548545 -0.012226228878154912 5.86342567661913
2.509113784628735 6.514720054237621 0.02740746779174745 -0.012199619225382659 5.8643967772512635
4.042943252121903 5.801379356325457 0.027403097336598854 -0.012209433089250656 5.8640386760808
3.2345596085837194 3.002275513526551 0.027402270237151753 -0.012211289278782452 5.863970938572113
5.632054595486029 2.9010887563231558 0.027394228471401855 -0.012229319132994933 5.863312872674226
4.517705431091929 5.860822439347674 0.027400540593407862 -0.012215169879662252 5.863829318067086
0.2235615008113309 0.23699577987848203 0.02740228036883436 -0.01221126654314756 5.86397176827091
1.4742161138961594 2.5030474851441857 0.027404715262716085 -0.01220580113591304 5.864171210227304
6.194318025132512 2.9053226990753975 0.027396056420804258 -0.012225223621190318 5.863462370411098
1.291285289318222 3.673946479599375 0.02740218240635775 -0.012211486370163862 5.863963746040414
1.6993140223557572 3.4116403617829434 0.027403468212598897 -0.012208600653681886 5.864069053301499
6.972806099731924 1.64669713963473 0.02740069406844753 -0.012214825605277565 5.86384188254257
1.2850868926980357 2.450264332645488 0.027406334915409523 -0.012202164009076623 5.86430392532104
5.436169592953689 6.424517026440172 0.027394261328088757 -0.012229245532263254 5.863315559396636
4.601432538528995 4.772983356552603 0.02739574073361069 -0.012225931034354149 5.863436548547224
6.526422594528355 2.1368331960317812 0.027399252792183474 -0.012218058210289639 5.863723904143192
2.854942779285346 2.7677086958194517 0.027406769507696473 -0.012201187858237364 5.864339542746816
2.5735643266012036 1.718612808241592 0.027416272629506206 -0.012179819173722939 5.865119093920893
2.382512195108639 0.43292090583241144 0.027417577599317285 -0.01217688131606016 5.865226248813271
5.606322541902322 5.660966140777757 0.027393573999427497 -0.01223078507447048 5.863259359249373
6.861792965305728 5.530059756328262 0.027394124330875746 -0.012229552409819483 5.863304357111607
5.965390749815146 2.5311951132195047 0.027395315177108578 -0.012226884572403727 5.863401742207626
5.478424315972961 6.028586643679085 0.027393573999427497 -0.01223078507447048 5.863259359249373
2.418432812828262 2.906245673614823 0.027403406963552746 -0.012208738132579826 5.864064036452882
4.343175127248325 3.4093394649774957 0.027395592185276575 -0.0122262638945024 5.863424398444989
4.655702670618675 3.789557235228804 0.027395183203521554 -0.01222718026551872 5.86339094861663
1.1983777540746154 0.21827921346926135 0.027409068030051054 -0.012196023520969167 5.864527967752613
2.7529211062164523 1.065925060491426 0.02741667809268632 -0.012178906451813073 5.865152384921934
4.328400131704746 5.96139635072711 0.027400540593407862 -0.012215169879662252 5.863829318067086
6.653315088900732 3.7794281071814284 0.02739602301282625 -0.012225298486364023 5.863459637710515
3.2205364241073138 3.56968813816746 0.027401581269769337 -0.01221283521203108 5.863914521615795
3.9601385039600263 4.8908640435509945 0.027396358359966594 -0.012224546969613578 5.863487069142827
6.302486780441641 4.6354122033649325 0.027394012557345866 -0.012229802778784982 5.863295217579594
5.4853584573349465 1.268231559008652 0.027397231677446357 -0.012222589595185209 5.863558514522704
2.1055844888438915 1.5130918397257445 0.027417770459524125 -0.012176447060979914 5.865242087322393
1.0346479348579256 1.7765616400717372 0.02741263596317144 -0.012188001868667388 5.864820612878912
3.107802681936744 4.583714717567811 0.02740150357675217 -0.012213009528090854 5.863908160073914
4.134434778408409 4.277189566152092 0.027396100059347357 -0.0122251258291368 5.8634659399750575
4.220028322906516 4.058920627472637 0.02739634107496531 -0.012224585706851933 5.863485655186634
1.495104314001463 0.060298337082869684 0.027414694050426812 -0.012183371869950157 5.8649895067026705
0.802364069786143 5.201869046854068 0.027397419075807065 -0.012222169528549468 5.863573846918475
0.7253641565576872 3.879373140004591 0.02740013027166377 -0.012216090254081075 5.863795728171043
3.9567202409167845 2.1878796866253456 0.027403952271921876 -0.012207514074463641 5.864108704108214
6.502356326949513 1.4114978090816865 0.027400082162080633 -0.012216198161098677 5.863791789973988
4.51254469186367 3.080258081748644 0.0273970015238263 -0.012223105477065125 5.863539684735343
3.8130692425782686 5.84319778007859 0.027403097336598854 -0.012209433089250656 5.8640386760808
4.710689296282621 6.743790105091037 0.027396491461447632 -0.012224248672324491 5.863497957325867
6.980888773563514 0.4289820734121586 0.027399873457730654 -0.012216666259677688 5.863774706070409
6.696686420165548 3.614762760859764 0.027397203482878933 -0.012222652793797521 5.86355620776976
0.7046638834682282 1.9364740440761135 0.027409623053766867 -0.01219477609677241 5.8645734786603665
2.079544798143786 5.333133192281535 0.0274058896239456 -0.012203164094615417 5.8642674339891485
5.66366341204375 6.571643339868145 0.027394552620378935 -0.012228592998758676 5.8633393793502915
3.3084503450969382 3.6069470822334964 0.027399505532324734 -0.012217491419440663 5.863744590409315
5.574442362934636 3.334208782690892 0.027392968087025734 -0.01223214206029302 5.863209822053902
3.2206872034572602 1.388759786705742 0.027413815438633832 -0.012185348706398244 5.864917396901925
2.1140213602287043 6.514769316285708 0.027408223664085622 -0.012197920953156598 5.86445874024691
2.9411892116086364 5.436531920556167 0.027404317163428542 -0.012206694917389216 5.864138595841078
0.4206815512968015 0.0886373869031215 0.02740254270853118 -0.01221067783159987 5.863993252202967