500

50.03136794343834 96.78433889483226 -0.07900816753707555 0.9968739686953579 1.6498869247482248
16.33272393796688 95.08460677737907 0.05891782528123885 0.9982628360627923 1.51184436114907
6.810929933886416 75.9614337056842 0.11884971474068091 0.992912254585499 1.4516650213814848
62.98763599980969 79.97665126585565 0.2404722793835381 0.9706560064451698 1.3279439481518756
31.863956034763866 69.93075527951324 0.18647950517631445 0.9824588511226294 1.3832187583012927
30.848944928691278 36.30848380771929 0.356024337178252 0.9344766831423812 1.206786326798302
97.63333634423698 30.21280949352049 -0.39367408744373766 0.9192500817924034 1.9754213465591157
56.390295321076245 42.615995791912155 -0.11758024320124301 0.9930633848897745 1.6886491962181556
65.42251313132763 73.41717752896442 0.24052089987989292 0.9706439598127454 1.3278938574938735
8.660915582188679 15.638164204635459 0.22264220999080048 0.9749002237821122 1.3462724548984992
14.74929222982448 42.6063491726374 0.13092623668056935 0.9913921124099503 1.4394931257382746
61.756882800375514 75.81301417861422 0.24049792581937457 0.9706496523857506 1.327917526309732
77.1246221723089 64.48939793088513 0.21883626522981392 0.975761594356053 1.350174658649152
46.168239055461875 37.05014448418851 0.12792171253378884 0.9917842686100756 1.4425231354508083
54.25918589260755 47.127122750723416 -0.12152158883423202 0.9925887886971139 1.69261901581626
60.87833037162791 29.867784982967667 -0.06374161954925495 0.9979664352758754 1.6345811890906239
45.14204926066082 98.49119399264032 -0.08022324775306926 0.9967769211413101 1.6511058744366953
18.849656235430324 71.32918111689419 0.17433152111122574 0.9846870166438909 1.3955694739675233
44.87572625905596 5.567044351314221 -0.08832809802533635 0.9960914351098631 1.6592396837400825
0.5926999864811996 26.036557972445543 -0.3473983930791861 0.9377176315320083 1.925591596253404
59.99164829120448 80.824445912876 0.24036310193931554 0.9706830477689976 1.328056424582894
62.84035527186128 73.44547985839955 0.24051254442366 0.9706460302164003 1.3279024656423477
81.68833187115166 43.00262359670279 -0.12179606045142884 0.9925551469104937 1.6928955414731905
45.87491713981111 97.21759001622098 -0.08001188151484166 0.9967939099013672 1.6508938265534254
79.7488420851455 46.737584400558944 0.07731346968718879 0.997006834181656 1.4934056272902123
45.51771896286693 6.619386901711234 -0.08842053234931983 0.9960832342023748 1.6593324811492063
40.15304195703159 3.919921218568848 -0.09405457572571506 0.9955670428379275 1.6649901293949878
27.31879825160342 92.56250650547148 0.04659519362519333 0.9989138541090672 1.5241842561110654
60.9235176055292 29.773580357722416 -0.06374161951614296 0.9979664352779903 1.6345811890574444
59.67697634279017 82.36457470471947 0.24020626519272195 0.9707218706520234 1.328217994943373
47.602827630000355 97.14349874501653 -0.07945161351295475 0.9968387237212387 1.650331769153593
7.880832658484153 14.177335505225047 0.22264220999080048 0.9749002237821122 1.3462724548984992
61.41733385072283 79.41179195383879 0.24046918950155652 0.9706567719335525 1.3279471314431164
61.2995635065707 77.06309327344324 0.24049098740909242 0.9706513714897845 1.327924674516215
43.941162288877514 6.436637217848678 -0.08839414474048807 0.9960855762310775 1.6593059898110305
44.074275200057954 9.203940973088834 -0.08875303740601766 0.9960536623853185 1.659666298623477
44.640663916559525 5.677100053852698 -0.0883045865993698 0.9960935196985845 1.6592160800822908
59.45307278109864 77.01149287565148 0.24048987195999566 0.9706516478555347 1.3279258236918827
63.12709133908629 77.5556241558223 0.24048930936048554 0.9706517872457232 1.3279264033019529
65.24206645053427 72.77593441223239 0.24052153410754656 0.9706438026539665 1.3278932040846614
5.998868287008013 17.146991250736335 0.21629844376578894 0.9763272930859291 1.3527747656940656
48.10926895528257 29.981440299836553 0.13331885845447228 0.991073197085057 1.437079342656416
59.38882355344722 43.76009854308489 -0.1199705393276007 0.9927774522487125 1.6910565341349577
39.855458363489994 4.527059562419732 -0.09364508690921834 0.9956056436650833 1.6645788252288554
47.12989449377449 96.66664938223099 -0.07953075606279454 0.9968324126151197 1.650411162939615
45.49508747262831 99.64771730951983 -0.0806141992589495 0.9967453791605148 1.6514980962852386
34.964934058086186 36.034205077608576 0.3560243371798845 0.9344766831417592 1.2067863267965548
51.146146681748235 30.517774431116873 0.132477853527338 0.9911859655608473 1.4379278743646018
42.85627305780294 7.231316186611049 -0.08873737525979586 0.9960550578316453 1.6596505744352712
57.77046696939917 42.46551273967636 -0.11783457446077367 0.9930332386489631 1.6889053078847545
2.848032656010048 10.839967405186043 0.27101535001473903 0.9625750256766422 1.2963486248376974
30.418014735848534 73.92188715039396 0.18647950497203714 0.9824588511614031 1.3832187585092173
64.50197854191123 76.06016982465943 0.24050840689464406 0.9706470554290062 1.3279067282949544
42.75495435601323 5.283760422822552 -0.08845534665001882 0.9960801431857905 1.659367432399782
99.44634848077558 29.352201437580074 -0.3892615491903831 0.9211272693400749 1.970626101936766
83.16565508185586 44.143110655264714 -0.13972198945126155 0.9901907723584287 1.7109769713062943
66.39546261392978 72.13725645806296 0.2405233293489245 0.9706433577987894 1.327891354547494
57.00568367517187 46.124418356366974 -0.12116262433748283 0.9926326704595482 1.692257379091872
37.43346436223346 3.615142751101375 -0.09459576773902803 0.9955157661864847 1.66553374515776
23.649384375727944 69.44123010518581 0.18647950492615742 0.9824588511701114 1.3832187585559161
60.29853086361872 46.43586895718109 -0.12141381191800392 0.9926019777713218 1.6925104349000653
57.02406361222173 48.18018766338165 -0.12159311002079637 0.9925800298189917 1.6926910713370462
29.16475288546275 72.16769175624974 0.18647950497130983 0.9824588511615411 1.3832187585099576
55.11096847621193 42.17741257774692 -0.1173405840439182 0.9930917315818475 1.6884078664708724
9.601325852828044 77.5965806778723 0.11884971472141882 0.9929122545878046 1.4516650214008844
7.950762551965059 19.544564899595322 0.18866686953168366 0.982041145951184 1.3809918675355088
11.958849572785603 9.641218940851779 0.2710092333778574 0.9625767478097246 1.296354979284101
58.761240542436525 78.34306966259527 0.2404702357635083 0.97065651273344 1.3279460535522267
44.53126845066153 7.179145925943592 -0.08857756283953021 0.9960692824103197 1.6594901302132972
5.780503074849792 75.33678012671838 0.1188497147432946 0.9929122545851862 1.4516650213788524
99.957189338882 5.444715302890775 0.27102270336949336 0.9625729552913336 1.2963409855758568
62.19338812152813 74.80490034591185 0.24050421123468219 0.9706480950264021 1.3279110508318555
58.27780666209247 40.317810280282885 -0.11013820634854404 0.9939162819384365 1.681158428015354
37.10171256245783 6.098621182309505 -0.0946938940182097 0.995506437164355 1.665632313901933
59.85076274338819 44.93350114828287 -0.12106963095263873 0.9926440169874555 1.6921636960447037
58.18103226392037 44.8646546424332 -0.12059208742274219 0.9927021448808427 1.691682627775745
85.93829943358189 67.5465138554503 0.21883626522072058 0.9757615943580924 1.3501746586584713
45.127249924140315 98.34390051663532 -0.08032635546539994 0.9967686173920436 1.6512093159786574
55.958613348716995 42.42455167623272 -0.11742644766597124 0.9930815824435326 1.688494327829902
99.89157473443665 30.358184760173454 -0.3908363084423336 0.9204602001190323 1.9723363208584719
57.38549213632893 42.13745665215161 -0.11708798774110944 0.9931215449917185 1.6881535168454558
87.2546139863764 90.25231886693271 -0.09666440793238407 0.9953170310203084 1.6676119100862865
59.12534244338591 42.24163004600681 -0.11677099837366496 0.9931588664150451 1.687834337979337
71.75181461460814 41.74167887219173 -0.09078148735970637 0.9958708357777928 1.6617029714535823
46.0290421773117 0.24319882655524339 -0.08077287108266323 0.9967325334798014 1.6516572872372652
11.741384670180162 42.861731568854495 0.13092623668056935 0.9913921124099503 1.4394931257382746
46.10789728408255 6.357287823412623 -0.08849614113169411 0.9960765196533845 1.6594083874937569
57.4814206026769 38.660646419054615 -0.09057251494936622 0.9958898631554329 1.6614931345894597
0.47338685932929575 25.5619250325256 -0.3417060848532332 0.9398068692951095 1.9195279834670071
32.68300635450568 34.90966113325824 0.3560243371785765 0.9344766831422576 1.2067863267979546
61.12391269716719 73.58561303270031 0.2405043547742145 0.9706480594606053 1.327910902951758
1.5518468512801415 27.8505244757833 -0.36964244832045384 0.9291740743260439 1.9494205121085912
62.075034963555794 27.667764132212348 -0.06374161936494646 0.9979664352876475 1.6345811889059398
82.63889655726564 46.50322100737358 -0.03037583382563712 0.9995385478906741 1.601176833813991
82.3470907748903 30.163430718130193 -0.12935929366382182 0.9915977879880516 1.7005191439168368
55.54907215843694 79.88385320775866 0.24046412946617238 0.9706580254858432 1.3279523444414316
56.61767763448704 41.1200861604075 -0.11113861057217853 0.993804915081469 1.6821650119775977
37.79633775284136 3.9194853787522757 -0.09455910950233071 0.9955192488395823 1.6654969218609155
12.658744314664267 44.65547413712987 0.13092623668056935 0.9913921124099503 1.4394931257382746
88.14897950501233 88.52180312710826 -0.09666440793238386 0.9953170310203084 1.6676119100862863
44.667444722006664 1.526939498750898 -0.08122908472811964 0.9966954578978636 1.6521150049370916
96.72039753981156 33.26348012299593 -0.40825643878201956 0.9128672850929773 1.9913395881319977
2.4182592994660386 31.576500588168233 -0.3960664780965135 0.9182218386251897 1.9780253474957588
61.645982651655956 31.56316567432663 -0.06374161962013547 0.9979664352713482 1.6345811891616489
61.24088621876778 75.91383207997868 0.24049649778626528 0.9706500062084896 1.327918997523208
98.92979809533007 30.565804226395556 -0.39446289946095936 0.9189118678898717 1.9762796082252734
72.97715517761485 44.02317656723065 -0.09078148735970637 0.9958708357777928 1.6617029714535823
44.3303370285739 6.567483662300753 -0.08839414474048807 0.9960855762310775 1.6593059898110305
56.75061956686364 40.98914009001759 -0.11113861057217875 0.9938049150814688 1.682165011977598
43.703016606153156 3.9862069441255654 -0.08680318874023471 0.9962254797105559 1.6577088941593894
7.996574863003652 74.62335376686778 0.11884971474049484 0.9929122545855212 1.4516650213816722
58.7805098430801 32.40685380822604 -0.06374161978957173 0.997966435260526 1.6345811893314304
53.52524789010258 36.640416049805324 0.06961177435868858 0.9975741580808091 1.5011282087065876
18.062348822557908 70.27341733591646 0.17433152111122574 0.9846870166438909 1.3955694739675233
7.741421056546788 9.734990745021285 0.2710124116495625 0.9625758529756957 1.2963516774453752
59.76808284917717 78.50415330576882 0.24047265460795014 0.9706559134862393 1.3279435615840003
98.68085274161855 29.000816483494102 -0.38931596522437867 0.9211042716334619 1.970685178152507
79.07361463085881 45.921397389553334 0.05585398151373446 0.9984389479327533 1.5149132634632905
16.389055811864104 65.79284335394702 0.0991635928877113 0.9950711441126209 1.4714694910019614
79.45786675664301 63.23919430254193 0.2188362652280533 0.9757615943564478 1.3501746586509564
25.318609866429266 93.93771287575048 0.04676372873330823 0.9989059783958436 1.5240155370854827
28.135887254835808 72.87356237856083 0.18647950497130983 0.9824588511615411 1.3832187585099576
14.444532656423252 70.00787546112126 0.09918105803495109 0.9950694034724752 1.4714519393297838
57.943594823561 43.14493018584907 -0.11872620174704698 0.992927031064579 1.6898032384626844
81.07278784443103 47.88677387044508 0.06705337310903339 0.9977493899545621 1.5036926046915327
59.72503594165999 89.0427972385599 -0.23628800895181482 0.9716830639800136 1.8093402260146114
19.75491955203443 69.56897080005123 0.17433152111122574 0.9846870166438909 1.3955694739675233
78.21585886357497 64.28154422447322 0.21883626522840907 0.9757615943563681 1.3501746586505918
42.828247270554876 6.4212504437242135 -0.08849836417293246 0.9960763221454042 1.6594106192916307
13.134637762346207 42.23489037812424 0.13092623668056935 0.9913921124099503 1.4394931257382746
58.23323754104705 29.41936222179705 -0.06374161958095118 0.997966435273851 1.6345811891223847
5.242145570766274 8.983477797359653 0.27101356787348585 0.9625755274410852 1.296350476268226
83.93110657338087 41.80356664197646 -0.1696009133359282 0.9855128259924469 1.7412210285084475
64.2305848345677 74.68197764442571 0.24051588670895793 0.9706452020386253 1.3278990222792475
85.87889312131999 90.65012521637124 -0.09666440793238407 0.9953170310203084 1.6676119100862865
25.500551186687115 69.8774978557508 0.18647950494179352 0.9824588511671436 1.3832187585400009
61.001708292106954 73.23664752743174 0.24050542418946833 0.9706477944833769 1.3279098011977397
62.02624709309175 78.21616483857109 0.24048563692173752 0.970652697124129 1.3279301867772166
11.715217089110817 42.812997347657195 0.13092623668056935 0.9913921124099503 1.4394931257382746
29.436379556814565 92.46877577535716 0.04653423128974901 0.9989166958852336 1.5242452846456682
47.629633408144706 29.869466667219033 0.13331885845447228 0.991073197085057 1.437079342656416
61.843783520466765 76.5358396490904 0.2404948479832498 0.9706504149762228 1.3279206972117235
59.55328285299715 43.829473731483276 -0.12004536503546025 0.9927684071995357 1.6911319045500686
55.89373646535102 47.9812843945445 -0.12160944197930833 0.9925780289838584 1.6927075254006803
2.572043001926682 7.422733237343514 0.27101868436804843 0.9625740868750894 1.2963451608428436
7.047291925691111 16.28411144717475 0.21813127551258343 0.9759194365536806 1.3508971021995095
7.488323187929879 74.71899385575996 0.11884971474293876 0.9929122545852287 1.4516650213792108
66.70279778827782 72.99153650955373 0.2405234487165425 0.9706433282197435 1.3278912315696578
56.17553993489354 46.65451010878162 -0.1213541805290676 0.9926092699890116 1.6924503592894866
60.70006131812875 74.62001305644525 0.24050146403910735 0.9706487757139788 1.3279138811002356
15.363740991763217 67.07669376938595 0.09916545472899901 0.9950709585694836 1.471467619938297
45.067265015092346 11.156132316136606 -0.08896462517722624 0.9960347862735898 1.6598787267117532
10.700706023793463 8.349713091485729 0.27100973754935 0.9625766058623243 1.2963544555112891
86.79156150657249 88.92319264229377 -0.09666440793238407 0.9953170310203084 1.6676119100862865
26.978409496149126 71.74695710020903 0.18647950495983143 0.9824588511637198 1.383218758521641
53.72513594108884 33.92135856001267 0.08348090315113255 0.9965093771807023 1.4872181543695624
61.12030070487486 83.168772753162 0.23023848904554992 0.9731342344003844 1.338473577911742
80.90967001520107 64.50688623898638 0.2188362652264879 0.975761594356799 1.3501746586525607
4.864174903909846 11.552681492539708 0.27101432920242424 0.962575313088259 1.2963496853390974
86.84437353403376 42.79802681720642 -0.1900422280334366 0.9817759171848163 1.7620014850325185
13.437051272675035 79.47547368770168 0.11884971465959793 0.9929122545952045 1.4516650214631466
55.6021518877165 46.302081666364536 -0.12117520822986329 0.9926311343648502 1.6922700563918356
25.470428984741854 69.76517283943777 0.18647950494179352 0.9824588511671436 1.3832187585400009
20.23588630630517 96.44351959431259 0.051320526018520995 0.9986822335503833 1.5194532460647363
55.42793445173035 43.8588628655833 -0.11972181543895762 0.9928074772623342 1.690806004546779
61.31378452305746 27.004875561655773 -0.06374161926664866 0.9979664352939259 1.6345811888074417
1.8342943112161183 10.791466445099521 0.271015984232201 0.962574847110941 1.2963479659617616
45.4907172928394 7.2547261001544 -0.08858296053891382 0.996068802393771 1.659495549214545
56.14354768951028 44.96173013740639 -0.12034267379091299 0.9927324115112057 1.6914313844096878
32.608330202867876 70.17144983408295 0.18647950526096985 0.9824588511065611 1.3832187582151259
66.14293750154505 73.03366198391129 0.24052228923193453 0.9706436155369434 1.3278924261221805
47.08365126310266 0.42708975266806704 -0.08074122116393903 0.9967350978093206 1.6516255336053278
12.274165050085058 78.73156909321636 0.11884971466705513 0.9929122545943119 1.4516650214556361
80.1767385790509 47.39682803669105 0.0724084988213557 0.997375059492886 1.4983244053757863
47.61522485103427 1.314901834012707 -0.08099291732856817 0.9967146769976891 1.6518780568105498
85.04244938215393 64.68822709779326 0.21883626522185545 0.9757615943578378 1.3501746586573082
59.42987207395466 46.711003408820154 -0.12142606902811026 0.9926004784203867 1.6925227833737113
58.646408052197536 77.37358001850392 0.2404852236812745 0.9706527995070984 1.3279306125118202
37.109225710261406 34.343911542705236 0.3560243371837286 0.9344766831402946 1.2067863267924412
60.946209326297726 44.853939882814586 -0.12124697322780396 0.9926223710369901 1.6923423544612903
59.40046449611226 33.99025154810384 -0.06374161982759156 0.9979664352580976 1.6345811893695277
35.04105967055783 38.0476585972843 0.3560243371790952 0.9344766831420599 1.2067863267973995
82.06806415778058 65.56614350272368 0.21883626522534957 0.9757615943570542 1.3501746586537273
0.7728711364166732 27.73255036713976 -0.3718404609265469 0.9282966506553458 1.9517871836804062
59.1124295379624 83.1123780353189 0.23025253370133839 0.9731309114009862 1.338459145494023
51.00643097975287 37.05976484165902 0.09732249163684949 0.9952528988260196 1.473319542235847
44.6765409488713 8.475609355238612 -0.08867776832765531 0.9960603663455477 1.6595907315854048
59.217966739280634 42.15928577425933 -0.11732354265136533 0.9930937449907402 1.6883907065502572
61.02844248630135 44.8955637933047 -0.12128831498343792 0.9926173203447934 1.6923840035939441
1.0383556918643726 30.437340143722473 -0.3900932133958974 0.9207753715551165 1.9715291509150679
46.54335714051011 30.68947216131947 0.13305835586464043 0.9911082049577628 1.437342187003622
63.606967175943716 77.7236402588754 0.24049222410913426 0.9706510650810836 1.3279234004230922
49.06410819631291 35.63637366054246 0.11782201053338673 0.9930347294198076 1.4526999977668904
81.24083805661165 65.8741409382754 0.21883626522589902 0.975761594356931 1.3501746586531642
56.473972070325274 44.43330845971545 -0.12003673035368162 0.9927694512654978 1.6911232069755129
12.335265941686737 42.597546372155406 0.13092623668056935 0.9913921124099503 1.4394931257382746
7.798479465524215 8.858316695566382 0.2710121324922772 0.9625759315721479 1.2963519674560513
7.785064015423706 73.7494499649007 0.11884971474377765 0.9929122545851283 1.451665021378366
44.855898859359094 2.2856570592097545 -0.08192455464987855 0.9966385339456924 1.6528128005863756
31.015345318921728 36.407617307879896 0.356024337178252 0.9344766831423812 1.206786326798302
85.55323279722786 89.74061473221786 -0.09666440793238407 0.9953170310203084 1.6676119100862865
16.48719889218429 93.56543194995004 0.059152042924990565 0.9982489848819281 1.5116097342961556
51.55265392059425 29.69066687092421 0.1340230712515401 0.9909782118554901 1.4363687528460212
85.57602370277573 43.583409803695886 -0.18140046757593792 0.9834093096789511 1.7532066858074546
38.05185197070255 5.470655670112021 -0.09452544329947005 0.995522446039786 1.6654631041835217
38.073076703347766 3.929595480971903 -0.09455910950233071 0.9955192488395823 1.6654969218609155
86.25146525567456 90.09075706462156 -0.09666440793238407 0.9953170310203084 1.6676119100862865
6.582176371395916 14.982729039700494 0.22149301515884973 0.9751619579515197 1.3474510785441258
45.7192598141132 0.28437808795794695 -0.08067189833111399 0.9967407109271972 1.6515559838947236
49.28129181323949 97.46685349118476 -0.07914540571688143 0.9968630822504715 1.6500245940356808
52.480902783348704 33.27774366199554 0.10432489078091674 0.9945432706340885 1.466281263295708
1.9849572243360423 30.199682435781785 -0.39276518214378664 0.9196387941445043 1.974432809146302
78.45001784772715 48.38799298764192 0.1021853907463003 0.9947653722954102 1.4684322610479195
84.54580189530085 43.983769591224295 -0.17419583776914413 0.9847110287307165 1.74588538793289
28.883257535785997 73.42325767273734 0.18647950497382815 0.9824588511610631 1.3832187585073943
13.586125598335062 94.53155901241352 0.05934468741321028 0.9982375509245424 1.5114167507882112
47.0158461862708 96.5536368357162 -0.07961236460142487 0.9968258982402944 1.6504930310693144
57.16314930392478 43.47757114053392 -0.11916891174866508 0.9928739952645748 1.6902491139440785
3.505040541387122 10.003281194973637 0.2710149910175598 0.9625751267531029 1.2963489977926888
17.31582680792772 64.82247695122982 0.09916148751934264 0.9950713539203866 1.4714716067985647
78.96204489221999 29.176342067686658 -0.1293592936638216 0.9915977879880518 1.7005191439168366
60.62852288662441 89.98877313949872 -0.2331321427719627 0.972445064775668 1.806093666941439
1.6708185318943714 5.740609843185786 0.27102048276044927 0.9625735805247789 1.2963432925265255
59.131245121392624 76.10391492446932 0.2404918198394871 0.9706511652443898 1.327923816916352
38.907285673475926 5.6696107902892345 -0.09418710438891069 0.9955545135083425 1.6651232490054682
54.269151828245725 35.65260232295707 0.05761942850009104 0.9983386206389708 1.5131449678312512
57.51284040178254 40.520101167157165 -0.11066115144943009 0.9938581938887893 1.6816845894035606
48.05825989867098 35.22518603284469 0.12496401285901301 0.9921612749398016 1.4455047671727046
41.32772433601118 5.229026709311295 -0.09071180534115325 0.9958771853857025 1.6616330007366198
62.649016088445386 74.18223131583653 0.24051003337407492 0.9706466524160073 1.3279050526294698
27.89108866012808 70.6717809536765 0.1864795049616351 0.9824588511633775 1.383218758519805
60.30777985836436 90.72238023616508 -0.25201805847800257 0.9677225316179107 1.8255613863999407
24.05389496189632 95.04158509149207 0.047527511739991486 0.9988699292839909 1.523250903808513
60.398465165605955 31.92644312545308 -0.06374161970412145 0.9979664352659838 1.634581189245806
60.46951153022648 76.6419833666481 0.24049090513393623 0.9706513918744772 1.327924759279043
67.15232334821197 74.23204527015429 0.24052299620815198 0.9706434403502933 1.3278916977639346
78.28821317365134 62.638607948477635 0.21883626522951968 0.975761594356119 1.3501746586494536
43.35076481541196 8.078107930928534 -0.08868744255646493 0.9960595050160376 1.659600444082076
65.8833397964045 76.44119584935089 0.2405140904796992 0.9706456471239765 1.3279008728306572
26.459407558990264 95.04239249571411 0.04665872187572828 0.9989108887548095 1.52412065869018
12.957824852482815 78.50179265690291 0.11884971466705513 0.9929122545943119 1.4516650214556361
2.1455629263872145 26.462596191128885 -0.3353548694375502 0.94209188062764 1.9127782140622482
35.35030953002283 4.12349254859759 -0.09476012276850584 0.995500135174726 1.6656988418091652
60.560412667397195 29.803424374987994 -0.06374161954925495 0.9979664352758754 1.6345811890906239
4.49531268467479 26.456887592473624 -0.27704688520526277 0.9608564010288227 1.8515156486672062
37.740190623333184 5.375357324031624 -0.09455910950233071 0.9955192488395823 1.6654969218609155
9.259724441508485 6.782222904324467 0.2710101331972317 0.9625764944690987 1.2963540444812451
61.728441716571545 43.64999015857322 -0.12067712598015405 0.9926918108180253 1.691768291940397
81.13218058686267 44.36677015202632 -0.04927762415165914 0.99878511991217 1.620093916117127
62.37032061309495 30.31703354291669 -0.06374161950741329 0.9979664352785479 1.634581189048697
5.350738341719801 10.287683786350478 0.2710138503524328 0.9625754479089674 1.2963501828066217
1.3339703123094844 24.454050029725867 -0.2582197544742776 0.9660862065050115 1.8319753348046348
21.722010178294667 96.08542206614861 0.04893199729194147 0.9988021123531035 1.5218447817912182
63.47689741840916 76.75503160700768 0.24050003326262656 0.9706491302219744 1.327915355141367
43.80588358364031 0.09161079698763785 -0.08051461467826379 0.9967534282976963 1.6513981869396896
71.1479131232137 40.85916121916651 -0.09078148735970637 0.9958708357777928 1.6617029714535823
49.37340018945129 30.811388583286163 0.130659887457847 0.9914272508911094 1.4397617828091607
71.88673284754472 43.02425953949644 -0.09078148735970637 0.9958708357777928 1.6617029714535823
59.07924141409076 73.60631686471741 0.24050236773828582 0.9706485518004332 1.3279129500741989
0.65452452568678 30.019590524778092 -0.3889754297834789 0.9212481289124868 1.9703155035593936
15.243016212790305 64.80512553554954 0.0991635928877113 0.9950711441126209 1.4714694910019614
61.90418563538729 77.48857458543446 0.24048931088157047 0.9706517868688582 1.327926401734877
56.36397343117717 36.88398931674442 -0.004246346446327331 0.9999909842302869 1.5750426860026305
58.36178616029797 89.71872648662935 -0.23628800895181482 0.9716830639800136 1.8093402260146114
29.80657533490147 71.15158185829259 0.18647950500140575 0.9824588511558286 1.3832187584793243
60.6812112316701 76.89342020426214 0.24048945269792746 0.9706517517323354 1.3279262556306186
45.4541098622058 99.56286495980046 -0.08048822200003869 0.9967555598637373 1.6513717083249653
54.650894253643536 44.11130733599418 -0.11991828397539075 0.9927837655644847 1.691003898787602
60.98693653561264 78.37618032557984 0.2404776800687818 0.9706546684525535 1.3279383841941705
56.8853443290917 45.589298320174194 -0.12094003305509719 0.9926598150447272 1.6920331388017604
57.78370056172712 75.22160866977968 0.2404967997712045 0.9706499313860838 1.3279186864069983
49.61844964221221 30.15156165020338 0.13292979699374613 0.9911254557679373 1.4374718981201884
79.40208607820304 66.29928669565413 0.21883626522658023 0.9757615943567782 1.350174658652466
83.04021884992503 44.711632314289176 -0.1078876416949928 0.9941630936468587 1.6788943698295182
22.17311560381887 96.97576831441842 0.04893199729194147 0.9988021123531035 1.5218447817912182
42.622390680456235 5.753940546188648 -0.08847174293867999 0.9960786870028854 1.6593838932245037
45.88386606585797 5.110031696753724 -0.0876512144135563 0.9961512257743945 1.6585601645238501
57.311905012263196 88.6298674717369 -0.25201805847800257 0.9677225316179107 1.8255613863999407
58.61251686157889 78.02069957808325 0.2404753686668928 0.9706552410946546 1.3279407654748487
80.89540081336683 31.47542041873905 -0.12935929366382182 0.9915977879880516 1.7005191439168368
5.836232398149248 18.188281503498498 0.2041542941925828 0.9789387233952533 1.3651965981352514
55.5318998411176 40.77783776654552 -0.10965249486247826 0.9939699846426119 1.6806697567220656
57.10415999023234 78.8275455570191 0.24045762303826537 0.9706596373203057 1.3279590475462677
44.88152143293481 99.2695328993135 -0.0804383760228489 0.9967595836824479 1.65132170020003
62.12795070868432 84.67292538017391 0.2242518667502791 0.9745312207718206 1.3446210437671566
61.397311764126705 80.31114680244578 0.24041568080119302 0.9706700265408935 1.328002257350194
85.96651721142563 63.99400288901303 0.21883626522099292 0.9757615943580313 1.3501746586581922
57.91006969689573 45.747692755831395 -0.12093839937132678 0.9926600140821134 1.692031493037943
15.906732110737492 97.1546467204238 0.05891986866610727 0.9982627154593968 1.5118423142082063
16.9986409308485 66.7641329603999 0.09916445325025336 0.995071058373008 1.4714686263777743
52.9216558822866 36.51455757753591 0.07775459190093312 0.9969725289286157 1.4929631731558226
56.241133740281136 45.83758058109948 -0.12112399611555998 0.9926373847306971 1.6922184642633156
43.76746298078454 0.5958947990330188 -0.08051461467826379 0.9967534282976963 1.6513981869396896
4.615759947873916 22.101097155675156 -0.1650874994964116 0.9862789248027265 1.7366430542319313
43.64545392054309 8.12580243361356 -0.08864752288282704 0.9960630585895346 1.6595603665543557
29.194809809206692 72.28411098393674 0.18647950497130983 0.9824588511615411 1.3832187585099576
7.277598200366293 76.47148407603292 0.11884971473771647 0.9929122545858539 1.4516650213844704
8.60082580547352 76.67485934447727 0.11884971473264697 0.9929122545864606 1.451665021389576
6.526795206563956 8.177988348022485 0.2710132341604783 0.9625756213980685 1.2963508229558176
11.811177370294308 77.80124913001566 0.11884971468840068 0.9929122545917568 1.4516650214341382
99.75447437809828 28.234939508389623 -0.3769162984848202 0.9262473233086841 1.9572611168469245
97.96727463391842 33.097069612933566 -0.40366400375997735 0.9149073024456986 1.9863144330726552
58.95081239296732 40.03750988318735 -0.10939069953929209 0.9939988304089217 1.6804063770154116
52.398986117504855 34.444753930982934 0.08725288767192318 0.996186194239265 1.483432347776947
1.1013881664468772 32.19234214199111 -0.39808814687744976 0.9173471683695753 1.9802281172698957
33.15064964063156 33.60686029561138 0.3560243371783665 0.9344766831423376 1.2067863267981793
42.16756003163755 5.9011254708409515 -0.0888033118893907 0.996049181414992 1.6597167724065136
64.65052369169116 73.8528969759156 0.24051892774316366 0.9706444484966051 1.3278958892751593
0.2980900979668918 22.7684270034484 -0.21671890886526843 0.9762340470093468 1.7892485684427057
55.08367660519843 37.64572088615303 0.02109492733691799 0.9997774772621406 1.5496998346183641
4.0776099403913015 9.202454976755872 0.27101514333574883 0.9625750838675929 1.2963488395523726
61.621489161893685 73.75341073669843 0.24050491256908985 0.9706479212516423 1.3279103282893872
88.75991955858731 90.15145865884534 -0.09666440793238407 0.9953170310203084 1.6676119100862865
45.4915323991822 1.9620613544606917 -0.08131051108976883 0.9966888184314704 1.6521967015397696
13.158898858903944 43.162318289265215 0.13092623668056935 0.9913921124099503 1.4394931257382746
80.56777119966478 64.67231486067881 0.2188362652264879 0.975761594356799 1.3501746586525607
45.634598628917246 98.64923630105986 -0.08020804138405296 0.9967781448734387 1.6510906189072392
68.04276777387672 74.63875010018522 0.24052439143494742 0.9706430946155483 1.327890260339041
1.5845257884892237 8.261483428941997 0.27101798941031224 0.9625742825444652 1.2963458828212087
98.55919474720561 31.000639955533995 -0.3958312536388961 0.9183232647835183 1.9777691877576782
84.74298780117122 65.662883739546 0.21883626522209532 0.9757615943577841 1.3501746586570624
4.113117631513969 12.05344345663595 0.2710146104621892 0.9625752338991628 1.2963493931440113
83.73606878724515 43.063394826483396 -0.16670648685395661 0.9860065655160779 1.738284791193293
48.56102070940911 95.83612937493378 -0.07914540571688143 0.9968630822504715 1.6500245940356808
10.649516242525568 77.60155441880805 0.11884971470389669 0.992912254589902 1.4516650214185316
60.965660546518876 76.17619404060092 0.24049417788165367 0.9706505810048369 1.327921387575142
55.47750593987371 84.60046959756096 0.23971564947723756 0.9708431425290628 1.3287233766346491
51.43693792779771 33.4593603720467 0.10802303047204634 0.9941483917844636 1.4625620990851511
25.532716563853665 71.63121460559043 0.18647950494519533 0.9824588511664979 1.3832187585365383
54.24494546712819 43.09137449166496 -0.11833287416836638 0.9929739829880003 1.6894071184438575
10.260332528253736 8.952876155799924 0.27101038137748934 0.962576424594758 1.2963537866521084
87.74654392413045 91.27892677417344 -0.09666440793238407 0.9953170310203084 1.6676119100862865
8.274542596916367 9.447228618850062 0.2710117103299461 0.9625760504313606 1.2963524060316391
49.044831844897764 32.32955915606614 0.12831895589009948 0.9917329507278029 1.4421225910571154
13.851108120318367 96.42350402853044 0.05921584593764999 0.9982452021371746 1.5115458192464124
52.525244929554695 35.5336736272904 0.08600593169043247 0.9962946249549179 1.484684009330406
58.42250896254703 44.372431870344194 -0.12018746582421215 0.9927512140807252 1.691275041678492
3.287329985915053 25.098729792138062 -0.2558782668735794 0.9667090113068013 1.8295524330573065
84.47006589047548 88.25345524983089 -0.09666440793238407 0.9953170310203084 1.6676119100862865
48.20699998746843 31.785161042618544 0.12972402523167498 0.9915501385596655 1.4407056787523698
64.06618726758828 74.71514659833811 0.24051588451244754 0.970645202582898 1.327899024542186
59.139768858546205 33.23370182749734 -0.06374161980956364 0.9979664352592491 1.634581189351463
39.21915879275954 34.79354068520776 0.3560243371856085 0.9344766831395784 1.2067863267904295
45.93367846705094 32.89253464710236 0.1308108703767534 0.9914073412030376 1.4396094928307464
26.977807384392143 70.98669542805426 0.18647950495645535 0.9824588511643606 1.3832187585250773
81.41532869916679 63.608721920864106 0.21883626522614408 0.975761594356876 1.350174658652913
37.96754274717771 3.3065361603653574 -0.09449137902281349 0.9955256798748925 1.6654288867517983
85.12446784175182 91.89978417887554 -0.09666440793238407 0.9953170310203084 1.6676119100862865
26.87504910158019 92.694107564143 0.046601409513648155 0.9989135641442363 1.5241780334630048
60.17429096250749 85.31974233056427 0.16236773551680841 0.9867303169879518 1.4077065679510945
58.53898636453725 30.77362617370989 -0.06374161965449458 0.9979664352691536 1.634581189196078
14.255154923211807 43.4166713175776 0.13092623668056935 0.9913921124099503 1.4394931257382746
49.83958128316893 29.118258520669897 0.13427937858149128 0.9909435142770594 1.4361101075875906
58.56109420965015 80.54495959629625 0.24037118978203487 0.9706810450002457 1.3280480924593636
87.94664968768895 41.971250235040436 -0.19376974753168286 0.9810470350301803 1.7657996014271082
54.47801057693586 46.31810829072534 -0.1212188732589082 0.9926258029921652 1.692314045689358
25.332855545291316 95.15861201483419 0.046919677782689725 0.9988986654494882 1.5238594166664565
61.20377066591534 71.59038731064034 0.2405077909775075 0.9706472080416857 1.3279073628377418
57.53223983175834 77.48601410183241 0.24048129664521317 0.9706537724460957 1.3279346582778193
17.30709035351049 97.30471305741601 0.0584256387593208 0.9982917633315249 1.5123373970140517
65.41598939214589 73.79642829482381 0.240521316451983 0.9706438565880923 1.327893428323004
54.8028595701161 44.82618848947155 -0.12054722052454668 0.9927075942208795 1.6916374311623668
63.61260366370481 43.91766777929738 -0.12127318468498136 0.9926191690050935 1.6923687607767408
61.26987243949029 47.03776781697331 -0.12161254434671256 0.9925776488806902 1.6927106509665377
3.551664509443577 32.211334119553975 -0.40109618368046107 0.9160359444022761 1.9835095199215769
45.19503557905467 5.763409282068589 -0.08829964640814057 0.9960939576386343 1.6592111205177063
49.15339707728479 30.285371091861613 0.1328631047920768 0.9911343982452681 1.437539187180711
60.04675024442891 75.41601280374222 0.24050070457572484 0.9706489638888922 1.3279146635287802
61.16595817025536 79.59666220258163 0.24046317882179677 0.9706582609914349 1.3279533238226713
13.519247280591257 97.25095584035373 0.05917689586552631 0.9982475118905735 1.511584837743044
50.73115891914049 34.948717018372456 0.10549932648917447 0.9944193743639202 1.465100310425912
55.51297808641413 43.03769781164913 -0.1180563110222903 0.9930069020041141 1.6891286030297583
59.80354057897253 76.63081936219496 0.24048987195999566 0.9706516478555347 1.3279258236918827
46.86462242035966 34.82428440231171 0.127686746943295 0.991814546503044 1.4427600438292614
59.63914264809519 75.0178721597072 0.24050176008978297 0.9706487023602909 1.3279135760973404
66.50916266890295 73.22650884460272 0.24052212191803643 0.9706436569967607 1.3278925984963577
7.7166557443242425 75.36259281450995 0.11884971474126495 0.9929122545854291 1.4516650213808966
60.348768817734545 87.94289673884285 -0.1523870094841334 0.9883208989698046 1.7237793694234171
44.83637334714366 12.182059418719968 -0.08920681351158838 0.9960131246239221 1.660121881840547
2.9124544430189068 29.06181756938901 -0.3752924138774744 0.926906469977429 1.9555085540563073
24.503895489493733 68.918448899336 0.18647950492615742 0.9824588511701114 1.3832187585559161
49.71108378057016 30.07536611961151 0.13292979699374613 0.9911254557679373 1.4374718981201884
16.78579642817089 95.3786521506359 0.05886479246225118 0.9982659646649163 1.5118974861718153
59.00200609138548 45.90610004586388 -0.12126154058315766 0.9926205915531872 1.6923570301011268
0.17897011562740772 7.6450390657583025 0.27102122059496936 0.9625733727811158 1.2963425260037218
61.289418274234094 78.39752535939968 0.2404781623036844 0.9706545489797299 1.3279378873800636
23.692985618580035 97.13741893002238 0.04804673452751094 0.998845088740613 1.5227310871468338
58.558373753284535 46.07521935460441 -0.12123871370264318 0.9926233798877239 1.6923340335517436
60.30826803221522 41.38172310652312 -0.11703293165663743 0.993128034499003 1.688098079618406
55.930333502551555 39.138647567287336 -0.07592072285336199 0.9971138570100322 1.6467901734275172
60.724221283981876 32.572572428864234 -0.06374161980479251 0.9979664352595539 1.6345811893466822
56.01263383481348 36.13936005165217 0.04430061331837323 0.9990182459092607 1.5264812103448442
41.39612231412202 0.4661376593334694 -0.08048919751380504 0.9967554810903142 1.6513726870140684
62.276447556264024 77.26388314557835 0.24049002568299996 0.9706516097689171 1.3279256653209495
5.53503875879389 9.148038626819883 0.27101344507510505 0.9625755620150156 1.2963506038409465
47.12249361239137 35.029580959274455 0.127686746943295 0.991814546503044 1.4427600438292614
15.224811197413308 97.363197559917 0.05891986866610727 0.9982627154593968 1.5118423142082063
62.46792232238455 75.59424848500237 0.24050538437048247 0.9706478043496551 1.327909842220844
26.700053756868765 70.67302469744916 0.18647950494799484 0.9824588511659665 1.3832187585336888
49.954320673753706 33.17314708920214 0.12038983514396988 0.9927266933018412 1.450113762431733
51.48814992092763 35.22768582888692 0.09683484861410721 0.9953004632239869 1.4738094994731499
56.10005071216546 46.85828534508569 -0.1213541805290676 0.9926092699890116 1.6924503592894866
80.29588620138858 30.560937357762914 -0.1293592936638216 0.9915977879880518 1.7005191439168366
28.672588319812533 70.86256644039157 0.18647950496901247 0.9824588511619772 1.383218758512296
57.487158396403345 44.70726239566115 -0.12034528859143895 0.9927320945319755 1.6914340183530476
48.11648964547907 33.10919482882021 0.12697468477400767 0.9919059579549573 1.44347794953937
6.819464263174011 77.86357653958686 0.11884971473471587 0.992912254586213 1.4516650213874924
85.72609880952153 44.11888499713672 -0.18664310359182976 0.9824277845631247 1.7585404172772667
15.214369247520159 92.73420896777172 0.059224050880761554 0.9982447153865994 1.5115375998779703
43.74384712785749 9.073871738966261 -0.08875303740601766 0.9960536623853185 1.659666298623477
60.62291424890429 78.22782058412311 0.24047836545565007 0.9706544986491222 1.327937678086272
55.17285488713711 78.06118750486358 0.2404686495071054 0.9706569057108845 1.3279476877617138
8.152036490328891 20.247541249034967 0.18402777740798487 0.9829210431882498 1.3857136718838277
54.85297954798511 34.85231170314712 0.06094149722155997 0.9981413396490472 1.509817044965472
49.79543107282256 33.43212077627115 0.12181045242012757 0.9925533807716358 1.448682612185241
59.12471952657818 31.369250495675814 -0.06374161970488285 0.9979664352659352 1.634581189246569
60.34962329031053 76.04979007060764 0.24049311309016083 0.9706508448233088 1.3279224845624298
5.174871283382391 74.76243993803237 0.11884971474527421 0.9929122545849491 1.4516650213768587
56.96086620773309 39.00270504833845 -0.08226918508548105 0.9966101450343413 1.6531585983142785
58.46252550371777 47.71029496419211 -0.12157222559564411 0.9925825879813336 1.6926700308187892
6.400257654263939 18.666832121687854 0.20238483694428314 0.9793060695079123 1.3670037846250471
15.437700264384977 64.48940338893145 0.09916083839425842 0.9950714186072012 1.4714722591387819
56.132878316895486 35.538607448211835 0.04018057874152863 0.9991924344649512 1.5306049284080683
81.18401315564093 45.73281999146545 0.01731126736553991 0.9998501487834058 1.5534841946726974
60.10430204046336 33.630873654882045 -0.06374161980479251 0.9979664352595539 1.6345811893466822
77.34160619930871 62.89700704033368 0.21883626522951968 0.975761594356119 1.3501746586494536
48.450476371380354 28.824515105418417 0.13426823615458025 0.9909450240855634 1.4361213518394194
48.22025968662507 36.692773895574256 0.11944701521552684 0.9928405766063864 1.4510634354766836
33.09518593915481 36.18157291662859 0.3560243371786342 0.9344766831422356 1.2067863267978929
57.321293604906984 84.79925273080929 0.2398543241010901 0.9708088911881726 1.3285805347441264
44.46403024989425 7.588258546616388 -0.08862637624458158 0.99606494036973 1.6595391363540315
57.487355668530995 43.291915275417175 -0.11859323321250362 0.9929429213384849 1.6896693238181895
63.74151553748196 72.8142994407283 0.24051622652136687 0.9706451178365462 1.3278986721900254
83.19968472400205 90.22183491392093 -0.09666440793238407 0.9953170310203084 1.6676119100862865
50.842228991662026 36.640560841145465 0.09316414479844551 0.9956507631313172 1.4774968822758223
47.87440224026575 32.59206843106458 0.12903482529971166 0.9916400626537196 1.4414007204118098
2.521827768391955 23.07511534864116 -0.20593025561432532 0.9785666711178236 1.7782105699273465
61.1411479448658 32.125228498333016 -0.06374161970710454 0.9979664352657933 1.6345811892487951
61.23316675347689 78.69965548750407 0.24047574770093036 0.9706551471906377 1.3279403749818706
28.225482608562114 73.41750532641586 0.1864795049690391 0.9824588511619722 1.3832187585122688
6.837041923001641 75.99621755785728 0.11884971474068091 0.992912254585499 1.4516650213814848
59.92944020658646 84.38755539656624 0.23016813825250695 0.9731508763461989 1.3385458702933914
28.993882666966783 72.77948805132725 0.18647950497130983 0.9824588511615411 1.3832187585099576
65.2117042618777 74.39921935712924 0.24052098413944048 0.9706439389336313 1.3278937706859892
24.61217442386022 69.9636250039646 0.18647950493396367 0.9824588511686297 1.3832187585479705
5.364929714971802 17.232921480182185 0.21629844376578894 0.9763272930859291 1.3527747656940656
50.15732867984365 33.244713761616346 0.10967281406867849 0.9939677428640514 1.4609024543700393
44.09929220696748 4.200197141249877 -0.08626949979218752 0.9962718371035115 1.6571731956359528
42.85014385920815 99.83950859210265 -0.08043378367658591 0.9967599542735794 1.651317092925132
18.86318359646138 98.19603879326394 0.056106147568680695 0.9984248094899292 1.5146607013616764
60.285162004100364 76.19793868956631 0.2404919632764261 0.9706511297059568 1.3279236691424177
9.411207036766072 79.54353308430233 0.11884971471574082 0.9929122545884843 1.451665021406603
0.5636433374687015 29.00404700318567 -0.38060354147453557 0.9247383112086583 1.961245197591458
85.28197613832273 88.45300692267148 -0.09666440793238407 0.9953170310203084 1.6676119100862865
58.13284980563875 30.043951914134848 -0.06374161961548379 0.9979664352716453 1.6345811891569877
29.207451102902557 74.90217857441446 0.18647950497203714 0.9824588511614031 1.3832187585092173
0.12456593797845417 27.583408017568736 -0.36941710904830305 0.9292636867662452 1.9491780081348085
33.74379091759054 36.15261836455244 0.35602433717896137 0.934476683142111 1.2067863267975427
25.694405018407547 95.09023505564636 0.04667616689929405 0.9989100737521818 1.5241031946392039
18.682277697132793 92.09024953135953 0.059282297782986 0.9982412579980701 1.5114792504550498
6.791016335817923 16.508906062005362 0.21813127551258343 0.9759194365536806 1.3508971021995095
61.1651224251532 77.73036772883728 0.24048828182535584 0.9706520418279087 1.327927461905057
8.91718856388055 76.97172430438762 0.11884971473167424 0.9929122545865771 1.4516650213905558
11.706667739242556 44.7803535373904 0.13092623668056935 0.9913921124099503 1.4394931257382746
45.53102619148765 2.641579063500984 -0.08254482139964675 0.9965873531507915 1.6534351753345282
6.653524707255707 11.157489835242604 0.2710130714626826 0.9625756672056296 1.2963509919792047
12.59177408226712 95.63948066291495 0.059332752793304445 0.9982382603597042 1.5114287064751655
16.788131677202042 96.79524158608132 0.0584256387593208 0.9982917633315249 1.5123373970140517
58.848460470163296 45.060182734239554 -0.12090861909557382 0.9926636418386651 1.6920014926139195
99.40641505372759 29.680822012986518 -0.3897096427616354 0.9209377798410696 1.971112614139593
49.978968744901216 32.936325404269105 0.12324311674562513 0.9923765082743667 1.4472390709451999
62.44879503259547 79.93209459124571 0.24046983493399549 0.9706566120347695 1.327946466499018
60.7725834243797 77.73891497924772 0.24048702442815553 0.9706523533591683 1.3279287573198342
44.92979577414492 1.923547933096407 -0.08164748685368955 0.9966612703875257 1.652534801467726
59.15243848033941 79.93147627462827 0.24043458651879418 0.9706653437748443 1.3279827803263993
9.536987656990059 78.51886810786705 0.11884971471750944 0.9929122545882726 1.4516650214048217
5.615481481680611 72.95768766501088 0.11884971474787533 0.9929122545846378 1.451665021374239
4.4337703125204655 8.63075098804314 0.27101485580467155 0.9625751648225571 1.2963491382626446
14.878839035112739 67.63025265479554 0.09916955456070063 0.9950705499853929 1.4714634997974085
7.075225213063419 20.150066576109896 0.18866686953168366 0.982041145951184 1.3809918675355088
9.870202418829095 74.89601306541256 0.11884971474161903 0.9929122545853867 1.45166502138054
48.77100066551385 34.06712903794868 0.12475567890761108 0.9921874926546399 1.445714744323938
61.050521843506004 73.29006031615104 0.24050542418946833 0.9706477944833769 1.3279098011977397
88.3705442063215 90.94416152368862 -0.09666440793238407 0.9953170310203084 1.6676119100862865
1.268159010351622 22.863658368937305 -0.21671890886526843 0.9762340470093468 1.7892485684427057
64.52007018692805 73.44519854241962 0.24052004010642603 0.9706441728600668 1.3278947432701294
4.507211841144615 24.586266384247036 -0.1929684278493857 0.9812049662804079 1.764982866739394
53.51390408191751 35.91486283285155 0.0661836358769422 0.997807459554251 1.5045642783571918
9.261416027510002 76.96239072056524 0.11884971472669557 0.992912254587173 1.45166502139557
57.269196091528045 42.842051675100265 -0.11824972962620818 0.9929838878065085 1.689323386010927
82.68413106168116 64.53002464430183 0.21883626522467467 0.9757615943572056 1.350174658654419
85.80137710507931 90.81829278018725 -0.09666440793238407 0.9953170310203084 1.6676119100862865
61.91654513802892 28.76258116917814 -0.0637416193971282 0.997966435285592 1.6345811889381872
1.585040762606444 26.70509377969018 -0.3474642201351598 0.9376932418045174 1.925661796396618
64.63825866612147 70.75986331184745 0.24052283496221952 0.9706434803066144 1.3278918638866553
80.3333292138935 44.167572563297114 0.00304160169328532 0.9999953743188712 1.567754720411776
61.93074144031268 82.79705860894349 0.24013712599460285 0.9707389766147501 1.3282892188345858
98.21532869224518 27.555296848174905 -0.38616884097179177 0.9224281144146155 1.9672709487966846
45.78375738136155 9.001171303989466 -0.0887589073880247 0.9960531393250482 1.659672191863741
25.379515810316676 92.70605222728886 0.04665872187572828 0.9989108887548095 1.52412065869018