300

0.2607170244171361 2.878838064834162 0.006002827909846365 -0.02939329952701414 4.9138431095665585
4.921936877452827 6.330783018982374 0.008101177862148834 -0.028885479349421046 4.985822788582915
3.5996704984064767 2.4922559484941322 0.005477392499282715 -0.029495731409965094 4.895998649928029
4.941763082263781 2.142109395688394 0.006203600029437808 -0.029351581672454368 4.920678474070893
1.8699718435931936 5.052863248582677 0.008872839147931742 -0.028657856260629996 5.0126413602390025
0.44951718582722033 1.8394922904994215 0.004681158774197031 -0.029632528621951218 4.869067852352944
1.51831640193479 2.8594088192595235 0.007890097005977174 -0.028943848556062305 4.978522689259076
1.2616653408646998 3.042314308593924 0.007125642389610984 -0.029141469086773557 4.9522024239960505
4.844595782621491 5.861031250273219 0.005962947714347588 -0.029401415859715955 4.912486518617172
2.051010338323106 4.091619508125846 0.00747706108684455 -0.029053288239089134 4.964279609018339
1.7480908840686618 2.495098855841609 0.005859998515733509 -0.02942210763007302 4.908986249085655
2.798832446919285 5.991934924344286 0.009979769158744472 -0.028291415792394917 5.051510711943439
4.596606377266314 0.21678113216252679 0.007779941796537996 -0.028973651921055464 4.974718827707431
0.6904894731701039 4.307142541861497 0.00610528641152871 -0.029372188849883196 4.917330135734234
5.334073582755642 4.885528702348895 0.00415381597016571 -0.029711038569629238 4.851295785422298
5.2506528896797935 4.559870863203142 0.005569729528449361 -0.029478434710478084 4.899130087294149
1.8601950665035967 2.0592695747793477 0.00641360781531531 -0.02930640944898106 4.927838858686327
3.421496292363854 1.85385590984231 0.006012821034403745 -0.029391256917801794 4.914183101056347
2.722962192940157 3.5054481441049874 0.007794275269394489 -0.028969799326624707 4.975213567742948
0.6515660287660895 2.6753883993609087 0.005854499886345194 -0.029423202257415557 4.908799364884252
2.116727198166714 6.909162716471644 0.009232953364828664 -0.028543871008727933 5.025232219874669
2.4363536325206145 6.928262364184639 0.007451083780192209 -0.029059961295579122 4.963385585533847
4.424428270674212 4.236617042848368 0.006501456543025274 -0.02928704598997915 4.930837441419757
4.018664496557315 0.06678293899617398 0.007796157582902169 -0.02896929282779538 4.9752785433384235
2.0835812775115996 6.657650503274584 0.008638649421973102 -0.02872931840758224 5.004479661138184
6.669684152886213 2.3376189795062494 0.005380603279465705 -0.029513541101484294 4.892718177931074
5.3896747498665665 4.707123359457824 0.0036585779158400896 -0.029776077774510985 4.834645907467283
6.941542347441788 2.1382217151332608 0.0059422159132042525 -0.029405612900275723 4.911781439625031
1.243693924817838 3.7661791302745455 0.00793738655161789 -0.028930915898571122 4.980156891508088
1.434630343964765 3.6017523480069866 0.006398702265072656 -0.029309667506182222 4.927330276375955
4.556443619038593 1.9417920883413915 0.006279264291010684 -0.029335487723295788 4.923257039346945
6.441703529472675 5.001427011210409 0.005014144266524886 -0.02957800461955599 4.880315242429139
1.5134723760384263 2.5581011842025188 0.006798945774107059 -0.029219417111926646 4.941006802257704
2.172504705684834 3.9271018083590947 0.008219372663707309 -0.028852069475431064 4.989916992055722
4.526509838793884 4.189368727541432 0.005176209829642077 -0.029550073634417844 4.885797076510568
1.9855809685424335 2.4866096176994748 0.008300766695420441 -0.028828757730228315 4.992739211556776
3.501927519841602 2.64716367136586 0.0077469816765395666 -0.028982482207419023 4.973581411730998
5.1843182772554615 1.7929108193966716 0.007817986530479918 -0.028963409443800544 4.976032140035582
1.3104967750293017 6.407444780943111 0.007485590648243555 -0.029051091763424807 4.96457320345433
1.8491522215436647 5.2629841621898965 0.008295931460588556 -0.028830149517496732 4.992571492983831
6.583193024353726 0.7374567916446229 0.007485424751279043 -0.029051134509566732 4.964567492934265
4.561418283797658 5.099220649639991 0.006422276171807081 -0.029304511065244527 4.928134651905491
2.017313049727151 1.9705940285114338 0.008396467413706924 -0.028801030102594556 4.996060432540449
0.29539213039159284 5.721623639563148 0.008066608261103905 -0.02889515238170393 4.9846262077950465
3.0624411444764337 2.3072118788516507 0.006884106067410264 -0.029199470605691554 4.943922305661049
3.6185701073173986 6.867976591336506 0.008250579933840178 -0.02884316090090186 4.990998789177802
2.551068212341334 2.112135996135556 0.005907964659755022 -0.02941251355425248 4.910616790166019
4.1934541256018205 0.9344642218112733 0.007789470364303884 -0.028971091650879008 4.97504771233415
4.582031374048174 3.8096032312850445 0.005031388684208244 -0.029575076126840672 4.8808982861853485
1.8212762646848963 6.523917192757125 0.008206976759518859 -0.028855597939892307 4.989487381761181
4.440236673059289 4.899536941633145 0.004091209186757601 -0.029719724214571544 4.849188904833319
0.5387515459636658 6.894735895804598 0.007502940464220543 -0.02904661571320077 4.9651704667962
4.2304868687944595 1.4594041146921426 0.007843321327042973 -0.028956559024869526 4.976906960779347
3.4540225036112897 4.6147658687584885 0.005106984997654434 -0.029562116031057933 4.883454926753164
2.0399038707591037 5.51411556192615 0.008399254809793932 -0.02880021733668261 4.996157215030716
4.968053682027915 2.3737695345480354 0.006529356234853232 -0.029280838566516212 4.931790171398955
0.01979116412099325 2.3088296196717715 0.006016838291237084 -0.02939043478713956 4.914319785003697
1.6935299971508593 5.8049390218590755 0.009660805615568683 -0.028401916042024286 5.04025858872155
0.23298784325019467 4.6125832665508035 0.006125221095170288 -0.029368038179886664 4.918008876143806
3.401521461763381 5.481366927843362 0.006390520973178456 -0.029311452398190135 4.927051151997082
1.1955538920599016 1.2064017453239881 0.006387792608413156 -0.029312047106810915 4.926958071072662
3.794417043772745 0.8279481635847976 0.0061979706581792 -0.029352770903619128 4.920486686886662
2.773679299174366 2.057386883688088 0.008124365224736581 -0.028878966215830696 4.986625613265657
1.9077965817496905 2.5831852795721986 0.0073240691256666116 -0.029092232837004055 4.959017239525895
2.0115230893380525 5.615695934438013 0.009940948110674308 -0.02830507994443543 5.05013885874029
1.5756661988794696 6.336735878650874 0.008454100934106621 -0.028784165393423128 4.998062110251529
3.796826475288336 3.669055636850384 0.005902148673159989 -0.02941368118818037 4.910419055581909
5.237166722996986 6.495611737351619 0.008606804777116974 -0.028738874569624265 5.003371408383154
6.877378143729203 4.446404313635981 0.006921416756092333 -0.029190649017938677 4.945200285012504
2.0353344353781853 4.198135231967413 0.007534909235598948 -0.029038339188240184 4.966271225786362
4.381090383601161 1.3044960189381352 0.006126752334991594 -0.02936771877122353 4.918061016097403
5.381537181623397 2.022474965126745 0.006463900948457782 -0.02929535772999754 4.9295552956886866
5.878252287556853 5.4333148939476406 0.0057091726974507154 -0.02945174607914925 4.903862565860523
0.9426351431528333 3.580303185827184 0.006441655380410014 -0.029300257267813105 4.928796004503507
5.89601866937518 3.237599700355584 0.006807813404529117 -0.029217352320994344 4.94131029714423
1.4278040118832986 3.3126453405669114 0.007780235022605301 -0.028973573183040884 4.974728948159852
2.5285752490340143 2.278833617872321 0.00808864405261141 -0.02888899162986057 4.985388901119184
5.364073350485235 4.665532425749107 0.00545597206356819 -0.029499701165292564 4.895272477279125
4.109234386696657 4.182766945190841 0.004278869081574079 -0.029693286772985394 4.85550601509707
2.147451873693842 0.14505899891178214 0.008682565159183633 -0.028716076721177118 5.006008616716152
1.0683165710311884 4.718907880024468 0.008561841740675421 -0.028752301925369872 5.001807236974065
1.4561140610473349 5.3058399934201335 0.009175130917969797 -0.02856250991488869 5.023207142250657
4.747021405823358 6.697805687800923 0.00921140457357219 -0.02855083231329646 5.024477376115809
1.57058186102101 2.6536799447636823 0.008014010815936166 -0.028909784340981484 4.982806382927692
5.632908351279819 1.469315220104069 0.005020175035793066 -0.02957698163454141 4.880519139670241
3.7492779149773097 5.916354561026009 0.006078452419144357 -0.0293777537634891 4.916416637292374
2.6365702506502147 1.6067790844877037 0.006535552408616409 -0.029279456188840466 4.932001788289408
5.56567074776982 5.341947270477102 0.006830528629780572 -0.029212050229960717 4.94208782431772
4.899855110139684 1.2989901996317832 0.007863829800614707 -0.02895099619817881 4.977615278463811
1.6323238949621457 3.378290062252788 0.006299665447679355 -0.02933111343347393 4.923952534072873
2.0650659342832136 3.223444491873688 0.005815131600071119 -0.029431008213682625 4.90746154113002
5.376170530888974 4.269080262746031 0.003654898693783048 -0.029776529608706633 4.834522345386157
3.4420312331566443 0.4274101889002392 0.008421759166627686 -0.028793644655363142 4.996938699546949
1.1026517568376784 6.8294053069921885 0.009324228790550811 -0.028514185197221806 5.028431604989866
2.00935240263395 6.5584527889181565 0.00946705577187911 -0.02846708371105355 5.03344471490988
4.916950162506733 2.82986376294115 0.00725255121398101 -0.029110144295220908 4.9565596809444585
0.4457576464344994 1.873850030960127 0.005484520027199977 -0.02949440692862364 4.89624030143397
4.475480031200688 4.7674873155002775 0.0059532105860435275 -0.029403388983554584 4.9121553508413065
0.853366056229324 5.463935409419266 0.008593166158711491 -0.028742955578172115 5.002896871712542
4.222904158323348 1.9739155485560116 0.005772752249008014 -0.02943935005178567 4.9060217896152984
6.408027485834351 1.876886868967808 0.005663735333033971 -0.02946051768176083 4.902320022678291
6.073635101302004 2.9367813755732426 0.0060000611255961915 -0.029393864436121856 4.913748980710475
6.376607551020173 6.2007345904741324 0.009626256720490587 -0.028413644284941867 5.039042411652421
5.967192376336558 5.828331091200917 0.007344680768993479 -0.029087036019532435 4.959725795782089
0.3765079143448794 3.3510939791699434 0.0075678887611238185 -0.029029761619745617 4.967407116973433
1.0219961935251038 5.686764610467396 0.009056220086721476 -0.028600434922232604 5.019046731688606
2.1656174256654346 5.584930820754044 0.008155625852841228 -0.028870153566416437 4.987708248816437
1.568190057079929 4.734824850761448 0.007379698152211103 -0.029078171455272972 4.960929861941474
4.620761930238877 3.625413067319632 0.0053581554842697995 -0.02951762473178337 4.8919576375013865
1.3758268891077767 1.6855182759625025 0.007049097828673072 -0.02916007921460085 4.9495766097874245
0.7187126084964314 2.2474494387577195 0.004940009429181823 -0.02959047662406935 4.877809354260613
5.501741321473855 0.9208559018327347 0.005998797617535739 -0.029394122323074177 4.91370599546366
6.763815094553633 4.469965982611878 0.00683991413691434 -0.02920985406672959 4.942409125280639
3.852065968972476 2.363415104459395 0.005111336725425967 -0.029561363921160873 4.8836021348595615
6.9187394937071 2.661578284365608 0.004771588380303478 -0.029618101632767634 4.87212029366888
0.8262868354413445 4.6266847517487175 0.0083195135691351 -0.02882335327426316 4.993389556278844
4.923546362873685 6.436521962192313 0.00879147752609087 -0.02868292040410528 5.009803534455288
5.9451128405936045 4.503568476746067 0.004439520122912675 -0.029669692635385582 4.860918501153198
6.505633857332489 2.4985405434116004 0.0071876921073190745 -0.029126226706705127 4.95433223858397
5.702234095031096 4.090046682234715 0.005543416952856246 -0.029483394114090494 4.898237558199617
3.895129699570477 2.0930119298464525 0.006439548299509119 -0.029300720429680377 4.928724091679429
5.943713970241231 4.2484269007226905 0.004526890901363035 -0.029656487633689135 4.863863936537307
1.4800775074918047 1.6259975612601103 0.005890799339558813 -0.02941595626766285 4.910033218308344
5.493779042929649 4.688019305198097 0.00470280563730306 -0.029629100883046558 4.869798404729721
1.180486646340084 1.9188713914142457 0.005152946753471855 -0.029554139130684956 4.885009888123121
5.825959449609071 5.9403788469902885 0.0069144374466923175 -0.029192303006028472 4.944961197774712
1.5908347877432256 2.149540272952253 0.007444015173082368 -0.02906177279697368 4.963142350978465
0.5944276529003523 3.9155764752440785 0.007939878757225434 -0.02893023203018877 4.980243035862122
1.6764103768191305 4.564896573084259 0.006904181878689013 -0.029194730219441696 4.9446099016964125
2.3895423041287933 2.7492320037944133 0.0057326467769043595 -0.029447185959463905 4.9046596627652805
0.7766558346547136 4.469467784803648 0.007428821584105036 -0.029065660320583376 4.962619582715137
1.2143578707925637 0.6388211321793223 0.007441325701184342 -0.02906246155797704 4.963049808790996
1.421931798584381 1.0242859820536279 0.006840013875981818 -0.02920983071118996 4.942412539851184
1.0580983207796546 4.816024679782608 0.009571128109871851 -0.028432261723338525 5.0371028315768385
0.9432260570759042 3.444898492121327 0.008540429578393039 -0.028758669347111823 5.001062608225175
1.84604072366446 6.028176717871298 0.008130618720076942 -0.028877206222706765 4.986842161386901
3.5189537551169514 0.5976141090192331 0.006497792750489874 -0.02928785907798112 4.930712343734106
5.052553843066901 4.873575357614391 0.004991568199888286 -0.02958182291384126 4.879552019597634
1.5590836303489217 4.409550616593872 0.007723875293538356 -0.028988648648218627 4.972784243159795
0.555938578508632 0.9259226801171774 0.0071324507835577025 -0.029139803462276938 4.952436063160673
2.0468377533428024 4.40428337380454 0.00635350121258546 -0.029319499012460545 4.925788346097374
4.243146847256271 2.0985149228447395 0.0065832378240045 -0.029268771408321813 4.933630715647282
5.426591714912365 2.797043388112772 0.007856715716189431 -0.028952927626666392 4.977369558176841
1.5622053114105598 0.6867415348307094 0.00670261219649775 -0.029241665303866664 4.937711157140085
0.18662688017398202 2.87415612341619 0.006397211992796263 -0.02930999281336015 4.92727943089961
0.25233902153627163 3.258650106059597 0.005726301447158642 -0.029448420530416717 4.9044441855811804
4.690173176673668 3.575868015318072 0.005461427444064736 -0.029498691670533737 4.895457410468616
4.865321221004934 1.2517386534011898 0.007645533659680901 -0.029009409078067865 4.970082718685274
2.0811540477753794 5.52992643214786 0.009478031109166974 -0.0284634313864942 5.033830284481246
1.908042391503684 6.009783378231394 0.009772927953733548 -0.02836353079592055 5.04420895636951
1.5877061462092366 2.6255165312619733 0.006174568541126467 -0.029357702623518268 4.919689482762511
5.009887960097364 2.4033164139125347 0.00483980434441484 -0.02960703115659831 4.874423908054601
0.6981609297284767 5.803540405218984 0.009781551428124662 -0.02836055802798937 5.044513006183388
6.562221514398899 6.816231630155794 0.007343992575907413 -0.0290872097844571 4.959702136065439
2.746772468937863 5.580676386220601 0.007847765930958265 -0.028955354770627325 4.977060456100612
0.3312173710644036 1.597679741717358 0.0066997769159907305 -0.02924231504645208 4.937614197921926
4.5631630361430755 1.3336876479749733 0.008304110110849862 -0.028827794838781565 4.9928551885022125
5.462582346048763 0.02512506865454436 0.007637934342176923 -0.02901141084098797 4.9698207672867545
0.0858171882813534 2.607911381127196 0.004648050010312849 -0.029637739979654836 4.867950639246894
4.698893174774048 0.6072367900999267 0.007160197918618125 -0.02913299788497944 4.9533883816462065
0.9260760055240435 2.5978365521409605 0.005548172867600354 -0.029482499518039905 4.898398868897746
1.4908790850203484 6.351538571639752 0.007567835735745212 -0.029029775443099412 4.967405290387095
6.896080909147708 2.073565327756969 0.004530903513559657 -0.029655874853910694 4.863999240950154
0.9609519343365641 2.27542932126504 0.005431242927530838 -0.029504264103043586 4.894434257865329
5.767585933170471 1.612765476283776 0.004444850880213784 -0.02966889449663844 4.8610981736915715
6.696722575905027 0.5515390388686188 0.006754394959975301 -0.02922974766782396 4.939482373100433
4.998217258999818 3.567550909387359 0.007276586981666477 -0.029104145441813643 4.957385449546231
4.243102818187717 4.755994509778798 0.004408419497165396 -0.029674329605519512 4.859870354373603
1.5226144407637587 2.6661418316114553 0.005313707237219091 -0.029525658593791356 4.890452022090095
1.9603974492431226 2.4320044167441686 0.006232904963736764 -0.029345372645666397 4.921676990338204
6.875289108405604 1.8262905373166056 0.004595350906110922 -0.02964595672346746 4.866172778106252
4.525900908385117 2.4294862953961993 0.007073062693060969 -0.029154275572204312 4.950398529643226
4.32445812380782 5.371764375540744 0.004796579591142141 -0.02961406463533567 4.8729641327830056
0.30992922205414464 1.3001827338014142 0.007683250712858503 -0.028999442382283133 4.971383108088377
5.604327169223251 1.103800724077922 0.005197008893995325 -0.029546422770882663 4.886500978256343
4.767835923109315 4.328681928242464 0.004408283280442774 -0.029674349841561292 4.859865763985953
3.7819124343158776 0.28318311662432305 0.00928188086206498 -0.028527998311526026 5.026946811873582
6.829235094509872 1.8214953250970833 0.006852900261324313 -0.029206810130658588 4.942853728695588
4.550008912618759 6.612796715280557 0.00900466365729518 -0.02861670897253888 5.017244599951032
5.734110203612474 4.1153119427084635 0.004911309756713015 -0.029595253613943155 4.876839537039334
0.2544206328156677 3.3980728310628137 0.00828081910181724 -0.028834493839895625 4.992047346555607
4.348079860639391 0.09985637271299012 0.007460488629972062 -0.029057548234530342 4.9637092349735354
1.335948423968621 1.9390773427213457 0.004836065536252453 -0.02960764208999209 4.87429762826777
6.141320139497792 0.290549915537183 0.0089633212560739 -0.028629685154755263 5.015800233203949
4.2344477112038685 3.5886540331986603 0.006794189796966594 -0.029220523352650532 4.940844037645277
4.482281020003498 1.6967077788969773 0.007394268838661446 -0.02907446970009256 4.961430980578768
1.1860758855359712 3.418693757982571 0.006769075664069043 -0.02922635137430104 4.93998465443722
6.967617428247589 2.546498711351853 0.004721731738652554 -0.029626090686896256 4.870437204477201
1.9282190519412379 1.7797714696266975 0.008798627580613434 -0.028680727896928777 5.010052823149341
0.7004212863154882 0.8675898395376651 0.005726383582706385 -0.029448404558884183 4.904446974714469
3.330173751051063 2.181328452261319 0.0064295192273735174 -0.029302922763861528 4.928381823810362
1.7530051498163142 6.851412171824365 0.009576897818890788 -0.028430318819290874 5.037305766756497
0.8008870101102487 2.622133896296946 0.005878908784649854 -0.02941833495461235 4.909629013396548
5.439331199278038 3.208478978328398 0.006970235315727423 -0.02917903047812566 4.946873021565917
4.343282937782555 5.2474455801736415 0.00659340586029841 -0.02926648252116032 4.933978131452598
1.131998384115833 1.4172397885824164 0.005034217343043804 -0.0295745947688721 4.880993930295977
4.402479927133869 2.818072269606432 0.005412498134589665 -0.029507708551208503 4.893798970093453
2.3554061926888905 1.584808233692434 0.007703106828870697 -0.028994174331803374 4.972067877080598
1.7708809406434851 0.6103942370054407 0.007190805022115964 -0.02912545833345652 4.954439116686871
0.9019445209465636 6.640166805298566 0.00753075807151905 -0.029039416021474168 4.966128273840033
2.488036930670213 1.924938739485854 0.006617556176076861 -0.02926103125756963 4.934803395088402
5.8180104774108194 3.607878857369389 0.007394752780342075 -0.029074346618928913 4.9614476255153726
5.0111134768975125 2.9692145683416835 0.0050756003800265185 -0.02956752070739572 4.882393373988365
2.158121909458674 4.269763305425099 0.007748872329037364 -0.02898197677226795 4.97364664661908
0.7557410811247416 3.1847195019869328 0.007847196882454648 -0.028955508993764797 4.977040803535735
0.7834131739259439 6.752684142122041 0.008092751864008929 -0.028887841166615063 4.985531096916073
2.3935514314582473 1.4234428050654169 0.008130136346465009 -0.02887734203467986 4.986825457122857
3.2549831011326282 0.6286810010592906 0.006465821327580508 -0.029294933940185033 4.9296208484984545
2.187198404219669 0.4711907785666144 0.007120217313366437 -0.029142795085757248 4.952016264788041
4.778204802987033 6.865383067448819 0.007089073311388575 -0.029150386611257118 4.950947735052385
4.096768331964901 4.737908836026668 0.004420914494033071 -0.029672470659458883 4.860291438463302
4.222033574775403 2.168120479157096 0.006443383599639758 -0.029299877265747943 4.928854987959535
1.045745337600389 1.4547344802330606 0.00592564264889386 -0.0294089571252979 4.911217862815253
5.944953239913256 6.708074922355518 0.006736854592781057 -0.029233795343672445 4.938882328499493
3.172810834789095 1.2184739271583438 0.007535528653162515 -0.029038178453845324 4.966292556871237
0.8504737468361543 2.6500702030644483 0.007714578858480395 -0.02899112403885519 4.972463564600793
0.2565997362289802 0.46909211830525416 0.00859236575754933 -0.02874319485875733 5.002869024964898
4.632478418130599 2.2802027117822505 0.0067884069993147545 -0.029221867332729686 4.940646140277797
1.1361918602850776 4.570822394158771 0.006070171074271391 -0.02937946601163947 4.916134753811508
3.839409334923436 2.9711192455657813 0.005715592162720672 -0.02945050095039889 4.904080535991317
5.012329709359003 6.687804679059959 0.006992088520493115 -0.029173801571300034 4.947622023901418
1.5612423917410503 4.191146809154466 0.006780771102324741 -0.029223640143860887 4.940384840572268
1.588899644783706 3.332160301872407 0.006396517743385359 -0.029310144331929792 4.927255744519991
4.398245285870939 1.3223547448248247 0.008397388504488464 -0.028800761557720742 4.996092413864464
5.540812316452415 6.417501215729374 0.009569136521783414 -0.028432932072290234 5.037032785632925
3.4561711190044266 6.208287784212359 0.008312436973408227 -0.02882539490732288 4.99314404892909
5.621612142779625 2.444506466697787 0.006944507685858481 -0.029185164262019364 4.945991397881497
5.491938615016811 6.449349729879387 0.008978195059258601 -0.028625024252878887 5.016319799297428
1.3989504540908362 2.098926494645747 0.0072906772375227035 -0.02910061898685779 4.957869611134008
5.523432528646955 3.142440279166767 0.005804900084492627 -0.029433027961952154 4.907113908988557
4.352235790653736 6.8848851942390015 0.00784806962242027 -0.028955272459461404 4.977070944381487
2.058117980255606 2.1909857022850243 0.008137209784334217 -0.028875349641618808 4.987070413249699
5.168901766919684 0.45929407916837417 0.00812429152358983 -0.02887898694967894 4.986623061196454
5.784657640992656 6.834016214869649 0.008433256797210046 -0.02879027925867185 4.997338034279565
1.3977433482135482 1.1895703318680917 0.005551231177504906 -0.029481923824843884 4.8985026029708845
5.294227915109437 4.229933531665279 0.004625241454222299 -0.029641308025965107 4.867181107490485
3.6606880666964114 1.6733277320408326 0.008051863077332404 -0.02889926471355095 4.984115944548433
2.4684021518447627 2.266743961813519 0.007190439511959966 -0.029125548572084353 4.954426567198874
3.209241435406298 1.4343962826490435 0.006042391580686984 -0.02938519191677405 4.915189304880316
5.338206397116697 2.3146295452760866 0.006842208303344178 -0.029209316759103557 4.942487666841439
2.472339608478317 6.943301196401918 0.007766144845422728 -0.0289773531268802 4.9742426685504615
2.8519754241897917 3.9764846133948706 0.00877931577420981 -0.028686645229735575 5.0093795552403675
6.84738762576785 2.0980299316641364 0.006289923793188424 -0.029333204030175124 4.923620418919315
4.431905083827206 6.49403924655545 0.007291691359107931 -0.029100364896741598 4.957904460083887
3.7488512137652834 4.583007426604917 0.005990372378230792 -0.02939584050116835 4.913419373773749
3.91702491085491 1.563972231603444 0.006902638439638932 -0.029195095180040414 4.944557034984133
0.6188045309041366 1.9087129952526063 0.0053607239158726784 -0.029517158384536116 4.892044651680679
2.5362339180826 3.1728579890297652 0.004564308495893749 -0.029650751895260802 4.8651257585294685
6.509494806421189 4.703465655354817 0.007343096547292374 -0.029087436000739954 4.959671331284323
1.113109316277682 6.619374192364682 0.007419831119312385 -0.029067956690501717 4.9623102792455365
3.68877899494428 5.4442016980847745 0.008143589605815101 -0.028873551017013135 4.9872913636533305
3.7731937194375647 0.5980754027438014 0.00855911726662525 -0.028753113076954946 5.001712481582837
3.3635171373868085 1.0174284148694188 0.0068916881382339685 -0.02919768200740129 4.944181978280067
1.4154168007792003 0.7637477884396121 0.007140096379568705 -0.029137931012521632 4.952698447964614
1.1110400987866147 1.7633977249315165 0.0056100010683034374 -0.029470797206957847 4.9004963997049895
1.4048962320103617 5.520577977120703 0.008374764228015965 -0.028807348439680178 4.995306959340427
1.7143765170683862 0.737370649357147 0.008181349211190658 -0.028862874511811014 4.988599362880725
0.40441760023289725 0.34122463346966847 0.008658737970014829 -0.028723270300692147 5.005178969826433
0.7076287368080497 4.037647798309077 0.006525111718965725 -0.029281784731382342 4.931645214918488
2.579374131530805 1.2755222254106175 0.007931642312873265 -0.028932491254999772 4.979958346727947
0.20838535609812867 0.7165200495517601 0.006160789703775762 -0.02936059723891615 4.919220162733488
1.287477602358158 2.685757014937239 0.005316650983181741 -0.029525128658873485 4.890551724265024
0.17159353098501412 2.53318453059994 0.006250192507065505 -0.029341695479720018 4.922266133513384
0.8439444055153665 1.3463579573900248 0.0061916371937718526 -0.029354107529623533 4.920270921219952
2.3113964447890796 5.9197654976727465 0.008536861777101376 -0.028759728632215317 5.0009385504832204
4.303289559036447 2.7644611848912155 0.006710335571775471 -0.029239893921048428 4.937975287417567
0.7958067567083259 3.20260305701221 0.008216568402696035 -0.028852868205497647 4.98981979895157
6.355868651374223 3.987250608968432 0.007504833962226247 -0.02904612654381674 4.9652356555936805
1.9056565674316033 1.8189990687592215 0.008563292282440215 -0.028751869944153196 5.001857686940296
2.5127059631585653 6.888790306456171 0.007719457581438479 -0.028989825364226875 4.972631851701877
1.2681651379238588 1.7089042853614609 0.005370705099945515 -0.02951534392022934 4.892382810613064
2.219671945857085 5.204565839817844 0.007302108193972551 -0.029097752764148624 4.95826243849185
1.256372358980483 2.1986167665016003 0.00652386851539702 -0.029282061737415474 4.931602758568932
0.49642094246403334 5.860442686395647 0.0074530661752054556 -0.02905945292995049 4.963453803530841
0.9482942722306121 1.0167433232525782 0.006549083261639537 -0.029276432645254317 4.932463940023476
1.470587697756949 6.0781108963659705 0.007486593413031795 -0.029050833362710075 4.964607720891953
5.942811882622551 2.135217613099742 0.006597068957323373 -0.02926565702615132 4.934103296773685
3.854393966128708 1.8084066203494344 0.005132134930116515 -0.02955776025105891 4.884305738105507
2.1473935532086648 3.859971880176592 0.00819566556232125 -0.028858812622673535 4.989095410434002
3.4090156441115136 2.1663890993601176 0.0070780357055991935 -0.029153068630081855 4.950569108927678
6.972374031277702 2.761511281242587 0.007141057263987769 -0.029137695536065433 4.952731425196292
6.478876876177285 3.5839151001552727 0.007327319029177348 -0.02909141446964474 4.959128951446953
2.358025273143676 5.462395291207023 0.00735489661255797 -0.02908445453878383 4.9600770277468
4.264040197114383 2.5103172126783124 0.005633354535683769 -0.029466342098660482 4.901288886969666
3.794328074846606 3.866545426081223 0.004816382186922742 -0.02961085042057207 4.873632857930993
3.969776941400121 1.531083486529242 0.006664762190596031 -0.0292503152964682 4.936416962611871
1.2275220471123738 3.787452772881065 0.00861426867763958 -0.02873663820194418 5.003631132920466
1.6194692445149887 3.104783695735945 0.007320323076203529 -0.029093175661312774 4.95888847702153
1.0177966677663242 1.1869463170554186 0.0068568713477132025 -0.029205878095357955 4.942989695263927
2.1783541608320656 4.21181071742067 0.005480460956623739 -0.029495161428663562 4.896102681489194
4.524525944605013 0.00511301948292581 0.007912346671625006 -0.028937774104931164 4.979291488181051
0.23091836633173404 5.014427294172509 0.007403335871813918 -0.029072162251355043 4.961742848447111
5.46059946822826 0.5726365164909053 0.008152868423747031 -0.028870932379559004 4.987612738694072
1.637081186320034 4.0778196056110625 0.005969849794010604 -0.02940001519450205 4.912721277517001
3.6229828978980962 0.16483801845345078 0.008670310327387685 -0.02871977922663742 5.005581885664347
4.157488282273027 6.460632245685788 0.009283565493459461 -0.02852745014417953 5.027005864302039
1.8277953092133226 0.8920443896887603 0.008073789244233492 -0.028893146717512433 4.9848747350299565
6.840825652747589 0.48546829120686663 0.0062131444418491765 -0.029349562793076128 4.921003660655044
0.5327515138756668 6.716125405846282 0.009386036387145632 -0.028493899714485873 5.030599984175833
1.78503800430128 1.4021179862968243 0.007767663331741282 -0.028976946118677203 4.974295071438184