300

5.002983341833784 4.646411384853205 0.008098004290387812 -0.028886369216515606 4.98571292290139
2.8591556720693796 1.146132302752365 0.006434209936385771 -0.02930189315546889 4.9285419031119915
1.4252093379295774 4.282779216260185 0.007163576155113002 -0.029132167387098 4.953504342408536
2.7759898865123733 3.934114446690453 0.008175889599684093 -0.028864421512543387 4.988410211062909
6.5473951515049595 6.804687067843839 0.00941209801802911 -0.028485301664174324 5.031514761092164
5.260029192078717 3.6249625713698417 0.006973653567664997 -0.029178213720483185 4.946990170755554
6.29215754639014 4.63648155014403 0.007523797899783791 -0.029041220104589423 4.965888601130979
6.0242448891841756 4.816488480057435 0.00845324224497143 -0.028784417582223727 4.998032278385232
2.70203972627154 0.6578032520269359 0.00950954837446226 -0.02845291706861991 5.034937778652228
6.728035615882099 5.842548984355091 0.0072230381651201955 -0.029117481341373208 4.95554596808872
6.553767598021688 4.280173814503507 0.006279621019396236 -0.029335411363278288 4.9232691996646185
0.5528542634321668 0.7608488928277253 0.008184474589958454 -0.028861988422254004 4.988707648240132
2.5126859850310046 2.027262501040712 0.008354997347292486 -0.02881308763959072 4.994620852768069
5.3817255258877275 6.062211365762729 0.0076276757392769665 -0.029014109719521734 4.969467177945583
3.0450538480496396 6.643910582707755 0.009306621585053541 -0.028519936792928125 5.027814177936602
2.9763132494109543 6.322871119223999 0.010090415905873689 -0.028252141632918577 5.05542438879496
6.6801124883654115 3.847870466330011 0.008018413667759893 -0.028908563476116922 4.98295868239599
1.254957031831835 3.6460327960971064 0.007850184118339414 -0.028954699261228248 4.977143971387212
0.43268368282507025 5.263944550779609 0.007275317676845455 -0.029104462762624222 4.957341837274439
5.421513739664634 4.4507494849748515 0.006017359244009664 -0.029390328132372585 4.914337510284782
6.893051709724528 1.684514172056239 0.005315713071895596 -0.02952529753511856 4.890519957812298
0.20728684484835583 1.702372782600833 0.0061893713860373565 -0.02935458536320522 4.920193733068702
2.1887332739630114 6.009674122220762 0.008263866093277984 -0.02883935708701514 4.99145945419959
1.9127060967784781 1.871545518468062 0.006952390980485744 -0.02918328733461089 4.946261519646377
6.8337581496709365 1.4272666297172427 0.007958108440991011 -0.028925222731059956 4.9808732161359615
4.447500816422796 4.114780132967835 0.008308559713428329 -0.028826512718128007 4.993009543059857
3.1049541345765426 6.467580428084076 0.008505251136770765 -0.028769092844586872 4.999839600901504
4.697766019707738 3.9101137935625396 0.006642199996933349 -0.029255447000528612 4.9356456815736145
5.956660441427537 5.527576590089221 0.008783685144115897 -0.028685307655471254 5.00953187252008
6.15288816837318 5.364277320040578 0.00790919336116333 -0.028938636118098757 4.979182521144346
2.37485707413255 3.7298058993217786 0.0061145265896285425 -0.02937026667541045 4.917644735385917
4.176731633311411 6.767138950083887 0.008394425717384893 -0.028801625247115954 4.995989543575043
6.320072278953615 4.343297596070517 0.007351377447102289 -0.02908534424121942 4.959956031438571
6.8457026999712225 5.676985765373669 0.008301220318152641 -0.02882862711315767 4.992754946669751
2.296101169773998 5.9645366934865605 0.010605665201761193 -0.02806278435273577 5.073722731909981
6.800932982543996 4.273490675211033 0.006735795018719895 -0.029234039499627624 4.938846083816792
1.3801216868886566 4.450012796871404 0.006805195713427979 -0.029217962134651713 4.941220704365487
3.008932755966988 3.5822680358423753 0.0071655211945124845 -0.02913168903464048 4.9535711089948276
6.019793999098858 1.1674096022945524 0.005910971790626857 -0.02941190936492246 4.9107190310625715
6.5509173897411905 0.02075466519089604 0.00900206244161931 -0.028617527352956036 5.017153702759383
4.3884798839022 2.521099842646815 0.006926877750119456 -0.029189353617970027 4.945387369416911
2.296475813697256 6.864309351617552 0.010551279819249004 -0.028083277838883206 5.071785450348995
6.837200071828957 3.758672623220332 0.008068524138463144 -0.02889461746116459 4.984692512864742
4.9920181274957285 0.4771057747551055 0.006597041939899537 -0.029265663116410098 4.934102373595333
0.8877145643117237 4.097509810438657 0.006192554470600339 -0.029353914034224594 4.920302169993254
1.5070589402187755 1.671624044041924 0.008908437440430964 -0.028646810335008117 5.013883782192916
0.3958065388614264 3.907233713303582 0.005619748875328468 -0.029468939963599713 4.90082717169021
2.0562208972443923 2.733018400870745 0.009104598116249961 -0.028585071158588667 5.020738699507127
2.352320467604388 5.58366610093649 0.008499861154465636 -0.028770685781795435 4.999652252864441
6.557650236662184 1.2895591824531314 0.00667390897029012 -0.029248229673884213 4.936729680804236
2.176724845901237 6.665842696460238 0.010073831809905023 -0.02825805925157893 5.054837447137242
5.264960744031391 1.6593877237670667 0.006165325075246081 -0.02935964520760668 4.919374636600501
2.094316983292091 3.2583682011071895 0.007597520868740598 -0.029022020547319772 4.968428002256781
1.1657053564931545 6.372957915441424 0.010989323446345334 -0.027914776914594975 5.087430089954785
6.740664718275692 0.2701231458999832 0.006989796466544785 -0.029174350812936317 4.947543459153316
2.7985676792421965 4.1650939460030045 0.007566191735264376 -0.02903020397147111 4.967348659279162
4.756327909744871 4.075923440041298 0.00720876345106173 -0.029121018689369994 4.95505575238038
6.393513314275689 0.561464176289727 0.008469284613668065 -0.028779701494850242 4.998589652268079
4.928574892493792 6.367549395825163 0.005710983614748769 -0.029451394978032383 4.903924053830943
1.1726381601955371 0.25497297136368774 0.01050899710091084 -0.02809912774327786 5.070280256332575
6.042053132688865 3.0005855758867432 0.0059890397027071145 -0.029396112046313164 4.913374038469657
1.6639375370706122 2.6284605340043123 0.0066496912920881125 -0.029253745157157698 4.935901753990189
0.6457934357413072 3.8591226575754805 0.006333502656576518 -0.02932382553656903 4.925106305800801
6.713422479951092 4.368039026398746 0.008147226381225527 -0.02887252504186398 4.987417321143565
6.7336243890848495 0.37800904031203986 0.00881126462104058 -0.028676848079557112 5.010493463814764
6.277898219142608 1.0933994756620535 0.007448334029229116 -0.029060666203461812 4.963290963328982
1.541783076576518 5.436702898953547 0.00983125971066539 -0.028343364876130137 5.046266263004492
3.179327816091464 1.3120580453209025 0.006453909474382515 -0.02929756052125288 4.929214248535665
4.60449474181259 6.2094045582586554 0.008694026670508627 -0.028712608732967555 5.0064077730291405
6.678187365276127 5.939655901147958 0.0067250285552757725 -0.02923651810545718 4.938477814254694
2.247037621234742 3.103958283100237 0.008533573927569815 -0.028760704372853954 5.0008242311237785
3.1858351697540734 3.8065518068212327 0.006980891807048489 -0.02917648281713002 4.947238248109249
3.723491245741838 0.22550777947456827 0.008733344439145786 -0.028700674119386833 5.0077774129639225
5.67082268460153 5.345558078480537 0.00875994945595432 -0.028692564986928678 5.008704526168096
3.7166075542399706 5.025174066582543 0.00947978139494151 -0.028462848499475956 5.033891777548331
6.168143127850017 5.081382765765343 0.0076317919473331735 -0.029013027275219323 4.969609049775298
0.3509996041439502 4.067961851004368 0.0074869718192874385 -0.02905073584226733 4.964620746573043
3.083768810728866 6.427332735836206 0.010565399725433347 -0.02807796874137823 5.072288284838847
1.8516696103107555 5.95020338609125 0.008428228556625499 -0.02879175165559196 4.9971633881098505
6.915704372571798 1.9191128719951953 0.007829644115862384 -0.028960260237417438 4.976434655459388
5.741398400111264 6.468192776175482 0.008731014906391768 -0.028701382870941337 5.0076962474839775
6.154848401572691 0.06278623442561332 0.007850450541111284 -0.028954627027498823 4.9771531727642255
2.6585951665710983 1.5063046908278126 0.007858887199734547 -0.02895233828176661 4.977444559422756
6.377925243853325 4.43880454946174 0.006285910746978448 -0.029334064261213804 4.923483611928958
3.507047527438267 3.2685601287845305 0.006769597315252128 -0.0292262305504718 4.940002503133236
1.5461522057497483 0.6970449216355478 0.008221531180287367 -0.02885145447029599 4.989991806085489
0.4748534439632944 3.3995860344568802 0.0059666276168195845 -0.029400669293099535 4.9126116809292775
3.38847457223583 0.1291324185461513 0.007298440543721588 -0.029098672918704743 4.9581363946600145
2.780642468681979 3.1016209699137836 0.007825791537514181 -0.0289613015386286 4.976301628026274
6.36643568624847 5.144219438291296 0.008258834450047431 -0.028840798420409753 4.991284987152006
6.822006272593024 4.995264361333091 0.00770469816470348 -0.028993751502536108 4.972122762155706
3.1233052693508476 6.035958363319658 0.00769830009749585 -0.02899545094681052 4.971902098069586
1.3161555494822446 2.2284426410945604 0.007980478491183954 -0.02891905882029618 4.981646673718207
5.7953852847462946 1.5849852746313517 0.005540043385056876 -0.029484028206669583 4.898123136789865
6.763972004971751 1.330169401270639 0.006098624850456072 -0.029373572730149795 4.91710334282646
2.7380663248765553 4.619090593096007 0.0065129030257959075 -0.029284502628123606 4.931228296122935
5.249971377417448 3.6580036894831904 0.008159448629343915 -0.02886907338424802 4.987840664046048
2.245372577861809 6.542000265274489 0.010862906287116402 -0.0279642140421884 5.082905421867904
5.513029214773251 0.21059276221952328 0.006571474491248269 -0.029271414776379928 4.933228826505324
2.0539627142812944 3.7652277458457 0.0068606751056883705 -0.02920498479873235 4.943119936721811
4.150755519654572 3.6438758889174454 0.006775205300779217 -0.029224931020146023 4.940194389328795
3.879577257832364 4.7218098699835584 0.0070997790705125815 -0.029147780998729757 4.9513150110558195
4.284716381960002 1.0080839898781504 0.008062272711602097 -0.028896362378745113 4.984476166754882
3.9328862256860537 0.6483021774688772 0.007279108868149957 -0.029103514806387572 4.957472100906933
5.129303717304673 5.122434731585985 0.008101475043489825 -0.02888539600074251 4.985833076858423
5.7054830749859144 0.43991690690887714 0.007755530800276757 -0.02898019568612259 4.973876398918819
6.8954571732958385 0.3477559950203973 0.007403656628714351 -0.029072080567515184 4.9617538815910605
6.246005038447386 6.486540836940533 0.008340637291212665 -0.028817247779349655 4.9941225021796765
2.3847058696985712 5.398570245476431 0.008629204096823233 -0.02873215683959993 5.004150907829148
6.215669082135711 3.4788731922375993 0.0074596388714887815 -0.029057766395698303 4.963679991099055
5.5169434330013445 4.030150736094671 0.006740696675473486 -0.02923290967949069 4.939013756555354
3.381266121337793 2.7200204648363684 0.00614310513333349 -0.02936430246610349 4.918617877501959
4.45086323669282 6.222041760567217 0.007505617405428125 -0.029045924109302054 4.96526262806902
1.7073426439003137 4.160714491279668 0.005868553924175939 -0.0294204023568516 4.909277039141485
4.656804404136509 4.4285859895746125 0.006702599256594548 -0.029241668269876432 4.937710714624161
5.531931831912397 6.385090136999056 0.008622111435624635 -0.028734286042838626 5.003904062511888
2.8588608431282934 1.2511341968661216 0.005787873027309667 -0.029436380990531787 4.90653544023845
3.672042555027322 6.266507406085059 0.009626169508889499 -0.02841367383120539 5.039039342297611
4.259741503852394 4.27025425186463 0.007081620130462654 -0.029152198138868123 4.950692062652362
3.48636980777248 5.866696891895347 0.008538983648496049 -0.028759098703727087 5.0010123305476615
1.747435836911934 3.8901573698055394 0.006059544750685864 -0.029381659541530925 4.915773075121059
3.6513615454743755 6.00519056457744 0.009643317168104097 -0.028407858666139353 5.039642904290412
6.344618106549195 3.4258514804650733 0.007971165465397901 -0.02892162722122059 4.981324650369491
3.223930208675749 6.451023844683005 0.008025417133164015 -0.028906620000247647 4.983200953195762
5.990462519995869 3.7047994774406012 0.006967163837189723 -0.02917976401662213 4.946767759674836
3.778456371715954 0.7566959363732786 0.006163171760744043 -0.029360097306507127 4.919301294504337
6.428605416571317 3.9423366380937686 0.006399122383053755 -0.029309575785512493 4.927344610166619
5.338149100273029 5.68420254531397 0.006845775811578373 -0.02920848084953424 4.942609804558908
6.315576125012603 6.306383224223309 0.006860714227610326 -0.029204975608397025 4.943121276285189
0.20173333559003023 4.535952616978046 0.007153303047109846 -0.029134691615258414 4.953151719731679
5.493938934915475 6.230914413941466 0.00790020807830849 -0.028941090378896042 4.978872039968071
6.0210861208136714 2.423188873251584 0.007813995441165872 -0.028964486448846957 4.975894344963062
6.23690270775714 2.81089128598379 0.00591211745875878 -0.02941167909443185 4.91075798373995
5.735618696120568 6.566826364826296 0.0073744518610268745 -0.029079502398586487 4.960749445813306
5.702578478414075 5.217854155918159 0.006341543484447876 -0.02932208768547793 4.92538052193554
6.575004947126747 0.7917905332408993 0.008473736531250692 -0.02877839101129435 4.998744345287944
1.4062949000099487 2.401410670497769 0.007726050092866814 -0.028988069096828658 4.972859266355727
2.777690240618167 6.636360091822307 0.008888828099737513 -0.02865290098774148 5.0131993340700465
6.231812591299511 6.159191158253075 0.007237305373796052 -0.02911393843035364 4.956035985623799
5.3839981258337 2.716128454655409 0.006717001375695251 -0.029238363369363 4.938203262880577
6.714459592808373 6.152307938083662 0.007841560279579211 -0.02895703597369257 4.976846144404081
2.1072276446105676 3.89811492636155 0.005938610234678969 -0.029406341297083628 4.911658822426879
3.2189687616118583 4.577851608962159 0.00899073565294474 -0.02862108789719336 5.016757928386532
6.395597974994916 2.4771405779852045 0.006439578424796108 -0.029300713808897223 4.928725119821056
4.939348354229884 4.64554207196094 0.007683390071603945 -0.028999405459553443 4.971387913657819
5.007297452878339 5.030388860858176 0.007243839333550696 -0.02911231340360473 4.9562604190888235
2.450916776221384 5.3481165276784965 0.009196058406199826 -0.02855577892108288 5.023939919360059
2.739783446732447 3.052697524591419 0.008761863753233758 -0.028691980474860365 5.008771244385112
6.798825133147347 0.2894876282647268 0.007373499524128453 -0.02907974389102623 4.960716696527196
6.633851149128773 0.7731860881733603 0.006759364402492593 -0.0292285988866096 4.939652389626668
6.400829696716655 4.412271696815881 0.00763714033000366 -0.02901161987169678 4.969793398424306
2.823118391598757 4.190539576989811 0.009149919776636298 -0.028570596215009583 5.022324601762142
5.357440047664432 0.5486002945263408 0.008311374271163933 -0.028825701339683554 4.993107182249587
4.411304193917885 1.6105513067208006 0.008312231142246112 -0.02882545426247215 4.9931369083174575
0.46604470565215317 0.34088494356162347 0.006348391219714709 -0.029320605875756543 4.925614062887357
5.121552949129364 3.3779597852586742 0.009161800516251475 -0.028566788606709262 5.022740467468317
2.42569334382553 3.131869306328185 0.007655980407391502 -0.029006653788426498 4.970442851623689
3.3629987690172403 1.8311370358703172 0.005789672489427147 -0.029436027117550532 4.906596571154434
4.814920712948667 4.372848373660118 0.006566937318176922 -0.029272433008876036 4.933073825656083
2.571401205391358 2.407198700967951 0.007129148047081788 -0.029140611663497903 4.95232272366351
5.689565746383059 4.371995004248646 0.007173614618676171 -0.029129697102831593 4.953848940493465
6.1908033454347065 1.1081360510479223 0.007975457780442775 -0.028920443862298775 4.98147306535383
4.6331736929925835 3.8404371541926405 0.0073201083964352055 -0.029093229677442805 4.95888109798627
5.765045567135422 4.0597511414969025 0.006705084811880678 -0.029241098434660197 4.937795715913419
3.6187623349030944 3.4071884246119306 0.006501448981504886 -0.029287047668566546 4.930837183233248
4.511142670942925 2.3371515386751986 0.006656567531702255 -0.02925218126389701 4.9361368152909195
2.7866155683337426 5.347725090662538 0.007850287158706164 -0.028954671324776818 4.977147530064011
2.018915255272191 6.531752361060762 0.01011066475443728 -0.028244901455366764 5.056141199678848
6.343005611637187 4.454866505961905 0.006426781878284843 -0.029303523247025252 4.928288409202482
6.767787833152263 4.217580550467043 0.008221413663086673 -0.028851487957823108 4.9899877329066955
4.664791799802081 3.605301981768526 0.008244954878240354 -0.028844769353485573 4.99080377245395
2.3330545962325258 4.215452208378174 0.007040715497026689 -0.029162104267180862 4.949289160618403
2.080009561887072 0.1419331292899952 0.009281763700922827 -0.028528036430855722 5.026942704993647
5.113917107934245 3.083816476598934 0.008769306771179312 -0.028689706494715986 5.009030665754433
3.4953531688209782 2.905060630565967 0.0070591568838752105 -0.02915764572267173 4.949921583982258
2.5265960448759226 6.100496656393287 0.00830465835225684 -0.02882763690718146 4.992874206360213
1.6736412246534766 2.0878108698877047 0.007973742486621494 -0.028920916838112983 4.981413755067902
4.612758123749247 3.6000217867538713 0.00740626437193857 -0.029071416340676514 4.961843581845126
2.4479723387039427 1.4175964776469943 0.007657376367664047 -0.029006285304463583 4.970490977448517
3.479740684417188 5.882326365847269 0.00850972007565005 -0.02876777127679651 4.999994942661558
5.014804433285017 5.170214298758193 0.007121286431593063 -0.02914253385619048 4.9520529504599216
2.2210424495167724 1.8990496777250199 0.009534273834756687 -0.0284446413660618 5.0358069006117026
6.145471614504719 3.724439858741156 0.007116916715969049 -0.029143601295275098 4.951903010320488
4.062707100044412 2.1023043178736827 0.007423560535651075 -0.029067004471969998 4.962438581260675
1.9776800158990129 5.355832089923599 0.010220109059853077 -0.02820548476457565 5.060018734470629
2.3182352315868626 3.4890166767023114 0.006119086313705616 -0.029369317027902107 4.9177999875610405
5.93369270656081 5.1890664863152125 0.008467593414773359 -0.02878019912651903 4.9985308891751625
4.722152109558121 4.318117109627839 0.007544110955917039 -0.029035949956645338 4.966588120590468
6.740139957317805 3.566214995688953 0.006224326690162732 -0.02934719334543131 4.921384678241498
5.50084940047489 2.650987392652268 0.0058674367074765124 -0.02942062518852645 4.909239065069791
1.16270177377852 3.972900065612613 0.006940206857287256 -0.029186187294301783 4.945844036943338
6.5177459786243945 1.62451375339875 0.0060336280401180175 -0.029386992576197746 4.914891084197195
5.581934753248125 4.400251310963592 0.0068258497898157034 -0.02921314386790427 4.941927659168862
3.231826240123926 4.989097370167139 0.007687228945347991 -0.02899838807833642 4.971520293650376
2.0859612143460997 0.013943306760423883 0.00925038034983793 -0.028538228105180818 5.02584281355424
5.968462187917045 3.2091572568212987 0.007554352363726345 -0.029033287109190068 4.966940851510335
2.2296853108602295 4.607836918642415 0.007331624157896806 -0.029090329788562793 4.959276940434443
0.17599933476850224 3.3734039402861145 0.006086184708136682 -0.029376152840330252 4.916679846647961
6.576987297644183 2.3935598245458656 0.006266331834813659 -0.02933825293598787 4.922816213320096
5.618424846213106 1.4009443008230598 0.0075374344693704244 -0.0290376838198219 4.966358188826842
0.3169850292893112 3.715410878754791 0.007906152870093237 -0.028939466940403658 4.9790774558119795
3.631922921284761 5.392236616702335 0.008558160918079436 -0.02875339774183666 5.001679221051738
2.846076859778325 4.761304587129374 0.008670960267406711 -0.028719583006044047 5.00560451613912
6.807240560916588 6.012154336442658 0.007245821747446342 -0.02911182005997278 4.956328515040689
5.501949644898687 4.954214226001202 0.007665819128424097 -0.02900405518354782 4.970782055233251
5.491590691689273 1.5118873739074838 0.006136976147848185 -0.029365584001697333 4.918409159732126
0.21064640990274083 3.2109031266410755 0.007836819029857469 -0.028958319486690934 4.976682414088573
1.092559237619068 2.4202011562366503 0.007263051982120501 -0.02910752610417133 4.9569204225527566
6.9569439201087055 2.2449201760872755 0.007940383871078146 -0.028930093397359122 4.980260495627478
2.7094659470621325 1.679042981713242 0.007358829402601308 -0.029083459729258666 4.960212249718804
1.8596942844320625 6.510435973233894 0.009389879110230604 -0.02849263361458984 5.030734848427251
2.053178302965402 3.958979376939511 0.008630597789165272 -0.02873173823146897 5.004199414542452
5.8575365439423965 3.2411670024245676 0.006370889421110345 -0.0293157256090308 4.926381443783191
3.8928509821808333 1.5250555768564569 0.008027062724682668 -0.028906163080111656 4.983257881488452
1.0125052635015968 3.011535157805859 0.007787516687511609 -0.028971616866197304 4.974980277557919
5.645602858375906 4.431828895916891 0.007984300536348559 -0.028918003820202806 4.981778839668017
5.043588780801293 2.2488429071397684 0.007727223701029903 -0.028987756275266317 4.9728997524775
2.455321629443714 4.069058522855516 0.006362214932412157 -0.029317609403800165 4.92608555446927
5.817129388073948 6.323620760224408 0.006626412476482999 -0.029259026943688853 4.935106070807146
1.7107362404389084 4.77098038274094 0.008423569402819776 -0.028793115123513093 4.997001569421846
2.9655310340148557 1.5060617168762789 0.006210740723403855 -0.02935007154448951 4.920921761731104
6.210343758388095 5.934255876363683 0.007780893418123839 -0.028973396376948925 4.974751672230619
6.330450642137677 5.100488217497315 0.007787960373340349 -0.02897149760062949 4.974995592089519
2.243167958915764 3.11693094673714 0.008422193565413984 -0.02879351759592251 4.996953786200617
3.4940818779011504 1.2341544706181349 0.006559834372390232 -0.029274025568869197 4.932831182602195
1.250878262649914 0.9856993574148132 0.006780793680723829 -0.029223634904978122 4.940385613179684
3.4300493772480185 4.229510091394354 0.007771732070743019 -0.028975855131826298 4.974435487049069
3.440501484699694 1.2656612780696013 0.006792560084012004 -0.029220902236328825 4.940788265119616
6.208980812764934 3.884951583034322 0.008100339173563608 -0.028885714553620285 4.985793753746399
3.3393934182140796 4.928692925655141 0.006609419350279639 -0.029262870259975336 4.934525326622909
2.250424819760911 1.6903908043295424 0.007323348380437146 -0.02909241427758701 4.958992465113223
6.874075296430647 3.978467344194436 0.00836351962245536 -0.028810615049401564 4.994916643378636
3.092953422346 2.27065712312232 0.007567825634100427 -0.029029778076517434 4.967404942411812
3.737310636751577 1.6528347204937073 0.00714278206052175 -0.029137272769356584 4.952790620304712
6.232891547653123 2.9807581564335806 0.0071548720919987 -0.02913430633028935 4.953205574952939
3.0310638643955703 5.994968226668734 0.008867724913515456 -0.028659439193016622 5.012462906794462
1.5026896792111069 3.4670680846531137 0.00791212035617295 -0.028937835984562385 4.979283667427137
0.3072608556639781 4.059983709825902 0.0070983335407269026 -0.029148133061048548 4.951265418222129
1.0365813349855009 3.2246236202890595 0.0056317030238932555 -0.02946665778554927 4.901232839872341
3.1403049145314395 4.0975350958320345 0.006309897946167611 -0.029328913854913714 4.924301408727641
0.23062492181790514 1.7105087830829706 0.0061717331627457175 -0.02935829882278373 4.919592903352854
0.5763923918711935 5.738644071913232 0.009951750599502816 -0.028301283716561255 5.050520529209782
4.6127867854905835 3.8723640947106768 0.008096261715463208 -0.02888685767325212 4.985652598248678
2.3528401955253906 1.3045135938414494 0.008347383025936463 -0.028815294491264663 4.9943565968222945
1.4845110479033934 6.348694604901659 0.008617631536415553 -0.028735629916578756 5.003748158361856
1.7646289124345744 3.358828978820537 0.006886492900196548 -0.029198907779839 4.94400404877964
5.4364614031952945 3.696296461603041 0.0069877072641473074 -0.029174851279665213 4.947471848837436
0.3333155985866221 4.948753613170435 0.004399776444477784 -0.02967561233131708 4.859579097049857
4.182963446328354 6.452370269145855 0.0062157209312450655 -0.029349017245980862 4.921091447766505
5.785096916567809 1.3687934520151133 0.007358510397485956 -0.02908354044352391 4.960201281124432
1.3999338021196754 0.20149189335294984 0.010319339741698021 -0.028169331324960693 5.063539121276177
1.6657071281600484 2.4022267507449326 0.008289361977304394 -0.02883203908864616 4.992343631939548
1.192166356810143 2.807082513496447 0.006506843894611332 -0.0292858495272232 4.931021395158881
6.237906740517726 2.552083094771018 0.008214211398041417 -0.02885353931683748 4.9897381094216025
5.946339098096838 3.5549703795607943 0.006951873006061311 -0.02918341072780212 4.946243770675077
6.14932350533861 0.28909785048151987 0.008508988691495151 -0.028767987615542515 4.999969519023495
6.525409910903903 2.521426439179341 0.007559200241995137 -0.029032025277293705 4.967107831693797
5.173343250108056 2.1160352293453593 0.006074341657740627 -0.029378604007424123 4.916276711621248
5.436475181546767 5.802209267641184 0.007643325742143781 -0.029009990892785234 4.970006609055145
0.40252440535701994 3.0643752029713185 0.007591596973688524 -0.02902357068641078 4.968223890457569
4.986652411201969 2.49397794249199 0.008089903945109566 -0.02888863884226636 4.985432512893764
6.092574999283974 4.470874796771056 0.008179185932194409 -0.02886348761821054 4.9885244134498095
4.930562089511422 4.306396115317055 0.00853588702888186 -0.028760017952535535 5.000904657836702
5.675774919958411 3.137357085565952 0.005959818346680209 -0.029402050358343618 4.912380083814407
0.07565358767361981 0.6911616993966169 0.0072502350012003764 -0.02911072126257556 4.9564801145293185
2.1361583021129653 4.555920163803797 0.008441883094074154 -0.028787751038001994 4.997637672761643
5.560926171124997 4.976644900106689 0.008181712816311273 -0.02886277144335602 4.988611960578494
4.112465271891063 5.756466609366505 0.008334151232460956 -0.028819124262101883 4.993897433928689
6.729404438049984 3.6081691485243623 0.005750112707894462 -0.029443780393259802 4.905252824384446
0.25993715426298275 1.6509396117672013 0.007522470669391953 -0.02904156392187132 4.965842899795761
6.100582675292379 3.500287993990982 0.008341225089618447 -0.028817077645110368 4.994142899691106
6.91784844164469 6.958414061581919 0.008365557523727307 -0.028810023382795258 4.994987378494613
6.078786976673313 3.9878779673686684 0.00789962759940309 -0.028941248829149526 4.978851982765361
5.166390971055043 0.6084354041687697 0.008777528574217448 -0.02868719212695443 5.009317255067532
5.7762508546593505 2.806360478359247 0.006522037095553112 -0.02928246970670727 4.93154021491672
6.222948481615205 0.8482064082738038 0.007295722819698263 -0.029099354435075254 4.9580429989163814
3.7109075109655656 3.909018988389575 0.007450603092731213 -0.029060084541421827 4.963369044340389
1.7035279209964802 3.6041381737208704 0.0071951449904846905 -0.029124386492523805 4.954588128873038
6.850866450933815 5.618084796340255 0.006170583450169481 -0.029358540493091518 4.919553742097259
1.2390494496752695 3.9572861967355073 0.006574799744141739 -0.02927066805394837 4.933342428643448
4.702446632555967 4.527041135747753 0.008092724729945844 -0.02888784876804299 4.985530157626101
4.339300571337868 5.3725890603912685 0.008755026071483039 -0.028694067653221498 5.008532939712063
0.10415477525823152 0.22880033606655562 0.007812110702079164 -0.028964994845130907 4.975829274845259
2.1209802347874414 4.30875504272332 0.006933085633348636 -0.029187879738012054 4.945600051068606
1.5141664180351257 5.6267333948228835 0.009910258486560398 -0.028315839679048146 5.049054820497442
1.8237002113603717 3.3279145488182587 0.007576309373276485 -0.02902756511112158 4.967697196195739
5.939633344004287 5.5487459999310005 0.006371510785162653 -0.029315590567385058 4.9264026394203615
6.417254619403865 4.887090297566057 0.006241965015986802 -0.029343446844895316 4.921985739168278
5.834149359044725 2.9736830829380816 0.006628912900117501 -0.029258460550115342 4.9351915298294
6.826977256867671 5.954902016722738 0.007483309260696354 -0.029051679512702464 4.964494674065941
2.4246238770830786 1.8121483037261015 0.006355293253617099 -0.029319110621922502 4.925849467636314
4.89639967169123 6.7615536196453 0.008198565249767966 -0.028857988977842808 4.989195890272242
3.350397348168163 2.3739001446081063 0.0071437746397304295 -0.029137029428147686 4.95282468606513
6.300926146394215 5.824451425948563 0.006407915241736984 -0.029307654669978537 4.927644619517076
1.5407718162722879 1.9748122505552161 0.009205541816057684 -0.02855272316037147 5.024272038376494
2.061631167878763 1.2676785706286533 0.008013723149444065 -0.028909864082767047 4.98279643245238
6.631123147471841 2.674547781303684 0.007027278563354572 -0.02916534512041675 4.948828419283903
4.644372680829942 2.269572053165018 0.008062440991956514 -0.02889631542690554 4.984481990342257
5.2503133967789255 1.4773012848646325 0.0077209670507571776 -0.02898942337821023 4.972683920997396
6.6001142984930965 3.1878609190904066 0.006498109128476783 -0.02928778888469402 4.9307231461066925