300

4.14559642417834 0.7686809959187171 0.009442047022789713 -0.02847538846125594 5.032566328477842
2.009881623904708 4.270823462123769 0.009450962127490338 -0.02847243078602077 5.0328794257920375
0.5606438592635661 0.40290239079874274 0.010694602681588915 -0.028029011282650538 5.076893869659799
1.931997674730745 0.05990866637839033 0.008178488083432328 -0.028863685361872195 4.988500235970608
5.64014489686 2.9121594128244803 0.008737260871282002 -0.02869948209405815 5.007913873642377
4.410534797794237 6.749539258322187 0.008760767726501438 -0.028692315153056064 5.008733044849151
5.390201051155796 0.7463723373507968 0.009991328322372275 -0.028287335653160436 5.051919316346034
5.1254424753360235 0.9272976335116442 0.009413734668580776 -0.02848476083082953 5.031572217604569
1.8275694812446535 3.7751591623269256 0.008766158272289108 -0.028690668677205437 5.008920924440347
5.811910090227723 1.9482296956601963 0.007202590613796886 -0.02912254605026911 4.9548437860534795
5.676204954870287 0.39655343519511166 0.008027338021164052 -0.028906086630569244 4.98326740529985
6.674264229802618 3.8767296455934943 0.007146513431783571 -0.029136357798622274 4.952918684103736
1.618041680007967 5.139027132539187 0.008306422429837845 -0.028827128653701996 4.99293540087079
4.4526957757605645 2.1643618790825547 0.007477787044604444 -0.029053101399257635 4.964304596210432
2.1739796766406694 2.7619916285852026 0.0062999355767020555 -0.02933105541451592 4.9239617437229075
2.0886075757340907 2.4362707371185213 0.006888821857471832 -0.029198358402759878 4.944083811324235
5.793324218851697 6.962312135692984 0.008146563559571258 -0.02887271206814257 4.987394364387738
0.3748201329419634 6.7612066497791785 0.009658976552740287 -0.02840253812520306 5.04019419015089
6.472818451531194 1.3563580868259133 0.008105461121396934 -0.028884277730445725 4.985971075834126
4.559451604094133 0.5718130717650789 0.008440262014296521 -0.028788226363046805 4.997581361784378
6.046641048040595 4.810154133121363 0.0064962643296189535 -0.029288198130983073 4.930660157877174
6.357940494973454 4.827117415041395 0.007913116847227564 -0.028937563507699177 4.979318103165404
1.2700839208224688 2.1150444463810327 0.00791240624355675 -0.028937757816336153 4.9792935468034
1.0320742502630655 4.987100616954751 0.007633529273157776 -0.029012570221127312 4.969668931134527
5.97458557357317 4.549573020832152 0.007870125215385593 -0.028949285467765033 4.977832735600977
3.593240748453068 0.2385114269625086 0.00792371297561008 -0.028934663859809195 4.97968429360756
2.219512627934735 2.581282157456533 0.009114313134710748 -0.028581975020674114 5.021078581275263
3.858141751784968 0.03756937263266599 0.008624648746303825 -0.028733524566312427 5.003992366230113
5.026885247943562 1.6296885850838172 0.009293903958988345 -0.0285240836697886 5.027368289804898
5.232195878300501 1.468862838411489 0.008614039792314636 -0.02873670681300173 5.003623167999514
1.5394411202869884 6.85768870061255 0.009829513955961057 -0.02834397035331442 5.046204670597769
3.275714378487517 2.8777362093019945 0.007436437188154915 -0.029063712803883583 4.9628816052898514
5.4351476213583085 0.4581151128204061 0.0085747322169186 -0.02874846026151902 5.002255595414439
5.905022706340386 1.7752418832993466 0.008592743709052515 -0.028743081872870526 5.002882174242418
1.4146258897014252 2.0801852389027227 0.006189117412127221 -0.02935463891208515 4.920185081143446
5.912876778501443 0.3875702199433323 0.010453974124701625 -0.02811964482350495 5.068322797778146
0.520058227789067 0.5710906953935019 0.009885542182395365 -0.028324478031555706 5.048182074595045
2.1693690201593374 6.709683533212562 0.009616630739865796 -0.02841690365280968 5.038703650866821
5.162975764437855 4.29032407129179 0.007090447607216195 -0.02915005236237702 4.950994880351857
5.679200907269487 3.1385583323172463 0.007612505470356745 -0.02901809367384061 4.968944355523286
3.548870456238969 5.647997004261482 0.007896668915587515 -0.028942056251026704 4.978749753502229
1.414851558762137 2.9792071811533285 0.007944348619042925 -0.028929004908899145 4.980397544011384
5.96849618659661 6.877756214384177 0.009275321963839588 -0.02853013148352308 5.026716909553963
4.093482192329335 3.587898072149242 0.008323660134551096 -0.02882215609499894 4.993533420578221
2.8372354150274504E-4 0.21138680388492048 0.008994562681098063 -0.028619885432611326 5.016891644776209
0.6292173087554243 4.787609170805934 0.007655867087629653 -0.029006683697667835 4.970438944944061
6.517362265470429 0.02352885317525594 0.007872808763105142 -0.028948555787458117 4.977925435005979
1.1956480097178952 5.854205984178592 0.009267174953658672 -0.028532778840804858 5.0264313647025265
1.46107846142542 1.6969709794197632 0.007677172210263549 -0.02900105216804999 4.971173506338604
5.695904869710813 4.411572294688319 0.009297585001014526 -0.028522884025794268 5.027497342835051
1.2784735846494804 2.7760155175695043 0.006805425682115009 -0.02921790857137467 4.941228575171013
4.385400593917831 4.775608654186054 0.008268149005338024 -0.02883812948208548 4.991607966636831
1.24962844248322 6.383817856874676 0.009507803101689503 -0.028453500315066747 5.0348764403057835
0.26043483440544335 2.481545702758125 0.007448124482728826 -0.029060719910039657 4.963283752678504
5.8871543379624285 3.3931839821203598 0.0077668415546709065 -0.028977166394674223 4.974266711860763
1.9613056685084194 0.292563047153746 0.010108725726269146 -0.02824559548303176 5.056072549967039
3.9060761167892744 0.20037628420720976 0.007314916061630197 -0.029094535621166127 4.958702629720146
5.5211130225446885 3.679689539449056 0.008861736310233872 -0.02866129148464672 5.0122539560993475
4.008005331250236 2.4717094895367087 0.008199480152766433 -0.028857729037891897 4.989227594044796
0.26265934349030545 3.3619977109394275 0.00983685970641148 -0.028341421825949 5.0464638467321095
5.187042359844183 6.123590077566699 0.007825924336102926 -0.028961265654069607 4.976306213409663
0.7829616139531919 5.743863564849255 0.009303108276429387 -0.028521083015850417 5.0276909925997515
6.756858327369708 6.972845411875638 0.009652296020288977 -0.02840480912691922 5.039958990559863
5.825970570029585 0.48211726945666783 0.007949248267828847 -0.028927658943931497 4.980566915988541
5.8598625945833485 3.4960059302090163 0.008241588000098374 -0.028845731525420436 4.990687050356313
5.417750741810565 4.21520664165698 0.009399430831534966 -0.028489484025569677 5.031070101717598
0.6599869309335452 1.5518593289559448 0.007077872881840261 -0.02915310816136952 4.950563523798696
2.315903547028387 4.432159565151836 0.009610388250772086 -0.028419015423997745 5.03848398382633
3.686273304417698 2.314013229745115 0.007132600478904985 -0.029139766821447356 4.952441200307242
5.748809412602116 2.0415145202060225 0.008603197597749735 -0.02873995461190002 5.003245895062377
1.4136713600113413 6.232392276240346 0.008845183110012082 -0.028666404304522688 5.011676462113801
2.3324812487334845 6.9296522172545565 0.009663317819486563 -0.02840106140128558 5.040347041969225
2.873001143345913 3.349240814468181 0.00861373498981314 -0.028736798178037662 5.003612561285984
4.765283094731909 1.4547125388034627 0.008223014196921584 -0.028851031827600654 4.990043208259954
2.839266687833901 1.1421746743454526 0.009912317138188523 -0.028315119087723682 5.04912752460389
5.272409372622281 1.1933664031071547 0.008062877863411632 -0.028896193530631446 4.984497108961019
6.445259860394498 0.17685330698973584 0.008987163655055306 -0.02862220972317219 5.016633127823557
2.2002218875654624 2.5418897614698417 0.006836633553613312 -0.02921062206892569 4.942296815915341
0.9655552709636583 2.064783640571941 0.007629288308055605 -0.029013685734710887 4.969522757130199
6.0710295480753995 5.045143364968134 0.0070408166217489744 -0.029162079852076795 4.949292628295622
4.821108967866622 2.5725645072633507 0.007498237695600862 -0.0290478300645723 4.965008565996685
5.2595422880435985 3.174600370239564 0.007563638549578906 -0.0290308692927257 4.967260711001933
1.7725327541267095 4.620093899638201 0.008630940171481844 -0.028731635382558733 5.004211331083199
5.50440712762992 0.5564088892921027 0.009516791135767573 -0.028450495364372403 5.035192341988821
2.650537093755671 6.390999679723247 0.008455168397736868 -0.028783851850749782 4.998099195552751
0.64530690080065 3.806566821425454 0.008982913112463445 -0.02862354401561645 5.016484626238498
6.585698643123302 6.5125890920072385 0.010206607950370771 -0.02821037316568904 5.059540106307559
2.5450246422041642 3.2540177164467186 0.007850781715994307 -0.028954537234219604 4.9771646105007985
1.9445726120757163 6.228948252851047 0.009568232696911356 -0.028433236239615012 5.037000997844199
5.456146464756744 1.2518733541486033 0.007977280706217619 -0.028919941088014132 4.981536098329001
5.909494960830206 1.1017337614480074 0.008414560336929349 -0.028795749240750367 4.996688694149295
2.230329595460928 2.1480569004155656 0.007611896717135218 -0.02901825336521249 4.968923377179452
0.4446690624265444 5.3458888885968845 0.009816556688677605 -0.028348460536296832 5.045747563119591
4.926771855340477 4.704634366909508 0.007143364826203569 -0.0291371299025789 4.952810621047923
5.922729085391985 4.4572043597255435 0.006893618119631928 -0.02919722639602403 4.944248079296406
1.8877714325196868 0.7426066721933214 0.009719395548583464 -0.028381919423643213 5.0423222010768
4.404389758746146 6.783592536218846 0.009129825732907503 -0.028577023674391633 5.021621368873718
1.3641453561703465 2.656976409160392 0.008232643569044589 -0.02884828556197177 4.990376985935991
4.607202217315542 3.319658668692456 0.009844555692282033 -0.02833874949996131 5.046735405044063
1.2220439194222608 6.894399092206787 0.00880948437995941 -0.02867739501696852 5.010431385022176
3.3064196423996295 6.769955899091866 0.008559798018318614 -0.028752910424608993 5.001736157422405
3.0212089735699257 0.8443476859747845 0.007042950573231788 -0.029161564553758325 4.9493658045006965
3.4155667053692267 4.126176747133568 0.010562331019935964 -0.028079123266678014 5.0721789947960545
3.0976366634062 3.7750161583156316 0.009389882639757041 -0.028492632451417844 5.030734972302304
4.243664870122229 1.2372249425289499 0.008013703468013436 -0.028909869538390334 4.982795751666448
4.815290475350391 3.553042914752885 0.008798901227427427 -0.028680643946570935 5.010062364302391
6.055763874498379 3.4741528563686597 0.008326684936169206 -0.02882128237906448 4.9936383692660655
5.308412619897162 2.585931983589871 0.009179224680216702 -0.02856119455257606 5.023350471969136
1.498744689100896 1.5121629927431977 0.00683373352678826 -0.029211300657191727 4.942197537196417
5.352053730857316 6.599569172791608 0.00838880798213828 -0.02880326197913724 4.995794499873049
4.653086873419234 0.15040019679594363 0.007308982811813073 -0.02909602670909932 4.95849870490626
2.5325185583934093 5.84358805168328 0.009853658399940988 -0.028335585685446352 5.0470566336054885
3.5476748800272677 2.3306570690430157 0.007889054158288377 -0.028944132816299623 4.978486659407492
0.8602093699832412 0.2854651330321526 0.009523481976509674 -0.02844825637966403 5.035427526083591
3.793214864528188 0.5495531843281483 0.008955434626997409 -0.028632153091263948 5.015524774739178
4.594779033184457 2.4841021399430274 0.0072521376756379515 -0.029110247321752394 4.956545474982198
1.9927605828868142 4.37066132988686 0.007913837351592897 -0.028937366472651466 4.9793430018345015
2.785382629005251 2.3804299455496416 0.007481144712146828 -0.029052236984368648 4.964420167950725
3.4059320062479443 0.3939503918148031 0.00856996838477036 -0.02874988072817062 5.002089892124385
2.582066191696081 1.9757444327172764 0.0066136063562186485 -0.029261924252601438 4.93466841148008
0.8856640139457187 0.01092776688473861 0.008334591253781689 -0.028818997009479454 4.993912702341712
2.7611567150601917 2.1183144242062677 0.007890482489797904 -0.0289437434703632 4.978536007616508
5.4714418412057775 6.543660538904662 0.00925760037340746 -0.028535886797614787 5.026095818740332
2.355008401767873 2.5700045433013123 0.00802719129106882 -0.028906127377713343 4.98326232920658
5.122837951015356 6.824068442520261 0.008794327334094932 -0.028682046766937513 5.009902891541755
2.935410464627573 3.882255904614333 0.009236391911838523 -0.028542758529107235 5.025352687558031
5.539829503290991 0.05573362737466001 0.008580463881443874 -0.028746750069864192 5.002454974266112
4.4035252701985685 1.7847873248316346 0.009647062006620829 -0.028406587169887428 5.0397747312740675
5.369497742224432 2.4032608381417515 0.009518246522857295 -0.028450008490861912 5.035243497496797
6.31453306508532 0.6499612303545814 0.010307490908282214 -0.02817366911099226 5.063118524817009
4.563805515992407 2.3328279763027733 0.009057345197655935 -0.02860007863573978 5.019086070878565
5.175606135045675 5.5490533751095965 0.007539852811096566 -0.029037055973135415 4.966441472599903
5.386699821031847 5.93511619391738 0.007521367920334574 -0.029041849538329372 4.965804928575009
4.799323786443378 2.66697713873949 0.009820496962085819 -0.02834709578453608 5.045886560729195
4.787976884214309 1.323815613156156 0.008798156179880792 -0.028680872508248863 5.010036387041237
5.708717853144097 3.911483471418676 0.00883463760079706 -0.0286696560576262 5.011308613013967
0.5221983279731239 5.516097604143571 0.008031187118209684 -0.028905017444594335 4.983400566466775
1.9067820499201766 2.7546052265105536 0.007986419218323937 -0.028917418765671082 4.98185210556216
5.2932171093580624 2.2585763733408992 0.008872157962997859 -0.028658067155333655 5.012617590755995
4.544714855839293 5.843617911225299 0.0077698579384588625 -0.02897635773550858 4.974370808508224
5.772287697891361 2.250290861803073 0.009451985453452914 -0.028472091089129972 5.032915366947702
1.260869015360069 0.023446299835584727 0.010653956991119208 -0.028044486096760305 5.075444140812823
2.361088832781278 0.6996831237361217 0.009406486647770274 -0.028487155157111064 5.0313177757222585
5.538392735524449 5.600057465888562 0.008867366787209062 -0.028659550001022376 5.0124504108900005
4.07802159709896 0.7670538450651146 0.009195673981856856 -0.028555902717641423 5.0239264571634665
4.131440828804975 1.148125981247562 0.00740238612302536 -0.02907240409195018 4.961710179915958
1.5633635363475886 1.461955712596723 0.008164727523935737 -0.028867580855691497 4.988023525164227
1.8994838622794235 6.1793155859455124 0.009196422155401764 -0.02855566177730146 5.023952657585447
5.950118275837178 3.4136111029363834 0.008498799501343421 -0.02877099940975226 4.99961535255057
5.764504982731996 3.892288479455237 0.009039584599522204 -0.028605697164517437 5.018465133663236
5.5169440244418055 0.5275326064361411 0.007582218561375304 -0.029026022147161944 4.96790077321337
1.9584576263624238 0.31085303701750255 0.009416642397992812 -0.0284837997105078 5.031674299503141
4.461394299342449 3.660251850247605 0.007877438045732094 -0.02894729641668894 4.978085352597338
3.5582353035489223 4.734015555182688 0.009037635284514758 -0.028606313087570265 5.018396990103934
6.618057207240662 3.464650271680148 0.00932209505394819 -0.028514882847473787 5.0283567751995575
4.256038722196006 6.498219653938201 0.008939829199516662 -0.028637029417931413 5.01497978958623
1.5895330724803305 6.259851920834111 0.009674543618318364 -0.028397239404161376 5.040742328395982
2.526987188717907 4.958075659606317 0.009725143355493866 -0.028379950435388247 5.042524724598489
3.94224312797165 0.4911534046773611 0.009731048201546503 -0.02837792629666901 5.042732796019455
1.6997734763566674 5.525375636617042 0.009113188944093223 -0.028582333481877525 5.021039249368805
4.818110076216637 0.4906193844158698 0.009381316476067911 -0.02849545404403756 5.030434342323254
5.311011465254245 4.224683458861563 0.006658715829400287 -0.029251692318621396 4.9362102565031165
3.7762997629512 6.963552018694945 0.007928637083642217 -0.028933314949999997 4.9798544778138005
4.893371864262474 0.17809378977295795 0.009610082138433075 -0.028419118939414175 5.038473212454523
2.7667295970974464 6.530759545214616 0.007364942122824481 -0.029081912377411593 4.960422433887812
3.6614267055011185 5.461234511689507 0.008562507876872056 -0.02875210355536624 5.001830405153651
1.903816770694313 1.4628686836424596 0.008638669275436175 -0.028729312437815756 5.004480352190608
1.1118509539145858 2.639977482438922 0.00724551693705066 -0.029111895924431166 4.956318044723207
5.454046108761018 0.5688876828431294 0.00855720785902783 -0.028753681393125858 5.001646075252443
5.888993736416015 0.3338067241535306 0.01009091102235698 -0.028251964794308984 5.055441913768439
3.8112880533543514 6.728763656993829 0.008448585572826798 -0.028785784717784275 4.997870504691604
1.479573796653575 0.33876679734078785 0.009472766242991973 -0.0284651839921268 5.033645320693703
1.1704548716226808 3.2492625225749516 0.007716270910525462 -0.028990673728552404 4.9725219295397824
4.260781718493506 6.20704986974642 0.009002212165429912 -0.02861748025470771 5.017158934655624
2.6508414252273824 6.029019609728074 0.00778829186204274 -0.028971408489606415 4.9750070339975885
1.6401063029825989 2.214746360345353 0.00813292080765531 -0.02887655795167435 4.986921882167358
0.7748251487264917 5.198063964989447 0.009404861808812075 -0.028487691629143067 5.031260738659435
3.760840223287795 6.723878872511464 0.008172678908648324 -0.028865330752585093 4.9882989793008985
1.5717478928052806 4.534926290415055 0.008369480097672927 -0.028808884096657696 4.995123534284827
2.592299005117214 1.9961897349189466 0.008933372674877323 -0.02863904419934009 5.014754336820205
4.141598995606195 1.287783818775147 0.009186024052179996 -0.028559008423136308 5.023588544370036
1.3283037995170481 5.010931411504371 0.008981860362451329 -0.028623874378382562 5.016447847287009
5.2841994861386885 6.845151349145073 0.009536559635908291 -0.028443875093080488 5.035887261334486
3.1981699460134907 5.222688669669252 0.007833060089146979 -0.028959336484799036 4.97655261115915
1.0802448480516023 1.4664875416190781 0.008836866731037602 -0.028668969049791115 5.011386366194663
1.4994757174715705 6.621612500391925 0.009136479007676512 -0.028574897223652203 5.021854196559451
5.029016552510072 1.2981993657376332 0.007471620491820778 -0.02905468787005298 4.964092350904319
3.8568419442580764 0.4386565408342109 0.008049077982913764 -0.028900040547116413 4.984019573341066
5.857614274354367 6.681624837083372 0.009160805052516563 -0.02856710784783414 5.022705620773218
4.652105729101577 5.775527316461309 0.008919176939132202 -0.028643468413033574 5.0142586974075085
0.2774154219148541 0.08664926790827938 0.009151888021037594 -0.028569965797151185 5.0223934930831655
5.666523182477534 4.749036579557085 0.007971803052835506 -0.02892145148651434 4.981346695787951
4.708382731524523 0.5176643873931488 0.008547417205620357 -0.0287565933155001 5.001305591630604
2.3568427475076823 1.1070841262615556 0.009927536812289375 -0.02830978652057693 5.049665085720181
1.1769224378553622 3.1212715053359994 0.006843961615015527 -0.029208905994785116 4.942547693031493
5.120976759899583 6.333919998279243 0.009282800714051936 -0.028527699011718363 5.026979055874796
1.3615803302325458 0.7264450540140064 0.010260465272692473 -0.028190829224907017 5.0614498991371235
6.301197714861594 6.4904174727820125 0.00889914122658123 -0.028649699569617867 5.013559287253045
5.731420964678296 5.51961657174622 0.00828275744678047 -0.028833937106781005 4.992114570335781
4.741253332059011 4.518231604450792 0.008527844675786394 -0.028762403675382582 5.000625032855157
6.439059399279281 6.832044551477324 0.009668610431660084 -0.0283992600664312 5.040533400497538
2.7387590031904154 1.5046596570014619 0.007665864272648414 -0.029004043251818056 4.970783611713312
1.9845328671642937 0.8818403327876162 0.009708536527432574 -0.02838563577754614 5.041939622648683
5.8580399788542294 2.1074857116464547 0.006958234430388566 -0.029181894619982354 4.9464617571745615
4.620197190502747 1.0700901758725405 0.007338495039383108 -0.029088597260042457 4.959513138721449
4.6167144926033545 4.629645196470596 0.0079721518105143 -0.028921355353961432 4.981358754596915
6.33593942984764 6.328364101003705 0.009284463158857236 -0.028527158005168033 5.027037331187074
0.22193259885299074 5.5384445447094235 0.008743753606485983 -0.028697504645335686 5.008140113225503
6.11559327341163 5.371977587551353 0.006741004330824342 -0.029232838736800902 4.939024280848951
1.8397398230076796 4.797379737914415 0.00886322152715578 -0.0286608322307738 5.012305776123635
0.965237243911622 2.6221432551798234 0.008513177818121111 -0.02876674822493934 5.000115139805702
1.2057884755637018 0.08356120150656202 0.008885196663465274 -0.028654027295505 5.013072597691874
4.984141451843611 6.359197861567086 0.009642942785546067 -0.028407985751099724 5.039629725482216
3.038458842581839 4.646930495331989 0.006866723823678894 -0.02920356320604252 4.9433270542816725
0.14480857002319136 6.130422920626422 0.010397050003338668 -0.02814074183862386 5.066299203369534
4.759640794887931 0.5466198259353703 0.00929243396377066 -0.028524562591369592 5.027316755007363
4.201710689547858 5.375168648730548 0.007744099647680506 -0.028983252416642177 4.9734819726787585
1.6035262615747634 0.19226865340549415 0.009983479893628152 -0.02829010656066043 5.05164187613712
4.8937836636591685 2.4270777458785857 0.008431913592713124 -0.028790672676494024 4.997291379806113
0.8172461181728635 0.8818139826757135 0.008256321276466666 -0.028841517972876596 4.9911978487104065
2.108484610658663 4.628008229210276 0.010284574099792833 -0.028182042785892408 5.062305233441394
5.277628984260466 2.035193492295673 0.009358905319699098 -0.028502822513163637 5.029647962223097
5.432864316925002 1.211918538097394 0.007386022461331625 -0.029076565687864594 4.961147361302877
1.3901530853232547 6.24013017627591 0.007988946384472772 -0.028916720693502217 4.981939499138717
2.6487166181833923 4.358929810302197 0.009328248898947629 -0.028512870295347017 5.02857259450284
0.3481262202039402 4.094546245635046 0.010436373348446689 -0.028126181954396718 5.067696945988291
2.5758489950416132 0.35297557796429446 0.007860972679385339 -0.028951772113878577 4.977516591602704
2.6052295146871547 4.393118369173892 0.007313331299054741 -0.029094934014537072 4.958648160669818
5.355329774074256 0.008338149036971599 0.009879316298194466 -0.028326650163410235 5.047962277236221
2.4653556420707465 1.0468388684367178 0.00969571355351612 -0.028390018293198822 5.041487915877241
1.36254829991664 4.804288872371742 0.010308981852862581 -0.028173123596032974 5.06317144511676
5.985856096774656 0.09204344784752545 0.008853253495416035 -0.028663912896635443 5.011958001995128
2.2331406932213715 5.391075080867726 0.00846728732263445 -0.02878028918193759 4.998520253680297
2.896389461255748 4.778397250915239 0.008360333251987666 -0.028811539839371816 4.994806048053952
5.37832541073011 6.103790936531959 0.008857338728367891 -0.02866265079595665 5.012100526949767
2.140068919576171 2.1078617398437793 0.008133719953560294 -0.028876332864771023 4.986949556830691
0.6493900038341036 6.590361091062254 0.008248658790555096 -0.02884371037430861 4.990932183267587
6.433424530286181 0.17794654654658332 0.010120131532938354 -0.02824151089718868 5.056476387488381
0.18304998869532083 6.346992436804503 0.008649667727974581 -0.028726002997208556 5.004863204580184
2.2929302404001253 0.22215149496228392 0.009122121654260795 -0.028579483839370968 5.021351790519995
6.37702867237805 4.833609562363571 0.00898144726055577 -0.02862400400198853 5.016433415244906
6.590545594593551 1.8225313999248225 0.00800934618260868 -0.02891107700738822 4.982645035164667
3.7510683792502095 6.993918436763445 0.008268749103772158 -0.028837957421753487 4.991628775899954
1.4687448921703514 4.4193844336096255 0.009851282873702235 -0.028336411659599756 5.046972799389344
0.6033705449480556 2.464762665384817 0.008581960235373972 -0.02874630338875696 5.0025070276478605
0.9203145813883098 6.484291141272621 0.008062798958342346 -0.028896215547323034 4.984494378323188
4.592297613615503 6.822039360216349 0.008078425730544595 -0.028891850714623232 4.985035208734454
6.42207654558818 1.0532065599476625 0.009673591996721687 -0.02839756359057872 5.040708817527157
3.259868906607433 2.555516594978378 0.007438812049399771 -0.029063105052518128 4.96296331838997
4.909641501912113 4.486563772667836 0.009182098380736647 -0.028560270820257874 5.023451089153894
0.5014809462217699 3.31191661093439 0.007130446475558177 -0.029140293976883624 4.952367281257869
0.7858791835471902 5.518332654177825 0.008662396389192015 -0.02872216720229365 5.005306340052208
0.34099676644069293 5.930574439596222 0.00940959245369869 -0.028486129429167742 5.031426802468667
5.3864078438612015 5.676409369596948 0.007921397036016638 -0.028935297976654513 4.9796042541702175
5.086307112395725 6.675872262471818 0.009300799706726084 -0.02852183592995661 5.0276100511000985
5.255956058863776 3.40141334489699 0.007380699624701886 -0.029077917274968737 4.960964302788943
5.692046081382357 5.64995607925617 0.006629088379460275 -0.029258420792266024 4.935197527392454
4.321733143983598 5.239750676656203 0.007998331983945964 -0.028914126054138085 4.982264087136944
4.503103770181356 1.9034100506011027 0.008478486594330018 -0.0287769919392171 4.998909405889578
6.557621222656065 6.1893211788500855 0.008506057927736801 -0.028768854313823235 4.999867644688459
4.1532576557897025 5.623110010892749 0.007031150616470514 -0.029164411892039006 4.948961183530098
5.215420841036627 0.587960707943683 0.00807808570759868 -0.02889194578599181 4.985023439935361
4.087160807383403 0.4323365803983074 0.008413849453050758 -0.028795956962417442 4.996664007126617
4.831919776285117 6.26295941497198 0.006834089916738682 -0.029211217280523085 4.942209737627449
6.218800732494113 3.8132831349957725 0.008029461552156041 -0.02890549683334379 4.98334086915826
1.27541039290553 0.6768917790856868 0.009040299337936286 -0.028605471292752874 5.018490119638294
4.66647139410485 1.0883264023418628 0.009645732276524158 -0.02840703872017673 5.039727921021225
3.224837493080539 1.869541671129503 0.008720599463273181 -0.02870454920393559 5.007333377563471
5.851837034111223 6.724347460869411 0.008237703898464007 -0.02884684097923429 4.990552402117904
6.42845185947458 4.780546696141971 0.009648267258957236 -0.028406177829826625 5.0398171602013075
5.228873592737069 6.618316700341075 0.009860196031524129 -0.02833331138818609 5.0472873644610985
6.056006048333472 3.0788019437599745 0.007071406714795057 -0.029154677276107023 4.950341729505869
5.209577436202336 0.10667003023965817 0.009875612967920892 -0.028327941480238775 5.047831543604193
4.275685274231109 3.7213219456550166 0.009492865457245215 -0.028458487405528785 5.03435150189827
4.919023976054031 5.928883723240242 0.006623529242486518 -0.02925967977223821 4.935007530215395
5.366174293967483 3.9712610664484496 0.006667395422141132 -0.029249715182969073 4.936506987574995
2.8631342534049686 0.03424981818489995 0.009709086842321968 -0.0283854475513114 5.04195900980345
0.8534639133940631 6.728633982193083 0.009226040665777755 -0.02854610610281926 5.024990051306142
5.904911992290788 1.7146068565848671 0.009941591451629817 -0.028304853990241335 5.0501615876470645
0.3792387961929846 0.07837667465359818 0.010129045752677163 -0.028238314966374543 5.056792047798182
3.8413400516868266 0.648806062805837 0.00836409743991936 -0.028810447306758954 4.994936699151311
3.5020125661356607 1.4998113084001974 0.008671238154511925 -0.028719499105446397 5.0056141920286015
6.234969211250926 3.347164422169504 0.009010931121978299 -0.028614736069287147 5.017463621667274
1.277219656342415 0.43428438035937617 0.009231470356025588 -0.028544350668141337 5.02518026489134
0.6267978535326154 1.7402789181413714 0.009111371953825685 -0.028582912747287297 5.020975679616664
0.9902168703468585 6.456544699825594 0.008866787412423709 -0.028659729255226477 5.012430195186215
5.00620594307706 1.6495193133163566 0.009233966923576071 -0.028543543137709848 5.025267728883526
5.529806872742899 1.0009550423086124 0.008593158194866375 -0.02874295795908975 5.0028965946413555
4.997344304520276 6.101446351703631 0.00745538528157283 -0.029058858035086427 4.963533609923272
5.877442570679356 2.0501142278188436 0.006933275525791617 -0.02918783463163136 4.945606556939927
1.5418421009674894 4.927350322043816 0.009796612755032616 -0.028355358903176173 5.045044120811129
3.9832196773543247 2.8685605764223254 0.008494666736322508 -0.028772219883749253 4.999471712168105
2.521520803799291 5.502816002535998 0.007371787308770482 -0.029080177989040067 4.96065781696539
5.36152687904131 1.9231446511435637 0.007216855621805386 -0.029119014319410195 4.955333642699927
0.6541656263501899 5.088621934352142 0.008106005761950663 -0.028884124888720837 4.98598993183599
1.1719527439188062 4.380797620637087 0.009808875735186516 -0.02835111914566459 5.045476628009061
5.791330171805698 5.801738192492254 0.007324740694614101 -0.02909206375898183 4.95904032372513
3.7873076180217997 5.3918633604342014 0.008082393538655523 -0.02889074098541433 4.985172544495552
4.374182014245449 4.594578137383532 0.009021031296798956 -0.02861155351151303 5.017816612391984
5.755652708563851 6.313300613948758 0.007653542504924352 -0.0290072971358125 4.970358806237127