300

5.589846643148259 2.3827481214335884 0.007703683106037356 -0.028994021221654554 4.972087752752229
3.385445845928495 5.867188909663389 0.008046811691222015 -0.028900671646278613 4.983941155909703
1.9769243219869566 2.0098962471868123 0.008097778131151357 -0.02888643261703748 4.985705093638163
3.302528785296121 1.6554899575394368 0.006619206409554972 -0.029260657998543136 4.934859792417277
0.17880471737214057 4.552861022202334 0.006734440163694526 -0.029234351637784237 4.9387997389457
5.830616304787231 1.356701965696647 0.007214167726242009 -0.029119680355691548 4.955241336525261
6.849283207607935 2.3648678136770775 0.006968421189147345 -0.029179463773870866 4.946810849756903
6.587086587301443 2.546294438258356 0.0070338129830324414 -0.029163769902393007 4.949052472731242
3.2622039812668535 5.387295806817394 0.0066438166825345665 -0.029255079898863296 4.93570094293209
0.340435546926692 3.5864901127973288 0.008483675991172165 -0.028775462492839434 4.999089742136896
0.11456253409267798 2.009460408545644 0.0077398076262329306 -0.028984398870925486 4.97333388934799
1.1590431364530387 5.503455561192844 0.006123313622485752 -0.029368435952237572 4.917943925950181
3.036435858332602 6.747773374188439 0.005549755177134156 -0.029482201706688606 4.898452538618801
5.9894544287648195 3.8038338642972067 0.008064636197600126 -0.028895702846623364 4.984557959505755
3.631600704536761 4.380851544184149 0.006888244401706834 -0.029198494636921854 4.944064034376167
3.552719812211687 4.057022195090732 0.006286548132197365 -0.02933392767055864 4.923505340479668
0.22028750068119707 1.5721982788235696 0.008253067339292893 -0.028842449263075713 4.991085029245094
1.7946851407112823 1.3702323050785454 0.0059070297064256864 -0.02941270133883327 4.9105850026636375
1.0586395833731477 3.0111202693063386 0.008531729175490142 -0.028761251663933025 5.000760090325859
5.991558364773438 2.1825227008232173 0.007696419888951583 -0.028995950077432373 4.971837253678507
0.5061109953764383 6.428280331199199 0.006784164600678652 -0.029222852541647925 4.940500963822583
0.8262765899828475 6.4476484755174726 0.006927223954028734 -0.029189271458718018 4.945399230056274
2.75505078178141 3.7411682318786603 0.008100029857452406 -0.028885801292475505 4.985783045489685
2.4490720517987317 6.594978222488638 0.00698384033180816 -0.029175777182790002 4.947339307597165
0.4560960138354519 6.173054719055784 0.007637718673441667 -0.02901146761998366 4.9698133333661705
5.023918108269252 1.8480143228716874 0.007531740294319237 -0.029039161285046234 4.96616209776774
3.685172023255923 4.2024610248056575 0.0048075970597205135 -0.029612278036506522 4.873336179002788
5.27944052377845 1.6448299012366634 0.009165260495164697 -0.02856567870812408 5.0228615887526455
6.539371736279753 3.2627943739657908 0.007589143765169587 -0.029024212253075665 4.968139366694791
6.747838962563645 3.102619892424112 0.009069400965524955 -0.028596257904252697 5.019507628216667
2.923665464650094 1.4563552812597622 0.00528077979089235 -0.029531565566358022 4.889336919124013
4.751500725495633 4.500277955110295 0.008865453445255387 -0.02866014192585252 5.012383650518874
6.873452664625455 2.0707600960786428 0.006687900325092553 -0.029245033582501266 4.937208072802107
0.46023483623768835 3.4213947779273766 0.009805936556689474 -0.02835213586744711 5.0453729592340055
2.852209429932402 3.693714575430844 0.005987245387257097 -0.029396477555529824 4.913312999639368
0.36089720893514554 2.0026523583326266 0.00721354500878497 -0.02911983462189017 4.955219951819113
1.9181271856112005 2.174105612002493 0.007916864753804879 -0.028936538363632268 4.979447622465088
3.5490252523314485 1.3071502733597054 0.004720126138140887 -0.029626346538850167 4.870383009220889
6.641880147155377 5.91272362078973 0.006805931877213943 -0.029217790663955464 4.941245900029124
0.1842671718756426 4.769241215538331 0.0065896332811147505 -0.029267332184885333 4.933849228896105
4.964494425639886 0.25450605830962714 0.00919973610621606 -0.028554594298921224 5.02406871207507
2.881748023117418 4.601083213671753 0.005036997416216315 -0.029574121407558843 4.881087933119713
0.39337593457022396 1.4869072050211805 0.008427434066028163 -0.028791984215450452 4.997135793839167
5.5762796760734705 5.212800375923814 0.008548037880687245 -0.028756408822909994 5.00132717544796
1.44561906783978 1.8262097357348064 0.008084986881421391 -0.028890015353530776 4.985262309425209
2.047074649570768 6.395944052043181 0.005472068691629441 -0.02949671955038541 4.895818158778665
0.9540526102580337 1.6359389958504178 0.007556680520939815 -0.02903268123175069 4.967021041586511
2.593976194914658 0.4570945671324241 0.006687565598096437 -0.029245110127526567 4.937196627215727
2.9136558115398494 3.314205521642789 0.007561120837570704 -0.02903152513526725 4.967173986641651
0.18255473640843786 6.036258632743496 0.008949893610931096 -0.028633885596492395 5.015331256340629
2.759681898048786 4.401570273186353 0.008040770589229387 -0.028902352989529825 4.983732132177512
5.88639085326127 6.404714627588693 0.007530698490897508 -0.02903943147238241 4.966126222125024
2.6287282166571386 0.9815567826059545 0.006017935885927602 -0.029390210065136736 4.914357130449401
1.7583209093572798 4.112038657570755 0.008004338171478049 -0.028912463928842513 4.982471818131016
0.38423696467617946 5.021767901664 0.007618433788691011 -0.029016537812208594 4.969148658304637
3.331372805240553 1.8880668528808862 0.006695050148858675 -0.02924339760534448 4.937452559569328
5.337386243146808 1.810285584348129 0.008546859268725901 -0.028756759147035224 5.001286189635396
0.03721063404859326 5.312747386936384 0.007443371235110408 -0.02906193773058381 4.963120193481427
5.53077879021696 4.108151787903883 0.009714106080784149 -0.02838373025258083 5.042135839507288
1.7565637065270412 4.991289999579513 0.007136427678292949 -0.029138829763607432 4.952572541815334
6.603841249181935 0.7304444298801407 0.007791130052966124 -0.02897064535866897 4.975105000525614
2.2027043855243242 0.35270110332513255 0.006442948576886768 -0.029299972928922523 4.928840140728645
1.1971261816661949 1.5861944163970603 0.007509268367777227 -0.02904498043691371 4.96538832631293
0.2720252553730922 2.097019167923112 0.008714592452698587 -0.028706373480176295 5.007124113880819
0.36507883735759067 5.126306561344449 0.006611867551025514 -0.0292623171927258 4.9346089897720935
6.9193387272673315 5.844655581860435 0.007032811053364113 -0.02916401153284094 4.949018117587138
2.1183881992149725 3.1709167201305544 0.007966765422872241 -0.02892283956835717 4.981172516803002
3.700481727138346 6.032091535688069 0.006375121340565799 -0.029314805608993258 4.926525802681539
5.198200252026029 3.947532439094002 0.007081423716373915 -0.02915224585086331 4.950685325118298
0.29844135654311355 3.6858034386573824 0.009611617725387406 -0.028418599625967118 5.038527246535859
2.7898714522240735 0.8293164252258017 0.006132818181645083 -0.02936645264840279 4.918267568653958
3.737976957801657 1.534141578541691 0.004684299365989331 -0.02963203232061196 4.869173837843746
4.255308494758091 4.948726907650168 0.007743900944731815 -0.02898330550779503 4.973475116899985
6.246186011434385 3.078716119795621 0.009267837690672916 -0.02853256358162271 5.026454592006038
4.26236768778969 2.7509664609932285 0.007167745446854999 -0.0291311418452674 4.953647461355599
6.757539504771714 2.817740881032887 0.007153706949013038 -0.029134592444165792 4.953165583018648
0.9256161647735024 1.8009366153952828 0.008476507546845822 -0.028777574946618863 4.998840634718479
3.6675397125748366 4.162769723987458 0.005382440367106103 -0.02951320612360756 4.892780423869608
2.430980860755955 3.6850969852785163 0.006807014624472789 -0.02921753842989196 4.94128295799647
0.5374123682623548 6.6651512483834905 0.00698514305770928 -0.029175465316997704 4.947383958776647
6.350083824917123 4.211267557421572 0.008641535281148893 -0.028728450497453893 5.004580112625541
6.784134791283141 4.8103028921596955 0.0074395941498377575 -0.029062904859729694 4.962990228905215
3.1834455370006904 6.2271312094712945 0.00710455588077512 -0.02914661705476201 4.9514788967948045
6.9363368335301345 2.1678868001297205 0.007188359204271047 -0.02912606207420378 4.954355142300405
4.034011246219418 0.9904981145869698 0.004368046141207697 -0.02968029940732203 4.858509943217725
2.095047421815165 5.424513360481755 0.006618277295891532 -0.02926086816269617 4.934828039531654
1.0277758111131203 1.1273805825272447 0.007385998011391869 -0.029076571898621666 4.961146520421687
3.932681743758669 4.855201294063642 0.005373376174149943 -0.029514857758272825 4.89247330917572
3.30415681137631 0.8222985504717046 0.003841310341417122 -0.029753055891133633 4.840785148554399
6.952429339064252 2.8802920569322374 0.00882501238706823 -0.028672620326159453 5.010972902112851
0.40971747913316403 2.731261343898113 0.007531346623445679 -0.029039263386620422 4.966148541240484
3.684480596118659 3.766679542691977 0.006663239763431955 -0.029250662143873243 4.936364914689586
1.8469901156025657 6.950678309364439 0.004961703373762745 -0.029586846733486 4.8785425386082055
6.430826791893594 6.3342562457625835 0.008333019603744836 -0.028819451491720036 4.99385816756233
0.3767109474230134 6.073251339090112 0.007064067403001102 -0.02915645643293878 4.950090000160602
3.2798522232178025 2.3438153549409044 0.007788144046865397 -0.028971448225887417 4.975001931895768
5.820079942322435 1.389698682942744 0.0075930119527246424 -0.02902320053828972 4.968272643523622
2.80432616793216 4.2724150818261135 0.007149207774661086 -0.029135696802972216 4.953011158717649
6.128116690083467 4.954886949505173 0.008288209543647689 -0.028832370394412374 4.992303661577695
2.5977258733502633 1.4902376271095268 0.005862663510912494 -0.02942157671773923 4.9090768278863095
4.741442751155314 1.3809270796427584 0.009298037727482044 -0.02852273644688252 5.027513215270613
4.437099755308405 2.45031480153805 0.00807373102558464 -0.028893162985843417 4.98487272006658
4.8201198407550185 5.731512933230587 0.00571933709467037 -0.02944977390740933 4.904207697772945
4.435557128828291 5.3642059381159 0.008042117006738157 -0.02890197837605469 4.983778717527666
5.705660684494485 2.855850770768158 0.008922747178157973 -0.02864235644626108 5.014383343915782
6.334919469750048 5.187624963178187 0.008794039614014763 -0.028682134984466187 5.009892860192179
0.5517004597197575 5.103471578380849 0.006801952449011052 -0.029218717338059048 4.9411097033831295
6.862100432003498 4.230967977831764 0.007610771382808818 -0.029018548532940412 4.968884597154039
2.953057338722879 3.1300891104445374 0.007853599381416143 -0.02895377310051697 4.97726192521792
6.758451577584192 1.2040682480193743 0.007928418217228485 -0.028933374925381925 4.979846913309448
6.073294649831778 1.7582284124686378 0.007208915236891293 -0.029120981115122416 4.955060964626872
3.899556104186548 0.44010542305128525 0.004006252526126377 -0.029731295644436787 4.846330867982047
5.06667826648226 3.9661994038604136 0.008833006295497265 -0.028670158698265096 5.011251713447538
2.2580678119026856 1.8876205939898805 0.006208922286357043 -0.029350456283369408 4.920859805319006
5.246541940526536 2.1652491512900998 0.0072003720818402 -0.029123094648114856 4.954767607581442
6.129612197141757 4.12466182943449 0.007480796110031866 -0.02905232674950721 4.964408168820448
3.371149069624515 5.968905645808993 0.0056239246443406865 -0.029468143334705994 4.90096887429141
4.247062954470243 4.000058974710192 0.00822877294230071 -0.028849389869875234 4.990242816692287
4.834257839334153 2.003108678646307 0.009263504880847364 -0.028533970584594726 5.026302740842111
4.054889137286417 3.5988695794050223 0.005384531558547112 -0.02951282466818468 4.892851280453121
2.288691849190156 1.6145675096852545 0.007013042801401241 -0.029168771497368795 4.948340342580385
4.233122073970368 3.740465477527634 0.0072471755300779145 -0.029111483075175675 4.956375018160864
6.879618575472452 1.1487072984206828 0.006629050544886016 -0.029258429364430114 4.9351962342752005
3.7962379426923683 4.184288921459042 0.004944096064372992 -0.029589794086918746 4.877947462286668
6.54947333060715 1.4337764240739443 0.007651401621973381 -0.02900786192085282 4.970285001976833
4.283173927918652 5.473516330521064 0.006783114697577167 -0.02922309625962849 4.940465036504338
6.965640083472686 1.6661060907635281 0.006714932181242258 -0.02923883865343008 4.938132493610484
5.9090273132352245 3.4163018671253242 0.007796530069590784 -0.028969192582361813 4.97529140134415
6.942135394461506 4.053694394519412 0.007168993025677691 -0.0291308348489669 4.953690287874481
0.7678886860789619 2.26679601188511 0.005836673342713929 -0.029426743691588653 4.908193534486329
6.091867609432446 3.9706767841902244 0.009155755401190636 -0.028568726661046137 5.022528861254216
6.5992310339177775 0.15722741754080116 0.008019588393077226 -0.028908237615005536 4.982999318518883
6.801290472592158 0.5418732481972723 0.007633899860343701 -0.029012472712994397 4.969681704487796
6.352170602321558 4.311819629034948 0.007959108360096466 -0.028924947607770052 4.980907785406873
6.279317619204319 2.9511979072036403 0.00955781631865881 -0.028436739391476992 5.03663467526289
0.22114707679962045 5.543982106084589 0.008480972824954245 -0.028776259311147228 4.998995803462909
1.9403907965581153 0.12470114679790043 0.007818595049431715 -0.028963245181660872 4.976053150016417
3.359549510960592 4.372043128349369 0.004952789324736821 -0.029588340235720774 4.878241262028779
6.8502030547589285 3.904710649152237 0.00743584365569803 -0.029063864662635892 4.96286118357325
5.95811614167723 0.44877097433988505 0.00766737547286587 -0.029003643794497526 4.9708357151600815
0.32431417370063526 3.8954216981069507 0.00969415494948833 -0.02839055053737618 5.04143301667283
2.6459457897513867 1.6220120599746088 0.0077223859777370354 -0.02898904542772753 4.972732867684288
3.776103521866311 2.3066607885101074 0.008024394966519046 -0.028906903767461915 4.983165592381258
6.963434752991424 0.20925606925820345 0.007024943435784065 -0.029165907661583827 4.948748354911619
5.50944754603368 2.37723820509678 0.009678801071204075 -0.02839578859310054 5.040892257111809
5.571901571834594 2.760494527898452 0.008233084062318857 -0.0288481598515883 4.990392255274374
3.0164924061859244 3.0792959407222638 0.006884814276828213 -0.029199303628230287 4.943946559917315
3.267309276499345 0.7745066379594097 0.005136336335482103 -0.029557030450449624 4.884447882070111
0.4516883833685938 5.04417723812626 0.007038355012434315 -0.029162674066671952 4.949208217847303
0.2652345700787768 5.521249330294151 0.008355066274995148 -0.028813067652376737 4.994623245004799
6.966672595668905 2.142819007815042 0.008825440378306907 -0.028672488593230794 5.010987828973981
3.3724548298024137 1.9173230363279934 0.006588053548811862 -0.029267687821862308 4.933795253265711
5.9799524737975185 5.29490522731468 0.009779123867040206 -0.02836139517712562 5.04442741106736
4.956768614801479 6.336890883352243 0.006060520580430002 -0.02938145827378526 4.915806287441314
1.0878614724783187 5.087064809264589 0.005701767332221717 -0.02945318063111706 4.903611131367567
5.69004159269438 1.109450273500325 0.009224303702623603 -0.02854666742724559 5.024929204265573
2.953566090221155 0.8536190773398081 0.006278864872377061 -0.029335573216053394 4.923243423822452
3.8744776877032607 6.549250475300306 0.004667754405621529 -0.029634643051820293 4.868615515318178
5.398896101375993 2.108065082192269 0.008736228068262422 -0.02869979649996327 5.00787788702217
3.096157129117161 0.12829498013243038 0.007567049267312629 -0.029029980457900128 4.9673781986978405
6.250831195769758 2.1015588873588626 0.009400931486446905 -0.02848898887618041 5.031122776169374
6.839337947832596 5.8611808331871496 0.009373799944293333 -0.028497927549286216 5.030170573740978
5.213371175048423 1.5749974290387145 0.006978886465628494 -0.02917696255095563 4.947169517243178
6.325443396191851 1.789204312690992 0.006410204024175459 -0.029307154149941693 4.927722715223038
4.165228205308125 1.1333472906835582 0.0053011828588128964 -0.02952790985317837 4.890027852017132
5.06129113634973 0.0641433584726025 0.008114461611626407 -0.028881750514008694 4.986282694632585
3.351368430424869 3.078214102126387 0.007834581685676908 -0.02895892487317953 4.9766051540530105
2.583608612942662 4.263105091927462 0.0058679345505838225 -0.029420525897918014 4.9092559866662615
6.884581878162204 2.179618887356949 0.009256843703963912 -0.028536132264909055 5.026069302438441
0.33772730322492406 1.949237298707784 0.0062317928953065874 -0.029345608825001503 4.921639094620593
5.254060315209961 1.342021901297039 0.008324164626648459 -0.028822010396022942 4.993550924243486
2.8778403712301355 1.9409891515800626 0.006894317707640669 -0.029197061210781337 4.944272040133583
2.6521207157888704 4.875181883652846 0.005197061982621529 -0.029546413432915846 4.886502775043556
5.69697772362207 0.819138262729393 0.008763580810974036 -0.02869145606917724 5.008831089449931
4.012301034636481 0.6249571286621298 0.0057772731300672325 -0.029438463193254553 4.906175357854374
3.1081300842459845 3.835881155521714 0.006413233476253363 -0.029306491369303543 4.9278260854211675
2.219606280471131 6.814034990485375 0.006896756750895493 -0.02919648517063274 4.944355578243684
5.20773220236101 1.337937407713768 0.00770317453717731 -0.028994156343128578 4.972070212319631
2.9874594003946977 6.1416372454444454 0.007851100161508815 -0.028954450888489597 4.977175608638561
4.044765487187724 3.613431716917125 0.007443343115639777 -0.029061944932554973 4.96311922591115
5.584456577203772 2.9021440785320154 0.00930852607875427 -0.028519315248461904 5.027880956291221
2.7603411733734533 6.623261098302739 0.006744471779727139 -0.029232038936968872 4.939142897325601
6.69941047812713 1.4521093171714976 0.009033688222191623 -0.028607559789402454 5.018259014395653
4.5873669760556 6.823192626944609 0.005793019683769017 -0.029435368571558006 4.90671028323138
2.5466546593305233 3.0881508829954702 0.006808205978697658 -0.029217260846144108 4.941323733501459
2.8518850334131174 1.2118762046866185 0.006980752575126313 -0.02917651613001229 4.9472334760521255
6.4998733814577685 2.919688693241891 0.009207330378099047 -0.028552146457114822 5.024334679690719
5.306384629351793 2.0533142572863756 0.007510222313462947 -0.029044733787768878 4.965421170188937
0.29582668040606114 1.2941909018452828 0.007942127334165796 -0.028929614816099722 4.980320760815152
6.068844100240172 0.3821268605318634 0.008517211895824132 -0.028765554079864895 5.000255376769452
1.71266772849635 1.6995522915467187 0.006611865974627388 -0.02926231754891544 4.934608935900826
0.13867556428615976 6.37007895000866 0.007948216268720344 -0.028927942514905016 4.9805312409948534
6.144537209462023 2.1303894058548853 0.009320159307398929 -0.02851551560965898 5.028288890471381
3.7864400560339755 2.717426634388281 0.006317878461474681 -0.029327195770240875 4.92457352071423
2.665737699968759 4.749291952879603 0.007767280039313538 -0.02897704886269272 4.974281843966018
6.517425400340011 0.9359305209663753 0.008686820056342975 -0.028714789870530437 5.006156791292093
2.768565143890303 2.332346202063695 0.005928385117204198 -0.029408404409319997 4.911311116515752
0.7415932843812302 1.1042372187156897 0.008497212698092636 -0.028771468095378328 4.999560200127702
0.14693017364943395 0.12611512537095654 0.008098164365191023 -0.028886324340669414 4.985718464439904
6.242840785298391 6.147224999792761 0.009124092929236225 -0.028578854564496832 5.0214207664570045
0.8781211115357682 1.4451114634606896 0.007897432766096618 -0.0289418478281015 4.978776146003606
4.188812224313099 3.1212552987736766 0.0074103923890995235 -0.029070364370602165 4.96198558015008
3.400682804265359 2.489382167147501 0.006672231976056944 -0.029248612282596984 4.936672344572855
0.4291415457921413 3.759164218774726 0.008260522544230063 -0.02884031496527503 4.991343519107548
6.068022753893653 2.6848923187353173 0.00806996786165672 -0.028894214277460938 4.984742478339032
6.117733621740749 6.258399158107282 0.007310873243013343 -0.029095551763535805 4.958563677579256
0.7702923645723033 0.9406466161652414 0.006502315151832708 -0.029286855373464846 4.930866758531556
1.6382297298118558 0.1460890530005953 0.005519846955643684 -0.029487815951444608 4.897438185219776
0.5604411355829527 6.986060650285247 0.008783523233735484 -0.028685357233306837 5.0095262281587765
3.225499515683382 6.397529294925739 0.007435345459159423 -0.02906399211916624 4.962844042169243
2.4181325835713516 4.240489858720742 0.005812069564995682 -0.029431613060986836 4.90735750107858
2.595181646079672 1.6840509083047663 0.00685636012770891 -0.029205998113386974 4.942972191289138
6.406056111535698 0.9674828646645084 0.006745733790478174 -0.02923174773474896 4.939186069717357
4.401993788528704 6.242444674737443 0.005731842745531271 -0.029447342473311586 4.904632358654205
1.5665828922264544 0.7393006474789227 0.007719444173825214 -0.0289898289344245 4.972631389208148
6.205065662737972 2.1611928645404093 0.009483381833456778 -0.028461649091380173 5.034018276284828
5.641422165670377 6.987799563988462 0.008835037238956326 -0.028669532904919377 5.01132255245631
3.001105396993516 1.795286009881168 0.004984503161012637 -0.0295830141844582 4.879313193998222
6.425926552143601 4.066054471731705 0.008280914340846874 -0.02883446648855422 4.992050649511966
2.2384833662671277 2.492629861369439 0.00502984920693009 -0.02957533798548285 4.8808462332183185
3.469389233243158 6.22213442856057 0.006228712903114479 -0.029346262718966024 4.921534139978383
6.825472607519004 3.6793426725849865 0.009246850054760815 -0.028539372173626558 5.025719111960082
6.903065865245851 2.8328836000552795 0.008116097959837788 -0.028881290724382745 4.98633935190602
2.775451626917489 0.839461448295608 0.005984857042176604 -0.029396963893992673 4.913231754350088
3.9970531830243936 5.950653308255434 0.0052983594164135684 -0.029528416610013167 4.88993223339111
1.8161120455993247 5.717543009584955 0.006358078251006272 -0.0293185067995299 4.925944457764138
3.98822911981728 1.9582899217267433 0.007875149437204543 -0.028947919119371897 4.978006292229217
3.9411907058219016 5.981083169925179 0.007792036344987644 -0.028970401612652723 4.975136283771907
6.753405580829918 1.6103797191703553 0.0077981402487281165 -0.02896875918401005 4.975346984225071
3.8859310567122134 2.654926873870104 0.006067742847474937 -0.02937996760952804 4.916052104042937
2.7773613324273887 6.4118991680465705 0.007097796722994226 -0.02914826378498473 4.951247001381237
0.44064714945961214 1.7096594481999916 0.008327867708763785 -0.02882094064088349 4.993679407676191
3.5978525731396407 6.987064521270032 0.006123300071991049 -0.029368438777510022 4.917943464553664
4.251251393456609 6.371297811708666 0.007323833720160827 -0.029092292100132557 4.959009147838079
6.787448703180945 0.7090703142654514 0.007161059491266254 -0.02913278611740637 4.953417955526068
3.596941585086597 3.726454627117956 0.007601401126331388 -0.029021004478077733 4.9685617050602895
2.0536729421112785 1.194065623484681 0.005669559604158722 -0.02945939737833908 4.902517723951276
0.8769301525629472 1.7916878741308089 0.005899674790861132 -0.029414177489130604 4.910334949773776
1.584676880992929 0.9510188335597554 0.008163933759546155 -0.028867805347302426 4.987996028530299
3.693637985119057 1.8254676635345484 0.005019767782731391 -0.029577050755737154 4.880505370429321
0.8868857328571136 6.466694186778316 0.00963285350717259 -0.028411408506255946 5.0392745904654035
1.1721052847560163 3.4781844872933814 0.007938580192590364 -0.028930588388862952 4.9801981500611445
5.198577574239138 1.6080044948115781 0.007912261244969973 -0.028937797462684444 4.979288536101176
2.887118880620859 6.02741900502362 0.0061038905116635655 -0.029372478966229996 4.9172826114255
2.0634433230423075 4.08337659934419 0.0070903123130969465 -0.029150085270934385 4.950990239055121
2.2930284164092596 1.0804252218091328 0.005940984863426883 -0.029405861641049264 4.911739575353244
5.993522056362495 1.4248219604935268 0.008775312391807009 -0.02868787012704495 5.009240002605495
0.9429746696620397 2.6922861336532713 0.006678768488172014 -0.02924712039639801 4.9368958313739775
4.7801407773650135 4.191361669590668 0.007406484489393497 -0.029071360262436525 4.9618511534634
6.432873487221833 6.121544300890839 0.008784789472002766 -0.02868496947763043 5.009570370778827
1.9807387526649696 4.937486556036321 0.005836660583895367 -0.029426746222244858 4.908193100907331
2.218632060413745 0.13003244822740748 0.007245523964407617 -0.029111894175425874 4.956318286114465
1.7429522610508041 0.5344576557341791 0.007481908409436524 -0.029052040316521713 4.964446455078804
6.8164265592278985 0.28654970890706233 0.007206547251648081 -0.02912156720902506 4.954979650010323
6.491622884878391 1.2804435492238848 0.0065131909920063055 -0.029284438582661065 4.931238129533082
6.775689575845234 5.035631389531932 0.007672985568169079 -0.02900216013456013 4.971029147365334
0.08557461827053273 0.2518258808259261 0.00944674705846957 -0.028473829563535995 5.032731389064526
5.774956434318681 6.855961683877693 0.007793084684002376 -0.028970119625365158 4.975172470502445
6.028660180371825 3.5398836187366736 0.007560077113925866 -0.02903179694802742 4.967138035421249
0.9767325036060305 0.7976701982174397 0.0053546267089683575 -0.029518265071097973 4.8918380907203005
5.578893941227414 0.23128052848928343 0.008108934228600609 -0.028883302887243164 4.986091319997456
6.644405313177123 2.1980202521329884 0.009198583529583767 -0.028554965611067896 5.024028348372952
5.509264412727474 2.0401877782859787 0.00934400033575448 -0.02850771224994072 5.029125076982082
6.236985460045387 0.8668865382209892 0.008451251731522738 -0.028785002070009197 4.997963126621676
0.6908739881040016 5.436239316509888 0.0046406589532255035 -0.029638898165752516 4.867701264205383
2.6655449633992467 2.2781463655256813 0.007817773009259918 -0.02896346707795334 4.976024767940526
6.1145806578837245 2.704137326128689 0.008054058383353309 -0.028898652971333046 4.984191909431176
4.716351236416191 3.49773609294139 0.00887793345759599 -0.028656278500923626 5.012819128242376
0.29097996243531093 1.337827399370475 0.007836785476509837 -0.028958328567014437 4.976681255411448
0.9169807525563303 6.407349361212978 0.009277193952062186 -0.0285295228206821 5.026782524680614
6.643487524659582 1.2252324743850405 0.008772277946846081 -0.028688798155783343 5.009134229821925
0.5730636814908848 4.714330744626189 0.007466913795762004 -0.02905589782413648 4.963930359900709
6.62258613580369 1.7130909026269647 0.008642207517602633 -0.028728248279745364 5.004603512384595
5.790578692465149 5.35575652702727 0.009509636357728118 -0.02845288766265694 5.034940870894444
6.338969073289164 0.536951949690004 0.008019769384168707 -0.028908187404691258 4.983005579407251
6.849875674779262 5.59522496848694 0.007776904636013889 -0.02897446728211488 4.974614004270084
4.288115675278034 1.6426420994428923 0.008448228875315513 -0.028785889405580037 4.997858113267637
2.2340400570402346 1.326015555173602 0.007171092530382058 -0.029130318088216933 4.953762360073455
0.4497868139020617 3.35804734676976 0.009604896384950818 -0.028420872003412537 5.038290743971265
1.7936858317287907 1.6851930591303201 0.0057276437105179805 -0.02944815949300336 4.9044897659309585
5.279731426665117 2.2604140452354136 0.007634040056885334 -0.029012435823451123 4.969686536776038
4.894589114113947 3.101169230290779 0.009582253235232886 -0.028428514258326425 5.037494142635367
0.7430553004167189 4.97998720548307 0.0066827747966819225 -0.029246205241310073 4.937032814814737
2.6646421480230362 2.0340341411855496 0.0069040686642431 -0.029194756992984485 4.944606023791286
2.0925573039355205 3.361112089884314 0.007261739074858434 -0.029107853675746587 4.956875317384094
2.3597643579099308 1.051402801194859 0.006490388701591671 -0.029289500755428577 4.93045954815302
6.535606432623402 3.2870831832121827 0.008297959248024102 -0.02882956594050856 4.99264182935017
6.9675917193258625 2.613882084678667 0.008268043129444014 -0.028838159837438544 4.99160429525314
6.399573284953794 0.7043539916761371 0.008463738956864109 -0.02878133288904565 4.9983969643900314
0.45138074891728985 3.702064238293347 0.009665768587028245 -0.028400227422012272 5.040433334642893
2.9572912329436556 6.534534812206035 0.006500554397664551 -0.029287246243424866 4.930806637962259
5.487939328812067 4.499555377218477 0.008877450540313 -0.028656428107918408 5.012802276227822
3.8679746414839857 0.09382911276176485 0.004843582312930227 -0.029606413331875737 4.874551513146414
6.9174635132746305 3.5690135619784433 0.007641034774149936 -0.0290105944023943 4.969927638187098
2.0731423781544494 6.697439075473874 0.005989542556035556 -0.029396009592620544 4.9133911446163445
2.5928235848545875 5.989751976358593 0.008219541894677919 -0.02885202126440424 4.9899228575314085
0.20766592420200977 0.40908756314650174 0.009214109314002124 -0.02854995953674224 5.024572111769738
5.224952667397575 0.0037714903656029357 0.006846375393608601 -0.02920834031522145 4.942630332277406
5.897462534353993 6.22977263152881 0.0075446433336077996 -0.029035811629238944 4.966606455756346
0.1698766786728087 0.9204731079877161 0.0063394563483353235 -0.029322538996607216 4.925309342827418