300

6.574230482082726 5.54976035384449 0.007015234013216853 -0.029168244577619087 4.948415465099911
4.262877819971635 2.0093551743837406 0.008030587249984176 -0.028905184109781958 4.983379813443629
2.9290467748414266 5.167901010992404 0.007485132256636563 -0.029051209873267907 4.964557424678135
4.260627546979652 4.815312925055457 0.008208587617408458 -0.028855139738482093 4.989543207001127
1.15481158850641 0.7170366647649399 0.00877291779418956 -0.028688602499536156 5.00915653293556
6.805019103741225 4.520950642075591 0.008429869395151213 -0.028791271281079146 4.997220378467133
0.8356757870341959 5.531588102110885 0.007797456092268656 -0.028968943344366956 4.97532336725617
0.5860023713822828 5.716511471544164 0.008081041202691179 -0.028891119277044415 4.985125736173426
4.181258789905229 1.5383457502126048 0.007140332920108072 -0.029137873048491733 4.952706565932033
1.3679304369049023 6.764404177656818 0.008332280626148334 -0.028819665153625797 4.9938325260313885
1.0791918935098292 5.170668027796904 0.00669676732233275 -0.02924300441867313 4.937511280003965
2.070335050646537 1.652254694237636 0.00819388267370909 -0.028859318888870018 4.989033631281943
3.9169776422539866 2.890135926714049 0.009466181174231496 -0.02846737455362937 5.03341399194617
0.009434770851850412 6.980272286049755 0.006908734555099445 -0.02919365319461021 4.944765846291382
4.648520639151148 0.5561752388443939 0.008638793497612447 -0.028729275084930506 5.004484676076093
4.567169055530651 0.23100905956679169 0.007848837995844715 -0.028955064187719984 4.977097481040359
1.203001246429904 4.738095161733688 0.007464327288077859 -0.02905656239365655 4.9638413425824695
2.744776315923142 4.528255635191 0.007168821780180102 -0.02913087699133027 4.953684409382683
2.0569237720099474 6.1815049561784905 0.008516630627001275 -0.028765726181746634 5.00023516971617
6.979362293222211 5.350113462200291 0.00636224409627019 -0.029317603074935628 4.926086549225042
1.4160427469062293 2.576668957800071 0.008771484749763487 -0.02868904068254403 5.009106581618417
1.7398154279233868 2.5968940850618187 0.00920959331950379 -0.028551416617907964 5.0244139371409275
3.7318581164190423 6.905825617764676 0.0077291054021832355 -0.028987254607532976 4.972964666692229
3.3373625019370454 2.7395399177866446 0.009527953163996017 -0.028446759191596824 5.035584699341468
1.3870521814230674 2.3260565870681735 0.006997538378502898 -0.029172494864878783 4.947808834661545
5.997561960812987 5.0123185628925775 0.008352015641530867 -0.028813952084426456 4.994517369897068
4.715598337978019 0.3808178897524643 0.008112809444353348 -0.028882214647073225 4.986225490551528
6.267411724019214 4.8124174140889755 0.007909380045907603 -0.02893858509480722 4.9791889722054155
0.5474648665403765 6.4352545463166 0.007274824451478087 -0.029104586051001934 4.957324890583935
0.7631571515839612 6.277410824919896 0.008818688201458353 -0.028674566054353104 5.010752344279646
3.887039352586446 4.617838953869541 0.0076247787254475315 -0.02901487117648401 4.969367330807746
5.769572695149207 0.6762048458343971 0.008247136386302359 -0.028844145704557237 4.9908794025142065
0.849536993963504 5.235015873249055 0.007126236641811944 -0.02914132377440834 4.952222816025044
1.4875409586221715 6.599303247793104 0.007079502695128188 -0.02915271242251178 4.950619429479164
3.843518991650296 6.861705556570994 0.007858131510022301 -0.028952543397276768 4.977418458351817
1.3242214165558455 5.164242787842849 0.00594107573164315 -0.029405843282430802 4.911742665493765
2.8478121830570386 5.3269965480854 0.007631021090920973 -0.029013230035794348 4.969582480547921
4.48943921688206 4.46252809936561 0.007367568696317594 -0.029081247076166473 4.960512751316095
0.577094888209705 2.066502706507123 0.008464898462724019 -0.028780991887281657 4.998437251361215
1.1288155709394807 0.9254493402373978 0.008394027752582392 -0.02880174123362816 4.995975726160305
5.914345811783234 3.4132356177418135 0.008011801949880984 -0.02891039656448668 4.9827299782530785
3.8889792568996384 0.7733562811503214 0.007482395636869212 -0.029051914834195704 4.96446322596579
1.3639784140115594 4.650399152956265 0.00791271121376205 -0.028937674427078692 4.97930408565187
6.545998114475098 1.3759914347158047 0.006724192311177433 -0.029236710447009973 4.9384492116234044
2.3980072138020705 4.984423594205878 0.007564291236164967 -0.029030699235369405 4.967283193570096
2.9290028063806886 2.5386803789372476 0.007851982044654137 -0.028954211748386954 4.977206066366476
1.9028571894836972 4.7935339632601455 0.006893334183684422 -0.029197293433331245 4.9442383545500315
3.5125452446866303 3.6075919829390237 0.00805124167073286 -0.028899437841581877 4.984094442107304
3.9050160509023195 6.482901651486933 0.008967920340537908 -0.028628244877494085 5.015960877657967
1.110702094030618 2.1886356430383294 0.006639854817654156 -0.02925597935466312 4.935565520161596
3.7576266088916803 0.5715302590020979 0.006975193581378329 -0.029177845611050492 4.947042950663266
6.835388187331553 2.561918167583179 0.008610731984686702 -0.028737698145256754 5.00350806258427
3.566202038084981 4.136650083994523 0.007111963329501342 -0.02914481047459098 4.951733049043267
2.755707703323892 0.2828318043635838 0.008527130738800527 -0.028762615342896116 5.000600211064638
1.3168188867973027 1.1758662233059083 0.009199763095441299 -0.02855458560350257 5.024069657254996
4.294442519725504 5.048812294697767 0.0058995405636803845 -0.029414204411091757 4.910330386426072
6.326100116580151 4.978454245144269 0.0056702624681813744 -0.029459262101110637 4.902541582743341
0.9642554963261909 1.4652886962531353 0.008857966126362901 -0.028662456909766255 5.012122416066774
6.5553443994052865 0.28624166118045835 0.007806239517927328 -0.028966577716201643 4.975626581085288
2.679973543490369 1.1432902170691208 0.008245298248231968 -0.028844671202801094 4.99081567653859
0.5379783232536973 3.884533422910964 0.007538753891642109 -0.0290373412998031 4.966403627370131
3.1138909722087016 3.5015860206604397 0.006748172200456099 -0.029231184922151057 4.939269487016684
2.1297417718524785 4.739508694682892 0.006313271910863949 -0.029328187768416517 4.924416449007479
1.244135556431631 5.260440513695117 0.008545788534966303 -0.028757077360462735 5.001248955681812
1.2957824701471958 1.279446211981725 0.008285022869291964 -0.02883328625140237 4.992193139144141
0.8421455812351577 1.995776409967602 0.008861525322603259 -0.028661356718705084 5.012246594693787
3.0948237629672883 6.335805524039973 0.00760839403855696 -0.02901917194121932 4.96880267304568
4.560816690866917 2.169701545695305 0.007897054212816414 -0.028941951122200424 4.978763066237348
6.219853369263416 0.12451674331337992 0.0067571796806234095 -0.029229104036281543 4.939577644237817
1.3521520180908064 6.8705191335779565 0.007968344208038936 -0.028922404647300896 4.98122710331872
3.7356452361017705 3.9863867022146273 0.006227492625843261 -0.029346521694999354 4.921492558128647
4.695081668215757 4.6939663660894775 0.0064063742753578306 -0.029307991549132693 4.927592040846424
5.198713507113671 1.1062017098095411 0.007822164033945077 -0.028962281502430985 4.976176376673581
0.24366395168507135 6.248889096684729 0.007631538444240134 -0.029013093957282198 4.969600312224427
5.244941372054545 5.916865875438144 0.008037622195812145 -0.028903228702644758 4.9836232017482365
0.7724163650042354 5.992417133998146 0.006599430363898114 -0.029265124617401845 4.934183986165049
1.8702054991287838 4.957649547000716 0.006335226410315396 -0.029323453178813068 4.925165089559439
4.688635519936904 0.33934958841724316 0.009123601318964933 -0.028579011511467314 5.021403564615682
3.40867354034448 6.850335253612768 0.007702800833219749 -0.028994255626308963 4.972057323401144
1.4580454781025434 2.816087473205699 0.00853413119579326 -0.028760539020209412 5.000843607207832
0.369426948362597 0.3872750441385544 0.006827091911999261 -0.02921285360975737 4.9419701786717205
0.7521700122676407 0.9725475696105746 0.00957245629395235 -0.02843181458332148 5.037149545923278
4.063154024575874 2.369995739364713 0.008938372439022567 -0.028637484144758977 5.014928920171435
0.907685664668121 5.330983890533234 0.008175640989971427 -0.028864491930451486 4.98840159805782
4.961683553447526 4.14451314928853 0.009385070601453356 -0.028494217831092256 5.030566089892822
3.0360802259911757 1.580459115358521 0.008891341553330377 -0.028652121132335392 5.013287056000804
1.9649592196489247 4.282318174458391 0.005352818838099233 -0.029518592962512455 4.891776845222869
4.87481621070553 1.0121399831625735 0.007807969255670094 -0.02896611151160111 4.975686296515913
4.239102863983595 3.9773555449569806 0.008133443854808336 -0.028876410633260508 4.986939995423381
0.9625696235933221 6.053902932749362 0.008700002817477317 -0.028710798508155194 5.006615916266689
1.4018337530407783 5.9002806510157315 0.006280570084541131 -0.029335208187656805 4.9233015519783345
4.698313296711919 6.941237366830527 0.006696893447151355 -0.02924297553528883 4.937515592997222
2.747536541741523 3.097191428129887 0.008301889902254387 -0.028828434297596642 4.9927781731084675
0.38497873444730235 2.4927678337422425 0.009350695986474106 -0.028505516739195186 5.029359957581113
1.3019037177146682 2.224727531302624 0.007526210628140611 -0.029040594924706058 4.9659716814670265
4.2498146988250065 5.506597680326051 0.008340614115471521 -0.028817254487143586 4.9941216979481755
6.781584655313504 4.550574726529032 0.007429853006885727 -0.029065396682241774 4.962655068833358
3.7907212820766567 0.43909703018687835 0.007076819540638753 -0.02915336387433247 4.95052739260555
0.1218721402545256 1.123563283917526 0.007669344677055923 -0.02900312314604263 4.970903610831334
3.548095846729996 4.648476580040638 0.00627756549818866 -0.029335851298640563 4.923199130567297
5.712703911466003 4.544964222476074 0.0058145727199796745 -0.029431118634602866 4.9074425516669695
5.411656253702314 5.614206679762443 0.007612527217975506 -0.02901808796863746 4.968945104973651
5.683833544563578 1.870433360273779 0.007436415427454444 -0.0290637183717142 4.962880856565883
5.300082346150714 1.503869373415853 0.007240825191396316 -0.029113063228517203 4.956156885463932
6.700401807639011 6.0252594541404525 0.0071191536087165 -0.029143054951317283 4.951979765203695
0.3017178045096955 1.3495971211343583 0.008767462972768472 -0.028690270006068847 5.00896639948865
1.4578503329126968 1.2508626267896086 0.008926472071137528 -0.02864119579143304 5.014513394962856
0.8805338461055425 0.40605535151364186 0.008384979210383005 -0.028804376813974724 4.99566157403787
3.9498687743277525 6.300050690171012 0.008833075081259073 -0.02867013750592836 5.011254112659484
0.7127733649574682 4.362585684956083 0.007576040462980889 -0.029027635296442533 4.9676879322437175
0.0498275021384204 4.922569187163216 0.008383161951316236 -0.028804905757492137 4.995598484931911
4.833578664352144 3.5962761679642745 0.009355642253616753 -0.028503893734406545 5.029533482165533
6.093778139180764 0.14507055027050836 0.007517131192763614 -0.029042946452293373 4.965659047798769
3.186266032119678 5.040452370561887 0.006649058457766804 -0.029253889000015017 4.93588012145179
6.22229090534176 5.329937794239938 0.006508199549159509 -0.029285548289699478 4.931067685826288
0.14067113665546496 0.2987152636050476 0.006783225560493413 -0.02922307052647734 4.9404688301805475
4.256349024989477 2.1131863388299617 0.009309171072787378 -0.028519104718373937 5.027903572416754
5.2917539754958325 0.18256808383245313 0.007216395514140845 -0.029119128348621424 4.955317841795452
5.820954855945425 5.17025995703344 0.007011954723809917 -0.029169033082213056 4.948303039922219
5.050248781795853 6.768336325082341 0.007684597509312307 -0.028999085522131055 4.9714295505241495
3.23844938758306 4.772018686578508 0.007701292598602656 -0.028994656271642674 4.972005305366405
5.280537708823724 6.923794332101994 0.006449804166081692 -0.02929846457101797 4.929074126119933
0.8252547636238264 4.305208779197094 0.006327085436116598 -0.02932521082420519 4.924887471158922
4.824571298799358 0.3625069889914864 0.007035024813777641 -0.029163477602465945 4.949094025549071
0.5189738532505376 4.596031804078238 0.0056899953173983695 -0.029455457105398732 4.903211461128398
5.151286292521863 1.6142529076098022 0.007538024370847397 -0.029037530690203508 4.96637850391244
0.9258723044507005 4.826613952495074 0.0070384740428037045 -0.029162645338665322 4.949212299449276
6.905759373615107 6.586423540268125 0.006161651496549419 -0.029360416394102286 4.919249514841713
0.9946433610451992 0.23814809846735857 0.008248830003739101 -0.02884366141060135 4.990938119165816
1.7326899762957182 5.428343942123973 0.006977755856182236 -0.029177232960161156 4.947130767349148
0.09206862734304891 0.1417553480219583 0.007009725704033582 -0.02916956882701921 4.948226623288899
0.5305624274745369 3.310419483451431 0.006340738418363264 -0.029322261787077274 4.925353066056438
0.7501494108649922 3.6994084623564194 0.005480060461597212 -0.029495235841356462 4.896089103176619
0.3721799787118555 0.4878436957017148 0.007425407166985196 -0.029066532789524188 4.962502111932315
0.28296443766956914 6.123050756139269 0.00727571302463173 -0.029104363933664727 4.9573554210488835
1.1357000000944037 1.693397057630775 0.007044985625222033 -0.029161072983352566 4.9494355905074805
2.8354757043033203 3.2703114109454803 0.00779728950683539 -0.028968988182996567 4.975317616777032
4.371591772005578 0.5458383517474271 0.008178557383569703 -0.02886366572567763 4.98850263691699
0.8658719362269595 0.07964252890810034 0.008757084510628682 -0.028693439509297366 5.008604677943833
6.88794886989905 3.602239607205792 0.006686777630276615 -0.02924529030328186 4.937169683723667
1.3626789892607944 0.07682769441583473 0.00822582593184961 -0.028850230289183314 4.990140666610869
3.579950722547866 4.776180154490071 0.0066546049197424165 -0.029252627802680224 4.936069722961574
4.752556965258874 5.4712008217007 0.007630960283780935 -0.029013246029139135 4.969580384706707
0.8736997296283344 3.357756460595007 0.007897176475096078 -0.02894191776163406 4.978767290636374
6.494216632218409 5.543826871410154 0.006258022152943946 -0.029340026563267844 4.922532984776755
6.573213956856026 5.931502176981026 0.007403011365363019 -0.029072244886219328 4.961731686360613
4.011177589413496 6.248599536598532 0.008699750598884391 -0.028710874934721346 5.00660713147942
4.194464119502869 3.927415326816707 0.0066886330496127005 -0.029244866009739703 4.9372331275389145
1.358656922804029 1.1917855645613555 0.0075506391269701935 -0.029034253025939323 4.966812957794072
1.1923518510009938 1.6736625624902615 0.008317751719531538 -0.028823861752586694 4.993328431050081
0.942712186751458 5.307257544442708 0.006261957513532906 -0.029339186902480933 4.922667116110515
4.337871703098311 5.07864775880415 0.008283839572118588 -0.02883362623645181 4.992152100110763
6.951652542867008 1.459047386050691 0.007174082288294969 -0.02912958192835545 4.953864995261961
5.881205938475419 2.4888889748930905 0.007800609044387109 -0.028968094492676354 4.975432207895355
2.004756722900795 1.2372162127409323 0.00608680385265957 -0.02937602455846006 4.916700923127175
6.664982208151829 4.273635715988802 0.007152071119352646 -0.029134994057039412 4.953109436072765
3.872030192099737 4.004319034844148 0.007730686091967341 -0.028986833089309064 4.973019197598932
4.776335297443935 2.6967702538429617 0.007259401228709461 -0.029108436814789824 4.956795001509345
6.396466699524376 5.278018113188127 0.007597369806887573 -0.029022060092581178 4.96842279718328
4.010634350113638 3.2781193914569045 0.009506009838578295 -0.028454099475275132 5.0348134166282
0.25484557980897343 5.273199125483272 0.008435244775096083 -0.028789696865097664 4.997407085294139
0.7603491130837269 2.011485004526782 0.006899695240907569 -0.029195790888116004 4.944456224774628
6.217977380875548 4.74655449261232 0.008388664796756897 -0.028803303680787234 4.995789528725064
0.29424111828803357 4.951826585536815 0.006384426298143803 -0.029312780503452242 4.926843228593703
5.113301987132264 4.292045047048014 0.006898256539677732 -0.029196130851754883 4.9444069473682095
6.013561050457314 3.2233085023683525 0.005948775127921329 -0.029404286668399636 4.912004504610279
4.345101053555351 6.247057641350441 0.007375349163534679 -0.029079274831328727 4.960780302806883
3.5536435154337487 0.4260596736733029 0.0075155740475175625 -0.029043349440728772 4.965605432906591
0.8595543999795807 5.34348478774868 0.00747292831455497 -0.029054351522715537 4.964137363616546
1.3080716667129626 5.11214678059658 0.007594578885493527 -0.029022790554183723 4.968326632877202
6.210998433048762 4.50211162159116 0.006673599209928803 -0.029248300353785305 4.936719090078216
3.8477913566960567 5.103431372470823 0.0062111017735613965 -0.02934999514068891 4.920934063255716
3.6452007607742605 1.0441333470891458 0.007221729088064265 -0.029117806046792163 4.955501009881612
6.644411926450482 3.9764295082011283 0.0061265391857831236 -0.02936776323803132 4.9180537581605925
4.93190019064281 3.7779707598279586 0.007596494649502657 -0.029022289176425718 4.968392642400053
4.096977617382395 0.003185781669276265 0.007847889704139424 -0.028955321224114615 4.977064730724559
3.099644368868804 2.9560599739969633 0.007787881561277725 -0.028971518786344467 4.974992871759527
6.158989514678335 4.495951755648778 0.007262245601872526 -0.029107727304241448 4.956892719151991
3.865531117677363 2.2847067344879646 0.008614059490938578 -0.02873670090818657 5.003623853486062
5.07011228542775 6.790658304123543 0.006796351569577837 -0.02922002062529554 4.9409180195921625
6.575877227099917 6.070849377723355 0.008627780846357493 -0.02873258424971946 5.004101373090507
3.661596286964339 2.771322331983337 0.009716892781612958 -0.028382776373544538 5.042234020670519
0.683944747023161 4.618858934248599 0.007588653769633019 -0.029024340370878966 4.968122484429363
5.496915768234585 2.972377912787215 0.008220548831445212 -0.02885173438304576 4.989957757747378
3.5314802081716126 6.255193002046122 0.00821196801472919 -0.028854177883368373 4.989660359566992
3.8104937412908333 4.371960221846375 0.007873289370300171 -0.028948425077912582 4.977942037156483
0.5089816484652111 6.092571676940265 0.007571078508042026 -0.029028929884256226 4.967516997056238
6.274414052894053 5.21573163002401 0.005911845111644558 -0.02941173383831569 4.910748723919731
1.2714493278734953 4.458748927401336 0.006009353016047389 -0.029391966186842998 4.9140651075823865
0.014000586079163414 3.5385335623109335 0.008064209706986271 -0.028895821874481236 4.984543199880848
2.670605858941483 4.859662106566609 0.0063313732964657985 -0.02932428536521904 4.92503369101144
1.06222879063798 2.5216969440938404 0.009206540793723112 -0.028552401065646164 5.024307025697819
0.1223904185208239 5.295194395847216 0.006506731056053061 -0.02928587459790461 4.9310175421543825
4.78032614278547 5.886606862088919 0.008265429980512787 -0.028838908912045203 4.991513682155556
3.658882816621744 0.9181652995039081 0.008976446038302336 -0.028625572771936742 5.016258698765849
0.4815356883142128 4.097285809788157 0.006888254468160268 -0.029198492262133502 4.94406437913551
3.7343529537370226 5.49417389236067 0.00833836465129382 -0.028817905457233593 4.994043639201441
1.687418189662805 4.261147638864342 0.006834547340110762 -0.02921111026058039 4.942225396824586
1.0697840740029188 3.277749663514063 0.007551128169075292 -0.029034125841399076 4.966829801457168
0.16815377773892953 2.299097268600632 0.006925650889395385 -0.029189644735046313 4.945345338523661
1.8279734418278994 4.603435287890234 0.0070667653633185576 -0.02915580263514968 4.9501825350875155
5.180518895603057 6.289839593101447 0.005669242309507227 -0.029459458440984503 4.902506953387351
4.361404602496525 5.649733913945668 0.007335400978381116 -0.029089377657254296 4.9594067733485225
1.4788086827034916 6.943439854703912 0.0068051544261184035 -0.029217971750904972 4.941219291286005
0.06708284427598024 5.85569626832029 0.007711939978888943 -0.028991826119822366 4.972372541995616
0.06535730350167784 2.4158247185978903 0.007010696005758044 -0.02916933563718667 4.94825988759968
1.7170222617011106 4.0975791020806005 0.007809210525949727 -0.02896577689207379 4.975729149262945
2.556578824559923 3.2972241990202313 0.0064260469085691005 -0.029303684429246597 4.928263327996779
1.4806046490759701 3.1375007334377547 0.009193860658558067 -0.02855648658695635 5.023862956990553
4.107688981575029 2.5410174180683653 0.00932836475220283 -0.02851283239262385 5.028576657697146
3.4025128853796542 0.4072319414346937 0.006916975985731465 -0.029191701615575858 4.945048157860921
3.542390476441851 4.841576475909394 0.006168558153752677 -0.02935896609732317 4.9194847576824365
0.37240629090813065 4.129395348463917 0.006205726005203793 -0.029351132256666645 4.920750906012204
5.275005083595322 2.3837130522754606 0.009317599460763385 -0.028516352156066207 5.028199121479619
2.4877737418131334 3.890742334435103 0.005648397802938994 -0.029463462156707823 4.901799435651052
0.1840969255993003 5.326242933137024 0.007891142369587465 -0.02894356356952097 4.978558806389617
6.579756257699954 3.1428804572858713 0.0071950171770792 -0.029124418068375808 4.954583740339867
3.9524788908733828 4.9533065464830734 0.006691051076952898 -0.029244312874225777 4.9373158104346215
0.4498284323732177 0.24277178740707467 0.009012216569517435 -0.028614331243349292 5.0175085445569625
3.1785606568937963 5.648781754351444 0.007956413772166706 -0.028925688926732165 4.98081462868158
4.348017445001965 2.3648638493622625 0.007553676449055992 -0.029033462971250548 4.966917570900714
0.8748997885211038 6.863023860410513 0.00893087086545573 -0.028639824468466177 5.014666981413991
0.9166784707544742 6.007188563122101 0.006165698972676577 -0.02935956668921282 4.91938737169753
3.7250586957549583 3.997570177976839 0.007202494453356003 -0.02912256983250922 4.954840484130583
4.863499944757246 2.090708312571599 0.008398866102976861 -0.028800330695744905 4.996143718394648
2.7466298233389725 1.8725817051971148 0.007684960086218804 -0.02899898943882741 4.971442053591078
4.948663208933712 5.118941165084681 0.005600508616634737 -0.029472602586724506 4.900174312698815
4.808669279227447 2.1210254928667114 0.006959077473687316 -0.02918169358887893 4.946490646532621
0.7256917035118486 4.7735517107747665 0.008454511220702317 -0.02878404488634317 4.998076364180692
4.87125435436023 5.821548519264352 0.007511294218951371 -0.029044456599433006 4.965458075695148
3.674070916740606 2.5584973087879654 0.00873377546664657 -0.028700542958247366 5.007792431025306
1.3901420818029888 4.867489955525965 0.008137693786891196 -0.028875213243035838 4.987087175079637
4.495166873618692 3.1339291158255933 0.008177657346658774 -0.02886392073715277 4.988471454705295
5.119201135114237 2.510914384799913 0.00624589530040752 -0.029342610516045555 4.922119681865796
0.7188142501795785 3.8624132598252774 0.006659412468448555 -0.0292515337303033 4.936234071909387
4.628819499113307 6.9056816069472795 0.008328832640069622 -0.02882066180457539 4.993712888053723
2.9913209861208117 4.34938506328446 0.006619281445929386 -0.02926064102407148 4.934862356829745
1.8262499998587138 4.94927780099808 0.005703534068159576 -0.029452838558165204 4.903671116271034
2.532836421583804 4.108611784440246 0.006626573470889774 -0.029258990482156074 4.935111573194748
4.669607111999608 4.990144209001028 0.007786657503302042 -0.0289718477996532 4.97495062160916
1.802131943730537 2.617829663363883 0.00984101456771007 -0.028339979397983304 5.046610450775108
2.154267128797075 6.6450267433392805 0.008224542008229817 -0.028850596332742638 4.990096163830069
6.171557299286716 4.7718814280540105 0.008563709191252211 -0.02875174577112949 5.001872187204559
3.760976034212387 2.169224344792295 0.008313067215217447 -0.02882521315576481 4.993165913115102
3.0443747828837906 0.24958022874046168 0.006558786440744148 -0.02927426037365779 4.932795385426271
3.2517169699919823 4.241048716542968 0.008442443933179184 -0.02878758656843477 4.997657154683185
6.957357723192932 4.585804691078793 0.007707174020042983 -0.02899309346421617 4.9722081558459275
1.9061973482807533 5.8547369616702305 0.0049760031795159755 -0.02958444510815518 4.8790258745310755
5.828277423023999 0.3759937887052692 0.0060013991802986685 -0.02939359127222651 4.913794502486715
0.38494186714543277 2.2798012445045335 0.006655175079713958 -0.029252498092613464 4.936089213902335
2.9764514434824028 1.1081318209983775 0.007206933122755926 -0.02912147171700159 4.95499290038719
3.0837054065394724 3.2687789530087894 0.005761342724905974 -0.02944158504575073 4.9056342440051495
2.673210414792541 3.6882260926141353 0.006100205308615324 -0.029373244546572332 4.917157148572272
0.7358810185801714 3.4370950982772617 0.00755926527431832 -0.029032008344454664 4.967110071714655
0.46277920356298485 4.443696303202043 0.006472140413037512 -0.029293538510632794 4.929836559377
0.7031938101780973 1.1879611172051865 0.009702440817853174 -0.028387719918585512 5.04172488425666
1.008088484854802 3.4031364392862002 0.007292646770473454 -0.029100125482222634 4.957937291812939
6.715630456463955 3.0115860864164197 0.00862919400584648 -0.028732159870247537 5.0041505566207
0.01956283201871587 6.708937534105727 0.008715845261541096 -0.028705993126468758 5.0071677563542565
1.8950139245372053 3.947741922923551 0.006492400849886183 -0.029289054802167945 4.930528247296404
6.534313505457549 3.3908122499307383 0.006835298283156447 -0.02921093455164142 4.942251104348109
0.6212678753647363 5.362247484308199 0.007059517075188167 -0.029157558516877347 4.949933937237902
6.483115835717486 5.2039311853159775 0.007121414837031384 -0.02914250247866352 4.952057356580133
0.18804055499913686 4.025016705836234 0.0057197700989372645 -0.02944968981186904 4.90422240093795
1.597073188512564 1.5838764089559103 0.005882679389102707 -0.02941758119229088 4.909757186957686
3.62760489872338 5.438895607058793 0.0076463097227907496 -0.029009204532754004 4.970109470896729
0.1134383478162913 5.87475738529388 0.00630331362615544 -0.029330329649192882 4.9240769148681505
5.720931734090372 6.67055980910336 0.005421271565091054 -0.029506097922591106 4.894096304936297
1.2527705316219646 4.4990370345582935 0.006228142646559571 -0.029346383749520245 4.921514708019212
1.8464292125492043 2.56062417018996 0.007174021168066144 -0.02912959698107989 4.953862897043964
0.6033324742859721 4.385320061301763 0.005774893320886988 -0.029438930128868047 4.906094518365916
1.4806132377556038 0.8623201999836818 0.006502765175235724 -0.029286755454910697 4.930882124611831
0.6024349275228277 4.878037954898248 0.0066199778600500485 -0.02926048347400376 4.934886157265113
6.76274640234156 1.5192539228869035 0.007662911511726322 -0.02900482351546811 4.970681807934542
0.2792258830810445 3.6924724432509213 0.0065401052169067895 -0.029278439571667553 4.9321572859630205
0.7567998561850808 1.742313956411144 0.0071718438864544895 -0.02913013311449718 4.953788153079065
5.262898042025957 4.807737263035258 0.007187211174760003 -0.02912634538573978 4.9543157266071844
3.1894861636664427 4.485512964892484 0.007673788351218773 -0.02900194773356953 4.971056827579
1.4716846715618745 6.5342496879104806 0.00893384072406618 -0.028638898196631388 5.01477067990689
2.7459640480016376 4.843935926051147 0.006047651366930733 -0.029384109871562567 4.915368302624705
6.280574381254999 5.4310991724628295 0.006721243028744651 -0.02923738860001952 4.938348336792382
5.869754293580062 6.26637167204701 0.005384123083451394 -0.029512899190392086 4.8928374398741665
1.6475968515347916 1.1273069662392325 0.007251833790452389 -0.029110323025958555 4.956535035881937
3.6028845228458737 5.188447371465886 0.008026016000420142 -0.028906453728553418 4.983221670560105
3.0868010776084596 6.53145033806121 0.007351623006250985 -0.029085282174563156 4.959964474158336
3.302584389925887 4.20784101101767 0.00604841364873063 -0.02938395297324458 4.915394244667473
0.55516319842289 6.462778326944392 0.006867334721127312 -0.0292034195570998 4.9433479729259675
0.9583549422584325 5.7824254163616295 0.007524804527549677 -0.029040959295831944 4.965923263320869
0.3398488866425667 3.8598087054135357 0.008067675156581347 -0.028894854517160666 4.984663130977257
1.5002962245024356 6.8857227159636345 0.006856724153248029 -0.029205912652856186 4.94298465537512
3.8591537926183475 2.68237586526053 0.008050355930803286 -0.028899684589755996 4.984063793201499
6.524186090865779 0.6805078341966275 0.008229690557029061 -0.02884912812089035 4.990274623912308
4.805197798155265 3.2513572024412603 0.008703248593384266 -0.028709814766413152 5.006728968904701
0.9641120808878433 6.75269065682931 0.006832980711878694 -0.029211476761558868 4.942171765915324
2.9334732246942212 2.835233041597043 0.009607354660024783 -0.028420041105468162 5.038377240649027
3.48020250654787 2.1346184341143424 0.009344727278625101 -0.028507473968910676 5.029150576955643
1.1287938306985887 3.560084549285539 0.008590214732319123 -0.02874383778921401 5.002794189819296
6.171807590373386 3.1611082326867166 0.007419934779774173 -0.029067930230133304 4.962313845389179
6.815671401715875 2.3797829919153064 0.0079110759197382 -0.028938121531850308 4.979247575188513
1.101707885971208 4.074209962845941 0.007927732501093118 -0.02893356281882879 4.979823213554041