300

5.660674205848664 4.80967195052626 0.01025403993483068 -0.028193166991576125 5.061221985606153
4.381355015806061 4.459158040373841 0.011441802588526789 -0.027732384562550363 5.103692165447062
3.074022577663682 2.8199012293244823 0.011584861512415738 -0.027672928716313144 5.108856240785759
4.088827696274917 6.145206956005528 0.008060746990642952 -0.028896788021384668 4.984423367385122
6.077105972471413 5.327809918803294 0.009545870603150063 -0.02844075165019229 5.036214624549881
2.245899497975307 6.484503304026228 0.006119708043885403 -0.02936918748378314 4.917821156985933
1.5973340172888353 1.1987197380989405 0.006618478764225102 -0.029260822593486693 4.934834924785
3.0787593360406205 6.945796859769516 0.007413406352323544 -0.029069595908015798 4.962089259726292
0.6737742253769521 1.7445658538302344 0.006855623673176634 -0.02920617099264777 4.942946975497856
1.9640260585613134 1.3990648611527232 0.009078843273244298 -0.02859326152819693 5.01983783933672
6.217694142873079 6.072788133715089 0.008965609682615429 -0.028628968598588954 5.0158801661534795
0.4705745979240333 2.690899807965172 0.007659481488664541 -0.029005729491340244 4.97056355279371
0.7150959789661999 1.695849960419553 0.006851300281593807 -0.029207185493495134 4.942798947997469
2.2062979757324714 2.825713958125038 0.010707163649763474 -0.028024215360598122 5.077342049674279
5.064856848383643 2.8634111549328076 0.010214355278251977 -0.028207568953202013 5.059814746875491
4.197883363596019 6.903244540171841 0.008528540452142084 -0.028762197373569637 5.000649223422078
0.8391615000458768 1.9952454540561873 0.007986859267218264 -0.02891729722926487 4.981867323027544
0.787232818948886 1.6939869339882248 0.007590663793547622 -0.02902381475914779 4.968191738100192
4.049352301486296 0.10397431623565898 0.007766381607718778 -0.028977289671797937 4.97425083915715
1.1216165878783397 4.177383478758751 0.008622033103036416 -0.028734309547475544 5.003901336411226
5.588886378526208 3.47409333317068 0.011589279180805805 -0.027671078910467897 5.109015884749763
4.528279411450518 4.049848738669887 0.01009203598131895 -0.02825156296121975 5.05548173283838
1.490083895506567 3.0198597223776162 0.01052846961322551 -0.028091837383898314 5.070973339695394
0.3416167939409647 1.6038427192324878 0.008602926935387853 -0.028740035632273984 5.003236477442063
0.20556879848460036 0.3349699802303369 0.007948732143862672 -0.028927800768553495 4.980549074147209
5.707752256245113 0.9839915608099999 0.010290073499636997 -0.028180035262079933 5.062500378830534
2.3532964228802298 0.8046160580475374 0.007243092420977406 -0.02911249924312888 4.956234762928183
3.223459816615765 3.3996973704497004 0.009039372487348828 -0.028605764192465844 5.018457718639451
5.950733427876857 4.857518694885173 0.010784504655544543 -0.027994543384998048 5.0801033017395625
2.2188773595844027 0.4883281388270573 0.00593105565971122 -0.029407865933477856 4.911401926167218
5.9999475153632655 3.008121087485977 0.011596601707988432 -0.027668010930066506 5.109280526873837
2.5548193549609555 1.0260731778859624 0.006379527709499053 -0.02931384700450853 4.926676117202802
6.385369745959159 3.18618191911955 0.011382927051541578 -0.02775660230898737 5.1015701041801025
3.470239524092202 1.0359763212880968 0.00954961747761378 -0.02843949377241538 5.036346370622018
6.765952084963571 2.2449518494806306 0.009744548703372023 -0.028373293262637145 5.043208574396578
5.3335925151057655 3.57859595994666 0.010416596311767438 -0.028133512423401258 5.066993883659804
3.9663480113354677 0.16097551908632302 0.00918900510485722 -0.02855804939387331 5.023692928341776
3.563658587711068 4.591607223461129 0.008981787214425503 -0.028623897331334573 5.016445291797996
5.711127815401808 4.170572434570369 0.010397163321505325 -0.028140699971144007 5.066303230209041
0.5388240085036875 2.4332581831412003 0.007015681336390206 -0.02916813698860841 4.9484308010930365
1.4012467486751345 0.4765121361971013 0.006089490426663339 -0.029375467763825915 4.916792378642455
6.782714443950471 1.7417249523793692 0.009426048542087397 -0.028480688349866338 5.032004545392445
5.624404400941486 2.690783431323488 0.01141934488305557 -0.02774163950529659 5.102882499855942
5.803334292333471 0.38117598448840356 0.00809083154192867 -0.028888379064255787 4.985464622436715
5.700870872270946 0.5608153770968372 0.010408046051252279 -0.02813667672975989 5.066689983474713
1.5999839394355402 3.061070239143465 0.009291841485869957 -0.02852475559582353 5.027295984280578
4.763319068612334 3.8853124479405565 0.01049680829624212 -0.028103683310056398 5.069846512743983
3.821521777159287 5.550989335571272 0.009800028723710911 -0.028354178475393024 5.045164593268922
1.9073952434740233 3.369566415846765 0.008784005534359152 -0.028685209547297152 5.00954304168009
3.543298772463592 6.811686552494343 0.008748604079582025 -0.02869602632175265 5.008309138305604
5.525233924781486 3.0694319445452094 0.012115101564949134 -0.027444932393266466 5.128095873292084
4.542298922454252 3.173212612407432 0.00988137066277561 -0.02832593359140767 5.048034802245464
5.163957446308163 1.6975271468151911 0.01102402098338853 -0.02790109247606282 5.0886733755275975
4.108688834878745 5.937062474673716 0.009275287602186245 -0.02853014265468594 5.026715705155496
5.36043364528548 2.6385452059356065 0.009711613741647819 -0.02838458311360301 5.0420480321025245
3.8404918609469547 4.460573121160509 0.009961476677030697 -0.028297861799312214 5.050864212046104
5.247450472694812 1.6769315371974434 0.009347977273995877 -0.028506408417842757 5.0292645841142924
3.4725963677015645 0.6558004011556813 0.006035032166799341 -0.02938670425116939 4.91493886498203
4.199514788174131 6.018695145911684 0.008301198217014633 -0.02882863347718433 4.992754180031247
6.4184165782271725 3.236177963401882 0.011572205230285714 -0.027678223680506448 5.10839893208083
2.235626091371846 6.515750829829919 0.008047163425910452 -0.028900573710511166 4.983953326397943
2.1805222341468555 1.232104431674202 0.008136551061026294 -0.02887553526484508 4.987047600670845
5.6993947590569976 2.4958974417339554 0.009938652825607276 -0.028305885960556835 5.050057768971582
2.4380020859219016 1.9561315511995698 0.010490952841076403 -0.028105869644725653 5.069638168971911
3.843356973160282 6.308079780874986 0.007938198882363608 -0.02893069301803953 4.980184969909669
6.275136144379257 1.8839568998023073 0.008649712863206562 -0.028725989406530088 5.004864775813142
3.0486698962578678 4.816477141648043 0.008442516805478906 -0.028787565197307085 4.99765968606339
6.986415105707942 1.1350067514013054 0.007969061498551913 -0.028922207018695818 4.981251903917852
6.546155637887867 4.3929339139751375 0.008654200994211289 -0.028724637598267315 5.0050210188771285
0.47383733378177556 2.580720288123942 0.00876488649067874 -0.02869105722704406 5.008876597380116
4.79955681082409 4.321327917445138 0.009995716070174382 -0.028285785480422095 5.052074434101794
3.793248755406342 6.289879465718257 0.007133798712008244 -0.029139473501361507 4.952482320716378
3.3125515999686974 1.938123274734048 0.01090249826509413 -0.027948801970381833 5.0843216206060164
5.594887609680968 5.815146690082335 0.010075855366012083 -0.028257337784073102 5.05490905792695
5.662610387368202 2.7148698723008673 0.01072856165039666 -0.02801603049887043 5.078105715117394
1.291197688751515 1.5960751479766007 0.0070832002075347554 -0.02915181426292332 4.950746263967387
6.789412008691935 1.6542165207535506 0.007914486566792202 -0.028937188916411102 4.979365437089335
5.504340091002394 4.134030602740586 0.011758009243673933 -0.027599804684556705 5.115121433557269
4.59438111296894 0.09207570423143172 0.007961721157609371 -0.028924228532641545 4.980998116771482
3.6818505890145072 4.19839878579336 0.009058715097911972 -0.028599644766585157 5.019133969720528
3.661914353062221 6.916184764791603 0.007981868381020512 -0.028918675231553483 4.981694735415612
3.6242350210311405 0.2482218974227641 0.00663081502968859 -0.029258029531088654 4.93525654157456
3.4568342014657767 6.839244131197953 0.0066679879083025384 -0.02924958012099885 4.936527243756144
3.560878323006803 4.678694394559227 0.009645697303385284 -0.028407050595432567 5.039726689878059
3.354947581387261 1.9094340261583425 0.011452681960476878 -0.027727893463300946 5.104084495676833
4.910935652988286 0.6261836796076086 0.009496968906455999 -0.028457118293843595 5.034495696066222
5.434502106750763 6.915186264438462 0.00963673441413322 -0.028410092393926854 5.039411190410604
6.315867999693034 3.4263662338199112 0.009678862496451973 -0.02839576765602183 5.040894420294223
4.364491215942992 2.5515798833767667 0.01147750803896008 -0.027717626327223743 5.104980008133671
5.023939099387727 3.4482002898086552 0.010011843623408002 -0.028280081104205206 5.05264465617282
4.879687913517993 4.4792558571242225 0.011716338268225842 -0.027617520120106848 5.113612089608262
1.9369380598827814 2.1840186211434682 0.009566305676219846 -0.028433884639794186 5.036933225090419
4.429674359350172 5.317097939938662 0.010282819800100224 -0.02818268292690862 5.062242985300562
4.782260718799895 3.1012419175644963 0.010076484957108377 -0.028257113279830416 5.054931338638676
1.6692662021678546 3.7811320425061945 0.009867643519852518 -0.028330718511275225 5.047550229220231
6.226654677782432 3.5027799946267955 0.010255395827133607 -0.028192673807725485 5.061270078967302
5.85093605089156 6.535824031634329 0.00802739372447224 -0.02890607116147581 4.983269332344621
1.2900326660289976 0.39163776168943487 0.008106563708439719 -0.028883968301481846 4.986009248606138
4.990697848093695 3.0877960221936425 0.012186453803093779 -0.02741332420019617 5.130697202694044
3.3297597680381794 5.921338306942046 0.007990274147113155 -0.028916353834015366 4.981985416207833
5.937692215135025 0.4623963106492882 0.008502610880818155 -0.02876987327412814 4.999747828103734
5.93350968471529 3.4570699141124894 0.010652885765794769 -0.02804489302637696 5.0754059437302
5.473255083898545 0.27461785700821556 0.010149431955283193 -0.02823099415509621 5.057514075463742
4.8897132218177815 0.6904230007471857 0.009740409909358448 -0.028374714356230474 5.043062708693802
0.8965226436295879 0.8848537011907316 0.006887309653138499 -0.029198715138543083 4.944032020909364
5.198799333743895 3.218949607542378 0.012079245117344888 -0.027460732644907705 5.126789762438789
1.6518129793176288 2.2730560818012364 0.0071603855197266714 -0.029132951776448753 4.9533948211227665
3.6713441763746655 0.1844984039052373 0.007779929721722015 -0.02897365516335601 4.974718410955848
4.184362338890695 3.808109023059903 0.00959017999111206 -0.028425841196666 5.037772986912621
4.09896977360333 0.7640491516039966 0.009327147272882176 -0.028513230678931606 5.028533958648504
2.6573921843894177 0.9708734703717437 0.006787750090678555 -0.029222019928582848 4.940623660300267
5.608580175133945 2.5857482252661343 0.010501591311115346 -0.028101896376122138 5.070016709898372
4.5474524165087455 6.459211068963775 0.008558755748210752 -0.028753220689906534 5.001699908414254
2.4153176087607666 0.500747370029933 0.005538817153977539 -0.029484258588860668 4.898081547279781
5.215718496777663 2.195625589240648 0.010324624758891806 -0.02816739468939359 5.06372674372257
3.1579019707311002 3.158288173615747 0.009396685477817936 -0.028490389643368613 5.030973739492197
4.808068084525756 4.819604587763987 0.008934791069988008 -0.028638601721027907 5.014803863824593
2.7541814791678507 6.722257547553772 0.006634684151410409 -0.029257152394090293 4.935388784920265
2.3927679414950656 0.05655059220269871 0.007449216206613517 -0.029060440084539778 4.963321319853167
4.3986806512951615 1.277816360527482 0.010888214846418815 -0.02795436955930548 5.083810614952002
6.452371185711991 0.6028304761287939 0.008272859252641493 -0.02883677859584846 4.991771304471254
5.673625652173434 4.337083849680616 0.011243436386463121 -0.02781339853781909 5.096549756151417
1.189680503467469 3.476437005510431 0.007937007531747989 -0.028931019882489032 4.98014379067194
2.6798104708941826 6.716075155048688 0.005928203480395478 -0.029408441024560056 4.911304940162451
0.4525820576202896 2.3881829147019964 0.007655245163639699 -0.029006847837787734 4.97041750429139
5.978162391808208 3.15258265015314 0.01163824892958571 -0.027650518292664916 5.110786250699611
4.730196248959281 4.742306360993264 0.011339211746340217 -0.027774489679770177 5.099995660220678
2.8865608831094542 5.913105129202278 0.008772783007979176 -0.028688643716545958 5.009151834689503
4.725793311483655 6.505681213237512 0.008991591166015047 -0.028620819141024597 5.016787819531483
4.66060502855955 6.874595727457965 0.009133490517846354 -0.028575852585013287 5.021749613860626
3.3147794619843 0.7405402481828582 0.00681081827472194 -0.02921665200581192 4.941413143773509
2.3874700083412077 0.5763706353003032 0.007770097282617652 -0.028976293555571558 4.9743790684981795
3.9942540450358592 4.998268630914435 0.008626174438201918 -0.02873306657079456 5.004045464625809
3.284029920361062 1.219649743083408 0.007394789439575514 -0.029074337295015726 4.961448886394587
6.337258040580265 5.255510901107984 0.010742154335553221 -0.028010821484404112 5.078590935486154
1.1518717308223227 6.8883051219417055 0.007154461710756632 -0.029134407109624134 4.953191489135085
1.9414883722177525 1.4011689100654252 0.008077439932183343 -0.028892126334729498 4.985001088605951
1.9145658248284325 2.900896469554923 0.009147623985967258 -0.02857133135524763 5.022244247781609
3.0114806673758503 2.244016895465742 0.009077340752221608 -0.028593738560532034 5.019785291694074
5.264486816130659 3.6154757030284057 0.012537021116461237 -0.0272547812599075 5.1435223227594395
5.8386656370229995 6.4561459047950525 0.009165936724633004 -0.028565461731959174 5.0228852616379775
4.018717785504144 6.8757141473952075 0.009852434899761316 -0.028336011126232376 5.047013455002862
4.1745214431571105 4.479994042631443 0.010823137808518747 -0.027979629875640098 5.0814836936092105
2.5945401267155517 1.763122797527522 0.008149795089403387 -0.02887180008244613 4.9875062894766655
3.3109743397567515 3.1024618084041182 0.009366916524052955 -0.02850019078587762 5.02992904225159
4.61989436969254 3.7135393144800686 0.010090040234411636 -0.028252275803339354 5.055411091729736
5.764096379512164 1.7000094701098203 0.009587742087759882 -0.028426663568885423 5.0376872245223545
4.415892451634599 2.3424025013323613 0.009882578681459241 -0.0283255121507938 5.0480774496542855
5.170912421323106 4.392534129704656 0.009562734321197667 -0.028435085938013062 5.03680762566489
3.0098685471249658 6.574263136994203 0.00709433406085134 -0.029149106748458768 4.951128208299933
4.960562815874227 1.0619874758339292 0.009943623170615756 -0.02830414030209703 5.050233368430683
2.1863177930329254 0.694324302893217 0.006475400140245006 -0.029292818113382586 4.9299478387735
0.2352670686982819 3.356494065379999 0.008124338927137438 -0.0288789736139808 4.98662470265149
6.3303863670304406 4.435364378101124 0.009882887186760324 -0.0283254045135064 5.04808834110386
1.5738059382583371 1.484273444181865 0.008124982937695854 -0.028878792430815925 4.986647003048561
6.510176288536333 3.7245288951886777 0.008942168692796208 -0.02863629897646648 5.015061485319438
0.8563634484045234 6.5745520127168575 0.008097706553946636 -0.028886452682289836 4.985702615755871
3.3466309367286335 5.138324442515736 0.007763287355196036 -0.028978118804378127 4.974144058699514
3.4404686085012397 6.051052073379745 0.008278584453546142 -0.028835135502464766 4.99196984828501
4.429611009197432 1.362465676470598 0.009967929276342309 -0.02829558951394789 5.051092245471665
2.379116666375473 6.746112762877711 0.007973824091472742 -0.028920894338838293 4.981416576724057
3.1873158344583623 5.2309035592238144 0.007828137613642348 -0.028960667490613504 4.9763826361883305
3.7710472423211527 2.0174207295831295 0.0098589393821161 -0.02833374867997103 5.047243012436966
4.110471265523861 5.63955392332012 0.009544659554587363 -0.02844115809855541 5.036172043399992
2.5813504384362096 3.1377298093511894 0.010656603824716119 -0.028043480435264195 5.07553852232667
2.7008824642695024 3.0922046318058434 0.011410600347741124 -0.027745237423819787 5.102567306940932
2.953965054768582 6.917306966188572 0.0074965779556561305 -0.02904825844960022 4.964951428244842
3.6592527406656292 4.882756118109531 0.008404766755316076 -0.02879860926830901 4.996348605926337
4.452693266588522 2.4345933782311246 0.010779012296894864 -0.02799665862033163 5.079907115251851
5.113009810117299 3.450608110699957 0.012565493981962618 -0.027241665899670326 5.144567266582188
4.666599874157547 2.2811587466819017 0.00980701712791099 -0.028351762115481648 5.045411072000846
2.3745977827818834 2.174269408014624 0.009794784437762919 -0.028355990510256508 5.044979642808472
4.403046344964417 5.5662375035899325 0.00828471238791282 -0.028833375464027165 4.992182371002899
3.8521223963826072 5.397296929625135 0.009276369512734165 -0.028529790897642696 5.0267536270555215
2.0886824514243245 6.479388810435083 0.0069756915090697 -0.029177726573026433 4.9470600159638956
3.3952392929103854 2.6903327192848128 0.010040283246825422 -0.028269996680642125 5.053650476929707
5.19347054743971 6.450731698070567 0.008908367296866374 -0.02864683214779815 5.0138813336292865
1.9103690487182583 0.09114281610519415 0.005656158865741847 -0.029461973234756182 4.902062855435952
2.7410937943159217 1.2640424187567483 0.007135119632167632 -0.029139150087719716 4.952527651922841
3.8584604883388347 1.7315456026949825 0.010383896265945864 -0.028145598205369084 5.06583181689022
2.2147806542969453 0.5191605252189034 0.005887998125223586 -0.029416517096307705 4.909937991499987
4.898388554165413 6.664641058320312 0.00952192682763972 -0.028448776941884073 5.035372860707252
5.79385645395446 2.827430081335294 0.009980480431198832 -0.028291164881680944 5.051535852983166
3.646856100260106 6.754754438406679 0.007508380844678183 -0.029045209882031662 4.96535776958402
1.2402294645576155 3.0644183388694612 0.008126316358132348 -0.028878417242770602 4.986693176346884
1.6826787017041174 0.9067272835804422 0.00648175888945293 -0.029291411739603774 4.930164919349584
0.7523764593940258 2.129925798071333 0.00624542354834683 -0.029342710929662834 4.9221036045214435
1.1594097278532158 1.344704860771311 0.007194459882502264 -0.02912455573908494 4.954564605425018
4.895180129499549 0.9373622871513168 0.009218033350044163 -0.028548692809960207 5.024709559358239
0.9561533592689418 0.9030601213439469 0.0071020644970438565 -0.029147224222553836 4.951393420055748
2.886995426759749 0.6879145508726114 0.008934713903309808 -0.02863862579569771 5.014801169326917
3.2170948017247687 2.2223244910740774 0.008469057727489666 -0.028779768261896193 4.99858176872852
5.08797267795931 2.663398226075508 0.010499930795592454 -0.028102516849701723 5.069957621459329
6.537354946472244 2.6786418293148 0.009602280025985356 -0.028421756073518094 5.0381986877433205
0.9390862070782986 0.6353627864261898 0.007468439186780703 -0.02905550577968586 4.963982858753731
4.961459113002888 4.980731555143074 0.010575290011889001 -0.02807424515751832 5.072640551852618
1.8358050370551575 0.0934761766551617 0.0055142070658990615 -0.029488871128518786 4.897246926944458
4.378502684714029 2.3362414626004817 0.01047889590448318 -0.028110367137819555 5.069209220429696
2.1341275992718414 2.858326847546942 0.010445689383900439 -0.028122723433107785 5.068028189247316
5.143422875992921 3.0779419169339377 0.01084543753413281 -0.02797099363078157 5.082280815179473
5.032316823836727 5.6461587059829785 0.00901083201291977 -0.028614767279063102 5.017460158102059
2.4014857988265774 2.2682528694038484 0.009408811335612145 -0.028486387437701825 5.031399381595255
4.51546202076936 1.9796864911785985 0.011104426082440062 -0.027869189463987372 5.091556812388442
1.9356177665245582 3.1814163009976926 0.01040033696409715 -0.02813952719988796 5.066416010229591
4.563407168643095 6.916239378791791 0.008326073393139956 -0.028821459051409017 4.993617150877972
2.7630667625006433 1.9952675547792131 0.008356255751947993 -0.02881272270730477 4.994664527803534
5.334406062778497 0.049471236986283855 0.00824482005503038 -0.02884480789085219 4.990799098361457
3.757316696588556 2.0286484638504687 0.010290022670855365 -0.02818005382239861 5.062498575115087
5.336841923995821 4.486769899050224 0.010228827012625629 -0.0282023243358731 5.06032783893124
5.724612445845431 6.7917551447131235 0.008158676096296339 -0.028869291718982695 4.987813904263495
5.895961486950441 5.051410528801875 0.010073184562462971 -0.028258289983128095 5.054814542351254
2.676379258660519 6.9761126434771885 0.006834835568526289 -0.029211042822042625 4.942235263917814
1.5178635383633423 1.587404622172934 0.0070665276403645925 -0.02915586025326578 4.950174381557255
0.6092923716204227 0.2198040126529957 0.006555867274740878 -0.02927491424882371 4.9326956687002985
2.9262208772129976 0.18051645229707547 0.008349080126054195 -0.028814802811206724 4.994415493135044
3.6057533554686407 0.5329569510823304 0.008752206352895522 -0.028694927843720658 5.008434672838393
5.20775747165585 5.260004463035224 0.009738398104267297 -0.02837540488456161 5.042991808222853
1.0294471707585178 2.425014466677701 0.00679126412843853 -0.029221203458067634 4.940743915055297
2.4390760867245334 6.635499410886994 0.006050408243682621 -0.02938354233384357 4.915462125557778
3.5597714389728368 3.5712397044978554 0.009218341846994915 -0.02854859319812348 5.024720365369254
2.8075614569997445 1.988339608974328 0.00874970273604413 -0.028695691349588735 5.00834742454294
4.150692530438626 1.6745329034471528 0.010458041847022575 -0.02811813224106332 5.068467459339331
4.304122429999126 6.13942572767608 0.009549386738979024 -0.02843957125044981 5.036338257315842
2.8199015676318373 0.9456088671480306 0.008144990074152874 -0.02887315598773281 4.98733986748706
6.520852865984094 1.4352210315520084 0.00968730686642998 -0.028392887941800116 5.041191816660694
0.35799923487042695 1.6360353541591408 0.009035154819602688 -0.02860709662628856 5.018310280889332
4.738720211530625 6.070634488421627 0.009689410051886253 -0.02839217027362307 5.041265891972806
0.19805255622741175 1.1462892427139397 0.007446001660494829 -0.02906126389667022 4.963210705542325
2.0201497175930583 4.6184422640022795 0.010919640456199283 -0.027942108945234176 5.084935036644038
6.003567869083328 2.523175503025355 0.01016005471345632 -0.02822717286976459 5.057890380916347
3.267004672397595 6.275481737183826 0.008241529550501768 -0.028845748225140667 4.990685024074551
2.2319789619550314 3.725429620526467 0.011372115340803096 -0.02776103371049916 5.101180616753152
2.061740553798618 6.759728312254666 0.007154728540940693 -0.029134341583523876 4.953200647738626
4.539426971565947 3.0933530972834293 0.010187710829534269 -0.028217203051574588 5.058870323148443
5.267819292895442 2.9134297608730577 0.011696419571273538 -0.027625961869457673 5.112890965762633
1.6199405761673975 1.5816469859799482 0.008442156325712345 -0.02878767091260137 4.997647164021243
3.2502514359649326 6.45397944038558 0.007025408850391722 -0.02916579555720772 4.9487643124298115
4.919078937286651 2.871333004047127 0.010285614815456548 -0.028181662972011794 5.0623421620162485
3.747032277477444 6.738702032184885 0.008724313796790636 -0.028703420506537694 5.00746277888287
0.25163254714269057 3.190589516665285 0.00713382662018929 -0.029139466668988274 4.952483278461353
4.873476556355847 6.752851197865978 0.009161876906029306 -0.02856676410724125 5.022743141545955
3.220357156188752 2.3023905975399277 0.010057964648239832 -0.02826371078140232 5.05427599404619
3.5872870722628014 5.693456282476563 0.007649151910882883 -0.0290084552336769 4.970207447550778
2.7812367116851666 5.964844831391697 0.0091503391550207 -0.02857046190295311 5.022339280467724
1.8643420690249661 2.812266394529733 0.00996903978957275 -0.02829519827945928 5.05113149260971
3.833540468044341 2.549464331170156 0.011812832310224416 -0.027576384694345233 5.117108633076715
5.967935125855395 2.2744065198333674 0.01036034225688707 -0.02815427690991477 5.064995082967228
2.133873441285108 1.427482278365381 0.007069334685890615 -0.029155179764475195 4.95027065991288
6.0768311916513555 3.5158332159311936 0.011555518366221764 -0.027685194514178717 5.107796120184355
4.640126716714614 4.054637476490303 0.010121231406663298 -0.028241116741601638 5.056515333046362
4.8258538096738945 6.435398515040599 0.010167092870086812 -0.02822463857290346 5.058139731873
4.966164675323358 2.7227630991192204 0.010561954237307613 -0.02807926499552685 5.072165576226185
0.5995744937990034 4.506173532040495 0.009425519193402187 -0.028480863539134607 5.031985959217467
4.7753878289578715 3.9794498537990037 0.010907324570732315 -0.027946918805276173 5.084494310234461
0.6484351583510035 2.144487655993594 0.008473267974829802 -0.02877852897259906 4.998728063790567
2.7587727978357637 3.5332746882608363 0.010700118791346604 -0.028026905962861316 5.077090677062512
1.259556501045947 2.7871600024090224 0.007358985470897346 -0.029083420239702236 4.960217615944261
2.5045035971079987 5.230919981640725 0.006605095791184688 -0.029263846459228054 4.934377580112274
1.020987208184968 1.0809400582859736 0.008178131220467566 -0.02886378647615059 4.988487872256993
2.851499501779032 2.4001810361849842 0.01034114067063003 -0.028161335366602227 5.064313155354734
2.9955476703035173 2.1656988858216555 0.01119057742471302 -0.0278347081339378 5.09464999894443
5.873162415359819 0.8453123600209099 0.00840098714172504 -0.028799712065306668 4.996217365518697
2.9515910677671897 6.158502755200018 0.0077329435556266705 -0.028986230937558817 4.973097077341743
5.302921980008038 2.266756996329512 0.011777183413012456 -0.027591628274827567 5.115816257646406
5.4247515909593265 6.3941600688680795 0.008587691930537805 -0.02874459161835798 5.002706422530967
2.8967155634017994 2.97220086371281 0.011009057646110761 -0.02790700001334092 5.088137132977396
4.033841657955329 6.890219154397386 0.0072813697999864245 -0.02910294922917342 4.957549787530671
5.234838634927594 4.9984241703997485 0.01124445635621017 -0.02781298619805656 5.096586428308048
3.366882028556394 5.4937385257448215 0.007838530118137581 -0.028957856370716566 4.976741502529903
4.894276078243489 1.6693448718085349 0.00936597348201259 -0.0285005007102373 5.0298959534586105
0.9701175967598503 0.6941620641336389 0.007278541240562857 -0.02910365677040302 4.957452597207588
5.680340953659696 4.343757003226321 0.009372792389119854 -0.02849825894384527 5.030135218562487
0.6095628194411579 6.956869783581146 0.006126471532720484 -0.0293677773513551 4.918051454510641
0.6582173583596472 3.3177281433448313 0.008702744505502085 -0.02870996757350926 5.0067114109181805
6.059792236247985 1.0513089395532667 0.009577857155913652 -0.02842999564370198 5.037339510397623
2.007886558982068 2.1945385250020877 0.009318376498773354 -0.02851609825041126 5.028226370458205
6.483541783230006 2.2884158474020095 0.009483111309670125 -0.028461739228100705 5.034008771447022
3.8874210365930315 3.5805045246249514 0.010026868631255716 -0.028274757389790985 5.053175999127528
0.7490742651110102 0.944562138342836 0.007055103710709755 -0.029158626710308725 4.949782577389764
0.163138415864992 4.093362767488534 0.010100916577259554 -0.02824838905670982 5.055796090481184
6.156811889213943 3.314174352281917 0.009893120418932082 -0.028321832009538316 5.048449637883316
5.185602362808474 2.1096127870117107 0.009375515247424226 -0.028497363278824864 5.030230764788534
6.251560943214095 3.4219297010831515 0.00992889790240316 -0.028309309183440948 5.049713164556362
4.66553117969779 6.521310060914062 0.00953158671467201 -0.028445541912586022 5.035712433695696
6.622142280369339 3.803080064790398 0.010256179503339359 -0.028192388724534882 5.061297876265754
3.3775901509386945 1.948230148278581 0.010225613011845153 -0.028203489828955264 5.060213879020384
4.540248745506718 6.096081149801382 0.009512120242900782 -0.02845205736822202 5.0350281703433675
4.551861659921724 0.04750110515568447 0.01066257277432521 -0.028041211490094694 5.075751377185336
2.9508532634880527 2.1938414377595845 0.008458393510435579 -0.028782904287486717 4.99821124330085
4.072913983539557 6.481522785598396 0.009292569240456124 -0.028524518521989617 5.027321497474125
6.849960075788707 4.319827907425782 0.008695884439274812 -0.028712046144759137 5.006472475856506
6.623613492153576 3.8402597413360557 0.009260260886156897 -0.02853502353810686 5.026189054076228
4.080008091540682 6.465696624063127 0.009617082995749463 -0.028416750599828733 5.038719565940015
6.573793344562525 4.953913862676192 0.010034948816659166 -0.0282718906733708 5.053461787432413
6.1819031243845055 4.455921895668869 0.008545724758977176 -0.028757096312802592 5.00124673793321
2.1426026674731204 1.5721904514811174 0.009681426446907056 -0.028394893589396113 5.040984715085553
1.3821523328693885 1.0577014294692881 0.006914063670846342 -0.029192391535389536 4.944948393876399
1.9971552078518457 6.653565932408364 0.007296690823899811 -0.02909911172218864 4.958076264542277
1.919688146616716 2.786913708434507 0.01092416638767622 -0.027940339810645913 5.085097017071446
2.9044697259655874 5.365094978771424 0.009610972883295089 -0.028418817713560262 5.038504555776058