300

6.545498026622188 5.666237881288564 0.008445049423761774 -0.028786822336447988 4.997747663318197
4.232068573317468 2.125298519586468 0.008643715897814685 -0.028727794476392815 5.004656017922371
2.898789674018162 5.284010306024482 0.006636724724027406 -0.02925668957584715 4.935458531583533
4.233162600133075 4.932031247674501 0.008044856150230432 -0.028901216056112577 4.983873492341312
1.1206923367317012 0.832066968459 0.008183257177987301 -0.028862333619423766 4.988665468031584
6.77376324065355 4.636786716758331 0.007915477947719253 -0.02893691774980829 4.979399697002242
0.8035035461547837 5.647173045013749 0.00696481556192926 -0.029180324607315594 4.9466872842912455
0.5536439899734382 5.832048301452001 0.00879059563080119 -0.028683190695174395 5.009772788243884
4.152488259987071 1.654839036832555 0.008093265818885972 -0.028887697180371645 4.985548888351401
1.3362991312796937 6.880103615064896 0.007758793537579831 -0.028979322332332226 4.973988985683208
1.048229387958902 5.2865658517811625 0.0076344135884450865 -0.02901233753354881 4.969699411675435
2.03887337022953 1.768029222405836 0.007895366295033113 -0.028942411631846698 4.978704745899954
3.8815737154746275 3.0047832113228052 0.007205506987164668 -0.029121824617594293 4.954943928722441
6.979824546677377 0.09653163035748304 0.007814013750479961 -0.028964481509381624 4.975894977092883
4.6130721750518235 0.6708094923584224 0.008248164543713719 -0.028843851713317065 4.990915047967585
4.537378486388457 0.34724108030497036 0.008826759080187886 -0.028672082661368017 5.011033821187434
1.1732028469438025 4.854330796757793 0.0073682591091455765 -0.029081072155278134 4.960536492213539
2.718547001623637 4.645342445382269 0.006515371768602757 -0.029283953468015447 4.931312598936086
2.024597688980202 6.297056295446352 0.007140157077955202 -0.029137916138635003 4.952700531105038
6.949488757208297 5.466292468308869 0.00797405808167868 -0.028920829824021558 4.9814246674305265
1.38420738042643 2.6923324721434114 0.00740712812450321 -0.02907119627650698 4.961873293360508
1.7064199266940432 2.7121153209108564 0.0075155962035957525 -0.029043343707371178 4.965606195769029
3.7012582083669034 0.02181082308184532 0.006976498141288179 -0.029177533714908162 4.947087661533959
3.30558476860014 2.8551436716870366 0.007854262960607997 -0.028953593099054584 4.977284843863177
1.3578006911437095 2.442402325836686 0.008363807621256148 -0.028810531443807446 4.994926639667092
5.969264209103944 5.128812985369858 0.0062374124227898495 -0.029344414907576992 4.921830593178907
4.6847996019348725 0.4967778603725364 0.008985261818474647 -0.028622806816478736 5.016566682333804
6.237668174491511 4.92861293366679 0.00822488225383011 -0.02885049933555103 4.990107957214452
0.5159227116185915 6.551018733181406 0.006339403366566853 -0.02932255045107708 4.925307535966214
0.7296595836502228 6.392627213546635 0.008812973579426035 -0.02867632292830339 5.010553058022195
3.8585372979077475 4.734377120957183 0.00559484099619529 -0.02947367900733284 4.899982014889056
5.736524753249492 0.7915623668823896 0.007406311192064245 -0.029071404412692275 4.961845192366427
0.8191862893367128 5.35108214464406 0.0073284138556593695 -0.029091138691364073 4.959166585631856
1.4585360275209533 6.715728717712082 0.00679824933572758 -0.029219579154554563 4.940982967543765
3.8127721287996343 6.977656183077215 0.007713861494056946 -0.02899131492103291 4.972438820404575
1.297702373098178 5.281170702669756 0.007737800626077245 -0.028984934732910448 4.973264645834908
2.8200142810336852 5.443665807056543 0.006614439250770691 -0.029261735994261583 4.934696874995467
4.461816117976698 4.579247893079198 0.0059413339956375585 -0.029405791102302983 4.9117514482455835
0.5454636042843771 2.1822375665246345 0.008992962819477583 -0.028620388182683577 5.016835744916931
1.0939875221798434 1.0402483059319387 0.008741971286763593 -0.028698047634314792 5.008078006680622
5.884430574898721 3.529431780209512 0.0075184599005585105 -0.029042602512923902 4.965704797828452
3.8580328319389783 0.889263737382814 0.0073555058387960205 -0.029084300470450335 4.960097974601789
1.3354586480760073 4.766924286745769 0.0074705706239363515 -0.02905495783085529 4.9640562168728115
6.51394141249988 1.4915849823663612 0.007504251815471297 -0.029046276950583455 4.965215613497988
2.3728960389855733 5.101726997852744 0.00616092041588563 -0.0293605698110429 4.919224614692345
2.8973517940117777 2.654400007231711 0.0073993610237839905 -0.029073174172073234 4.9616061273180145
1.8762268747616042 4.910499629275897 0.008099680140008319 -0.0288858993564257 4.985770938612437
3.4834662837826937 3.723938455389965 0.00782432420306224 -0.028961697995203498 4.976250963023997
3.873681693968862 6.598629304777781 0.007325375464601956 -0.029091903930520045 4.95906214313735
1.0791591460375556 2.3043505718756716 0.0073272577466531475 -0.029091429904941273 4.959126844897337
3.724213314623466 0.6867338634532661 0.008601577370228082 -0.02874043957116836 5.003189520100296
6.802881353883302 2.677405371591812 0.007506091095644117 -0.029045801701173476 4.965278936423072
3.5366176765026966 4.2529272775986815 0.0071011094320126604 -0.029147456918821937 4.951360653257391
2.722676908159897 0.3981796683836185 0.007360012996833657 -0.029083160225230678 4.960252946401304
1.2814388608007108 1.2905187060749794 0.009632059626289175 -0.028411677658237818 5.039246648270182
4.26588721887909 5.165327028794425 0.006047240823337688 -0.02938419436405494 4.915354331025613
6.300114816300815 5.09551775818575 0.007506410012078805 -0.02904571928409698 4.9652899162159665
0.9313672541405479 1.5806616490398286 0.008803280689147678 -0.028679300010775708 5.01021506534809
6.527068234053311 0.40282417692403294 0.006670080935579728 -0.029249102897573043 4.936598801855174
2.6479180348167937 1.258926603492115 0.007471958261582065 -0.029054601008053363 4.964103976231966
0.5084962536880637 4.000832523627074 0.006913828974992852 -0.029192447120865855 4.944940354259989
3.0881250010890344 3.618736411135048 0.006733938933063626 -0.029234467097003322 4.938782593717123
2.1051297089072585 4.856954903369946 0.007982584750269488 -0.02891847749631306 4.981719507355971
1.2138158207320797 5.376477951413511 0.00842334502018948 -0.028793180766821316 4.9969937765042145
1.264418281821575 1.3952486909909518 0.009034188096593489 -0.028607401934383495 5.018276487951058
0.8073023048538933 2.1105576008307327 0.008615417429955894 -0.028736293819969408 5.003671108341094
3.0646807840348225 6.4519082197667785 0.009269909587856534 -0.028531890512774744 5.0265272080405055
4.529391148613039 2.285493719860103 0.006426755712651709 -0.029303528985599986 4.928287516284919
6.19369935533404 0.2416153433757984 0.006651942432061075 -0.029253233357708432 4.935978706860736
1.3239788191547877 6.987141124924304 0.007958618642912477 -0.028925082355918817 4.980890854830198
3.7091557340355625 4.10336234374393 0.005913713896233385 -0.029411358145340655 4.910812263068225
4.668551283865318 4.810992016962996 0.007966576452026971 -0.028922891619511514 4.981165983188805
5.170041412977851 1.2226843562236978 0.007827921148820985 -0.0289607260007038 4.976375161754159
0.21186351530748732 6.364544025761248 0.006736849199223714 -0.029233796586603644 4.938882144002161
5.214425538816437 6.032896078399493 0.007641176046876847 -0.029010557192522785 4.969932507884546
0.7398081690852765 6.107831883026629 0.00714922119251772 -0.02913569351054571 4.953011619247475
1.8413013735718309 5.074058529651601 0.007623195473294099 -0.029015287190995512 4.969312764278976
4.653849346049083 0.45415949070950457 0.007184440812036092 -0.029127028860121487 4.9542206123667585
3.379070444500663 6.9666241528024075 0.009153745585518082 -0.02856937069232727 5.0224585118458585
1.424499390953971 2.931285601650602 0.008893288515161803 -0.0286515168775772 5.013355008469383
0.33989622738324 0.5035592956168133 0.008281306238227388 -0.02883435393742499 4.992064240821017
0.7192783983012438 1.0878705601927572 0.007698219330617999 -0.028995472390318102 4.971899312568918
4.0301898173294735 2.4853236850866582 0.008253770528442008 -0.028842248041091076 4.991109409685036
0.878792291708111 5.447390555379503 0.008511265419201252 -0.028767314107575437 5.000048660963721
4.931206079941498 4.260482296973544 0.006887608241202514 -0.029198644706830472 4.944042246990296
3.005382252094102 1.6963938952268094 0.008123601409071462 -0.028879181085109253 4.986599164506451
1.9371216345417208 4.398972700078766 0.007536977789494752 -0.029037802358316697 4.966342461713538
4.844793902709052 1.1283104709986074 0.00878032411418894 -0.028686336616058038 5.009414705582796
4.207863014611638 4.0931551826338755 0.007844225317203397 -0.028956314150335935 4.976938179750563
0.9312779364738146 6.169694088659862 0.008417288147409349 -0.02879495199238023 4.996783425083962
1.3732125177692793 6.016751576315451 0.007728801999829845 -0.028987335504447903 4.972954199956619
4.6661816436511865 0.05674584242881937 0.0068864238974701945 -0.0291989240538817 4.944001685584837
2.719731312216844 3.213815234330884 0.0065792467982899085 -0.029269668798385676 4.93349435992293
0.3512142206424624 2.607834750252836 0.007301059889386843 -0.029098015817089425 4.958226411659964
1.2712663182848456 2.3407084487240075 0.0064190574393065275 -0.029305216286369284 4.928024815786378
4.221194990216555 5.623099823869324 0.005932446518696618 -0.029407585387154864 4.9114492218677155
6.755022842184336 4.6675285851811275 0.007979732927028459 -0.02891926455519396 4.981620892744211
3.761266596437294 0.5554076594865075 0.006692436806585554 -0.029243995786996328 4.937363195276622
0.09215395313800742 1.2397459997378342 0.008986665140044023 -0.028622366248455374 5.016615710801846
3.520057941818605 4.765133875180204 0.007028473992456721 -0.029165057060416655 4.948869407484131
5.687190829703721 4.662151205026512 0.005974868147752667 -0.029398995741640063 4.91289197269197
5.380027558666235 5.7299266229464285 0.007589161803917216 -0.029024207536364602 4.968139988201723
5.650496432069765 1.9856481831282333 0.008581926854502316 -0.028746313354306358 5.002505866424957
5.268542992081488 1.619595175560108 0.007445753840766649 -0.029061327391272214 4.963202178058513
6.671943234318157 6.141831581176598 0.006317730974291519 -0.029327227542617754 4.924568491692552
0.2703984755316671 1.4653855818967203 0.0069155329330453175 -0.02919204350935312 4.94499872448926
1.425368631212965 1.366338709060668 0.008086269245364161 -0.028889656448138627 4.985306697491204
0.8478058658575971 0.5214641090983912 0.007644611237617861 -0.02900965217002242 4.970050921477835
3.916413588485601 6.415138438367897 0.006554152284054947 -0.02927529825360311 4.9326370868228935
0.6836016867518756 4.478964179397144 0.006762548106368482 -0.02922786244508914 4.9397613152715065
0.02081129567685779 5.0389694911993725 0.008765969495576792 -0.02869072635543787 5.0089143447218785
4.800037232139675 3.7114421372420496 0.00745098099256737 -0.029059987650520428 4.963382048447985
6.0635916406017385 0.2611497909538349 0.009134216265762942 -0.02857562060936335 5.021775011208271
3.1589349521114527 5.157270875112451 0.007023025557734464 -0.029166369537798296 4.948682597902259
6.193085457438889 5.446264301966513 0.008587337424475098 -0.0287446975276869 5.002694089587981
0.1121253313691096 0.4152514164347466 0.006699425420180895 -0.029242395576276475 4.937602177829628
4.222480032810332 2.228284747685116 0.00816404078455287 -0.02886777507997728 4.987999735949742
5.258227176531808 0.2977482919739174 0.00944513513556287 -0.02847436429968114 5.0326747789142505
5.793600999543815 5.287071872999894 0.008235362386484351 -0.028847509534850296 4.9904712325767795
5.019632437061637 6.884352901347575 0.008824638297295481 -0.028672735462838314 5.010959855205473
3.208336121251967 4.888165756699936 0.006414313198238238 -0.029306255069437084 4.927862927987004
5.251220660732946 0.04013075557599338 0.00872111071505631 -0.028704393877867024 5.007351188439466
0.7980981817333713 4.422090323969076 0.007295129812155964 -0.029099503106132126 4.958022620250293
4.792972352671219 0.4782476597539755 0.007452628833989069 -0.02905956509417845 4.963438753682057
0.4915952724929528 4.712799851147419 0.008101928025975216 -0.028885268949101327 4.985848758951949
5.1185562271277165 1.729653758679699 0.006669907191795987 -0.02924914251824877 4.936592861718594
0.8987351470269848 4.94348212457139 0.007081365320895701 -0.0291522600357505 4.950683321997704
6.877269930790052 6.702922326973361 0.006653551654467184 -0.029252867387340627 4.936033717274529
0.9640651757490144 0.35412922010078335 0.008182677147586135 -0.02886249806753344 4.988645371640336
1.7045182452650618 5.544947161264183 0.006318421753745394 -0.02932707872499061 4.924592045954729
0.06364291831760042 0.2583324712435506 0.009070164138229964 -0.028596015850211844 5.019534316181836
0.502543395814365 3.4270912022216566 0.005561862079433151 -0.029479920118775146 4.898863205730296
0.7251682798453319 3.816719358033435 0.007462352244076685 -0.029057069690271997 4.963773370785506
0.3412174116155639 0.6037294348942727 0.009199002591617711 -0.02855483061268987 5.02404302403498
0.25206885529386325 6.238978887236787 0.008224609092299422 -0.028850577208764223 4.99009848905382
1.1057604036741462 1.8095525895901132 0.009884351375101274 -0.028324893607806077 5.048140033271039
2.8071563226375424 3.386855788533299 0.006311266401441922 -0.029328619408523653 4.9243480678760205
4.34066946633517 0.6617520191890194 0.00764832879473054 -0.02900867226619818 4.97017907261435
0.8304250251896239 0.194284182222233 0.008501070183094254 -0.028770328565070398 4.999694276059275
6.864737029324379 3.7199427125606443 0.006462086384999387 -0.029295758047075782 4.92949335580467
1.3343101542155444 0.19338788088544157 0.00676404991300212 -0.02922751492642534 4.939812698281961
3.553629236798645 4.893228510661115 0.005854203350147131 -0.02942326125933572 4.908789286582843
4.72269462412811 5.587406675210148 0.006805940958721737 -0.029217788548526285 4.941246210850302
0.8452998177718632 3.4742813581219605 0.005133797711598647 -0.029557471492947168 4.884361993707748
6.466787276046909 5.660559170034664 0.007009544671964852 -0.0291696123301584 4.948220417097275
6.544315824224947 6.047961312921455 0.006448286066129658 -0.029298798726387368 4.929022311415072
3.9764231019524954 6.363442369494226 0.007203251120967067 -0.02912238268563008 4.954866466385811
4.16671432947168 4.044121378012712 0.006693134437985735 -0.029243836126525008 4.937387050884783
1.3251977879184937 1.3069636067669739 0.007786171295373877 -0.028971978471604175 4.974933839564914
1.1583476318560255 1.7887300415333884 0.008505852573904479 -0.02876891502978523 4.999860506635154
0.9141896400531668 5.423762783122439 0.00817822646134233 -0.028863759490873674 4.988491171925225
4.306434356354305 5.194418241282232 0.006980539090509882 -0.029176567207364598 4.947226159056888
6.92400123397197 1.5758141987779268 0.0066871367865649805 -0.029245208181816203 4.9371819645657755
5.847627310565085 2.6040671608222286 0.008820517080153807 -0.02867400353000458 5.010816125423904
1.9757831161239792 1.3535910836841052 0.007496838434538334 -0.029048191225727445 4.964960395363613
6.636335114892632 4.390160412606354 0.006584104287340202 -0.029268576506783318 4.933660319425604
3.8446042653687704 4.121106115379982 0.007412026565181061 -0.029069947750160308 4.962041795055763
4.744214777217208 2.8123248541610066 0.008824355518585484 -0.028672822492416226 5.0109499929347034
6.368710388794528 5.394724507794294 0.006999930481611045 -0.02917192097295981 4.947890834046489
3.979927063469573 3.394032688686531 0.007898378806437031 -0.028941589663147846 4.978808833776874
0.2226189493285697 5.388760483085402 0.006209148871067802 -0.029350408349747323 4.920867525297653
0.7289915003724211 2.127254158623011 0.007232136061102178 -0.029115222959711393 4.9558584349754
6.186480324458823 4.8623231189002665 0.006950007798242582 -0.029183854981896535 4.9461798578706855
0.26474846099978855 5.068120297512875 0.00759796940037212 -0.029021903124898767 4.968443457160692
5.0800507697263315 4.407278310619876 0.006761813717111932 -0.02922803235346295 4.9397361890029226
5.987895284519967 3.3404958395000497 0.006295623941134116 -0.029331981167180287 4.9238147470513605
4.312841684240494 6.362606645891192 0.007252445407778811 -0.029110170655755146 4.956556046261195
3.52402439533394 0.5423179563446865 0.008083290616339488 -0.028890490006432876 4.985203595328789
0.8274160797073259 5.459091759611297 0.006288943828524818 -0.02933341414703818 4.923587011005447
1.2792534474517507 5.228560933853379 0.0067119546414508525 -0.029239522309557425 4.938030659710224
6.186517742158746 4.619557412075104 0.005563127920350974 -0.02947968126933891 4.898906144993379
3.818424178640566 5.219720736238592 0.007571696879185511 -0.029028768598921523 4.967538299007904
3.615081669330104 1.1602773287190067 0.006767892190232598 -0.029226625451827113 4.9399441612442105
6.6197117125768745 4.093844869220032 0.005397024066362335 -0.029510542713191597 4.893274587634087
4.896234187618074 3.892498930260001 0.008028066318515029 -0.02890588436954532 4.983292600681995
4.065621421883072 0.11897803722693825 0.007784483470515489 -0.028972432019029246 4.974875582872211
3.069039983617962 3.0720535576706736 0.006430193407063964 -0.02930277483017182 4.928404831119143
6.131789793810645 4.6128116196712785 0.005685330775225893 -0.029456357785311294 4.903053104365111
3.831616040421322 2.3997991410753867 0.008852364355085417 -0.02866418750505259 5.0119269826407695
5.039924333155609 6.90677519116629 0.00741650213022706 -0.029068806238859164 4.962195756560958
6.545023179485127 6.186747730392222 0.008186613678535555 -0.028861381749292852 4.988781763405957
3.6277439748551323 2.886388341558966 0.006740136276093566 -0.029233038894026866 4.938994586443739
0.6544699697483679 4.735148765312111 0.008582287721529991 -0.028746205618566 5.002518419954846
5.465924801974776 3.0882785180200916 0.008056468348906233 -0.02889798120532076 4.984275304098905
3.497165257844709 6.370170341533714 0.006985850554529214 -0.029175295920175065 4.9474082085655064
3.7835368733649837 4.488823525515031 0.0060665178417764 -0.029380220579080216 4.916010408951886
0.47626290926212367 6.20801336903973 0.007510498366962961 -0.029044662406023013 4.965430674625826
6.2483949070338545 5.332823788815455 0.006173554062289818 -0.02935791597235718 4.919654927090245
1.2459739681864435 4.575999478116188 0.0055772761443258915 -0.029477007833393357 4.899386098122316
6.985294764996033 3.6549748628678094 0.005333673918092793 -0.029522058236773677 4.891128311748169
2.641422565562522 4.976020329219563 0.00789626923667717 -0.028942165298088976 4.978735943904392
1.0282574826891813 2.636769450986184 0.007641551388536385 -0.029010458327581756 4.969945446012435
0.09431199580466913 5.411831284585535 0.008236876553391708 -0.02884707722879713 4.990523721622701
4.749204948075179 6.002483898743879 0.007796126875152295 -0.02896930109178556 4.975277483328236
3.6281148498247213 1.034099333017618 0.007564021241658122 -0.029030769584283234 4.967273893271212
0.45436386180689586 4.214162410190665 0.00839829486752747 -0.02880049727553435 4.9961238841155415
3.704103303235869 5.610257118155434 0.007284333071626853 -0.029102207677452984 4.957651609149076
1.6595238197366824 4.377849977589068 0.006271707852128139 -0.029337104162094018 4.922999459492436
1.0423037030835849 3.3945471635804085 0.006305327410097431 -0.029329896799195763 4.924145574130589
0.13545262145799017 2.41450709864634 0.007607242236750664 -0.02901947390204372 4.968762982188341
1.7994683252205288 4.7199773381268635 0.005906412936161453 -0.029412825199690434 4.910564033186592
5.152601747627201 6.406484713015152 0.008629455765503143 -0.028732081254082945 5.004159666970077
4.332168881377515 5.766045871618208 0.008678812038008259 -0.028717211243589145 5.005877921737577
1.449430016264081 0.059752998610687 0.00708965344472064 -0.02915024552270119 4.950967636494644
0.0345078706754355 5.971180056277606 0.006320522239440749 -0.02932662610360651 4.924663669246066
0.035088367006053264 2.5318868911013968 0.008613915253276913 -0.028736744144202617 5.003618834205888
1.6864336576638081 4.2135927859384354 0.00821654546003975 -0.02885287473897705 4.989819003791327
2.5311628840006075 3.414469418932277 0.006428950320021796 -0.02930304758523747 4.928362409155223
1.4456877734327238 3.252272633627833 0.006781557663276345 -0.02922345762670218 4.9404117558848
4.074459154833645 2.6562231785513704 0.0076910256181490725 -0.028997381346269436 4.971651222952059
3.374338957882359 0.523871496722406 0.007792762230660362 -0.028970206364753313 4.975161339969901
3.5169311041707187 4.958752717967308 0.00660056813931522 -0.02926486802017492 4.934222864537169
0.3468054552346736 4.246631631078642 0.006367902803634272 -0.029316374501009955 4.926279567252489
5.240051210266598 2.4984394543675754 0.00807393704852544 -0.0288931054152448 4.984879850582064
2.4642460090994955 4.008398112153319 0.005450758141466754 -0.029500665004084804 4.895095735254409
0.15607475428207365 5.442899471386502 0.006922323890166227 -0.029190433911808054 4.94523136131422
6.550510024449076 3.259257304071171 0.006673168601814257 -0.029248398602517715 4.9367043676025135
3.923106698793608 5.069643239603697 0.00570352388357884 -0.02945284053040463 4.903670770478204
0.41813398143774494 0.35845733228724586 0.00732774631940684 -0.02909130684377069 4.959143639320597
3.149118114052817 5.7650765122199985 0.006595886479868133 -0.0292659235553005 4.934062892006093
4.315792648269337 2.480431057030429 0.008660702593973505 -0.028722677984107617 5.005247368869937
0.8422600964271486 6.978480689445653 0.00871121892350506 -0.028707397389292663 5.007006597503178
0.8882750155447444 6.123739099515727 0.008087004808445267 -0.02888945055254916 4.985332158704408
3.695542397372165 4.11387594066043 0.00688188233277454 -0.029199994786948947 4.943846149668192
4.831743442999407 2.2063468831708026 0.00802387063480454 -0.028907049313894376 4.983147453794065
2.7140177463194535 1.9880243451255382 0.008611809706042724 -0.028737375203502984 5.003545564801949
4.921690866517609 5.235806127214647 0.007925418329907048 -0.028934196797145994 4.979743232189627
4.778807147644727 2.2372090164450746 0.0075593908359550994 -0.029031975650810917 4.967114396655113
0.6949771383845769 4.889499160623483 0.007200684787823574 -0.02912301733314057 4.954778344984257
4.841167137578866 5.937657406190453 0.007100841566912465 -0.029147522176706686 4.9513514632686695
3.639675383980828 2.673442815297952 0.006910428900646605 -0.02919325217253309 4.944823884837389
1.3613646130168293 4.98393853795877 0.007126135603158142 -0.02914134848227518 4.952219348831456
4.4607350897817915 3.2488773559015485 0.008395127778196551 -0.02880142061752775 4.9960139193975746
5.090587419640238 2.6273986686806765 0.006157233722205427 -0.029361343172445913 4.919099050197319
0.6936588393423683 3.9797280207673458 0.005520099015365225 -0.02948776876707636 4.897446733154408
4.593300311010972 0.020276899490835075 0.00842604774236806 -0.02879238995712815 4.997087644538953
2.965083279552105 4.466388190486889 0.00752189844426809 -0.0290417121360659 4.965823196185267
1.7993979039740442 5.066204998720847 0.007377928058463901 -0.029078620626916452 4.960868988785192
2.5066074955334567 4.225649839973389 0.007469797622953716 -0.029055156572837717 4.964029612176176
4.6381513163629 5.105944855483042 0.006023680043515838 -0.02938903330722787 4.914552578952661
1.7665222763550348 2.732374649768922 0.00802245687311637 -0.02890744170138527 4.98309854696593
2.1226856819552413 6.76076189022478 0.005818596501077675 -0.029430323388601198 4.907579272105798
6.140206603898687 4.887694208089221 0.005956325900697999 -0.029402758063907443 4.912261302848298
3.7289177508618696 2.2848392712280736 0.008510255930915006 -0.028767612761408025 5.000013569642985
3.0131995642239415 0.365415707393035 0.008908179875598377 -0.028646890429922477 5.01387479115798
3.2230102818385906 4.357462445806159 0.00806511211380895 -0.028895570016729072 4.984574429681449
6.927629377763576 4.702015879584873 0.006344527112483257 -0.029321442251686133 4.925482276657195
1.8844548355753263 5.972704698349288 0.006417270555304394 -0.029305607630964133 4.9279638412467905
5.800920878272202 0.4927982144835792 0.007494738409368554 -0.029048733125131905 4.964888101513558
0.3548603088181382 2.3959464373413515 0.00822713236157256 -0.028849857765770103 4.99018595006768
2.946879022590029 1.2243450101346582 0.009131742371031856 -0.02857641127344547 5.021688438792626
3.0585173491041413 3.386052170416977 0.006894728445196983 -0.029196964220051913 4.9442861079274465
2.6476484245141454 3.8054425465993766 0.006498089377516145 -0.029287793266851155 4.930722471731469
0.7121215167621927 3.554629246532925 0.006962884459833867 -0.029180785458911212 4.946621106588577
0.4332473756860503 4.559967623930118 0.007251690516794608 -0.02911035871727848 4.956530114137516
0.6683162793400362 1.3026878529809696 0.007520131324232076 -0.02904216976856763 4.96576234901123
0.9796485293637508 3.5197130479156504 0.005579812948501713 -0.02947652773750213 4.899472159260116
6.686892301540759 3.1280336602605274 0.007264749616620435 -0.02910710244953649 4.95697874584852
6.989524839086365 6.825059220512782 0.007549320633875781 -0.0290345958808959 4.966767546420538
1.867356333942774 4.06450572073563 0.006990397695908658 -0.029174206759619615 4.947564067353033
6.506850088858815 3.5076194274759067 0.005379974085638743 -0.02951365580265948 4.89269685915397
0.5946899223889371 5.479255365015954 0.007799833894272926 -0.028968303216131787 4.975405449237765
6.454182539243646 5.320355976241956 0.00792464832009151 -0.028934407700916754 4.979716619838347
0.1614452633284168 4.14199507083789 0.006131988701014208 -0.029366625862884452 4.918239322879963
1.5698925320248442 1.7007233589082755 0.006941361727664489 -0.02918591265260887 4.945883606202561
3.596958748793339 5.554910626665562 0.005614412389441607 -0.02946995713470389 4.900646086324348
0.08527881589025932 5.99138061745539 0.008480078222616441 -0.02877652295428178 4.998964715397223
5.6939401877236815 6.787437165910154 0.009161655052151128 -0.028566835258834564 5.022735375402017
1.2266061953536087 4.616081792883103 0.007723301900479747 -0.02898880141975597 4.97276446329511
1.812247201718123 2.6755947710845156 0.009985998228720571 -0.028289217722941535 5.051730895761255
0.576375922659611 4.502218626422937 0.00845202282646752 -0.02878477566598135 4.997989914807251
1.4510403310181865 0.9785982183961448 0.007827911305752095 -0.028960728661228095 4.97637482187772
0.5761226395739537 4.9950592264489515 0.007980735760872354 -0.028918987823143692 4.981655569927652
6.73238974937966 1.6353120835192403 0.006952722652827963 -0.02918320831767564 4.94627288480848
0.2520163245682663 3.80932210757071 0.0063499251479846325 -0.029320273713166325 4.925666378892176
0.7270575291727475 1.8585573624127694 0.007720896444877156 -0.0289894421831032 4.972681485424387
5.233883365182205 4.924152142587569 0.007676278358686734 -0.029001288774121014 4.971142685114419
3.159562122425561 4.601670698820176 0.005911486056933526 -0.029411806007089744 4.910736516061721
1.440832724936987 6.6501781185575695 0.007200690082036869 -0.029123016024142415 4.9547785267722
2.719208281006335 4.960863706267268 0.006620018950598354 -0.0292604741775269 4.934887561567091
6.248793282020791 5.546764510710066 0.008482262380765892 -0.028775879220344313 4.99904061694315
5.844458618266692 6.383652762044939 0.008402519427280928 -0.028799265047465473 4.996270570823108
1.6181502876132003 1.2436059764460805 0.007419095957533491 -0.02906814433659139 4.962284988186595
3.576944256676926 5.305552744786836 0.006768496648196991 -0.029226485473339864 4.939964843050698
3.0552669446676 6.647216450492638 0.008749653572761022 -0.028695706340089805 5.008345711279801
3.277626284948764 4.325172153212083 0.006678372946969397 -0.0292472107179674 4.936882307287282
0.5261524566956156 6.579213457385152 0.007123710227427204 -0.029141941469223512 4.952136121692714
0.9265222954636839 5.898104962031979 0.0063663368704131385 -0.029316714598542896 4.926226152593809
0.31152708020605385 3.9763824672732366 0.005936775773452036 -0.029406711706951406 4.911596439634875
1.4703663371419815 0.0019205144406066153 0.008136008961084358 -0.02887568801232544 4.987028827044551
3.8249144175124608 2.797377192604988 0.00680219619618344 -0.029218660594021548 4.9411180455497705
6.4977284744702555 0.7974881093662084 0.006678374694679781 -0.02924721031889128 4.936882367043763
4.772016785370367 3.3666296966938996 0.008928579145504148 -0.02864053900404928 5.014586963767055
0.9331557616674393 6.8686030877504125 0.007878560756574208 -0.028946990869604543 4.978124137454864
2.9011526596244486 2.950728713725917 0.007942053457184278 -0.02892963509765077 4.9803182071359515
3.4457920404282434 2.249549380867435 0.006631577972859823 -0.029257856613051483 4.935282618020512
1.1013015074141976 3.6768192331276435 0.00614393869245124 -0.029364128070545538 4.918646264404523
6.145621482138939 3.278187736102974 0.006054427171298499 -0.029382714504065863 4.915598902266926
6.785793209990822 2.4959903591718864 0.00858448398285525 -0.02874554982511383 5.002594822607966
1.071308223046725 4.190289803187526 0.0057526702191132845 -0.029443280818382433 4.905339685951812