500

48.81089365735151 85.93298015882603 0.3349360990677211 0.9422408447638522 1.2292589155558937
13.638482506215 84.50171375516143 0.45974377684034645 0.8880516086672968 1.0930896726570924
3.48833606768065 65.55841195620799 0.5117032892699342 0.8591622336615652 1.0336302040932197
58.406664017774276 70.06316285912601 0.6138201549293977 0.7894458926376464 0.9099057532437924
27.837650006727706 59.77933413359245 0.5692656588686709 0.8221536411357783 0.9651839401632598
25.10338041950202 27.021343236415035 0.7047316361165087 0.7094739748972817 0.7887515095927042
0.1208932139595234 19.568928428556532 -0.013685679408536018 0.9999063467040935 1.584482433455766
55.624182286763265 31.72073409982211 0.2920874483894016 0.9563916156540524 1.2743875849596524
60.840954634192215 63.503968338751086 0.6138622553170049 0.789413156399816 0.9098524231031153
4.194531440328479 5.677488599362768 0.6076962636260083 0.7941695355369589 0.917639778398242
11.300323121863759 32.24453931080789 0.5221227587865971 0.8528703446345599 1.0214583085264857
57.17551169732307 65.89973011473681 0.6138740287358464 0.7894040010309178 0.9098375088759854
72.76513060490588 54.47653995756045 0.5961172753281566 0.8028973745475412 0.932139841418445
42.675093138128226 26.708637829626888 0.5309322328400091 0.8474142812883922 1.0110960490653604
53.528748532462174 36.22982125897409 0.2893780337331075 0.9572148941553096 1.2772193195214883
59.503453311238616 19.0339396559752 0.34688699428976544 0.9379069320527555 1.2165463677217156
43.93894082335362 87.63761034212574 0.3330311740433894 0.9429158165580221 1.2312798875154702
14.949031421959369 61.12880771270404 0.5590683130062581 0.8291215962645869 0.9775346567557344
43.77392679071455 94.70155674982719 0.3225785722179585 0.9465426903979679 1.2423438988810958
2.5245861048562297 15.279365943491406 0.04106290251771257 0.9991565633256987 1.5297218757282567
55.41252901758016 70.91001119746488 0.6135439271765327 0.7896605912826077 0.9102556064713743
58.258821550837126 63.53226899612538 0.6138771922478836 0.7894015409396253 0.909833501400773
81.54996391429998 32.05712678763963 0.22083646527087816 0.9753108507581899 1.3481242997859115
44.668298476982656 86.36446670604887 0.3334226202580909 0.9427774691305626 1.2308647126701764
75.32516385523559 36.93166690755956 0.6748286185962017 0.7379744816208363 0.8300638814121675
44.4170844544801 95.75377991197574 0.32244766919029505 0.9465872916079879 1.2424821915801698
39.11561449147485 93.04800836846678 0.31677725232677334 0.9484999590976796 1.2484665070136374
24.761380994284476 81.94518709014679 0.4474973347994282 0.8942852650845861 1.1068314624452777
59.54864054186222 18.93973503153229 0.3468869957696638 0.9379069315054118 1.2165463661438423
55.100544247785464 72.44877162590481 0.613149104650226 0.7899671989814679 0.9107554995734306
46.38837816687539 86.29136925602903 0.33427477397660654 0.9424756630719376 1.229960692254112
3.414448516623952 4.216659899952358 0.6076962636260083 0.7941695355369589 0.917639778398242
56.83639541614587 69.4982854254991 0.613812769028488 0.7894516353631678 0.9099151090135984
56.71829083290293 67.14976033595318 0.6138642813498205 0.7894115809150942 0.9098498565955508
42.840173627752506 95.57106999943699 0.3225015951842461 0.9465689204192248 1.2424252221725807
42.97774252383398 98.33793483490393 0.3220763766207483 0.9467136883043626 1.2428744087381667
43.538551656446984 94.81164302649738 0.3226065704795233 0.9465331482222059 1.2423143192298303
54.871813779633875 67.09815371618704 0.6138637129795553 0.7894120228923259 0.9098505765876561
58.545845902755985 67.64227610890083 0.6138590743772517 0.7894156299470537 0.9098564525960922
60.66050663513411 62.86272504352973 0.6138610317302111 0.7894141078819916 0.9098539730976225
1.5694638741116793 7.173008132966039 0.6075648104754304 0.7942701058657277 0.9178052906995613
44.58326291680152 19.64970922244477 0.5330230681408228 0.8461007084441803 1.0086268246992824
58.64378054536661 32.86365263600905 0.2904197032945768 0.9568993656274886 1.2761309106625998
38.81345530529954 93.65559127403974 0.31719249801707294 0.9483611755031356 1.2480286829936373
45.916919180796874 85.81428148013948 0.33404926135727364 0.9425556169195852 1.2301999589661827
44.29843422909884 88.79327236731778 0.33229581428284477 0.9431752179791946 1.232059658703412
29.219369548855784 26.7470645063334 0.7047316361237106 0.709473974890128 0.7887515095825532
47.63543944988588 20.180825663707658 0.5316599074481221 0.8469579344998512 1.0102371178853105
41.75955018361383 96.36532327199095 0.32211160949782364 0.9467017011850785 1.2428371925232073
57.00666201412519 31.570120610183004 0.29190045039554346 0.9564487059214827 1.2745831036249098
97.95614801813242 1.0761611945475378 0.6384539393006623 0.769660033645678 0.8783084968694219
26.39170871300812 63.770466002052046 0.5692656579200772 0.822153641792592 0.9651839413170511
59.92051334287946 66.14692529640139 0.6138716562435859 0.7894058459757926 0.9098405142946113
41.65451806823573 94.41813560867851 0.3224660403783452 0.9465810334053347 1.2424627837041697
1.9015548236688513 18.699065658751184 -0.012930062433541794 0.9999164032485239 1.5837267495442255
83.097037136828 33.204559996965656 0.22083646634406603 0.9753108505151915 1.3481242986855568
61.81390154872414 62.22404517581742 0.6138570394073929 0.7894172123598462 0.9098590304115572
56.27178722298441 35.227322757929244 0.28959478496099816 0.9571493407631817 1.276992872304171
36.40198328062912 92.74265285620125 0.3162344756596218 0.9486810614765555 1.249038699805423
19.62307835408907 59.28980895629661 0.5692656577236815 0.8221536419285779 0.9651839415559307
59.5671703216885 35.53860812081685 0.28942073515556915 0.9572019839417436 1.2771747091516747
56.29431547896257 37.28284710018414 0.2893423433083458 0.9572256830908975 1.277256605008624
25.138446862620587 62.01627060791001 0.5692656579150922 0.8221536417960437 0.9651839413231145
54.342835124536016 31.282261632982554 0.29225585836311957 0.9563401660771319 1.2742114912962426
6.278731987253831 67.19355892814787 0.5117032891363898 0.8591622337411021 1.0336302042486554
3.7649885987380878 9.470253494634308 0.6028290794315408 0.797870353498437 0.9237541591551659
7.0670837396831425 99.87734593000141 0.6384345920097863 0.7696760823393811 0.8783336340576866
54.18027814997313 68.42957428067278 0.6138143231065603 0.7894504270372112 0.9099131404582215
43.432645231416984 96.3133460828713 0.3222707744492063 0.9466475309934045 1.2426690619445453
2.4579092085188465 64.93375837729172 0.5117032892975997 0.8591622336450881 1.0336302040610192
95.06515353530767 95.6809919837094 0.6384741679360583 0.7696432529934619 0.8782822140237081
57.61194231159706 64.89165161762784 0.613878611691263 0.7894004371090806 0.9098317032735865
57.45306700302624 29.425605553125145 0.2964855308242551 0.9550373448257715 1.2697857140408906
36.07121646356034 95.22602752043936 0.3161356534282435 0.9487139972781563 1.2491428660209225
59.11606882469775 34.036445177324076 0.28964886303082293 0.9571329772528745 1.2769363727280099
57.44169196443424 33.967888811615296 0.29000069646805765 0.9570264343517589 1.2765687613042804
81.57880786638863 57.53365588202031 0.5961172752909545 0.8028973745751623 0.9321398414647799
43.925144479714525 87.49024219873436 0.33298580998242133 0.9429318375950357 1.2313279975108449
55.191193263071185 31.52936198004583 0.2921938996557684 0.9563590983537276 1.2742762779655132
2.3715143749047 19.710861304170372 -0.014561389003864892 0.9998939773547384 1.5853582304329137
56.61548477323615 31.242408640910348 0.29241517640863673 0.9562914642544426 1.274044895656369
86.23827153499789 79.37897809503099 0.3157236665430528 0.9488511824225183 1.2495770928744974
58.35255777923782 31.346746460724624 0.2926392507201795 0.9562229180154238 1.2738105713421628
70.67124037679132 30.874533394333184 0.32132482550714675 0.9469690367233776 1.2436681542417933
44.83463022362936 89.38844277531477 0.33203664996608323 0.9432664857182729 1.232334423955498
8.29241556221944 32.49992170702498 0.5221227587865972 0.8528703446345598 1.0214583085264854
45.00830979985125 95.49158033278562 0.32235490377429893 0.9466188863595858 1.2425801897982207
56.47803210349973 27.780273709683712 0.30888580860716186 0.9510991311325543 1.2567749952246217
2.2569190144527496 14.784284858405222 0.06019364883233585 0.9981867183249081 1.5105662688730899
26.93744184530836 25.622520561959654 0.7047316361171208 0.7094739748966737 0.7887515095918416
56.542435372377156 63.67238255736479 0.6138857175857819 0.7893949111466261 0.9098227016071874
3.8815046982160517 17.163174009791465 -0.007492507819765195 0.9999719307693445 1.5782889047184256
60.70015788399055 16.833918809880647 0.3468870029135877 0.9379069288632154 1.216546358526963
82.08312625798942 35.5410038733112 0.22083646373933963 0.9753108511049712 1.3481243013562196
81.68904555798532 19.26253772659582 0.28433430290922185 0.9587251974310088 1.2824843267050476
50.9682536829337 69.97028945414755 0.6138055095010408 0.789457279722068 0.9099243046389796
55.79753134471452 30.227758817867986 0.2960629894685551 0.9551684177499496 1.2702281180552504
36.764370794511905 93.04703967213325 0.31627137771213876 0.948668759704917 1.248999801282757
9.209775206703545 34.29366427530036 0.5221227587865972 0.8528703446345598 1.0214583085264854
87.13263705363383 77.64846235520653 0.315723666543053 0.9488511824225183 1.2495770928744971
43.47921655188411 90.67131002111311 0.3309761935557666 0.9436391043716532 1.233458440232981
99.30109407739994 22.646498239395793 -0.015388532451730292 0.9998815895239707 1.5861854666632145
4.942374433993478 20.941235468663184 -0.01538893902086645 0.9998815832666447 1.5861858732804996
60.27110559945857 20.729320345345144 0.3468869906397156 0.9379069334027347 1.2165463716134128
56.65953300579747 66.00054016431862 0.6138742453863623 0.7894038325542411 0.909837234427745
1.4258552021841626 19.923585514391746 -0.015091328346655051 0.9998861194199735 1.5858882280373903
71.89658093979803 33.1560310893721 0.32132482550714675 0.9469690367233776 1.2436681542417933
43.2292480567775 95.70193300748022 0.3225015951842461 0.9465689204192248 1.2424252221725807
55.930473277091124 30.096812747478076 0.2960629894685551 0.9551684177499496 1.2702281180552504
42.58048319452156 93.12290880288735 0.3248032624306166 0.9457816030746359 1.2399926219933044
4.673980996815244 64.22033201738468 0.5117032892659577 0.8591622336639336 1.0336302040978482
57.40563280967005 21.573008474630953 0.34688698214000707 0.937906936546371 1.216546380675835
50.69555774295269 26.091406946157452 0.4625902303865565 0.886572207296683 1.089881723930666
14.161724009086953 60.07304393172632 0.5590683130062581 0.8291215962645869 0.9775346567557344
2.8495971121384707 99.97115005105987 0.6384444355234989 0.7696679171883682 0.8783208448257598
55.18708762480539 68.59067565888014 0.6138202942444652 0.7894457843155781 0.9099055767718158
1.1324313298741435 18.34702580048563 -0.01270083928180723 0.9999193410878388 1.5834975075663482
74.68764947192057 36.1211011175718 0.6748286185962017 0.7379744816208363 0.8300638814121675
13.273445343418297 55.32592088617594 0.4944088609678802 0.869229473842462 1.0536416992644937
75.09837518928805 53.22633632919252 0.5961172753194874 0.8028973745539777 0.9321398414292423
22.75897538318467 83.3209614894579 0.4477196234865975 0.8941739980255629 1.1065828812328233
24.109581231993648 62.722141230221105 0.5692656579150922 0.8221536417960437 0.9651839413231145
11.325059198765283 59.54265773153333 0.49650257104423645 0.8680352509814696 1.0512313480580593
57.18761175434148 32.24908859235351 0.29127213607930774 0.9566402368413097 1.2752399620485826
76.89252790613372 38.01476051528063 0.6748286185962017 0.7379744816208363 0.8300638814121675
60.41592124334459 78.14098433677162 0.1625453431219553 0.9867010750117615 1.4075265691881405
15.854294738563478 59.368597395861094 0.5590683130062581 0.8291215962645869 0.9775346567557344
73.85636729621267 54.26868625112759 0.5961172753216978 0.8028973745523367 0.9321398414264894
41.728427384992386 95.55556539192479 0.3224043708823313 0.9466020397379081 1.24252793270837
9.685668654385486 31.873080516294728 0.5221227587865972 0.8528703446345598 1.0214583085264854
56.858360483542285 18.585516894088443 0.3468869929637914 0.93790693254317 1.2165463691354743
0.3502998658656651 99.21964936023207 0.6384481440033832 0.7696648409656214 0.8783160265304761
83.94648148607489 30.875834438259943 0.22083646763161832 0.9753108502236552 1.3481242973654113
59.64905591151672 64.7687597501469 0.6138693601229298 0.7894076315201575 0.9098434229607568
84.86255066994148 79.77678444446951 0.3157236665430528 0.9488511824225183 1.2495770928744974
21.474245164715125 59.72607670700758 0.5692656577736438 0.8221536418939837 0.9651839414951606
56.42020780252638 63.323428376815606 0.6138873836763328 0.7893936154815461 0.9098205910134975
57.44506345406647 68.30278589886491 0.6138512854867175 0.7894216866202147 0.9098663192118004
8.266247981150096 32.45118748582768 0.5221227587865972 0.8528703446345598 1.0214583085264854
26.879973365289647 81.85118088067556 0.4473689677201225 0.8943494880196623 1.1069749988255952
44.10371048077668 19.53771076870779 0.5330230681408228 0.8461007084441803 1.0086268246992824
57.262455846150694 66.62253365998095 0.6138696146961857 0.7894074335555477 0.9098431004742775
58.80895105218123 32.93298518526307 0.2903701925445597 0.9569143907798834 1.2761826510682064
55.16414289652373 37.08393506838735 0.28933316991362523 0.9572284559015853 1.2772661883091938
97.68008801667769 97.65896589071264 0.6384631916027266 0.7696523585154924 0.8782964755252018
2.607445347031442 6.313829931379656 0.6076045774751865 0.7942396851273551 0.9177552223902903
4.1657293216220665 64.31597210632414 0.5117032892925228 0.8591622336481118 1.0336302040669283
62.12123774862367 63.07832446480045 0.6138565214666858 0.789417615114345 0.9098596865165507
55.44349609400902 35.757302644311714 0.28947289739171744 0.9571862105544794 1.277120214210382
56.118638939973266 64.70675595723584 0.6138820608197975 0.7893977548762339 0.9098273339646377
12.247721941535271 56.60995123567192 0.4946267788766286 0.8691054881992926 1.053390978992089
43.972975105362934 0.2898977259066413 0.3218467837907637 0.9467917657877795 1.2431169143283811
5.808930628038912 98.58584550500285 0.638436237206362 0.7696747176709015 0.8783314965376674
85.77521905519399 78.04985187039205 0.3157236665430528 0.9488511824225183 1.2495770928744974
22.95210347363081 61.59553595171526 0.569265657859885 0.8221536418342695 0.9651839413902639
50.749195151665205 23.416157542039574 0.48393606737667577 0.8751033554340867 1.0656493477835767
56.556228973984105 73.24930653921055 0.612788379664365 0.790247051084863 0.9112120515626057
76.55017844788911 54.494028265614794 0.5961172753099271 0.8028973745610759 0.9321398414411497
99.97231543256605 1.7888606833874081 0.6384505169256144 0.7696628725860536 0.8783129434673826
86.89797561715102 31.87653513140075 0.22083647179486846 0.975310849280984 1.348124293096772
10.114457408948946 69.07245193725747 0.5117032887675229 0.8591622339607934 1.0336302046779886
54.86839368130278 35.40497406009449 0.289571292441606 0.9571564483373123 1.2770174164700245
21.444122962769864 59.61375169069455 0.5692656577736438 0.8221536418939837 0.9651839414951606
17.626023762665035 85.83918646622453 0.4522672678263675 0.8918824577559942 1.1014905063557823
54.680492395628434 32.96255746305865 0.29060459675588785 0.9568432308086565 1.2759376835681304
59.93890743384363 16.171030241658084 0.34688700720299115 0.9379069272767698 1.2165463539535843
96.94239315058252 1.0276697188864568 0.6384557376759527 0.7696585418408965 0.8783061602831961
44.3921610286435 96.3889204042955 0.322261730078758 0.946650609954193 1.2426786160345775
55.40174261031112 34.065112541040534 0.2901765137584337 0.9569731400948521 1.2763850441371203
28.58202417280252 60.02002868909233 0.569265659263241 0.8221536408625748 0.9651839396833373
61.56137839363839 63.12045110952198 0.6138590848672367 0.7894156217899153 0.9098564393078006
45.8894388050852 89.57228644075605 0.3319955828845838 0.9432809406243324 1.2323779607157401
8.951571186118471 68.32854734286396 0.5117032888128475 0.8591622339337988 1.0336302046252341
75.7425513724347 37.59479410708332 0.6748286185962017 0.7379744816208363 0.8300638814121675
46.423746299906036 90.45975663790738 0.3317194823742539 0.94337807108993 1.2326706479545517
80.68295781493762 54.67536912437461 0.5961172752943035 0.8028973745726758 0.9321398414606088
58.69855416981619 35.81375225401214 0.2894367449933666 0.9571971430419363 1.2771579834463906
54.06522452627583 67.46020158272194 0.6138523611436052 0.7894208501923552 0.9098649566226091
31.363661200936004 25.056770971496835 0.7047316361461049 0.7094739748678833 0.7887515095509885
60.21320571222361 33.956785598807485 0.28953555723830354 0.9571672586829875 1.2770547510160757
58.02558746732892 23.156406213395357 0.3468869801105178 0.9379069372969822 1.2165463828396843
29.29549516134768 28.76051802599471 0.7047316361199282 0.7094739748938852 0.7887515095878845
77.70857259049178 55.55328552934086 0.5961172753078742 0.8028973745626001 0.9321398414437065
3.085263414667127 17.043131866825373 -0.00431900358104831 0.9999906730605376 1.57511534380369
54.54806750996601 73.19306095687311 0.6128646836105242 0.7901878761300835 0.911115490869361
47.851597230042515 26.613015022976008 0.5089765071330964 0.8607804105499806 1.0368009840741226
43.579024484376895 97.60971097238269 0.32215980006174394 0.9466853031626599 1.242786288440947
58.449995184698295 31.264130463596928 0.2922388391394489 0.9563453669561155 1.2742292874507868
60.295837557926085 33.99838650103851 0.2895140556242105 0.9571737624883068 1.2770772147399936
3.517549355716783 19.789815475648467 -0.014323418935673174 0.9998974145731117 1.5851202355420175
43.01928792098127 20.35716848944625 0.532941773180164 0.8461519168562952 1.0087229036881766
59.02568876702509 67.81030787494815 0.6138611999913748 0.7894139770393919 0.9098537599507128
45.67136928547072 25.26277540417893 0.525453821295133 0.850822121060767 1.0175479099880866
76.88134648931153 55.861282964898194 0.5961172753099271 0.8028973745610759 0.9321398414411497
55.729499373578214 33.53682732442038 0.29038151506752297 0.9569109549519693 1.2761708187210297
8.886296833726016 32.23573651032589 0.5221227587865972 0.8528703446345598 1.0214583085264854
2.9066613614827754 99.0944726739012 0.6384430376158027 0.7696690767595556 0.878322661072237
4.462470149082529 63.34642821547805 0.5117032892997732 0.8591622336437936 1.0336302040584895
43.67584551536913 91.42902750247484 0.3304481508992575 0.943824146526916 1.2340179665098305
25.26978080973247 27.12047673657564 0.7047316361165087 0.7094739748972817 0.7887515095927042
84.53689034584936 78.86727396031614 0.3157236665430528 0.9488511824225183 1.2495770928744974
13.790351503671403 82.98321330632541 0.4599778234503373 0.8879304037670354 1.0928261039869176
48.02193906476558 19.36039973236709 0.5330556181825562 0.846080201827234 1.0085883535860205
85.61485305634595 32.659375038304354 0.2208364692273436 0.9753108498623403 1.3481242957292916
37.01948666500204 94.59824687856093 0.31630572678202895 0.9486573075694364 1.2489635934105532
37.04109151228918 93.057150582834 0.31627137771213876 0.948668759704917 1.248999801282757
85.23512280429605 79.21741629271983 0.3157236665430528 0.9488511824225183 1.2495770928744974
2.121855434583186 5.019950416012194 0.6076688500105849 0.7941905116071416 0.9176742965359526
44.524699487100825 89.4296118329144 0.33203664996608323 0.9432664857182729 1.232334423955498
48.06269752882167 86.61524769160683 0.33472258868649735 0.9423167135432811 1.2294855049528257
49.26769213681631 22.84552327404123 0.5092472725481786 0.8606202504021394 1.0364863967511464
4.484300921504393 19.557605173545067 -0.014989266515041373 0.9998876546339299 1.585786154660042
73.73654878213982 38.67726622059202 0.6748286185962017 0.7379744816208363 0.8300638814121675
84.56951327884883 33.05728852476546 0.22083646874580992 0.9753108499713724 1.3481242962230149
24.856951512850117 63.27183652444416 0.5692656579270561 0.8221536417877597 0.9651839413085626
10.88718788956602 83.94987585682958 0.46015282072045094 0.8878397274187569 1.0926290094796118
45.80351949399589 85.7012438388757 0.33404926135727364 0.9425556169195852 1.2301999589661827
56.41030173633396 32.581659306409314 0.2911440250405343 0.9566792339562915 1.2753738769964387
98.61316527666682 0.2394696116372188 0.6384524611239257 0.7696612598311039 0.8783104174258942
14.200679638044312 54.355350449095816 0.4941602015440423 0.8693708617212516 1.0539277447886501
78.30399967531501 18.275449076152285 0.28433430290922185 0.9587251974310088 1.2824843267050476
61.316252322129195 79.08619823691477 0.16254534312189328 0.9867010750117717 1.4075265691882033
96.77881217449922 95.97687156692581 0.6384699967360216 0.769646713283377 0.8782876336653975
54.549950496005096 66.19059359887149 0.613868277994621 0.7894084730175619 0.9098447937705754
37.871242974426856 94.79756181760011 0.3166441015601103 0.9485444180148817 1.2486068840844649
51.593013453201934 25.0655951395319 0.4537186781993278 0.8911449719619444 1.0998624775008226
56.689809863608694 29.62776939274254 0.29607959077680257 0.9551632718679258 1.2702107375047027
44.59191665293064 24.87586301177636 0.5296049596890671 0.848244414465985 1.0126615443896194
40.253954356130706 94.36069721272818 0.3201425193492787 0.9473693932699624 1.244916406386851
58.067512289252605 64.26900780081444 0.6138781582290055 0.7894007897445784 0.9098322777122807
23.864782637490173 60.52035980523792 0.5692656578676177 0.8221536418289154 0.9651839413808585
61.01439520957518 79.82452786673889 0.1625453431219108 0.9867010750117688 1.4075265691881855
21.485756471878496 84.42692708392903 0.4485113734178369 0.8937771242960102 1.1056972307588229
59.02358812195247 21.092597794353264 0.3468869864737081 0.9379069349435419 1.2165463760552262
55.88823599695193 66.72865164337043 0.613864730344148 0.7894112317667556 0.909849287824535
62.57076624738742 64.31883242411372 0.6138573613695947 0.7894169619993979 0.9098586225635299
73.9287216062577 52.62574997514813 0.5961172753268192 0.8028973745485342 0.9321398414201107
42.25347371086511 97.21217595234508 0.3221562277598456 0.9466865188200086 1.2427900619225811
61.301835763957904 66.52796528130656 0.613867036171268 0.7894094386959806 0.9098463668758001
23.900654266990617 84.42547849458194 0.44771962348659733 0.894173998025563 1.1065828812328236
9.635230988516229 68.0987709065505 0.5117032888128475 0.8591622339337988 1.0336302046252341
4.111816108393106 15.687035232954786 0.0013478434898222945 0.9999990916585509 1.5694484828969735
34.32051376888654 93.2508294870588 0.3160687542919517 0.9487362871527228 1.2492133807920478
59.18553560679088 18.96957904801915 0.34688699428976544 0.9379069320527555 1.2165463677217156
6.319939996832958 15.636878207517514 -0.008528883417795093 0.9999636284123766 1.5793253136172063
36.7082018348967 94.50291093908803 0.31627137771213876 0.948668759704917 1.248999801282757
4.367944369802404 97.01835770924582 0.6384373863962282 0.7696737644298091 0.8783300034516255
60.990080532554714 32.753150980829204 0.2899238757102611 0.957049709415943 1.2766490305851086
80.746908757299 33.40635583182623 0.22083646362219664 0.9753108511314955 1.348124301476328
60.99544354835368 19.48318821698298 0.3468869962167443 0.9379069313400581 1.2165463656671633
0.45888973460687055 0.5238566216244323 0.6384484890735841 0.7696645547247565 0.8783155781921259
1.332187263633899 13.675147322694082 0.3821325371863175 0.9241075283880917 1.1786934561564224
19.138610162960006 85.47450856062787 0.44989441003834785 0.8930817542735082 1.104149222283264
58.89550958139517 66.84175373685832 0.6138729532405701 0.7894048373804792 0.9098388712895342
42.6091977522268 89.23713657443075 0.33227807259690784 0.9431814684732117 1.2320784692349132
70.06733888539688 29.99201574130796 0.32132482550714675 0.9469690367233776 1.2436681542417933
45.86899878804336 20.47285245066185 0.5314653720849581 0.8470800188143957 1.0104667884920737
70.8061586097279 32.157114061637884 0.32132482550714675 0.9469690367233776 1.2436681542417933
54.497779590006616 63.693081391530185 0.6138887582628898 0.7893925465055059 0.9098188496927411
3.1228614793213905 19.369163719611286 -0.013876291168919365 0.9999037196367435 1.5846730633190858
12.127405744344498 54.33820306777846 0.4944088609678802 0.869229473842462 1.0536416992644937
57.32294239802376 67.57522608552411 0.6138598116345578 0.789415056646366 0.9098555186678219
54.50968894381558 26.104411350042554 0.3576987577149196 0.9338370300695958 1.2049938868279448
59.05267146198257 78.81691358484107 0.1625453431219553 0.9867010750117615 1.4075265691881405
25.78026931114974 61.0001607103959 0.5692656581705337 0.822153641619174 0.9651839410124166
56.09995782333385 66.98007675206725 0.6138612954631648 0.7894139027989595 0.9098536390106264
44.25617499578965 88.70857936891431 0.3324293495617245 0.9431281607236467 1.2319180746081235
53.90525022458483 33.214899202054006 0.29047318594001226 0.956883131970597 1.2760750185792635
56.40586466862571 68.46274252867 0.6138327986303957 0.7894360615816686 0.9098897372256676
56.14935173860822 34.692323478260086 0.2897383673379408 0.9571058867713355 1.2768428584767482
53.20235515122023 65.30831441392546 0.613876784756633 0.7894018578245547 0.909834017603425
46.09668184815909 19.81844636103257 0.532635389901118 0.8463448123695708 1.0090849525718273
75.0425945108921 56.2864287222817 0.5961172753136823 0.8028973745582878 0.9321398414364725
82.87075537575204 33.763011624912835 0.22083646564977247 0.9753108506723981 1.3481242993974258
19.58971558848421 86.36485480889768 0.4498944100383476 0.8930817542735083 1.1041492222832643
41.52207396058267 94.88830725698146 0.3224438473843445 0.9465885934681346 1.2424862290348835
44.77262312037039 94.24553074116655 0.32338513481828374 0.946267432906026 1.2414916606755018
58.018520363473904 77.73201510231074 0.16254534312208518 0.9867010750117401 1.4075265691880088
54.031487695220825 68.10724046587418 0.613827162187259 0.7894404442142147 0.9098968770407401
80.23735559646185 20.574527427204675 0.28433430290922185 0.9587251974310088 1.2824843267050476
1.4847755265187068 8.185180656193012 0.6073900072808466 0.7944037884195752 0.9180253524686974
54.69980579940246 29.886143474717958 0.2968768648315076 0.9549157696508184 1.2693759301579144
52.52340515790067 68.91394457698775 0.6137857031885686 0.7894726787934554 0.9099493929114066
43.68293486966539 88.41533060008338 0.3324992206450014 0.9431035299851585 1.2318439892414221
57.57111469816687 74.7514096526224 0.6125916702810675 0.7903995480149593 0.9114609489219445
56.817231557624915 70.39720172142826 0.6136760677760645 0.78955790404435 0.9100882571152029
81.60702564422742 53.98114491558539 0.5961172752913851 0.8028973745748424 0.9321398414642434
57.174076296512865 34.85071694930306 0.28974002397120285 0.9571053852680836 1.2768411275985674
13.212478436104977 86.57175563293688 0.4597419819295727 0.8880525378892109 1.0930916938344848
13.882841856056885 56.29729353630315 0.4945092227881676 0.869172381393612 1.053526234799389
49.987317408940946 25.999956293368115 0.4845589404223787 0.8747586142798147 1.0649374367526765
55.50686137459354 34.94050709867961 0.2896161424341679 0.9571428785931345 1.2769705586020592
42.57077714937103 89.74142057647613 0.33227807259690784 0.9431814684732117 1.2320784692349132
2.29765082930912 11.63661926600502 0.565623864174509 0.8246633520875635 0.9696067616092505
42.54766765280265 97.2599184335788 0.3221992320265756 0.9466718834324197 1.242744635481743
25.16850378632404 62.13268983562005 0.5692656579150922 0.8221536417960437 0.9651839413231145
3.9550043342602614 66.06846232651708 0.5117032892478562 0.8591622336747146 1.033630204118917
5.278231939530193 66.27183759489772 0.5117032892137461 0.85916223369503 1.0336302041586185
1.6349558504741633 98.41415636943815 0.6384470461030626 0.7696657516885326 0.8783174529951041
8.48858350569894 67.39822737990212 0.5117032889316777 0.8591622338630254 1.0336302044869248
2.1145410594740572 17.5571235530859 -0.008121451238794049 0.9999670204710632 1.5789178673154138
0.5186180839811289 22.471325372509014 -0.015388926211066405 0.9998815834637972 1.5861858604691825
58.12019895136466 29.14562937840101 0.2969346058164794 0.9548978164539973 1.269315462491987
49.3862062283738 23.950485362799828 0.4925982171719874 0.8702568565883176 1.0557235128554152
3.6326807573911815 21.55966574836916 -0.01538893500244425 0.9998815833284912 1.5861858692616015
27.405085131439172 24.319719724309376 0.7047316361169793 0.7094739748968143 0.788751509592041
41.071215109683656 95.03507978124657 0.32212196327386206 0.9466981782894656 1.2428262558202419
60.06897785553563 63.93968419974505 0.6138656208975343 0.7894105392507024 0.909848159700509
98.68998673452319 12.240571658076394 0.5822070362777855 0.8130405690423064 0.9493557197096094
52.794522598884754 26.96246361003851 0.41082995800209327 0.9117119861052603 1.147432121962399
99.18573378496464 99.43864365217487 0.6384532539949255 0.7696606021249179 0.8783093872696686
57.040013735878695 63.84017869829202 0.6138846308921956 0.7893957562302655 0.9098240782223508
87.74357710720881 79.27811788694362 0.315723666543053 0.9488511824225183 1.2495770928744971
44.30428007862553 91.10637012519766 0.3312331738260651 0.943548930663965 1.2331860982469791
9.709929750943223 32.8005084274357 0.5221227587865972 0.8528703446345598 1.0214583085264854
76.2082796323528 54.65945688730723 0.5961172753090466 0.8028973745617296 0.9321398414422464
44.43133960359809 87.79567108511823 0.3330484630212108 0.9429097100354886 1.2312615518024606
63.46120933471548 64.72553576292972 0.6138539248465811 0.7894196342569952 0.9098629757980847
96.69257324537122 98.49771668412743 0.6384633117101958 0.7696522588806255 0.8782963194710098
1.0670107060629772 20.36176130782699 -0.01538901709213908 0.9998815820650653 1.5861859513610184
80.38349623394964 55.65002576613001 0.5961172752956128 0.8028973745717037 0.9321398414589781
99.22125447665206 2.289624744040225 0.6384512921172704 0.7696622295486429 0.8783119362835787
83.74440072401896 32.13457336104846 0.22083646774917234 0.9753108501970378 1.3481242972448815
47.34242642499129 84.98452357535584 0.33472258868649735 0.9423167135432811 1.2294855049528257
7.326922377484452 67.19853266887247 0.5117032890254094 0.8591622338072004 1.0336302043778283
56.384333788098594 66.26288805367035 0.6138705166222639 0.789406732186846 0.9098419579381922
50.90919693087064 74.68061283715465 0.6121747410037495 0.790722509150329 0.9119883329600902
48.16752775391693 23.04503382111735 0.5140259286338608 0.8577746467995525 1.0309246440070716
21.506410541757955 61.47979345690311 0.5692656577937283 0.822153641880077 0.9651839414707315
53.48542517502267 32.195741405022375 0.2915636327076413 0.9565514351472814 1.2749352391811921
5.368545777128176 99.18901480005803 0.6384382956711199 0.7696730101936509 0.8783288220740351
86.73020147275194 80.40558600227172 0.315723666543053 0.9488511824225183 1.2495770928744971
3.382731715842483 99.6833806030485 0.6384420853644526 0.7696698666541968 0.8783238982933885
45.56100014803784 21.98445279251355 0.529992354137692 0.8480024201354541 1.0122047777988294
11.153595406852197 85.8414525437364 0.4600259857648657 0.887905452410933 1.0927718621330333
49.52115817092894 25.036620601315487 0.4892963371249347 0.8721175921148032 1.0595136006829178
57.67947463043858 33.475867474433436 0.2902610487601585 0.9569475030390397 1.2762967071394782
4.836033191884328 14.235984532091049 -9.772353991379036E-4 0.9999995225053734 1.571773562349576
83.45372343909698 77.38011447792917 0.315723666543053 0.9488511824225183 1.2495770928744971
44.709626086410324 21.444440867691025 0.5310914915978746 0.8473144797254115 1.0109081030517442
59.48466517498747 64.80192631745186 0.6138707663372782 0.7894065379995803 0.9098416416056416
57.764891827296395 22.399856493378568 0.34688698107431304 0.9379069369405203 1.216546381812082
33.473594283387555 25.506400114032143 0.7047316361461049 0.7094739748678833 0.7887515095509885
42.426476403476556 22.554924273377367 0.5317176622509325 0.8469216774002206 1.010168925550528
22.951501361935033 60.83527427952909 0.5692656578452507 0.8221536418444024 0.9651839414080639
77.0558371318596 53.59586394749048 0.5961172753090466 0.8028973745617296 0.9321398414422464
36.9348962753185 92.43416112380416 0.3163402348862733 0.9486458010195888 1.248927217457671
84.10812539037332 81.02644340697381 0.315723666543053 0.9488511824225183 1.2495770928744971
24.317585870157544 82.07680788412003 0.44752474077149723 0.8942715507033667 1.1068008165392322
55.758200502769775 75.36666645496474 0.6125669244108822 0.7904187264468071 0.9114922565941583
57.16410931441928 19.939780844104146 0.3468869891399918 0.937906933957411 1.2165463732124242
10.806185815251085 33.05486145574809 0.5221227587865972 0.8528703446345598 1.0214583085264854
46.30639669976295 18.788779376435865 0.5333311985264877 0.845906515330329 1.0082626059442688
53.98153441093173 70.63074418173254 0.6135660057727348 0.7896434363433235 0.9102276465652201
88.0046894617793 31.05059985618974 0.22083647461903635 0.9753108486415168 1.3481242902011128
53.744661321880905 35.42097711788594 0.28954630225167044 0.9571640083352405 1.2770435251498404
22.77069619286158 84.54252747714614 0.44798246076170883 0.8940423451100535 1.1062889153777102
56.6222226213204 61.67719141525842 0.6138912708444824 0.7893905925338522 0.9098156667583273
52.95111347156829 67.57260591863671 0.6138449947414378 0.7894265782394738 0.9098742879893196
14.618306740196887 86.72041251270132 0.45926228793955043 0.8883007097129494 1.0936317823320958
60.83443521963347 63.88321722800044 0.6138625985527766 0.7894128894932186 0.9098519883043956
54.06314046960443 33.92943219975706 0.2900246392162695 0.9570191788294907 1.276543743354817
62.87982893494746 33.02050350149764 0.28953524162657474 0.9571673541529929 1.2770550807512502
60.54036294504051 36.140410635015414 0.2893363890080182 0.9572274828878456 1.277262825375289
6.1017809525357425 21.584166997194032 -0.015388866283705767 0.9998815843861223 1.5861858005347247
44.09231149107589 94.89802536936074 0.3226078077082257 0.9465327265370661 1.2423130121134547
45.631555942940246 19.952310366814736 0.5326349580566277 0.846345084144768 1.0090854628182595
55.465353236835725 65.5027434471705 0.6138806757593487 0.7893988319786427 0.9098290885420928
56.58510457710045 69.68311069435003 0.6137974272707696 0.7894635636150565 0.9099345423026413
10.822164341372337 86.6687934139233 0.45998791300647035 0.887925176964789 1.0928147409501454
47.465193840650194 24.53568730821881 0.5167939054903561 0.8561098406443095 1.0276945844900125
54.750985029595135 32.1422087437159 0.2917604688671074 0.9564914159606691 1.2747294558568327
55.222276253559514 66.71748182518672 0.6138637129795553 0.7894120228923259 0.9098505765876561
43.37848229223889 24.48036971124157 0.5301973865268376 0.8478742426327806 1.0119629767378822
55.057740970820916 65.10460506086413 0.6138812824607083 0.789398360173364 0.9098283199806048
61.92760397019094 63.3132979791653 0.6138593865946617 0.7894153871629472 0.9098560570915619
4.394061878124116 64.95957106503134 0.5117032892685048 0.8591622336624166 1.0336302040948835
60.859750871095386 77.00815866385504 0.16254534312190555 0.9867010750117697 1.4075265691881909
43.744630589362025 1.3155480398602457 0.32158291407169826 0.9468814230816627 1.24339559992092
5.326539733369626 18.39226691419633 -0.013837575810789685 0.9999042561643993 1.5846343442434612
20.47758946785486 58.7670277504468 0.5692656577236815 0.8221536419285779 0.9651839415559307
46.18884503426215 19.74241877664648 0.532635389901118 0.8463448123695708 1.0090849525718273
14.09214172885446 84.7956077564993 0.4596918482821246 0.8880784901251488 1.0931481464797503
58.2691135145504 35.0089403676372 0.2895257959753056 0.9571702113338388 1.2770649490748305
95.28696201425713 97.8813009697191 0.6384699967360216 0.769646713283377 0.8782876336653975
56.70833370006171 68.48409343627176 0.6138338599039588 0.7894352363781383 0.9098883928810533
21.119201872468516 86.52413653723994 0.4490220175714804 0.8935206923938791 1.105125816039932
57.8252581203279 35.178072698421055 0.2895374132588986 0.9571666972494111 1.2770528119389473
59.53833264273 30.486673412646812 0.29243781427154897 0.9562845417469003 1.2740212230150307
54.76414530251241 28.273867368010382 0.31891875677072656 0.9477820564770226 1.2462078729961545
59.34934425197484 21.738727094935584 0.34688698131719836 0.9379069368506887 1.2165463815531168
53.62931473481546 25.47021627205522 0.425568197359593 0.9049263557859869 1.131206640339404
40.19667395371583 89.61209041336843 0.33262578846911817 0.9430588978665635 1.2317097825346637
57.69519373027874 67.35053935055105 0.6138603107981786 0.7894146684897384 0.9098548863467897
0.6431984896778965 99.38420658512503 0.6384454635042084 0.7696670644706687 0.8783195092091178
43.63635348427059 24.685666268204315 0.5301973865268376 0.8478742426327806 1.0119629767378822
12.530557522780793 86.78030647243008 0.4597419819295727 0.8880525378892109 1.0930916938344848
57.88650248028857 65.6809864202191 0.6138771386083401 0.789401582652351 0.9098335693504023
22.673747734638287 60.52160354881821 0.5692656578059868 0.822153641871589 0.9651839414558212
46.53419622567423 22.808450564223463 0.5261509276484078 0.8503912048785077 1.0167283698356222
48.333563054723186 24.779186091440327 0.513046352273052 0.8583609033613515 1.0320662510955438
55.36800687128094 35.961077880615775 0.28947289739171744 0.9571862105544794 1.277120214210382
79.6378409844836 19.66004436622854 0.28433430290922185 0.9587251974310088 1.2824843267050476
24.646282296925676 60.71114529207877 0.5692656579031432 0.8221536418043172 0.9651839413376482
56.74558541096924 33.81061141163863 0.29014900746560846 0.9569814802109403 1.2764137870263523
44.64008899167964 22.762050752854844 0.5296451772205786 0.8482193031563134 1.0126141310189871
3.4968703971775605 67.46055479002851 0.5117032892249488 0.8591622336883579 1.0336302041455794
85.77520166188235 33.19656832555834 0.22083647011335691 0.9753108496617232 1.3481242948208496
12.516741661246511 82.15219000448852 0.46004282472807667 0.887896727900386 1.0927528972242195
42.647257154243185 98.20788153892205 0.3220763766207483 0.9467136883043626 1.2428744087381667
56.04182650392504 68.31439042543543 0.6138344261857988 0.7894347960592762 0.9098876755555885
50.59194481456218 68.14766951905878 0.6138170894158346 0.7894482761657494 0.9099096363584731
4.034820552066694 10.145849663437648 0.6019105093766982 0.7985635470655318 0.9249049364634494
52.16957853823908 24.263870533366262 0.44453834755808036 0.8957598213529848 1.1101375071573791
46.36587512510902 23.07062723802666 0.5264352191824866 0.8502152433379958 1.0163940284814204
57.749842482406244 20.535405164669765 0.34688698650861677 0.9379069349306309 1.2165463760180064
55.76830333726413 66.13648008273674 0.6138696844127932 0.7894073793415778 0.9098430121591605
1.8522774169874774 64.35941818863084 0.511703289311888 0.8591622336365783 1.0336302040443888
55.943062129098934 28.119453562635496 0.30769375417899236 0.9514854458367915 1.2580280846132519
57.73259841676918 36.81296331876196 0.2893549763566783 0.9572218643854862 1.277243407417132
2.0705345879771593 8.654680780817145 0.6073289011994213 0.7944505055495299 0.9181022708892563
12.322695005351779 54.02221444980017 0.4940849325107624 0.8694136411776822 1.0540143213978934
53.74390017811906 24.875034155173037 0.425568197359593 0.9049263557859869 1.131206640339404
79.86609972567737 34.83654476498134 0.22083646221019995 0.9753108514512093 1.3481243029240682
58.72942500880479 22.797028320881942 0.34688698131719836 0.9379069368506887 1.2165463815531168
72.98211463191426 52.884149067004614 0.5961172753268192 0.8028973745485342 0.9321398414201107
44.91463414830089 18.49580735131798 0.5335551351614862 0.845765285255199 1.0079978540773724
44.75744696763274 26.34393129490249 0.5298782455045893 0.8480737261234887 1.0123393338247275
27.349621429956116 26.894432345330955 0.7047316361187308 0.7094739748950746 0.7887515095895723
52.75080149870231 74.88047211291294 0.6124055520048844 0.790543762149568 0.9116964011030906
43.365940368453174 96.72241066847107 0.32221890604922226 0.9466651871619883 1.2427238531044775
56.73012596596342 32.39614833235363 0.29137112414745864 0.9566100919460584 1.2751364857114058
59.159966586147036 62.90109171552382 0.6138714112697077 0.7894060364766268 0.9098408246214855
82.18334227262355 79.3484941420192 0.315723666543053 0.9488511824225183 1.2495770928744971
47.69009835869962 26.193997739165734 0.5089765071330964 0.8607804105499806 1.0368009840741226
44.38129365014451 22.250108661494078 0.5307878640767101 0.8475047158269292 1.0112664038294472
1.071386794941275 12.49041698866454 0.5335822250297887 0.8457481948737815 1.0079658237464073
59.76627090146376 21.29138316718403 0.3468869862959412 0.9379069350092895 1.216546376244762
56.652117862896446 68.78620471660427 0.6138280710642695 0.7894397375186519 0.9098957257475373
24.19917658576739 63.26608417805282 0.5692656579049403 0.8221536418030729 0.9651839413354624
3.5144480567952434 65.59319580838117 0.5117032892699345 0.8591622336615651 1.0336302040932195
55.36652258794336 74.46751561135773 0.6126497837582741 0.7903545042959773 0.9113874226487138
24.967576644064295 62.628066903019786 0.5692656579150922 0.8221536417960437 0.9651839413231145
60.63015107176046 64.48600805218804 0.6138628606214724 0.7894126857035062 0.9098516563251067
20.585868402030382 59.812203855158934 0.5692656577525876 0.8221536419085631 0.9651839415207717
0.9355253020754685 7.2589383624118895 0.6075648104754304 0.7942701058657277 0.9178052906995613
46.75686157268005 22.876774799385018 0.5253397168164272 0.8508925795511653 1.017682015286106
42.96859497840897 93.33771238877964 0.3250325360040142 0.945702834160287 1.2397501948627805
41.650795917651884 88.98542482053061 0.3325825558795026 0.9430741452954045 1.2317556251010349
16.200143430572698 87.60513770858677 0.45698994132784804 0.8894718621323386 1.0961881783640484
55.70386175332413 66.28461835165889 0.6138670189857264 0.789409452059942 0.9098463886459243
6.088613171408435 69.14051133449307 0.5117032890905314 0.8591622337684147 1.0336302043020311
2.9825168071159176 18.339374056954227 -0.012848775237613594 0.9999174510802846 1.5836454555950232
84.26563368694423 77.57966615076975 0.315723666543053 0.9488511824225183 1.2495770928744971
56.757972751597286 19.210106585526546 0.3468869911728317 0.9379069332055605 1.2165463710450024
25.181145080058077 64.750757426075 0.5692656579200772 0.822153641792592 0.9651839413170511
2.390895676020249 16.8829241008685 -0.001946274139628828 0.9999981060066931 1.5727426021632698
27.99822640838387 26.865477793260386 0.7047316361192318 0.7094739748945768 0.788751509588866
23.1351130976274 84.47348840551322 0.44776259237000643 0.8941524818922617 1.106534826379436
15.983970937036085 81.5084101547442 0.46011253464810653 0.887860605872169 1.0926743843343463
2.351169757158254 6.538624546210267 0.6076045774751865 0.7942396851273551 0.9177552223902903
56.58389150412176 67.81701261256661 0.6138581556658894 0.7894163443471847 0.9098576163822041
5.594594697969869 66.56870255479458 0.5117032892061093 0.8591622336995783 1.0336302041675072
8.257698631281835 34.41854367556088 0.5221227587865972 0.8528703446345598 1.0214583085264854
44.356835131213366 91.78402530986882 0.3296122575547598 0.944116390954873 1.2349034745788423
1.7616904575314536 1.393654567819357 0.6384437713884281 0.7696684680921524 0.878321707710672
9.892975978260374 85.05776049539368 0.46013816324639606 0.8878473239945216 1.092645518553148
14.09934806388844 86.21094104136662 0.45926228793955043 0.8883007097129494 1.0936317823320958
58.11224907635697 34.16321373190352 0.2897548402210254 0.9571008998890806 1.2768256472922523
1.8541773708595968 19.02544954706025 -0.012892856998117009 0.9999168836650505 1.58368954100723
46.541622426903324 22.576853428190212 0.5266155508777185 0.8501035593230727 1.0161819133248113
57.86785619901177 70.01858926404928 0.6138141972299744 0.7894505249088901 0.9099132999065842
56.19136577043233 67.82555288113856 0.6138564143809122 0.7894176983849613 0.9098598221681575
43.74472706344573 91.06736396844744 0.33085644166953865 0.943681098150096 1.2335853417369305
54.572024289500916 70.01769837443236 0.6137245250021868 0.7895202387594888 0.9100268830453662
6.214393791539441 68.11584635809388 0.5117032891102646 0.8591622337566619 1.033630204279063
2.2928876152039366 62.55466591564154 0.5117032893304359 0.8591622336255315 1.0336302040228005
99.54190639839177 98.86693210671395 0.6384520788714109 0.7696615769185661 0.8783109140761169
11.761911818806347 57.1639106733269 0.4951203969386707 0.8688243738151533 1.052822926092421
3.0549988209012344 10.027670926724314 0.6028290794315408 0.797870353498437 0.9237541591551659
6.547608552750735 64.49299131588438 0.5117032892409913 0.8591622336788032 1.0336302041269072
45.31226860494027 23.714479778963906 0.5283753826852653 0.8490108685830821 1.0141104446239877
56.46903596256841 63.37683388182985 0.6138863268087986 0.7893944373741184 0.9098219298474624
87.35420175494299 80.0708207517869 0.315723666543053 0.9488511824225183 1.2495770928744971
99.75385900309975 12.286661828115317 0.548323076634433 0.836266586460412 0.9904386600155215
59.93851852582959 63.53198738271973 0.6138640855034139 0.7894117332096461 0.9098501046871579
5.718283933038805 13.666142912414701 -0.009910877831608815 0.9999508860442131 1.5807073668838316
50.73476519223367 25.350335904357035 0.4621223183771892 0.8868161945170441 1.0904094278426013
5.938822161733472 66.55936897091672 0.5117032891755621 0.8591622337177718 1.0336302042030618
56.508837787304834 31.946468153155823 0.29161062703339335 0.9565371096832528 1.274886109907098
78.3246394944063 54.51716667091209 0.596117275304953 0.802897374564769 0.932139841447345
84.7850346537008 79.94495200828553 0.3157236665430528 0.9488511824225183 1.2495770928744974
60.54166806132855 17.928735846077334 0.3468870014207197 0.937906929415356 1.2165463601186646
3.571705888322305 15.93677679946463 0.0013479583692289508 0.9999990915037047 1.5694483680174625
60.056694749479284 60.84665437706562 0.6138588410140605 0.7894158114130185 0.9098567482111719
79.48772197265875 33.2169784806724 0.22083646267986384 0.9753108513448648 1.3481243024425151
57.355225608287554 72.88083297528007 0.6129697172246367 0.7901064015469998 0.910982561685928
0.5726213732356672 16.881851012771975 5.142455229745436E-4 0.9999998677757623 1.5702820812492568
44.687240661738684 98.1351737036014 0.32206515466000873 0.9467175059931154 1.2428862623093693
22.821030514440583 82.08902054577096 0.4476139050458098 0.8942269242254121 1.106701108012232