300

6.6058916446505656 5.4340328070801895 0.008014184327903488 -0.028909736241591447 4.982812384775013
4.29117188182638 1.8927572358561564 0.006387500760009939 -0.02931211070600124 4.926948114480905
2.959801132184576 5.051940369591491 0.007073987873007531 -0.029154051100533908 4.950430263702469
4.291815338705796 4.699489866594586 0.007992412972803639 -0.028915762740625746 4.982059382917551
1.1871357159286062 0.6015008431218453 0.0072500242198859635 -0.029110773758371088 4.956472873859378
6.834074536177926 4.40459425263827 0.008534405193347425 -0.028760457715338337 5.000853134078705
0.8665499809838256 5.415665427386968 0.006798942463685561 -0.029219417882214785 4.941006688962444
0.6175161787502578 5.600813343004269 0.0059651175071395255 -0.029400975717244784 4.912560318091403
4.208098181326654 1.4213880479589511 0.006446380853840396 -0.029299217973987633 4.928957284904079
1.3959734965968775 6.647765608956291 0.006830547733185471 -0.029212045763086752 4.942088478274091
1.1063205419554782 5.053846440818922 0.0055819657678206685 -0.029476120134218447 4.899545194802902
2.100538595918867 1.5361688568597238 0.008958013669936 -0.028631346302422447 5.015614851069271
3.9503878343188257 2.774982876873851 0.006939426929931812 -0.029186372742842456 4.945817314546551
0.039334523420071106 6.864084557246718 0.006875253154695024 -0.029201556363640208 4.943619129052458
4.679274128315913 0.44022321142939824 0.008057168223722277 -0.028897786078082868 4.984299522994126
4.597465406388154 0.11494206376305567 0.008673368632697395 -0.028718855766923252 5.005688375148547
1.2267137390984066 4.620466973318652 0.006375976907185297 -0.029314619534952856 4.926554988252345
2.7702937808542383 4.411013957127475 0.0066953211368296454 -0.02924333556341893 4.937461826216866
2.0874239962605987 6.065531075126111 0.00758768168444175 -0.029024594513198408 4.9680889925076555
0.008127322503900823 5.233655895885112 0.007861672860172052 -0.02895158199200234 4.97754077606654
1.4456422526119428 2.46040238616112 0.00821655848575912 -0.028852871029589063 4.989819455244443
1.7706512939702315 2.480949870440353 0.007654151501261104 -0.02900713644598071 4.970379800886187
3.764112432038377 6.79028590157105 0.006932327331321961 -0.029188059849387153 4.9455740711175515
3.3722477498661516 2.624811977434592 0.007593353172367386 -0.029023111266707747 4.9682844003306315
1.4191987086226214 2.2104680927311446 0.008208641024395362 -0.02885512454543583 4.989545057867262
6.026132663122708 4.895841658084029 0.006967922357917739 -0.029179582896505393 4.946793754507476
4.743274267808593 0.2641071463234757 0.007472965605085934 -0.029054341931374086 4.964138647091659
6.299318881280141 4.69687033367713 0.008651858667297362 -0.028725343193791636 5.004939475702342
0.5768561162456064 6.318964850017477 0.008566099566226356 -0.02875103368961708 5.00195532666304
0.7930473720331601 6.161244251886951 0.0063095480272902515 -0.029328989135176783 4.924289477892765
3.914572282529326 4.501107302822519 0.005998098007386015 -0.029394265091915325 4.913682194499543
5.798324516185689 0.5597281926776242 0.007700829310886494 -0.028994779321881232 4.971989327017543
0.8782666077331117 5.118551212933928 0.007671247006868117 -0.029002620043017097 4.970969201916179
1.5157004388006785 6.482673231141506 0.006282350104082451 -0.0293348270349381 4.923362230978578
3.8733087473642147 6.74546300752572 0.0073681475368128505 -0.02908110042408572 4.960532655619141
1.3524672078271294 5.047658265932453 0.008150279301754115 -0.028871663396891394 4.987523060633833
2.877603290521203 5.210833934382229 0.008966901695759642 -0.028628563952433638 5.015925296045964
4.51729988168289 4.345830014729203 0.005996201154268208 -0.02939465209383422 4.913617663523027
0.6104085066722031 1.9512453374696241 0.009075392089332472 -0.028594357108088327 5.019717142444983
1.164231974298907 0.810800183932306 0.009109000345719839 -0.028583668636157883 5.0208927077807735
5.944790651762909 3.2972040500522746 0.007147903351771832 -0.02913601684640042 4.9529663883545565
3.9196775737742464 0.6574199323009032 0.008008953336947138 -0.028911185836049742 4.982631447122892
1.3923992979212267 4.533905610669735 0.005726855437622082 -0.029448312800508254 4.904462997845702
6.581223584124835 1.2612792324892546 0.008651648587385567 -0.028725406467452974 5.004932162310853
2.426259950174395 4.867852477835418 0.006305886577505422 -0.029329776584073 4.924164638928454
2.96265688095959 2.423538311940327 0.008645657262204485 -0.028727210280577033 5.004723596522261
1.9280441547944829 4.676226950970527 0.006531460233460408 -0.02928036931493053 4.9318620277927145
3.5423100276275825 3.4914460727434884 0.006563279224092839 -0.029273253420598663 4.932948860204231
3.9336752249043383 6.366461032437452 0.007606698216341152 -0.0290196165075542 4.96874423549863
1.1389432773843562 2.0720098422690856 0.006941954362565472 -0.029185771698347435 4.945903911763641
3.7880135017237024 0.45544296943776147 0.007693130836045639 -0.028996822893887594 4.971723823927388
6.862289260559441 2.4450044030488454 0.007678991614566859 -0.02900057047341331 4.971236242662861
3.595790531362268 4.0204161465847115 0.00615110672310177 -0.029362627370196494 4.918890379052477
2.7779988457529443 0.16495034578740145 0.005509197896114768 -0.02948980736697757 4.8970770631936915
1.3489059587757932 1.0602881802443156 0.008182748348859858 -0.02886247788148535 4.98864783855427
4.325470925546263 4.932899962944807 0.007925012209308531 -0.02893430803531183 4.979729196209272
6.358313671846044 4.86289587446661 0.006878096121488955 -0.02920088686570253 4.943716486855812
0.9969623955703253 1.349906302227554 0.009091680739555833 -0.028589182243114082 5.020286839597961
6.582413908151042 0.16934108247198226 0.006446030020411838 -0.02929929516176028 4.928945310763106
2.7163909779303244 1.0289886133306285 0.008158986280915706 -0.028869204056707714 4.987824648728353
0.564970331774209 3.7676648754426285 0.005584383383859398 -0.029475662201587174 4.899627214919736
3.1460784156601167 3.386001422712917 0.008144914629372288 -0.028873177270266556 4.9873372545149
2.156599621151157 4.622607125478216 0.005549826458708097 -0.029482188288494183 4.898454956402618
1.274054783947473 5.144241236838834 0.006897994079641744 -0.029196192862721456 4.9443979578291986
1.3278884502304216 1.1638581423452625 0.007282733323892581 -0.02910260805036319 4.9575966395485755
0.8743472065945278 1.8801990105268545 0.008318234945585262 -0.028823722302819325 4.9933451958828705
3.1265826149253195 6.2201033036071625 0.008751135852494676 -0.028695254333969272 5.008397366791955
4.591152019312471 2.053626374671982 0.008475714701552709 -0.028777808469337675 4.99881308402744
6.249324763862208 0.008198022747212454 0.006909360796717193 -0.029193504986225745 4.944787297639152
1.3835152633471834 6.75471242930223 0.00723909662551914 -0.029113493092488875 4.956097511666618
3.7621288646649047 3.869374894560157 0.006651068532113332 -0.029253432061574103 4.9359488333432
4.726482671291398 4.578204353389273 0.008168207431562675 -0.028866596393668655 4.98814407447448
5.230168791006468 0.9904119870681278 0.007197584384469655 -0.029123783734749137 4.954671887520701
0.2768288885587934 6.133573074502159 0.008388492948711173 -0.028803353729200058 4.995783562468612
5.26953879535618 5.799429492824912 0.00628334300672006 -0.029334614377214883 4.923396078331258
0.8007970486091557 5.875873646717258 0.006550899481734272 -0.029276026301057554 4.932525977387127
1.8964468111964798 4.8405602599877335 0.006837949218801652 -0.029210314111304755 4.942341856795346
4.72070087071379 0.223728643442929 0.007552117927936162 -0.029033868409196615 4.9668638911092575
3.4362058262164825 6.733558061590883 0.0063318325214613775 -0.02932418621070607 4.925049351265944
1.48702874975093 2.6996611247825757 0.007125485123354569 -0.02914150754090894 4.952197027351421
0.40043732498105444 0.27144724804724074 0.006207043095262679 -0.0293508537527199 4.920795779794105
0.7847894870583424 0.8571081901654547 0.008864151718935667 -0.028660544556998385 5.0123382314424685
4.093386895614863 2.2539026987478055 0.00864836533556779 -0.02872639512752252 5.004817866441165
0.9331567788316948 5.213720082582953 0.006253204913071682 -0.029341053633350253 4.922368801028082
4.992158167647302 4.028451645185509 0.007638458227229087 -0.02901127291090269 4.969838825226107
3.0672618049600398 1.4646581272347108 0.0065943704983376945 -0.02926626518246996 4.934011092079837
1.9917909020709281 4.165456233842563 0.007881669482346072 -0.028946144582155577 4.978231532770201
4.906462287922493 0.8964560091349956 0.008265122792878197 -0.02883899695236721 4.99150303032519
4.266802443271078 3.8606135889173268 0.007764384209402425 -0.02897782493302046 4.974181910009854
0.9896552222129043 5.937086906762341 0.006147923760127446 -0.029363293981426206 4.918781978438304
1.4331617320727768 5.7844585408217934 0.008539735975604333 -0.028758875316447427 5.001038490269768
4.729832493475041 6.825465169018514 0.00714456053692894 -0.029136836731775768 4.95285165860875
2.778131191728658 2.9811923640491647 0.008111705075877863 -0.02888252483357328 4.986187253783379
0.4143647565002283 2.376465723883679 0.006692279472415407 -0.029244031792198 4.937357815229571
1.3309449541054839 2.108324140834984 0.006613480414674912 -0.02926195271687642 4.934664107542943
4.279189737508169 5.390266008994902 0.007463220029793863 -0.029056846814251604 4.963803235773767
6.811414846423295 4.434406809741053 0.006121699568430172 -0.029368772435937492 4.917888967463067
3.8226119462224983 0.32342598929412786 0.00867724283820514 -0.02871768543470761 5.005823279006642
0.15724148103795285 1.0089358843891867 0.007609368262783965 -0.02901891649668085 4.968836244937971
3.5775347591796725 4.532179694520487 0.007989787173890981 -0.02891648839184881 4.981968575492301
5.742886656939317 4.428887650192954 0.008260863192492226 -0.02884021739368355 4.991355330658108
5.44242364079879 5.498241037860219 0.008237561483577087 -0.028846881647836515 4.9905474651895725
5.710381331206197 1.7534181330626095 0.007310532431686744 -0.02909563739747346 4.958551964076524
5.330250036624094 1.3877436585286629 0.007500480269560163 -0.02904725108725331 4.965085769571023
6.729527512926931 5.908853887733364 0.007163134872951655 -0.029132275894476627 4.95348919484558
0.33485468212845476 1.234332475102402 0.008104889765314649 -0.028884438057405544 4.985951295021121
1.484033912710753 1.1337915412037238 0.005894219667497448 -0.02941527111062018 4.910149494241627
0.9110917291813653 0.2901362896637109 0.006362472069092325 -0.029317553601383932 4.926094325202291
3.979456655502133 6.183849661813684 0.007643869451153916 -0.02900984763513445 4.970025351231059
0.7391235108082284 4.245559516267057 0.0076579107773578625 -0.029006144220251443 4.970509401420696
0.07416772733211055 4.805072715906088 0.006347097040370975 -0.029320886056872733 4.925569924196445
4.866844860042269 3.4809868186287303 0.008162588510726201 -0.028868185755335587 4.987949428522436
6.1211311237537425 0.028258347645242377 0.006474706772920562 -0.02929297137889389 4.9299241686196815
3.2165340367398474 4.924352290538808 0.007384928852279596 -0.02907684346428904 4.9611097501269255
6.252321061762423 5.213807552793723 0.0074615941377795935 -0.029057264374387572 4.963747280619999
0.17173681898878676 0.1828665813563795 0.006776291234766544 -0.029224679247198352 4.9402315472835605
4.28475191454844 1.996603462405719 0.007059065369176133 -0.029157667878513503 4.949918445365883
5.3144232769676965 0.06476492830087659 0.0054590684699761275 -0.029499128316614925 4.895377442290542
5.849384134675168 5.053705379813668 0.007956963366748249 -0.028925537747468522 4.980833628955667
5.077835007854514 6.651613064593685 0.005437492034769346 -0.02950311306238411 4.8946460655244834
3.269262002487969 4.65610923896794 0.008650023482813799 -0.028725895873702 5.004875589021646
5.301869292863309 6.805776987813022 0.0046169959465302115 -0.02964259348352845 4.866902937281408
0.8557517929320316 4.189175516998956 0.008111225416214674 -0.02888265954248938 4.9861706465598985
4.85180019966505 0.24567330635300066 0.00764945174425516 -0.02900837616986362 4.9702177836330845
0.5457107956179761 4.479069448585654 0.006972756193290974 -0.029178428180231405 4.946959415923038
5.185014412683005 1.4991070213774733 0.007723811804646594 -0.028988665564430555 4.972782053031032
0.9558700072471962 4.7104465547312335 0.007497913013418582 -0.029047913874204603 4.964997388510685
6.933878640322957 6.4698432076896735 0.005645501782200272 -0.029464017201107754 4.901701144640883
1.02612053285722 0.12235679080907476 0.008141535945574558 -0.028874130159139293 4.987220238364909
1.7599769527624787 5.311490005767613 0.006601181225504149 -0.02926472973440984 4.934243814149414
0.12307096331519662 0.02588004755610435 0.007244462280927429 -0.029112158392331885 4.956281817217738
0.5615094735702294 3.194523130091082 0.0066162030889922435 -0.029261337233373482 4.934757153382221
0.7793598934799195 3.583039668221159 0.00720308953499332 -0.02912242265250042 4.954860917874735
0.4035998568594911 0.37205731214563376 0.008478870120912444 -0.02877687893904928 4.998922733458222
0.311654050697916 6.006539044558017 0.00724552079240405 -0.029111894964890906 4.956318177155442
1.1687008902275555 1.5780549156969672 0.008588357767912742 -0.0287443926853627 5.002729586529531
2.870898268757642 3.1557349803166432 0.009348963685634749 -0.028506084929444148 5.029299187464571
4.402925606992301 0.43002494939658653 0.007478953009948233 -0.029052801274145428 4.964344728633817
0.899174275138177 6.964392558929867 0.008381510487407711 -0.02880538633570941 4.995541152679355
6.917374119920142 3.485915303547399 0.007554429415879269 -0.029033267060399832 4.9669435054357844
1.3932523086898065 6.960852730587041 0.008514272152557656 -0.02876642434700881 5.0001531816652935
3.6117507999154257 4.660503229851189 0.007947803185066316 -0.0289280560102377 4.980516961277467
4.78427961087514 5.355499514722851 0.0074960241505337465 -0.02904840136624759 4.96493236328916
0.9003295110370653 3.240767812487772 0.0066831356024008555 -0.029246122794653006 4.937045151670904
6.524051966254887 5.427618778776926 0.00750795427280139 -0.02904532015037058 4.965343083132491
6.604429897804586 5.815663484937031 0.007301916125752456 -0.029097800963173766 4.958255837705096
4.043033862811039 6.132947037474915 0.007881750774761779 -0.02894612244713516 4.978234341173461
4.225608933998273 3.8115554594066015 0.007048902772503832 -0.02916012636638922 4.949569920641963
1.3871940709205077 1.075235345347069 0.0069324143473638 -0.029188039182453905 4.945577052339088
1.2253702733983869 1.5583155966851494 0.00832491952570033 -0.028821792360826787 4.993577116098142
0.9724769147565069 5.191062386370651 0.006171940078875763 -0.029358255323890876 4.9195999513185615
4.367347043744242 4.962335068210023 0.006983574713904391 -0.02917584076278377 4.947330203551275
6.987292114961085 1.3444692764543142 0.008927800615814293 -0.02864078169611063 5.014559781094578
5.911191914913208 2.3727306945979127 0.007849472602709242 -0.028954892157618494 4.977119398061354
2.0335042037669346 1.1207393673956 0.0069212562058852695 -0.029190687085652756 4.945194784959995
6.695798962703907 4.157697368391501 0.007685457437512551 -0.028998857632261704 4.971459204272314
3.9047114666207947 3.888873522751266 0.007310587062817673 -0.029095623670871238 4.95855384171691
4.80555250398609 2.5804313571600206 0.008584629058143585 -0.028745506499870142 5.002599869489954
6.427935705457206 5.162268613813158 0.006951207542310534 -0.02918356924201913 4.946220967927664
4.043492326267599 3.1627182322504948 0.00804852199177593 -0.028900195392901746 4.984000334971922
0.28115285696677234 5.1561285073117915 0.0071075528256558515 -0.02914588637922188 4.951581721161628
0.7922259002167985 1.8958737514447521 0.007807390884351551 -0.028966267408469186 4.9756663293980665
6.2493454320906245 4.630748458715551 0.007663922810447804 -0.029004556317163303 4.970716674665553
0.32385059470008565 4.835602038107764 0.0075781499032004105 -0.02902708466320074 4.96776060300055
5.140248070818673 4.175123143410266 0.0065178751298280565 -0.029283396384162285 4.931398085516239
6.041563028854969 3.106655414175947 0.007748275776324852 -0.028982136265189588 4.973626063100029
4.371398601784433 6.129977760908664 0.006738098265323045 -0.029233508714604384 4.938924870996084
3.5870966284533568 0.31082937473990163 0.008385643387678374 -0.028804183463078517 4.995684632322685
0.8880532097327324 5.226963438999923 0.006463595059192338 -0.029295425221539016 4.929544854139691
1.3384629925156992 4.996088960772831 0.008039184115198151 -0.02890279430715905 4.983677241770515
6.239193419497175 4.38550156742802 0.00623597284348149 -0.02934472086586208 4.921781535400526
3.877355274478644 4.98714315573146 0.00802735591910497 -0.028906081660232164 4.983268024475413
3.670545187068335 0.9268445117507037 0.006023026420470477 -0.02938916726854156 4.914530338630946
6.672135427465723 3.8597085172445893 0.0062836523139009155 -0.02933454812329666 4.923406622445667
4.967116782795671 3.6632788496094792 0.008709309565236882 -0.028707976712002422 5.006940087154779
4.125291579465653 6.886579714226673 0.006675877317633795 -0.029247780463479662 4.936796979320436
3.13425550972867 2.8412212694484085 0.009742475525831979 -0.02837400519187527 5.043135507392665
6.192374789324942 4.380697006268622 0.0084554605303688 -0.02878376603607275 4.998109344752688
3.9011682345454513 2.1701301573214447 0.009212303243148166 -0.028550542358356027 5.024508852400961
5.097457989778504 6.6739253863636305 0.005835178961625345 -0.02942704005648215 4.908142751648146
6.606273909872969 5.954791593176914 0.006544754362752579 -0.029277400675798235 4.9323160795459104
3.6978144784726044 2.656925773172095 0.008666247272117837 -0.028721005522413558 5.0054404163135775
0.7102378292215862 4.501865002870546 0.005317390793275066 -0.029524995430170578 4.890576781285808
5.523465335487681 2.8553621912435 0.006815054905870631 -0.029215664062792898 4.941558153638814
3.563442077970601 6.1396490474529815 0.006668632175469677 -0.029249433240804694 4.936549270355571
3.8374763587805023 4.255040525488017 0.006561233881244882 -0.02927371192649822 4.9328789900466585
0.5373541836843052 5.976038847599025 0.008206156504530068 -0.028855831220451073 4.989458955676412
6.3038937651980955 5.099477480669265 0.00881577953080578 -0.028675460436830405 5.010650908558407
1.300459356153215 4.342367062803173 0.007900296115067502 -0.028941066346875495 4.9788750818989165
0.038511243132473484 3.421090648697638 0.005470726269180323 -0.029496968557594188 4.895772648064148
2.702852415037013 4.744080131759614 0.008288478015731017 -0.028832293217549373 4.99231297307165
1.0937465248641778 2.405938595408192 0.008747815952404672 -0.028696266587534592 5.008281673740682
0.15051216869248343 5.178548940392723 0.006651402073584516 -0.029253356225491727 4.935960235147364
4.807161129578925 5.7696741499455255 0.006511922943739644 -0.029284720582153367 4.931194828646248
3.6922006209598512 0.8029177861843797 0.008377978534723263 -0.028806413794009767 4.995418540552253
0.5098199404010223 3.9807074362452215 0.008024868832777041 -0.028906772220653132 4.9831819852588914
3.7649801843821344 5.378165890540646 0.007302214076890814 -0.029097726192526752 4.9582660773627785
1.71470172913281 4.144374163791025 0.00850445618898415 -0.02876932784980645 4.999811969006956
1.1025882478256452 3.1623643129452965 0.007075382826945099 -0.02915371259123219 4.950478111668125
0.19846272659204603 2.1829976931792996 0.0074223642758259115 -0.02906730996423548 4.962397426227315
1.8530465047041105 4.486119155653028 0.0063826782527998185 -0.02931316117925933 4.926783594742432
5.204145993662625 6.172205723679638 0.0055521466848272565 -0.029481751426775202 4.898533656236081
4.38823319278042 5.532799546159279 0.007135402371160722 -0.02913908085375436 4.95253735499682
1.5082550583649392 6.827192001456985 0.00864813031523393 -0.028726465881669674 5.004809685113735
0.09757669766224304 5.739727495581045 0.008641331469880706 -0.028728511803218233 5.004573018227925
0.09887192815667932 2.3006259730567757 0.008759988272604758 -0.028692553136028642 5.008705879015374
1.746261984896086 3.9812624847575586 0.006578243889081432 -0.029269894214632254 4.933460095601273
2.5880049783552788 3.181557087911436 0.009372453848781277 -0.028498370284148967 5.030123339251617
1.5117068538898004 3.021643361854287 0.007553407724190069 -0.029033532884444938 4.9669083152172755
4.14082359270477 2.425708212771114 0.00775151922987415 -0.028981268944421518 4.973737976937188
3.4350198681298783 0.2917659717707337 0.007398032233485243 -0.029073512327758292 4.961560422553788
3.5718145832094508 4.725281349105656 0.007706416774625999 -0.028993294750610236 4.972182037805461
0.40015410923974304 4.012648265235169 0.006884580793249715 -0.029199358679622006 4.9439385637211934
5.308570008108524 2.268513860780252 0.008332901537158285 -0.028819485629900214 4.993854070797454
2.5127364383503963 3.773412656228718 0.007602272979188113 -0.0290207761017845 4.968591747310818
0.2096701857575459 5.209014316007454 0.006930332632401263 -0.02918853352952618 4.94550573212055
6.606235702599739 3.0258737497178774 0.005697276539732945 -0.02945404963718586 4.9034586613750175
3.9813698614343984 4.8368890297858185 0.007652215461141248 -0.029007647242344056 4.970313057894279
0.47923473283620693 0.1264678174069032 0.006152689846744547 -0.029362295680851767 4.918944295637127
3.208463281943447 5.532601218090568 0.007301783412144736 -0.029097834266524507 4.9582512767579665
4.380315940479317 2.249353092967854 0.007203016639405955 -0.029122440682271822 4.954858414801222
0.905187820711526 6.746979349088268 0.008314334947555879 -0.028824847517026884 4.9932098933754325
0.9470913771966231 5.891125895478699 0.007603170340954011 -0.02902054101436493 4.968622668792632
3.7515998701628166 3.8805497485758997 0.006531320956515402 -0.029280400382559364 4.931857271128971
4.897025410049985 1.975491474374646 0.008800270088302042 -0.028680223959602135 5.0101100923415345
2.7813945914508267 1.7577468571584736 0.008076949978958966 -0.028892263307629514 4.984984130627251
4.974556630263731 5.001781418366164 0.005954820109518767 -0.029403063062600654 4.912210090531216
4.842536943541766 2.005978853933867 0.009354924251905976 -0.02850412938928501 5.029508292668638
0.7580132491515185 4.657996403193675 0.007486567944142978 -0.029050839926200597 4.964606844191254
4.899183788459326 5.704934988691917 0.00589573961413979 -0.029414966503504007 4.910201166534776
3.7090892033441176 2.4437477970366484 0.009230249834322675 -0.028544745365758406 5.025137506403729
1.4140664999172086 4.749911021509092 0.006408017741779464 -0.02930763225886799 4.927648116899682
4.527903889071262 3.018494893811027 0.008863107883769948 -0.02866086737418557 5.012301811014902
5.149997162095761 2.394969804345869 0.008397358599947717 -0.0288007702769194 4.996091375539968
0.7447815421784196 3.7452833290759986 0.0065046372130032615 -0.02928633972908211 4.930946046033808
4.657135005088814 6.789100981102424 0.006822119316507014 -0.0292140152671854 4.941799962619557
3.021718757121923 4.233331617330822 0.0080086715511153 -0.028911263894654562 4.982621700533699
1.8490317772569314 4.831462150443919 0.005518691219214444 -0.029488032271193773 4.897398991669741
2.5596573658500072 3.9916746828792222 0.0075795053923472045 -0.029026730749558752 4.967807300677074
4.697676065656091 4.87354697238931 0.008339539487702309 -0.02881756549629156 4.99408440702684
1.8341866390981978 2.5022621799615608 0.008395992740249807 -0.028801168481602833 4.996043951452269
2.182569796569703 6.52844464761196 0.00731322017401406 -0.029094961946811233 4.958644341276817
6.2012458324362925 4.655644664289028 0.007999635421190057 -0.02891376546090186 4.982309167018285
3.7935800148946766 2.0537579674326896 0.00881282691112192 -0.02867636800284522 5.010547943412863
3.0749004897186962 0.1336250442006919 0.00840851037506738 -0.028797516442783465 4.996478601466829
3.278631211781071 4.124125031649701 0.006013887657594087 -0.029391038689400507 4.914219391683625
6.983726584533383 4.468781833184315 0.007089483260806138 -0.02915028691273466 4.950961798334772
1.9356568891362653 5.738464041253756 0.007311816449454745 -0.029095314746699047 4.958596095259138
5.858528618863468 0.2598788258334744 0.007442547647915727 -0.02906214865608708 4.963091854551878
0.4153791661748149 2.1637959272678664 0.0092512626853383 -0.02853794208990668 5.025873731378519
3.005652082220997 0.9918427617747312 0.005566157297738765 -0.029479109432559686 4.899008907527993
3.1165768804558582 3.1535029818015357 0.007126442724381487 -0.029141273378081988 4.952229887863967
2.7016762769872376 3.571694069062683 0.007946380911287066 -0.028928446733496295 4.980467795713995
0.762442777900022 3.320104793756268 0.007729323650225696 -0.028987196413417796 4.972972195803367
0.48713572025944674 4.326221018286565 0.005619123972145683 -0.029469059126237093 4.90080596624746
0.7358899596076833 1.0725351762564874 0.008655454341351175 -0.028724259958174465 5.00506465233897
1.0409662794119183 3.2877468659236846 0.007762620047136774 -0.02897829756910834 4.974121030772634
6.744575818221531 2.8951791812660046 0.00807629728278627 -0.02889244576355659 4.984961540008274
0.050733713300179936 6.593075761259962 0.008410965263285535 -0.02879679953293081 4.996563849053334
1.9214530120708213 3.830779937337584 0.0065293883849349196 -0.029280831397326765 4.931791269389559
6.560898334597954 3.2738302340457013 0.006485830860656398 -0.0292905103753239 4.930303937362305
0.6480062230543678 5.245293012694423 0.006574593916714153 -0.02927071428630168 4.933335396782589
6.511512167504393 5.0874391029464165 0.008806420430230163 -0.02867833606062292 5.010324544793004
0.21258101452629302 3.907564085932305 0.00627155830930251 -0.02933713613107146 4.922994362099614
1.6232528713566259 1.4668100686604426 0.005798514096788855 -0.029434286712426733 4.9068969469030925
3.657704927933862 5.322743483122247 0.007374095541193146 -0.029079592757625672 4.960737192533479
0.1396129907953113 5.757678244881543 0.007478862169999069 -0.029052824658579356 4.964341601915958
5.73866631216641 6.551892603026868 0.0036332294438384716 -0.029779181382442756 4.833794648625336
1.279647968855092 4.382106154148262 0.006568961076263843 -0.029271978928294726 4.933142961480295
1.8799946433738732 2.4454493588820214 0.009396465169592852 -0.028490462304368254 5.03096600678138
0.6308947859691437 4.268562882408858 0.006067400874082361 -0.02938003823403204 4.916040464377907
1.5092036549378836 0.7457858941300645 0.006794875143647765 -0.029220363991268792 4.940867492001031
0.6277804623583743 4.760763053932543 0.007108996545178601 -0.029145534274063988 4.951631255707408
6.797703340512376 1.4044944540330793 0.00852796163038041 -0.028762368998932603 5.000629099089184
0.3086819305684452 3.5761870311740074 0.007678932774826825 -0.029000586053383307 4.971234213746765
0.7866293874664593 1.626137407988296 0.006805241917527068 -0.029217951373152987 4.941222285725179
5.29323675698958 4.691686084612771 0.008013460262595426 -0.028909936952885316 4.982787339136806
3.217711290312482 4.368966913489955 0.006287042733303731 -0.029333821668333853 4.923522201569856
1.5013026856411167 6.417997330301869 0.0068320863886486205 -0.029211685942068494 4.942141150550164
2.7785024433055385 4.728447995429408 0.008805160301417888 -0.028678722985278376 5.01028060499438
6.312058341511713 5.315311383400565 0.0077529728002265486 -0.02898088012395323 4.9737881327845965
5.888256598964393 6.147821254919748 0.004574001429527977 -0.02964925818503181 4.865452670229308
1.6757931932336112 1.0107921665288726 0.008814793417055206 -0.0286757635820677 5.0106165199723804
3.631615205553053 5.071962019194561 0.006557811304863587 -0.029274478832078347 4.932762075199827
3.119832970931593 6.416123879296889 0.008779105064916476 -0.028686709714764395 5.009372210043506
3.3332790015268308 4.091893035545964 0.008393711240245403 -0.02880183347662745 4.995964736830612
0.5856638400027099 6.34674980195583 0.007226630982828333 -0.029116589852488314 4.955669360378832
0.986996582389461 5.665941457267088 0.006063429400748622 -0.02938085812058826 4.9159052903566085
0.3684431504292517 3.7433287407271227 0.007696844481088413 -0.028995837374249753 4.971851896860084
1.5305212447625387 6.769622241398385 0.007504686795514712 -0.029046164567825942 4.965230588941679
3.892333438872388 2.5671065901140127 0.008754154298688378 -0.028694333630784247 5.00850255821423
6.55813244724747 0.5654124398344985 0.00819304579747224 -0.028859556485859625 4.989004632926332
4.832977810062954 3.1347424651122435 0.005580117460538835 -0.029476470092712755 4.89948248993195
0.99321308614537 6.636336033286086 0.006206026044683095 -0.02935106881755271 4.920761128439091
2.9689440035053245 2.7206636246632043 0.007500235780687003 -0.029047314217223293 4.965077352643489
3.51079090467864 2.0186538999391175 0.00741420938017205 -0.029069391105886078 4.962116884144594
1.1624469002324636 3.44494492713532 0.00843964820720198 -0.028788406314672447 4.997560040388319
6.200624285272222 3.0446999598961897 0.005446593955361469 -0.02950143410557222 4.894954581425607
6.844555469140355 2.2633720228772645 0.008786503708445895 -0.028684444435642577 5.009630132115947
1.1308424328036886 3.957858362773721 0.006031113277503387 -0.02938750878577363 4.914805510945025