300

3.7356887427835987 2.2729112482577523 0.005960734321952627 -0.029401864674593273 4.912411237361643
1.5370164241077438 5.756718091879305 0.007906777826322263 -0.028939296197474783 4.979099051167344
0.11966740646671774 1.8984785848196737 0.006621711313267069 -0.029260091238472768 4.934945399787081
1.4960682696498928 1.557214674847495 0.008698541521768533 -0.028711241272262482 5.006565019582626
5.206902138705683 4.41007622802782 0.007780580137112493 -0.02897348050769825 4.974740859533605
3.9818779898739978 1.2486723735278487 0.006391862381390645 -0.02931115991047374 4.927096916188036
4.979565699148369 2.2504958866077764 0.00918013094659581 -0.028560903273589823 5.023382202819841
4.716522288688709 2.4317955561063767 0.007806020687387448 -0.02896663668823288 4.9756190265056865
1.377247332124386 5.2677832149409385 0.007890637684146115 -0.028943701161695496 4.97854136955118
5.40501883995245 3.453609479873842 0.009435943014095236 -0.028477411740443465 5.032351975236229
5.257560507708646 1.8984335683994658 0.006932900145050068 -0.029187923796987765 4.945593696096603
6.227461484850358 5.370453999686561 0.007823873326217328 -0.02896181980082234 4.976235395017699
1.1619003365150555 6.629435488752723 0.007219608612921563 -0.029118331880041284 4.955428186537988
4.050729785380897 3.670774933447406 0.00929321705604622 -0.028524307471860057 5.027344208391616
1.759380245562816 4.265255575613879 0.007493876650059776 -0.029048955450303008 4.964858435641133
1.6614588935906358 3.9358080170757934 0.008275881394559842 -0.028835911415163874 4.99187610769493
5.37738785980037 1.4651243247585004 0.00867490974300503 -0.028718390291774996 5.005742037551013
6.932602535356144 1.2561968943183424 0.00837807527033786 -0.028806385659512254 4.995421898681541
6.06553749572116 2.861155928580235 0.007430016844263892 -0.02906535480075815 4.9626607056907535
4.157049482028297 2.078288539883861 0.008310729744822038 -0.02882588716949628 4.993084822888517
5.607482431029379 6.306261150580411 0.009015974516049949 -0.028613147389372214 5.017639878196567
5.908657062724553 6.320227755114495 0.007594299109208008 -0.0290228637635896 4.968316993007042
0.8561640719541158 3.6182323254922015 0.009530692290725623 -0.02844584160223605 5.035680990482645
0.5822118223641788 6.479388453515196 0.008284957396496567 -0.0288333050644257 4.992190868408386
5.529571345050075 6.043868665564547 0.009110965531289919 -0.028583042299371263 5.020961460575438
3.1937332342793296 1.7459242634843706 0.007966567992076408 -0.028922893949735108 4.981165690688652
1.8049848725825997 4.084315105229319 0.006553556103901308 -0.029275431720010858 4.932616722255146
3.445934363517942 1.5414695963669869 0.00639363713976657 -0.029310772833976886 4.927157465483916
4.618738736259127 3.134694768260631 0.0067077473805185845 -0.02924048777088279 4.937886772562488
4.838726189392646 2.9777665933442257 0.008788662229006476 -0.02868378315746434 5.0097053835451835
1.1026414577168095 1.3542162359503798 0.009531909458405614 -0.028445433764960545 5.035723779738888
2.842221971872594 4.375661126032686 0.008771033149909315 -0.028689178752330846 5.00909084045884
5.018873933660044 1.9605815863874978 0.0073746741717053595 -0.029079446020534538 4.960757090747904
5.495883037960314 3.2800496815479274 0.009618426954701418 -0.028416295728280156 5.038766860922021
1.0019087502885746 3.5834748785837265 0.009206337207757506 -0.028552466709849424 5.024299895448735
5.500866709828467 1.891050351537162 0.007281129908945963 -0.029103009247310706 4.9575415446962
0.08206059261959515 2.0673728095848127 0.006765650831811572 -0.029227144383637743 4.939867473002332
1.7332784023639403 1.206547037489105 0.008758517696467833 -0.028693002069505723 5.00865462653097
4.7033240681006125 5.78025417963175 0.009861161461911733 -0.028332975393031118 5.047321438703205
5.234235945316502 4.633133366749204 0.009877497229819149 -0.028327284523492802 5.047898060394628
3.095609750291887 0.13939028288178212 0.006404980380028498 -0.029308296203147836 4.927544480846208
0.9931039049933016 4.480308639639244 0.006774892772121047 -0.02922500347179213 4.94018369543629
5.5544607663017835 1.3808310681280138 0.00821263494371491 -0.028853988065452457 4.989683473418376
3.6742488029536085 5.089718086202038 0.009710689556999701 -0.028384899300994127 5.042015472896109
6.584952219660148 1.714171845228063 0.008660685987583294 -0.02872268299140034 5.005246790706968
0.18786326540677312 6.282498855893626 0.00717083163205641 -0.02913038231305417 4.95375340383627
6.09753272364172 1.5249012566625404 0.007816278468315344 -0.028963870440701634 4.975973167400669
0.7413321877338814 0.34581529526004845 0.006962814269303502 -0.029180802207122127 4.946618701221171
1.047655559894624 3.2003098527465026 0.009072431867800405 -0.028595296466449156 5.019613619470304
5.250234359936647 5.905760440131925 0.00991014895974459 -0.028315878012091962 5.04905095245952
0.8534497287380175 4.2758276345596515 0.007254639142238133 -0.029109624025670723 4.956631406693854
3.9430926330400644 6.270745697427868 0.008145446373707616 -0.02887302726374658 4.9873556711135185
0.8116702757151325 0.880308406993449 0.0073746684100690655 -0.029079447481709986 4.960756892613588
6.8482643785805415 3.9850454998741385 0.009027955575283523 -0.028609369411622954 5.018058631503073
5.436578486669844 4.886020291703707 0.009050033325318426 -0.028602393200755524 5.018830422055606
1.5236725670407325 1.7891101222500396 0.006873403803514789 -0.029201991715529067 4.943555798955556
3.493329019872037 1.7041029929036628 0.006508802133816906 -0.02928541436932079 4.931088262051435
5.072083875253096 5.172905027287952 0.009465362063142661 -0.028467646917397647 5.033385218405119
3.596604554124164 3.9756494200642014 0.008258555953486357 -0.02884087816906994 4.99127533082516
6.839369306996962 4.861854299892946 0.0071262708514876075 -0.029141315408732632 4.952223989948399
4.743839960915648 0.618571863231722 0.007283427044878166 -0.029102434442533107 4.9576204766924326
0.34083982414986363 0.23916215613641748 0.008515067389485374 -0.028766188961218388 5.000180826400407
6.330925739204913 1.4721687123006302 0.007958358387262013 -0.02892515396294195 4.980881857264517
5.409877529835108 1.984760847798206 0.00812463115352494 -0.028878891402184605 4.986634821667745
5.413656545765482 4.9898234793945475 0.007702319096334843 -0.028994383603350417 4.972040708529979
4.9652582117346755 5.707240934459548 0.009042213620272048 -0.02860486624414396 5.0185570404927216
0.2563834865501676 3.057787326188756 0.009384623097280491 -0.028494365220548247 5.030550384846341
1.848546067418748 5.9195838985946745 0.007389893442974912 -0.029075582107697798 4.961280494189084
3.2732770236285837 3.8175542300830463 0.007607556051233218 -0.02901939163606544 4.96877379613102
5.345919355947284 3.547960542686349 0.00882702440502305 -0.028672000979232812 5.011043074969805
0.9583861404466599 0.7236595029956304 0.009456897525658904 -0.028470459939895356 5.03308789424425
1.8941453676128563 1.4256702928340916 0.008740493077671822 -0.028698497883324327 5.008026498037441
2.436789628049871 4.846099533387899 0.008584778331070662 -0.02874546192021237 5.002605062407422
4.369763491546495 2.962949673967969 0.008626608063529172 -0.028732936385240083 5.004060556168806
2.419074592996332 2.643334658097591 0.007021008427335333 -0.02916685517266622 4.948613439016964
4.867424699322107 2.698781460246214 0.00737340857375597 -0.029079766952375356 4.960713568908989
6.032564025891552 1.6796617063996488 0.00777728204959423 -0.0289743659796217 4.9746270300226
1.7778146414711717 4.042896715817395 0.008427366131551576 -0.028792004099832604 4.9971334343472815
0.5471994675209745 3.566735926432847 0.00958300605551462 -0.028428260497961707 5.037520623922247
5.623295949629733 6.538546062556554 0.008474296055566655 -0.02877822625462882 4.998763787859191
4.428508323746334 4.081584147882747 0.008724111691612493 -0.028703481934989526 5.007455737737309
4.828732454977085 4.673299995200263 0.009588696931723225 -0.028426341501353307 5.03772081444296
1.303513527878022 6.10670122174713 0.008964377648854821 -0.028629354400138193 5.015837131929077
5.091786488104593 2.0599499269269947 0.009485135263242806 -0.02846106479100857 5.034079883670206
2.209339411022355 0.8865178381604422 0.008431179224423336 -0.02879088774049269 4.997265872741545
0.21198018640508443 5.304091883201913 0.007723811295848592 -0.028988665699995947 4.972782035479413
6.164071669670907 1.013449332241802 0.008443338291944375 -0.028787324267597118 4.997688222339292
2.107968558974826 4.750831756345123 0.0074717521620783975 -0.029054654009787774 4.964096882714639
1.4876831403897066 0.7197327460666648 0.008361358873280685 -0.028811242211890315 4.9948416458247085
5.0442187240688865 2.7557584541945817 0.007664434603418467 -0.029004421080413265 4.970734319967836
5.496959732460651 2.6055107580950314 0.008403009383926614 -0.028799122092411797 4.996287583683015
1.8081542567575006 3.649090526218457 0.008388033148073928 -0.028803487634430885 4.99576759906474
0.009196692116265172 6.842616076609667 0.008943231518079077 -0.028635967069649264 5.0150986001520135
4.488927172020143 6.201214320274753 0.007329029208778825 -0.02909098366946135 4.959187738284748
5.4843822554765715 5.953542904050922 0.007959686686628066 -0.02892478846682748 4.980927779500911
1.4451768445507656 2.2375789744665497 0.007315876057532351 -0.02909429424321588 4.958735625602837
3.984257329001063 1.2853419448958547 0.007636418289936419 -0.02901180993494071 4.969768510544716
0.9431232277911178 4.1580725471073325 0.0065418324000059355 -0.02927805370666282 4.9322162779894185
4.177761142977941 4.818338001877522 0.009392348875762157 -0.02849181957327347 5.030821530509533
0.7930051205787471 1.3936994594787049 0.007222764612570492 -0.029117549198917812 4.955536573312168
2.8917587290954354 1.2730625915633016 0.008208164701634423 -0.028855260044415517 4.9895285505171785
2.602253815664075 2.3461328198167553 0.005744152959871203 -0.029444943653768516 4.90505041728192
2.952174378075374 5.614806714578978 0.008170510943694184 -0.028865944483404203 4.988223873911514
2.637253344973145 5.264770590790091 0.00819609656233257 -0.028858690218735158 4.989110345245457
3.8545723378533077 2.747274131901159 0.006355048038024462 -0.029319163774473536 4.925841103966163
4.385216457655683 5.051710437101466 0.008953156279395795 -0.028632865602952067 5.015445202684462
5.61222079253753 4.969029785635068 0.010262684650226296 -0.02819002135100308 5.061528627198514
4.8973499114235155 4.0902335888930175 0.007390611185394197 -0.02907539967577963 4.961305179668064
1.0794084297068545 3.013814604032931 0.007344745051180767 -0.02908701978775336 4.959728005777126
4.9244183531712835 1.099029749095435 0.009162896633020041 -0.02856643704231576 5.022778838022614
4.24587242947568 1.6556012195908567 0.009143183284191567 -0.028572752745083554 5.022088826556939
2.0640881740950374 0.3306879980946207 0.010029047844794952 -0.028273984496827005 5.053253072939091
3.1377570464032334 3.835048976013585 0.007430270614133004 -0.029065289928035323 4.962669436709316
0.42520316590621 1.782777032243926 0.008797497796755692 -0.02868107446585777 5.010013431644504
3.388395897729943 2.055385345197082 0.007716717837674636 -0.028990554768988364 4.972537345810212
4.201618827224171 3.99312715950127 0.009579124988125503 -0.02842956848884396 5.037384105611498
1.532130001176151 5.860164613110925 0.009722143834708522 -0.028380978123687686 5.042419034968009
2.3750697659468973 3.8848070833132438 0.007594598015527041 -0.02902278554829899 4.968327292015583
2.9883539077552888 1.8962656367441773 0.006152319641207018 -0.029362373252726327 4.918931687459193
2.1712047932749394 3.4798779607048824 0.009371195889066035 -0.028498783967193263 5.030079198110482
0.450669949237874 1.5082344812779536 0.007319638698477326 -0.029093347853482814 4.958864953439613
2.3506588755272375 3.6225313212320467 0.008504745470031952 -0.028769242334305067 4.999822024211555
5.046537227032333 1.0438841129442928 0.008626157363422449 -0.02873307169693962 5.004044870370478
1.9358541614423592 4.071953269251383 0.009137572601013515 -0.028574547537296317 5.021892467914193
4.6945713987599795 1.3233689943953197 0.00844892450327021 -0.028785685240029293 4.99788227894172
2.47475190095494 5.371921262856165 0.009389616185777177 -0.028492720261213935 5.030725620636756
5.116826494292852 1.5565393179147307 0.007963773403286412 -0.02892366355047555 4.981069069942022
4.00296026770351 3.291462924235658 0.008682261665198759 -0.028716168483574195 5.005998047949991
4.96400769258439 3.9089143436092755 0.008737129392645168 -0.028699522121041945 5.00790929242573
5.898351478161422 2.152192140740348 0.009038031717075616 -0.028606187839017194 5.018410848353598
4.178337858119087 3.8437378119126886 0.008154542202374822 -0.02887045966848619 4.987670713694949
4.720930596684874 0.040600125184527866 0.007873384092561806 -0.02894839931552338 4.977945309262082
4.9441769217887375 0.4301819910048304 0.006912533408722557 -0.02919275392752959 4.944895974305932
4.393692256728233 4.1725223567251435 0.009391906178361976 -0.02849196550497782 5.0308059928473865
4.376029872354495 2.8275700012785823 0.00896276195313421 -0.02862986025413763 5.015780697493853
5.255406613230611 5.402914825023321 0.009136928438138545 -0.02857475351978272 5.021869924755729
0.07336454076562962 0.008501560182807778 0.009069930089786783 -0.028596090085296278 5.019526131540291
1.488709022805428 4.2566858778268335 0.006814532394497586 -0.029215785942608888 4.941540269045056
4.882938754796941 3.7631017696105284 0.008949983566529164 -0.028633857479544347 5.015334397920627
4.097668251645975 0.33734882524012805 0.007649759218672129 -0.02900829508772173 4.970228383152509
5.365653765614115 3.755524787410908 0.008451013757362914 -0.02878507193794837 4.99795485933476
0.819941848189808 1.5188494711616158 0.009306362569526827 -0.02852002131353534 5.027805096039093
1.927167902572959 2.1969844824705964 0.0068179907126125 -0.029214979079963923 4.941658642237997
5.107687234075559 0.09847494143974886 0.0073969523510541745 -0.02907378709277885 4.961523279558612
3.681677088224067 2.2749441461090005 0.008044605737721361 -0.028901285759021525 4.983864827923641
3.7327473069741304 2.655513575957455 0.00792445065321013 -0.028934461837829946 4.979709788293754
1.132177431013996 2.9603386516969055 0.0077468109819589055 -0.02898252783333091 4.973575522157942
1.4640315946177724 0.6768070354831273 0.008743325760030937 -0.028697635001058524 5.00812520442111
5.508030577985199 4.908708193434604 0.009521936057239 -0.028448773852696212 5.035373185135954
5.3276505572782344 5.388917957969941 0.009351020593654249 -0.028505410255897985 5.029371345123721
5.102677227661787 2.0306948345579015 0.00902678232101367 -0.028609739616589226 5.018017622326607
1.5312911362711363 1.8103250469019985 0.009402003116596678 -0.028488635232237897 5.031160391993706
4.031150234537815 5.158988895958966 0.00957472454166276 -0.02843105080631528 5.037229325501519
3.1031229965888976 6.225355142808522 0.008682147636335392 -0.028716202959668532 5.005994077058296
6.185249527576674 4.962687679622721 0.00816663818169986 -0.028867040388810244 4.988089712755736
3.828157565488178 0.9976838432848846 0.006134777074178289 -0.029366043489890435 4.918334274231322
1.1301847465790074 0.7499156545568905 0.007892139106182422 -0.028943291801878136 4.9785932437964675
2.04555093734527 6.4410021989600885 0.010741176300385503 -0.02801119654145529 5.078556019387016
3.5427991187024754 1.998231395288647 0.007021082058063597 -0.029166837448272268 4.948615963483527
1.2373196901204992 0.014036799973855957 0.009486834840291137 -0.02846049832158668 5.034139600127552
4.411489785603318 1.9957031475098965 0.007063965149275946 -0.029156481206925756 4.950086493092384
4.863346761297452 5.71799949443659 0.009972486131089043 -0.028293983819272193 5.051253294741644
3.356413339610271 1.4655049165629526 0.006966726568079031 -0.029179868418579644 4.946752774347052
4.478755527494979 1.681289589722706 0.009212976230783472 -0.028550325199041406 5.024532424289238
2.3267230148094256 1.0261035669698169 0.007357670290528806 -0.029083752988496338 4.96017239523659
3.2082833636405725 6.952728027313174 0.007651616051999165 -0.02900780535981288 4.970292394118847
1.4814297035615975 2.9640935869557206 0.008927062011150406 -0.02864101192082911 5.0145339926331065
0.6954135863086068 4.142147125891103 0.007798127893567382 -0.028968762509909984 4.975346557725615
5.033644577911186 2.0701002825089985 0.0073297078826864495 -0.02909081267951248 4.959211067709076
5.470068107404918 1.8356547031218668 0.008205372984997185 -0.028856054029909883 4.9894318028800875
3.403242730621045 1.2335821698501843 0.008000902962007032 -0.028913414737670593 4.982353005947052
1.0437624015524514 1.8357783135533587 0.007597906016776013 -0.029021919718727064 4.9684412731695975
0.7448853935761126 4.74907544114758 0.007844212499482287 -0.02895631762263575 4.976937737093384
3.8105818675222825 0.6996900432999232 0.0066532643768169265 -0.029252932727030615 4.936023896790074
2.1584784204763623 0.5078598178846973 0.008621276232527128 -0.028734536643601247 5.003874996209206
1.2049221211795489 3.7120429606018415 0.00812354483901597 -0.02887919699798623 4.98659720565451
0.33809254649691123 6.69392574736389 0.00838696109145205 -0.028803799812706473 4.995730379585426
3.3344109123191776 1.2236169287864795 0.009098302364158886 -0.028587075647752792 5.020518461072248
1.1036457707116076 6.022188982892242 0.007840351267259054 -0.028957363346927657 4.976804392703842
2.1832608745970674 3.5007818867317764 0.009527109374475403 -0.0284470417964115 5.035555037427309
3.748166221539822 2.7964153666098843 0.009407554194453924 -0.028486802629962043 5.031355250622195
0.8757841413379999 6.502438398866877 0.008500816701767092 -0.02877040346263774 4.99968546555867
4.8573243819676115 1.3451177811736343 0.006708359144980542 -0.02924034742580799 4.937907694440908
2.7370367120045214 6.712101703587812 0.008592187549905022 -0.028743248130774245 5.002862824976343
0.6561024090434735 2.9668742850819503 0.007455519280109934 -0.029058823655886502 4.963538221206214
1.0470251987388457 1.1138377861553705 0.009248526818609179 -0.028538828842218925 5.025777865172974
4.617296722023827 2.801892005063525 0.008675027520567853 -0.0287183547146662 5.0057461386734845
3.4470658655483373 1.9432236110238035 0.007689552372037538 -0.02899777205782699 4.97160041711658
5.423269480592439 1.1792231142613971 0.007642585392299209 -0.029010185944275065 4.969981088628117
4.2249215369320146 0.2750685904625201 0.00793873807951604 -0.028930545064081353 4.98020360750438
6.841252235834639 1.5835240429043647 0.007998217647619583 -0.02891415768203021 4.982260132797682
5.2196498324211635 6.242638972569296 0.010024147527137041 -0.028275722207473184 5.053079762839667
4.303450767144488 2.02338862006356 0.006782757720238333 -0.02922317911707327 4.940452820932463
1.9413838339435852 2.609891808385772 0.008791397014311489 -0.028682945081297963 5.009800727497572
0.7644097365049961 4.624480534223811 0.0064207930906857716 -0.02930483605288727 4.928084042874888
4.681337475177493 0.8300440702772358 0.0065738535096063816 -0.02927088058180409 4.9333101017044685
0.9194052287641784 2.2212459481314797 0.007704173487701045 -0.028993890923285966 4.972104665989679
5.881657669871986 0.9920775935106221 0.008904306537232336 -0.02864809461536668 5.013739584268334
5.2819386286747525 0.012699416533454081 0.007566221625724963 -0.02903019618105279 4.967349688912458
4.280283353019037 6.0079964736752585 0.009735723997881444 -0.02837632249318215 5.042897569456653
6.019847849739729 1.333725830747931 0.006127722153882568 -0.02936751642895287 4.918094039507885
2.3275127430978904 3.0084773383829315 0.008416216991439757 -0.028795265089125343 4.99674622585035
1.5497036735084424 2.3795434361087113 0.006931057553623981 -0.029188361399509085 4.945530568015764
5.448379930422362 3.612093706774947 0.007603370194409472 -0.029020488653480073 4.96862955541944
4.226249175700947 2.5783614614039374 0.008739101068095006 -0.028698921800681305 5.0079779937811795
4.17894609204142 6.126163909270359 0.008779633365058671 -0.028686548031702046 5.009390626293966
5.920816314771106 0.831142156835046 0.008900667079255306 -0.02864922556622187 5.013612546635139
6.776634793951205 0.03192768258572049 0.007198711128364374 -0.029123505250748284 4.954710575806944
5.684657084765104 6.870171656439117 0.007237064685340054 -0.02911399826097755 4.95602771851115
1.3649399756375544 6.282268824676701 0.0075449007680641845 -0.029035744736446222 4.966615321868174
0.5470133043265375 4.124122458478986 0.008034830072716244 -0.028904005011461207 4.983526600582108
0.763340119918664 1.5787190583298358 0.007891475414703069 -0.02894347276639652 4.978570313115014
4.540274264766526 0.8539469353172443 0.008084693507287338 -0.02889009745385477 4.98525215457712
2.5929087664657806 6.141351947261682 0.00806592716036112 -0.028895342514733212 4.984602636419028
6.704101487828387 0.6257132818941594 0.00682115399546043 -0.029214240674202266 4.941766919666933
4.354008227072237 2.0521404808105324 0.007724409305261968 -0.028988506358292802 4.972802664612988
3.738886610402104 6.864026173213061 0.009198538066228616 -0.02855498025641312 5.024026756238536
1.1785971196344316 1.692339063672745 0.009174608651203084 -0.02856267767729891 5.02318885725979
4.493109594355512 3.9339102394543923 0.007599230860170003 -0.029021572843900792 4.968486923192891
0.38821685840832043 2.3807511998752298 0.009046121777391645 -0.028603630552581968 5.018693669047302
1.6364756551117343 6.114152357530686 0.007718662156147795 -0.028990037159673524 4.972604413717169
4.874116263348554 3.5414508229813704 0.007292601886298783 -0.02910013673039959 4.957935749408388
5.030786346165094 2.718295869047319 0.008682803789405691 -0.028716004568092025 5.006016926713516
0.9459857601689693 0.7349163669816681 0.008749427649419897 -0.028695775225763925 5.008337838217981
2.189812983849629 5.849339353353134 0.008919429997242491 -0.02864338961303796 5.014267532177611
6.897825095155719 5.586993857166601 0.008992515971980546 -0.028620528585155004 5.016820132046899
2.1539452361778064 1.8535181275531907 0.009206187887604236 -0.02855251485558022 5.024294665777026
2.1395345229772604 5.8813158290024665 0.007642097172377067 -0.02901031455892794 4.969964259406794
4.929244931929237 1.5082637410964976 0.008490040179253455 -0.028773585417091522 4.99931091653635
2.0432077752356737 2.547690565294335 0.007408219763612381 -0.029070918113021867 4.961910844079828
0.8966061639327261 6.29172116085486 0.007464396566379689 -0.029056544596696612 4.9638437268398405
5.569215858090249 1.5943340011704574 0.007077849782588929 -0.029153113769460472 4.95056273145611
1.7435854261707153 6.87119410502777 0.007909272423912804 -0.02893861450941168 4.979185253228148
2.438365659003625 6.268575443314387 0.008080797964203796 -0.02889118731138822 4.985117317039552
4.92854355239862 0.5966796062419836 0.008798866877316586 -0.028680654484778776 5.010061166626893
1.7308246195461747 3.6123132861663505 0.00856833233444973 -0.02875036836296925 5.002032986272808
0.2052750069923165 1.0849939142384284 0.008669053582718937 -0.02872015859949154 5.005538127097882
6.013498509704179 1.6788492289755956 0.008177201327983196 -0.028864049931387484 4.988455655824085
6.754086847044744 0.84587669142308 0.008913246918806165 -0.028645314265415077 5.014051675368372
1.8612339497056256 1.7203688821192813 0.006898418913043641 -0.0291960924868408 4.944412508840496
5.953896326060117 6.334163604599841 0.010716923614623319 -0.02802048443975102 5.077690341833786
6.171593064601415 3.3238846857794697 0.009542277190772743 -0.028441957492663164 5.036088279921551
3.3317288733114583 1.4957132680196255 0.007502155455181031 -0.029046818475115265 4.96514344105567
1.0014915396155704 5.906470089185037 0.00678003888895396 -0.029223810029910063 4.940359785129521
0.192292107063334 3.968714413507729 0.008993666594000027 -0.02862016703647915 5.0168603349831775
0.46722608327237386 0.9763429210287664 0.006264146913397179 -0.02933871952637634 4.922741740445175
4.165509267042409 1.3218758769336656 0.006512166845930982 -0.029284666345559703 4.931203157304072
5.999445272963703 2.553577302580146 0.009659864859661832 -0.028402236019248035 5.040225465934831
2.8437643975210407 4.057914074839207 0.0067591803796577315 -0.029228641442859603 4.939646093645749
4.449340534816055 5.9762479560884785 0.008882699414096194 -0.028654801536894564 5.012985447093324
0.07599078625445206 4.811281369982071 0.008063633553577466 -0.028895982660460253 4.9845232609495955
0.3444901525675474 0.012760046384358285 0.007029268159634104 -0.029164865662984873 4.948896637665152
6.901436412792912 0.42575156623204213 0.006635520864553914 -0.02925696263893553 4.935417383597456
4.948259096315462 0.17289171838552733 0.008763188796457126 -0.028691575804016902 5.00881742636856
4.6575684491031515 1.174882960710873 0.008955868260004668 -0.028632017457899134 5.015539919741824
4.81451167618817 4.896636013231101 0.0082275377601553 -0.02884974215491741 4.990200002109057
5.255571095162832 0.1467198956279446 0.008455073400515527 -0.028783879755722556 4.998095895189207
3.8874454065209227 6.737228914107667 0.008633927926251022 -0.028730737696138306 5.004315321037195
4.098895012330488 3.409456193246658 0.00883945760198383 -0.028668170316619966 5.011476739414293
6.13098094405794 0.6889828472260207 0.00742550641979362 -0.02906650743397981 4.9625055266103715
3.7056560648362016 0.11621523549255733 0.006039341611726858 -0.029385818908052645 4.915085513268956
4.80450689117296 2.0919428973860184 0.00899712260013664 -0.028619080783947457 5.0169810915012665
3.6710126551413573 1.934993109126758 0.007151387992094025 -0.02913516174292728 4.953085989172745
4.407778393969852 0.7634680789672934 0.008774789926226137 -0.028688029938470857 5.009221790583364
5.775530340628304 5.308308326707909 0.009337522354945449 -0.02850983472892984 5.028897849360958
0.8300945583926894 2.1713588208658394 0.0077036693863003 -0.028994024866971807 4.972087279560322
4.275345080795713 2.5976907819162434 0.008722294499522713 -0.028704034187960335 5.0073924292295775
2.8139296300137473 3.373824168276272 0.00693164719188148 -0.02918822137793397 4.945550769207044
5.415227246144043 1.2211029523327077 0.008562062890369291 -0.02875223607063216 5.001814928530299
5.99607163688391 6.27840078389118 0.010535013755366095 -0.028089383851808626 5.071206305158481
4.790603135291085 1.1146583751880432 0.008600830123099574 -0.028740663200308773 5.003163520351077
5.612949459088003 4.573363481735011 0.010084388368646715 -0.028254293677781133 5.055211048945402
4.772426605404534 1.6035047629816799 0.00913883336587767 -0.028574144339082508 5.021936590179202
3.8527695338393007 5.221951262132221 0.0083456330066277 -0.028815801389492645 4.994295865049578
4.479833653016091 0.4248664763682956 0.008369284743454889 -0.028808940849725337 4.99511675325072
4.922275121703633 5.465888512029041 0.008025358578126664 -0.02890663625696509 4.983198927534481
2.4297006508222676 1.531624051356404 0.0077337254677254455 -0.028986022327836824 4.973124052732716
0.4081347406153572 1.222883001159815 0.006286611938183922 -0.02933391399623793 4.923507515640191
5.496999866989814 3.219431214300898 0.007286241192216956 -0.02910173000508459 4.957717175867253
6.920110407558969 1.568455531291707 0.007198760311005953 -0.029123493093801186 4.9547122645683555
3.422064594285462 2.150484015455339 0.006657719848487723 -0.02925191902113522 4.9361762079755245
3.096639346955751 3.0053778467026024 0.007371733980795246 -0.02908019150756041 4.960655983140203
5.785199334279573 4.8399319852442515 0.010444082000841315 -0.02812332041491016 5.067971033829842
0.831663206647 1.9286355348081279 0.0072587456961703605 -0.02910860029129412 4.95677248121042
0.21275487686247593 3.2432335795636646 0.00867003383195984 -0.0287198626973158 5.005572258326202
0.5325767290703578 0.9471347678195087 0.007317601330289941 -0.0290938603621269 4.958794925395683
4.593951232586908 3.1532543387688476 0.009555630648180012 -0.028437473919382547 5.0365578154577
5.121295672376453 2.505780812385464 0.007609118843220061 -0.029018981898573788 4.968827649879542
4.560056062607697 0.5982625369844081 0.007904812267308811 -0.028939833154643515 4.979031131727826
5.475042382226177 3.5563771171719236 0.008003238749046218 -0.028912768278491856 4.982433792432208
1.090419277528203 6.419321349006067 0.00935221662233891 -0.028505017878416562 5.029413303366226
3.573171287942705 4.372722820631351 0.010091010812053956 -0.02825192915167051 5.0554454459036595
2.0417757566741366 6.986034494051749 0.010268033881178246 -0.028188073368270054 5.06171838994103
4.953215163768139 3.427886880193833 0.007717518068885104 -0.028990341751287306 4.97256494908158
0.21745233859308993 6.58416555075439 0.007941765647907715 -0.02892971410839922 4.9803082585526885
0.7180226542080899 5.871827059784084 0.0070384001914490305 -0.029162663162767048 4.949209767054453
5.364173543884821 0.3010214486587362 0.008627060736620368 -0.0287328004734426 5.00407631070763
3.3330158996655492 6.88324115435246 0.009029513120028029 -0.02860887786711044 5.018113073741981
3.932686593824624 6.089856392077799 0.008433854395340858 -0.028790104203322876 4.9973587912837685
5.325504602223496 0.8119950186948423 0.006035904952492345 -0.029386524997088007 4.914968565092238