300

2.5515136307319164 6.611303244697277 0.007610484497095239 -0.029018623773698727 4.968874710879358
0.35114920032425406 3.0947426091662944 0.008047231527052978 -0.02890055474813597 4.983955682792855
5.964272997465136 6.24553868031729 0.006187880267811036 -0.029354899723746882 4.920142936567121
0.30214331523418825 5.89393341402652 0.007514198537747004 -0.02904370534789459 4.965558072620368
4.072473629348197 1.7607670557039334 0.008656661514580477 -0.02872389617412619 5.005106678865508
2.7954397531257342 5.58695664661044 0.005882514083083631 -0.02941761424830917 4.909751567667469
3.799074667578951 6.589987076297248 0.007395519598203857 -0.029074151576143757 4.961473999983692
3.5274005727042415 6.768660704783812 0.007320147852270503 -0.029093219749984696 4.958882454172656
0.18275249602355234 2.6034277769999847 0.0056883932700243466 -0.029455766532303005 4.903157072600212
4.250407361046592 0.7989644271548969 0.005780113637709276 -0.02943790560374782 4.906271848439574
4.077963142812711 6.238154002419213 0.006044153861400954 -0.029384829489035865 4.915249276977358
5.055348872509134 2.710205576982083 0.008550784547766732 -0.028755592214692323 5.001422691758568
6.9653116638146155 3.965184832892297 0.007706167316352581 -0.028993361055461974 4.972173433816494
2.906948061314973 1.0194182389740352 0.006554957619301725 -0.029275117943556746 4.9326645959440585
0.6002574604670412 1.610257410482076 0.006850978354626039 -0.029207261007914546 4.942787925827885
0.49550208560922265 1.2793351130036077 0.0061569070136474596 -0.02936141168311392 4.919087923043671
4.180892834121153 5.800117872387537 0.007547732901087835 -0.0290350086628855 4.966712862638893
5.751664899282922 5.596124301006156 0.006387036809775932 -0.029312211803113174 4.92693228657146
4.873824874221404 0.19618863718586949 0.007613687133380249 -0.029017783654769362 4.968985077334612
2.9673852289625304 6.4154828142208284 0.0065492563730374966 -0.029276393920020745 4.932469853022322
4.382637993509882 3.6330501267638553 0.008690051564517572 -0.028713812073739454 5.006269331317856
4.6987404702654425 3.651753464908561 0.006859168927455535 -0.029205338580893535 4.943068364391943
6.709257370912119 0.9654459234621641 0.007449369239040108 -0.029060400856499604 4.963326585861852
6.361448879495366 3.8081931459819853 0.007650226120364666 -0.02900817195735178 4.970244478641128
4.310333404741765 3.372741018491305 0.008239969071422167 -0.028846194024550378 4.990630927123804
2.0001709161395222 6.081786660610196 0.006894576494688601 -0.029197000102046226 4.944280903605042
0.6353599025213464 1.4265356500944353 0.0075964983901335255 -0.029022288197326874 4.968392771288264
2.2574403583187372 5.878705427108158 0.007055124902524214 -0.029158621582814622 4.9497833041666635
3.452980785000584 0.4774417412007508 0.0075006976796757 -0.029047194947500653 4.9650932542836035
3.6588868441070277 0.31715106225702305 0.0076400412634778855 -0.029010856062728574 4.96989339186392
6.916573606505488 5.69319870776733 0.005687418519830935 -0.02945595475587719 4.903123980707054
1.6661973517093935 1.7161868077232678 0.006807218726044494 -0.029217490878167295 4.9412899435862485
3.8450287801463943 6.3019450905709755 0.005405249844984792 -0.029509037160051356 4.893553335079829
4.3248346506753865 0.6213138933335064 0.007127463156922263 -0.029141023814319145 4.952264904758971
6.835919914195054 0.9261109356312442 0.0061768048964879535 -0.029357232180005022 4.919765659475229
4.315465818574551 6.229040876534798 0.008079028224474757 -0.0288916822450362 4.985056062216381
5.9127670291445975 6.41035007217468 0.008538244168179963 -0.0287593182555592 5.000986617728876
0.5271872357153707 5.539260660546621 0.006466384319000775 -0.029294809674052857 4.929640066586314
3.5224891000459104 3.1196007308227593 0.006581156001357114 -0.029269239581611976 4.93355958843912
4.098553968656089 1.982911476176009 0.007164676053653649 -0.02913189690092634 4.953542098049305
1.906964739377643 4.476520247255945 0.006475010733921852 -0.029292904191895973 4.929934545216373
6.841670415500141 1.8264878661483854 0.0071294111308423305 -0.02914054729972348 4.952331751753041
4.3613175270066655 5.717376116795025 0.005348896261873964 -0.029519304002291632 4.891643961891274
2.5792465629515933 2.451608419355635 0.008893065642846986 -0.02865158605508628 5.013347229752232
5.413731410968768 6.0569658828510615 0.006570496553262079 -0.029271634307697462 4.933195417313238
5.972912700706936 3.612452225947016 0.007394895340357912 -0.02907431035992346 4.96145252881059
4.9064987292187485 5.862172947400667 0.007669419283678571 -0.02900310341758515 4.9709061831973385
6.529013319085965 4.67673581092723 0.007985432781857527 -0.028917691181808328 4.98181799353342
6.8823578869790625 0.5439539814845346 0.006589306208533977 -0.029267405824400898 4.93383805356358
4.045652798283226 3.238830318687619 0.007691408102341977 -0.02899727989662527 4.9716644132762955
6.705446959194014 1.6240584079350113 0.007496808916149529 -0.029048198843899788 4.9649593791769355
2.7825219525946387 3.615654375157427 0.0075681094243486196 -0.029029704093240176 4.9674147182567765
6.616059272908408 5.2165237602350105 0.0059978879847645584 -0.029394307947665937 4.913675049484429
5.731762602377098 1.3392055804300587 0.0065377981374753705 -0.029278954822766875 4.93207848876058
4.261976723924417 2.224906050778961 0.00653105434621559 -0.02928045985169595 4.931848165719701
0.35077302718345404 6.130884705323828 0.0060383909019203685 -0.029386014280871866 4.9150531607029455
2.2991468058367897 6.039811872175885 0.00793509321127554 -0.02893154499380164 4.980077622831789
3.908872888225546 2.51578086790308 0.008526408034369173 -0.0287628295901402 5.000575084638162
2.4452116700270063 1.3224817009766592 0.007414345209509967 -0.0290693564619896 4.9621215567370935
5.694725921854329 2.2081162859919843 0.007226865802716858 -0.02911653157004662 4.955677425201146
3.5452156009158697 4.953102689189342 0.008017625395959006 -0.028908782108730786 4.982931414738063
6.114721585481567 4.566579897120603 0.008569239655748151 -0.028750097942830614 5.002064545018559
5.141304092604527 5.809428247246521 0.007851186756478673 -0.028954427407823034 4.977178599370635
4.23229227024651 6.324948626655694 0.007839727266644928 -0.02895753229100546 4.976782843822255
4.252126143774292 2.3323768826465203 0.007302285879855715 -0.02909770817313384 4.9582685450121975
3.7915644778263973 3.0483070528181755 0.008640379552603583 -0.028728798115948913 5.004539883461318
6.102228872635077 0.40421649419958894 0.0058871130409733465 -0.029416694240563493 4.909907903587733
0.6232977450240041 3.2465948994139873 0.007148639332924134 -0.0291358362791901 4.952991648617026
2.0779166091199457 1.152167638140174 0.00555803474141908 -0.029480641950493183 4.898733378677284
4.21264390070982 0.8993905602899351 0.005562746220786955 -0.029479753297528125 4.898893197122803
6.744536151254074 5.0544992124083405 0.007218065058926135 -0.02911871454589144 4.955375177187762
0.6761305026121563 5.7550384587459655 0.006219844803469486 -0.029348143563447986 4.921231961282347
1.231577401081443 2.179204652360528 0.006390761718238594 -0.029311399909603363 4.9270593653490655
3.2125640590012923 0.3081962006021023 0.005451416717771209 -0.029500543313118906 4.8951180594177
1.2516630421452388 6.986528956776469 0.005958851376091991 -0.029402246347475673 4.912347196061562
3.669404154060648 0.03292794314266219 0.005931809035095523 -0.029407713980708516 4.911427544392367
4.84924830834225 6.01869574999506 0.00693313380955166 -0.029187868294530378 4.945601701624004
0.6041444128692683 1.3840011912202477 0.00788340812077647 -0.028945671116788353 4.978291597855702
6.378863913987876 0.9084994344197497 0.004559019930566699 -0.029651565511330014 4.864947399047266
4.431329560274569 3.875082632200202 0.00907105727331242 -0.02859573254778212 5.019565549186856
3.2870121134730126 1.4307847025358207 0.007073790440678645 -0.029154099005137567 4.950423491670479
3.672854930189739 2.018214246635681 0.007588585290191476 -0.029024358275308852 4.968120125050319
0.10943193399986176 3.442655351839322 0.006019905233410228 -0.029389806753035312 4.914424137830089
3.897947501999856 6.395703456700411 0.0072473563215901884 -0.029111438067328566 4.9563812284817725
0.9802283392728383 5.212151459382461 0.006900401043350792 -0.029195624080346753 4.944480399644977
6.052359553743936 2.6477693873458255 0.005891486694896 -0.029415818610466434 4.910056585114414
4.970536788157263 5.350196741072653 0.00627455106577255 -0.029336496193700646 4.923096375775907
0.9233052936117667 2.0884744713617653 0.00612960310225856 -0.029367123894055103 4.918158088538066
0.2663916187720038 5.048016684943753 0.006566143494320885 -0.02927261108292165 4.9330467072597
3.8837653140545845 0.10010130520675152 0.007697092924071952 -0.02899577142478195 4.971860465099134
4.325065197535673 6.9471399678451675 0.007750991443348301 -0.028981410104498735 4.973719765683516
0.65569289349074 0.9964996743252249 0.0063268096412824595 -0.029325270327193495 4.924878066467648
5.787444400291664 4.170797527724681 0.009238592671480094 -0.028542046273007025 5.025429792477566
3.308258679224873 3.541140910771732 0.008923848152338442 -0.02864201344448406 5.014421782819184
4.262139652517261 3.281355220042298 0.007846222749999977 -0.028955772974613932 4.9770071613015645
0.3025416485953534 6.587484583572257 0.006040044149781947 -0.0293856745144413 4.915109420711635
2.8158499119060374 5.628244487686606 0.008351040520917341 -0.02881423471511948 4.994483528103057
6.7740383512543305 1.499904735090434 0.005040756384393595 -0.029573480942783774 4.881215037787454
3.097833766817597 2.184183216384774 0.0062274001841051245 -0.02934654131149031 4.921489408123062
6.614513246071232 5.73424043873996 0.00700203336947926 -0.029171416295625738 4.947962920696508
1.6889255084664951 5.606802625748529 0.006558752132362074 -0.029274268060298893 4.932794213462329
1.4187726581704745 6.684777491019903 0.0067918520127498135 -0.029221066822361332 4.940764033517787
1.7481325373395895 2.9481104967592557 0.008073156527935317 -0.02889332351384062 4.98485283660648
1.4064339694688495 2.590364569328875 0.008387495544337674 -0.02880364418773631 4.995748934579312
2.6664586926402194 0.08384544991932527 0.00814628209527735 -0.028872791483058297 4.987384615947545
3.282181022657147 2.411116779743154 0.007410855792044842 -0.029070246239574844 4.962001520916456
4.436156440827882 2.307774341653865 0.006699036083365268 -0.02924248477051446 4.937588863728162
3.7552809306997696 1.4392355007198974 0.00834975330023238 -0.028814607750674976 4.994438855309724
6.90336791820394 0.35484972244775703 0.007522890589134476 -0.029041455149215783 4.9658573590903785
3.7340211014153017 5.436033923657469 0.0071622667328643565 -0.02913248934175218 4.953459395014285
3.0508542869386943 5.991178670802477 0.008043960173075636 -0.028901465442672157 4.983842491109829
0.8336101168704271 4.655088428892604 0.007304332820525575 -0.029097194401642795 4.958338892777326
1.961010218448541 1.1747125400217928 0.0058295486618090845 -0.029428155946297413 4.907951424452538
6.247199669634839 6.123494885371776 0.007173573406887413 -0.029129707251807347 4.9538475257248376
2.20350168438782 6.39377854059193 0.0074451728961019426 -0.029061476227940468 4.9631821878092985
3.0463777310235054 1.3388861197210833 0.007105836143094855 -0.029146304958047202 4.9515228219327225
0.32603202412618854 3.1931201365897834 0.006610325424977651 -0.02926266559587308 4.934556290019816
1.1720273121930946 1.2170590359271487 0.008558178734438565 -0.02875339243896976 5.0016798406780145
1.801482640194568 6.234065724220798 0.007179044950468045 -0.029128359267201427 4.954035363869544
1.0046636738981767 0.8232860766359573 0.008067110379001928 -0.028895012201641295 4.984643585073745
6.281321461288595 5.8510112250714315 0.007064890881130477 -0.02915625690718408 4.950118243680141
1.1659181997729113 0.9603839323099919 0.007293293535848132 -0.02909996339172879 4.957959517393249
3.8444550843790006 5.378085234909282 0.0070259247131143985 -0.029165671292216956 4.948781999717669
0.7623249091302378 1.4132977123909056 0.006530476686353304 -0.029280588693689134 4.931828437252516
3.5004659514628957 5.659753628967363 0.006836877169567405 -0.029210565050478702 4.942305155901778
1.2382820517468882 2.6951277885689313 0.006919110708624365 -0.029191195710381573 4.94512128622521
3.9264461180704773 5.893788835635611 0.0066318256524293025 -0.02925780047296414 4.935291083432397
2.836720163897511 0.6337972865445928 0.006216956859239091 -0.029348755466124282 4.9211335593471235
3.833625505765776 1.2608236313433967 0.007717448232702352 -0.02899036034228549 4.972562540135836
4.683065220056336 6.482328354585158 0.007078365566563839 -0.029152988541590093 4.950580423737173
3.026232423878535 1.190270577571554 0.006806860974978692 -0.029217574226265124 4.941277699189321
3.510492736039694 4.37210377688699 0.0060689274919956595 -0.029379722924100207 4.916092425716172
3.7272813410912318 4.759914466472678 0.007040067408254868 -0.02916226073004676 4.949266937015221
3.2369407049402334 1.5176313121517582 0.005968521644448204 -0.02940028485201722 4.912676102592345
3.2058632571959444 0.16917790961957963 0.005837752231876243 -0.02942652967781325 4.908230198178947
4.080798146497461 2.7425603168866517 0.008507548366592307 -0.028768413595297405 4.999919452461381
5.835001403943783 4.332317335825787 0.008382239260134766 -0.02880517427452671 4.995566452649335
0.32944382241028314 1.6018111432198254 0.0071082603667654174 -0.029145713828250493 4.951605997081556
3.7314441034804746 1.1098411665919943 0.005384741249251193 -0.029512786409937857 4.892858385528367
2.9013482126585037 4.6725283751995965 0.006049754075004314 -0.02938367702708374 4.915439862510951
4.218901984729815 1.1039529933831294 0.007195890443454659 -0.0291242023191331 4.954613724444884
6.6282917610948635 5.85595777013617 0.007197178298183785 -0.02912388409096823 4.954657944085675
0.7627392262030019 6.541423669959592 0.006240761164762197 -0.02934370290342369 4.921944713109605
3.910571304585446 4.433300017788569 0.006518809522246007 -0.029283188392193134 4.931429994237618
2.508571830039426 6.615891590210918 0.006467881840278488 -0.029294479078833195 4.929691185871401
2.5499284341864983 6.994672557239204 0.007772225352146955 -0.028975722822311853 4.974452510965288
6.952920281785104 0.30039197025533304 0.008259742766940532 -0.028840538299830215 4.991316481460032
0.2609631586839815 5.00973768283117 0.007730557889402043 -0.028986867280177134 4.9730147748153435
4.345034575954405 2.250036267498652 0.007828265246508495 -0.028960632990843053 4.976387043301607
4.174119996236198 2.7342524875539325 0.008619040216730727 -0.028735207424732092 5.0037971808010635
3.920975404286914 6.370017434355704 0.006695816566396765 -0.0292432221293955 4.93747876787275
0.33060499157481243 6.144984087974185 0.005974981764288699 -0.029398972650696784 4.912895837333526
2.9469997059678934 2.523687935157586 0.0068246382598929345 -0.029213426923618623 4.941886187286936
1.9151647575439477 3.5623975379784807 0.007493766355940944 -0.02904898390310008 4.964854638807027
5.0260050325387935 2.3041379061435783 0.007489955503655068 -0.029049966722068152 4.964723453915065
2.6367823311817324 5.3341004748837735 0.00853177610951071 -0.0287612377413974 5.000761722175282
6.921881181061144 5.082009383730224 0.009242074121319652 -0.028540919150161118 5.025551771068182
0.7997478805131009 3.760551474835842 0.0058594730863788195 -0.029422212274912336 4.9089683907994
2.3623882618743925 6.337132216671859 0.007297642037321568 -0.02909887318600356 4.958108953420532
0.01752637121558477 4.342484147847951 0.0087860846310487 -0.028684572802397626 5.009615522230076
3.219312901089828 6.331308754693441 0.0072125028946527225 -0.029120092753880885 4.955184164888081
3.6829340797188355 3.0574150877323416 0.0071096074119137275 -0.029145385268485667 4.951652214949084
2.1751618475218684 5.805146112123022 0.0069808516498404685 -0.02917649242528854 4.947236871754133
3.299405663276591 6.021306704237919 0.006809616484937996 -0.02921693213409068 4.941372010243829
1.0979462118187713 5.3522897117940795 0.006194473972634267 -0.029353509027071303 4.920367562133912
2.022083647880974 4.290724094159933 0.00763831767128172 -0.029011309917902454 4.969833980355697
0.3302521963803356 0.3118467551983814 0.0074998067468690635 -0.02904742499361376 4.96506258249997
6.536306758973633 1.4855519995443542 0.00472394274310645 -0.02962573821797276 4.87051183523523
3.856492052314469 6.41009518584846 0.005899725392406709 -0.029414167339807385 4.910336670085497
4.293734988407549 6.176695305361711 0.007485483918883459 -0.029051119264154643 4.964569529605842
2.2167252999085316 5.571542261712731 0.00618312673854733 -0.02935590134427933 4.919981006252193
6.868406846210549 6.177313931923105 0.007724395104426147 -0.028988510142308407 4.972802174734872
6.603691444176293 2.0979025627400305 0.005211980474025306 -0.0295437854639242 4.887007714656734
2.6100077270471247 5.033765468057457 0.007441972912287938 -0.02906229583451336 4.963072078513317
0.922643255247062 4.8300646633721245 0.008788118766849191 -0.028683949667710564 5.009686436930753
0.01716535185148469 1.0493629411196015 0.007394903587758763 -0.02907430826223992 4.9614528124768595
6.116448543100958 4.022097991769104 0.00702175922745464 -0.029166674430789255 4.948639180648728
2.1400584879270568 5.559457134311066 0.00690995575254869 -0.029193364168896657 4.944807677421116
6.903413325338647 3.3568444994775035 0.006697232809790493 -0.029242897816247036 4.937527197941106
1.0130462654231343 0.8424866678938534 0.0054164412882867306 -0.02950698499966648 4.893932603039892
2.5924975675982456 0.1417519103933147 0.007276925163953733 -0.02910406088775614 4.957397069292262
6.686756703267863 3.839701923344639 0.007225393305873462 -0.029116897011450912 4.955626852982441
3.6731580184931514 5.683513089674875 0.0071576970960953515 -0.029133612413851945 4.953302540973189
1.521665078939548 4.041705330632158 0.007146537706385267 -0.02913635184458091 4.952919517241643
6.486610217006178 0.30927563128737995 0.00765370015797977 -0.029007255538774097 4.97036424118571
6.861972920042482 5.452473328706512 0.008802350895505835 -0.02867958539993888 5.010182645135071
3.4285401869456305 0.13827745726206164 0.006807866659097206 -0.029217339912318382 4.94131211984804
2.258850001108934 6.2810640354774225 0.007919759347961049 -0.028935746264272907 4.979547656330084
4.19644036426575 5.506204767167524 0.007801481114230777 -0.02896785964520507 4.975462312511963
3.0174280344895665 4.607774259280698 0.005857624340147225 -0.029422580394821162 4.908905556140729
5.670217992001143 5.926155074626629 0.008581227423936756 -0.028746522153100116 5.002481535373641
4.0089360664357105 3.5741758003088644 0.008787235337265024 -0.02868422031583778 5.009655638333401
3.132706795663476 6.365590690584465 0.007318385128806865 -0.029093663212226447 4.958821865827883
0.7929497900583073 6.958360494370377 0.006394680794811158 -0.029310545159250675 4.927193072156717
6.630312609803463 1.974419864589434 0.005214476195602957 -0.02954334507136066 4.887092190634957
3.4786688673415256 5.163459657797758 0.0067374420409745525 -0.029233659961498296 4.938902423377589
6.742613721154589 6.561865527417672 0.005664254185701189 -0.02946041792846406 4.902337634505456
4.686523216348247 5.327953128258497 0.008682303255548704 -0.02871615590880312 5.005999496275489
4.0728098081137505 4.344898601192704 0.007901664932752094 -0.028940692653952077 4.978922378930243
3.1303757252510196 3.3559497187360043 0.00792127741431134 -0.028935330724315575 4.979600120062537
4.837919411250571 5.673189446030177 0.0066028996251459235 -0.029264342065733306 4.934302533674205
1.1662799985313028 0.3526701253848411 0.007784096099775659 -0.028972536097301826 4.974862212574412
0.3956166903680623 6.726492675276629 0.006161456561187837 -0.029360457303056354 4.919242875452708
4.297732227892753 0.9586701081201595 0.0073850533847316215 -0.029076811835286615 4.9611140330030885
3.033230161645183 6.913645252058196 0.006953936699174528 -0.029182919051799355 4.946314485867214
3.00378522647258 3.467186907310812 0.008861121277551615 -0.02866148163833339 5.012232497518447
4.723115994446535 5.166347949339588 0.006661458063366663 -0.029251067954350098 4.936304003668262
5.5488798113217195 4.358226393962891 0.009085437439649902 -0.028591166931942597 5.020068467378442
4.463234851026462 4.198139726985489 0.007896585555460129 -0.028942078995215573 4.978746873261312
0.17447029672299794 3.619130822315911 0.008068346685521751 -0.028894667012482254 4.984686371486006
6.393356263454779 1.469155129873432 0.005209843354037038 -0.029544162405226452 4.886935377739836
6.574292971252095 5.916459857780431 0.0070143579418140535 -0.02916845526701937 4.948385430099472
3.3476191642593753 5.190678952538938 0.00636071472418937 -0.02931793492382232 4.926034383861419
1.3555532829188148 3.464353207476791 0.006515450380780207 -0.02928393597752172 4.931315283416547
5.484477535129708 4.954602857326199 0.007617179602333171 -0.029016867075992187 4.969105435393279
3.139381900525227 6.381785209631492 0.007417431298383197 -0.029068569158693817 4.962227721132791
2.5422584380518565 4.198877053776161 0.008419683186755688 -0.028794251770703532 4.996866601762521
0.01407307580013967 6.036356204105283 0.008532495986439629 -0.028761024186238424 5.000786751682286
3.3359987044686834 1.2786587638649198 0.006156139476545945 -0.02936157262043899 4.919061782100374
6.213950528761331 6.722130959309518 0.008315837653987194 -0.028824414028953454 4.9932620260963265
0.4162892239181645 3.442977898090836 0.006984154894401408 -0.029175701883776654 4.947350089246518
3.7273638248685557 0.8892568132563053 0.005518321553881108 -0.029488101451737633 4.897386455570475
3.845593772107015 0.056201062794117115 0.007071433139169408 -0.029154670866916962 4.950342635857087
6.746446366189339 5.069950083208071 0.008129119226253012 -0.02887762837570571 4.986790235211924
0.9378392581047665 3.1675676602999854 0.007997331350010475 -0.028914402834541466 4.982229480206605
5.728426503660854 2.926964329566953 0.006999705936314798 -0.029171974852675288 4.9478831367443785
0.933558272651266 6.182395917008538 0.00623658468575874 -0.02934459083813164 4.9218023856119
0.8950624319582362 3.202596376459179 0.006693089242878204 -0.029243846470443455 4.937385505427499
3.7387544192193194 5.845104688213139 0.008296025823267387 -0.028830122364285598 4.9925747660408515
0.8686648096727299 6.888752482318127 0.007344773757879601 -0.029087012539027846 4.959728992701967
6.694260154735613 3.625664652670247 0.008432168691362625 -0.02879059796462039 4.997300240279204
4.380853377363146 5.932024677779327 0.005945853474294212 -0.029404877596450274 4.911905144122462
0.4990663473294845 4.191779437617218 0.005818783517805023 -0.029430286413368808 4.907585626668824
1.2136748097622483 3.5944388828878333 0.006870521856131734 -0.029202669902329413 4.943457110005021
3.716822582193865 4.927685411130143 0.0055674624756128395 -0.029478862962852605 4.89905318238416
0.5523201942089985 0.9519045031200616 0.007245191120456325 -0.029111977013388506 4.956306852867431
5.992219578884898 5.416145921866563 0.008017947997604432 -0.028908692635740394 4.982942574050948
4.83185762246867 6.018601014868753 0.006561509498911528 -0.029273650149847966 4.932888405250242
5.556942195472663 5.181380491490707 0.007575432519620013 -0.029027793959250217 4.967666988694814
0.6476710091592056 6.051016452828159 0.007004039571737539 -0.029170934672676063 4.948031694142356
4.7340083653421505 3.6615658559836803 0.009321329628048212 -0.028515133069394405 5.028329932285782
4.953590705458354 0.6509011504508193 0.006768242774395855 -0.029226544266246022 4.939956156630088
2.1325071232674833 5.829631556895881 0.008169112362050361 -0.028866340315602805 4.988175423321055
6.819780732688694 3.2458927100480435 0.008493891378415344 -0.02877244878788876 4.999444764131909
6.049290775522447 1.316027060996439 0.004975829574278742 -0.02958447430744263 4.879020006408455
6.286892683172145 5.316404873874163 0.006522782448789174 -0.02928230368543035 4.931565668895036
2.9901067931125596 5.6629038809439 0.0064485617788815315 -0.029298738044222113 4.929031721802166
4.808757633177041 6.888961076339621 0.007194732633471071 -0.029124488361735496 4.954573970418831
1.67293175728942 1.3980113810429975 0.007501718392215223 -0.02904693135537556 4.965128394240235
3.287564819428982 3.3208888062979334 0.008269803214334764 -0.028837655154262773 4.991665328977256
5.908624389012214 2.1527610204726404 0.005937344672677403 -0.029406596848969607 4.91161578556998
6.116555386621477 4.3392030236279435 0.0074415766245100245 -0.029062397308920438 4.9630584427328435
5.685789789377194 4.755331860099833 0.007765160522336983 -0.02897761691482478 4.974208700002641
3.748040650387296 4.507643655978703 0.00799039206116348 -0.028916321251308847 4.981989493973565
3.4470887819362583 5.507008904193318 0.006743075258917539 -0.02923236110977993 4.939095123952122
3.657660445197597 2.2419494652570697 0.006727718743352232 -0.029235899173966705 4.938569829881881
4.034347073477397 4.474874864995494 0.006090237862481077 -0.029375312811583842 4.916817822927973
2.7005077000702467 4.075248472437586 0.006845370504993915 -0.029208575840827283 4.942595928249234
2.924844926117495 0.7498524285402758 0.005601739876229419 -0.029472368590920225 4.900216089276864
4.9326847852558355 5.023462294213952 0.008867278507826383 -0.028659577314828637 5.012447330613423
2.5173109382873893 4.45351832158156 0.006835213648901906 -0.029210954355752654 4.94224820700069
3.612923082164891 6.428577953495618 0.006211725368957126 -0.02934986316732421 4.920955310168866
2.4693076462271213 6.268124559268784 0.005753202044191854 -0.02944317690465325 4.905357748681313
3.1914207693064265 5.093379950261891 0.007928433196882568 -0.028933370820603852 4.97984743103872
4.619083533312611 2.652028555989947 0.006683135199783296 -0.029246122886656574 4.937045137904376
6.666392583837974 6.515471552032439 0.006280050820226273 -0.029335319355605714 4.923283850950694
3.0910544459962397 6.935038063057033 0.008043386073378768 -0.028901625222028198 4.983822627130577
1.6239462770222648 0.7094097677036687 0.006399381123437115 -0.029309519293857358 4.927353438019829
4.22928612529067 5.559496520371211 0.0062716850476528035 -0.029337109037242372 4.9229986821671305
4.744562964679519 3.5965948094434244 0.00840805067928786 -0.028797650664151873 4.9964626384684525
3.601640785857857 5.452036627168859 0.006902900422553148 -0.02919503323780118 4.944566008518575
4.437647186162315 1.9100286998215583 0.0073173720014611705 -0.029093918041271653 4.9587870430246745
3.571815428019683 5.937426036986182 0.005836022962016624 -0.029426872684449747 4.908171432847132
2.767532295370332 2.585997124746438 0.009136112924521942 -0.02857501427174417 5.021841385230615
3.2666913863530023 4.755529770331391 0.005598402687976364 -0.029473002686242523 4.90010285941073
3.757719134590084 2.8089360145946074 0.00866028831178922 -0.028722802898684643 5.005232945379075
1.2030916317179392 5.858730479733331 0.008263610225774643 -0.028839430404161464 4.991450582046951
6.220647506981073 5.5609598533160955 0.008022847130533011 -0.028907333393450495 4.983112047231771
4.325827458888847 0.5600397986330067 0.007621536084878393 -0.02901572311190773 4.969255574565869
5.739006985921996 5.908076463400951 0.006491359670623286 -0.029289285577265376 4.930492699028697
2.22604371248071 6.485042245781267 0.006337018726891614 -0.029323065897941588 4.925226212251932
1.9149267526109495 0.3422675400444089 0.008320805693902965 -0.02882298028664475 4.993434385661315
4.623535376410024 2.180926764161316 0.007531429001137747 -0.029039242021802518 4.966151378010869
6.651070127407009 6.268535203394746 0.007068599129642435 -0.02915535810694868 4.95024543098257
6.062953698474012 0.5896769255974301 0.004663382300828034 -0.029635331371798825 4.86846798345814
6.346083893961372 5.285117606468142 0.008562404125634712 -0.02875213445275522 5.001826796680922
3.43892244413018 0.49861408053147077 0.007400989235700923 -0.02907275973025332 4.961662131643932
3.9594475880967868 6.8500854068842445 0.006296515640299163 -0.02933178976454502 4.923845147387064
3.3651129002998093 4.93346634018922 0.0064786481271936645 -0.029292099932302737 4.930058720107935
4.319292876520712 0.9023512394685174 0.005436575155219532 -0.029503282030676682 4.894614988230292
6.872129661661409 3.748374730117252 0.0074888055381966264 -0.029050263193490612 4.964683868341654
2.4214859975969536 1.7195113288821415 0.0069250926578940915 -0.029189777177628152 4.945326214267785
0.8008947671954224 4.3055532524143265 0.006821457513113352 -0.029214169805024226 4.941777309052864
3.789606197976529 0.7710817481283941 0.006317077745767641 -0.02932736825482176 4.924546217955431
5.992443704797239 3.9116340128994933 0.008463679955640424 -0.0287813502394952 4.998394914408325
6.514250008459595 3.2045664352969068 0.008910687761472216 -0.02864611044483263 5.013962337135114
4.138869581266879 4.6287326084563585 0.007187550791493077 -0.02912626157988195 4.9543273867457005
2.1266546487732265 4.215289896754396 0.008738727791603717 -0.028699035464354074 5.007964987168782
2.776679552310722 3.4356190666781004 0.007915923551554193 -0.02893679585451626 4.97941509618115
4.120272905600157 5.14467013795362 0.006959363006293961 -0.029181625495277454 4.946500431192271