300

2.67607336230259 6.086132324524952 0.006435842567056343 -0.02930153460916451 4.928597621036094
0.48544210148904 2.5719837710181994 0.00832932601189905 -0.028820519221337805 4.993730006781017
6.093077063175928 5.721387716625147 0.0074867474426681254 -0.029050793667810562 4.964613022968477
0.43812320756630957 5.371529124723658 0.009003737020409162 -0.028617000535823344 5.0172122191428015
4.2030155951838175 1.2369991599742876 0.006642617183962979 -0.02925535227863988 4.935659941745575
2.918581570079827 5.06136589100225 0.007744113527923638 -0.028983248707945594 4.973482451584432
3.919031661767915 6.063676157188874 0.0075113134652256735 -0.02904445162207611 4.9654587383440045
3.647278901251638 6.242461935371793 0.0061120991068649615 -0.029370771942661984 4.917562085067866
0.31177793591510483 2.079586510892649 0.008146949918056588 -0.0288726030525943 4.987407745853734
4.363429349247337 0.27126420119773964 0.005398678585708247 -0.029510240079135497 4.893330653286463
4.2006576592883 5.712436283186836 0.00687874453029723 -0.02920073412924589 4.943738692020573
5.199421020514425 2.190392632374051 0.007332135477287053 -0.029090200916162618 4.959294517427435
0.10422229851840688 3.443556153577723 0.00833465044782961 -0.028818979890212867 4.9939147563363555
3.0194968243924727 0.49149133727991656 0.007490096927290929 -0.02904993025843241 4.964728322207204
0.7168508457410389 1.0832774774596892 0.005659819050216019 -0.02946127031067757 4.902187091111018
0.6128814773255569 0.7524718358347418 0.006439382925461228 -0.02930075677417357 4.928718447656248
4.3096689574925025 5.276010534060524 0.006295834698639662 -0.029331935930780376 4.9238219323030785
5.88874042963669 5.073987371946519 0.00759544398538164 -0.029022564164196962 4.9683564405988445
4.984784157098041 6.667922089501601 0.005995045604736102 -0.029394887790177637 4.913578352123951
3.0929319398996196 5.890579074446264 0.007193771406119356 -0.029124725800537585 4.954540966459363
4.520027078476555 3.1110945026623416 0.006727228518772458 -0.029236011979341753 4.9385530620160765
4.841758500060799 3.1312110608384853 0.007614618663003158 -0.029017539224011468 4.969017179495041
6.821822952474612 0.43753459991223687 0.005552059515616476 -0.029481767842771105 4.89853069951939
6.5116844602169595 3.289751684168456 0.009976637718720012 -0.028292520209932042 5.05140002893895
4.458141299377948 2.8535335588477326 0.007830115649303662 -0.028960132750360967 4.976450937581002
2.1240756674490444 5.556593719356668 0.00838590764644585 -0.028804106529196162 4.995693806653931
0.7576645092302883 0.9007184786455522 0.007574451230939995 -0.02902805003010212 4.9676331837025005
2.387944527820265 5.355056502114763 0.006120467189627525 -0.029369029289043464 4.917847005429545
3.565460096828594 6.9494347057794155 0.0061026543437900215 -0.0293727358269573 4.917240525687021
3.7832859447785063 6.791868147374187 0.008089082003492223 -0.02888886900418184 4.985404060935626
0.05434736512951959 5.171224037503478 0.008557768339033862 -0.02875351458614111 5.001665567769735
1.7915798404102425 1.1912025771987202 0.006106088642953253 -0.029372022087088202 4.917357448431492
3.9693899864466498 5.776657633141618 0.00798530133561302 -0.028917727479514307 4.981813448005869
4.439107428022747 0.09380284265421929 0.006614170221247088 -0.029261796805465794 4.934687681103345
6.947823414192601 0.3979748201835562 0.005878119249939156 -0.02941849272283498 4.909602175283691
4.4461536446582395 5.7053824857697695 0.007944483975203646 -0.028928967737680035 4.980402222922674
6.040530713843225 5.885890246543982 0.007195818435458927 -0.029124220110483805 4.9546112520003875
0.6631868369210404 5.016829222021045 0.007134277667087278 -0.029139356241497504 4.952498757390935
3.6611603411466818 2.5979572930589807 0.006514088820655289 -0.029284238880951195 4.9312687885367605
4.235315194058259 1.4609491667101322 0.005201647822432321 -0.029545606440406415 4.886657985165376
2.049583277896114 3.9557851457001916 0.00751844467476649 -0.029042606454526002 4.965704273571338
6.950200126774402 1.2977829874290236 0.006308768113798756 -0.029329156907185655 4.924262886070689
4.493536865229147 5.194049111786654 0.006807107788744189 -0.029217516724602353 4.941286146639697
2.7068569382660814 1.9272086024299988 0.007645577367388556 -0.029009397558709762 4.970084225359065
5.544742145359449 5.533343731228136 0.006907886960757486 -0.029193853766459076 4.944736812877009
6.124805108663186 3.09452301306691 0.008718695347114974 -0.02870512761588416 5.007267043235776
5.034554547670136 5.3378600890584815 0.008420051667058262 -0.02879414402138166 4.996879398795587
6.67263278873629 4.156442313723785 0.007652536479200276 -0.02900756255590099 4.970324124580416
0.004884358446830994 0.018282930707554622 0.006341537609683343 -0.029322088956023777 4.92538032158267
4.188225539839783 2.7181199076543967 0.008694279761099872 -0.028712532097252046 5.006416587655891
6.818356190855091 1.0962875565613424 0.00547147087816386 -0.029496830447175246 4.895797891699787
2.9203601770918994 3.093837805981096 0.006155866511357903 -0.029361629850782164 4.919052485427967
6.75334284944144 4.694487297166975 0.006541438769046672 -0.02927814165603434 4.932202833435625
5.834266072057108 0.8092695221355632 0.005654822016308131 -0.02946222985389729 4.902017480212753
4.407908489541494 1.7053908856173545 0.005809246815786939 -0.029432170348672373 4.907261593237015
0.48148133068224286 5.607176646698675 0.006791457793454343 -0.02922115844794193 4.940750542611388
2.425705774103994 5.515156884648958 0.007198046489266718 -0.02912366952735103 4.954687754473543
4.05494099675533 1.996106248048803 0.007412096485670691 -0.029069929922294412 4.9620442003064245
2.5620520007210636 0.7953872270153397 0.007192409589671773 -0.02912506213374312 4.954494208642876
5.80218746739966 1.6792914844718698 0.004777960121638778 -0.02961707441791018 4.872335427369345
3.674454126806568 4.428948616199439 0.0072311641788243095 -0.029115464355199423 4.955825054559589
6.2596964333452165 4.046703513295914 0.009504971979384816 -0.028454446184579124 5.034776941993984
5.278267096720067 5.287291559468577 0.008748957683545895 -0.02869591851555763 5.008321460730462
4.358472573569027 5.800098574781538 0.007062001948322814 -0.02915695677676058 4.950019160380738
4.398663220682478 1.812923736190612 0.0069603696646206685 -0.029181385404600454 4.946534927641686
3.9328939614355924 2.527434323186162 0.008130529012496732 -0.02887723148047522 4.986839054869592
6.220868914157669 6.877626602846412 0.006347203581883433 -0.029320862993611325 4.925573557836784
0.7656972909569344 2.725952043447391 0.006783100654652125 -0.029223099519196417 4.940464555962367
2.2012871106367045 0.6267201963808592 0.008243059992668519 -0.028845310918020412 4.99073808055121
4.3243790298543505 0.3712337807124032 0.0063601858499724145 -0.029318049661493695 4.9260163446242275
6.88645362427121 4.533684118551409 0.006431391489225451 -0.029302511897656803 4.928445717606633
0.8091355812787304 5.231825519620194 0.008077095415966599 -0.02889222264972654 4.984989164400771
1.363415593174508 1.6558444457398458 0.00661587164045994 -0.029261412174345892 4.934745826213362
3.3287534317885195 6.781091514953503 0.006960525541275843 -0.029181348224323812 4.94654026929193
1.3846605849823288 6.463458646068503 0.007705352074876146 -0.02899357772683809 4.972145315709433
3.78684605990585 6.506104378477593 0.00547731633040504 -0.029495745554514775 4.895996067559132
4.977497912748823 5.49439332823757 0.006885194640071979 -0.02919921394093211 4.943959586386464
0.7249822731341794 0.8579160278134168 0.007818410825880565 -0.028963294911970108 4.976046789424162
6.490412500045887 0.3802990306001138 0.005763868624537382 -0.029441090646901542 4.905720038327509
4.573790304534021 3.354456111756719 0.006671061163776902 -0.02924887934518428 4.936632315086213
3.399650273715924 0.902854101682475 0.007700462949742655 -0.02899487662259732 4.971976691621181
3.805597361072716 1.494984345141615 0.007269759178900853 -0.02910585167076866 4.957150857446145
0.2486622314689578 2.9211647724882965 0.008382755003346936 -0.028805024189433724 4.995584357229633
4.022683580220219 5.870637087828223 0.008541624040136583 -0.028758314602162636 5.0011041424525065
1.119241395606314 4.690502686018564 0.0088392425400046 -0.028668236627301877 5.011469237654392
6.169683400287674 2.121112211870349 0.005658912621657003 -0.029461444430652937 4.902156324417293
5.105935542389486 4.827699568700852 0.007615291095856476 -0.029017362759654247 4.969040352890026
1.0442257490209397 1.5623971999919999 0.006605409355078177 -0.029263775683459673 4.934388295186013
0.4097377427800792 4.527628285756526 0.008562222920574448 -0.028752188415117022 5.001820494370026
4.000173487072607 6.573126181105846 0.008284260337679795 -0.028833505348076313 4.992166693018357
4.443811469077794 6.420754267506325 0.008708457623224876 -0.028708235156910924 5.0069104111457134
0.7787686282856789 0.47088471576893215 0.007125064633228932 -0.02914161035310695 4.952182598125915
5.936908549207791 3.652180788645541 0.008211828490103743 -0.028854217592045713 4.989655524061714
3.4484149025200117 3.0198589020711357 0.008224564155066548 -0.02885059001925601 4.990096931468938
4.402263329627848 2.7600667565486576 0.008732499225718162 -0.028700931296263395 5.007747963842371
0.4221301733655453 6.061161221155694 0.00583722616194612 -0.029426634036775114 4.908212320807642
2.9363649866166117 5.10210611525245 0.0078608103332136 -0.028951816193552384 4.977510984137727
6.885150843386076 0.9715755601700933 0.007791421150100183 -0.028970567071801883 4.97511504854228
3.224682561585881 1.6595669294431417 0.006378251184347634 -0.029314124783615284 4.9266325705777945
6.746589758178304 5.210859335295055 0.006976282703584911 -0.02917758522632848 4.947080277855982
1.8186870413763836 5.082854296894443 0.007683754058779434 -0.02899930901873682 4.971400465217927
1.5387445126574517 6.158491893677961 0.006978115710561816 -0.02917714689838625 4.947143100763725
1.8879681749294974 2.426629086675712 0.007880387213514065 -0.028946493697252593 4.978187234604842
1.544929236301005 2.0686856085297842 0.006185793762435977 -0.029355339472208596 4.920071858492743
2.7898723740573943 6.558398141745864 0.008094686527987848 -0.028887299112475225 4.985598069110995
3.418620156901094 1.88884062851918 0.007121102893685585 -0.029142578705007263 4.95204665252553
4.579147190448195 1.7873827365246766 0.007584905721544276 -0.02902532007050542 4.967993351957096
3.875007842132041 0.912856407899079 0.006753290605007042 -0.029230002839622227 4.93944459138024
0.030141691713785702 6.83018371591618 0.005551271973280451 -0.02948191614326774 4.898503986726609
3.8685033495032575 4.91342796208434 0.007374294596638716 -0.02907954227978812 4.960744037733134
3.1733049017565045 5.465395547646552 0.006403673084995701 -0.029308581866417584 4.927499876115434
0.9691307978295082 4.132537037805696 0.007180832871502709 -0.029127918553709706 4.954096745100923
2.0783259100897316 0.647915334119499 0.006150604046097315 -0.029362732670310702 4.9188732594637985
6.385143384091837 5.601690239853287 0.006947339050426039 -0.02918449040361036 4.946088412831527
2.329692668146292 5.869012167703612 0.007415579673437693 -0.0290690415753065 4.9621640231265784
3.1670352281209024 0.8127483763119666 0.006961280958199237 -0.02918116802701723 4.94656615634999
0.468365704988315 2.672411496419047 0.007804823518505668 -0.028966959278546662 4.975577697502658
1.2945851106110324 0.6913107066999276 0.006747496284438396 -0.029231340952674236 4.939246363964521
1.9263167531018532 5.708866871781845 0.007642350703042641 -0.029010247770946452 4.969972998745242
1.1267755203240168 0.297472525058618 0.007295528058512187 -0.029099403264456494 4.958036305949253
6.409874437559173 5.326786743772281 0.006571978451019718 -0.02927130163213335 4.933246043327582
1.2878147177012378 0.4345146064375908 0.00826278396350416 -0.028839667147393683 4.991421931728014
3.978821378424502 4.855304079049123 0.00833799065344793 -0.028818013669630577 4.994030661258118
0.8817924080022426 0.8868486384274277 0.0077720398340935665 -0.02897577258361307 4.9744461084366876
3.631972593911072 5.136346101930298 0.007626901078875629 -0.029014313363115208 4.969440478602049
1.3703878304188748 2.171835482137821 0.008352749981910906 -0.028813739218291112 4.994542855574644
4.0563929202132165 5.369905268455859 0.008029642287256469 -0.028905446627559703 4.983347121784134
2.950376177138926 0.10628732825693492 0.004306422366058149 -0.029689303232058414 4.856434007038965
3.944091605332684 0.7324085400049068 0.005782715435835483 -0.029437394622964682 4.9063602317892805
4.809905190918222 5.957523089770023 0.007874882618261143 -0.028947991704928486 4.977997075034441
3.1402916133359042 0.6627218313565164 0.0051155810528666365 -0.029560629737736505 4.8837457134898035
3.64709280298483 3.849892656653084 0.00824253538439344 -0.02884546082899391 4.9907198936468165
3.8615161936650253 4.237056271969894 0.007690618323010339 -0.028997489370802043 4.97163717704994
3.3603090037241112 0.9922200606528491 0.006704512902684046 -0.029241229569526364 4.937776157553958
3.3228496324137775 6.642263769946345 0.007138698258144549 -0.02913827357924906 4.952650465381201
4.21717594197377 2.2204530375721805 0.006023356446721297 -0.029389099630913174 4.91454156816418
5.98873955482045 3.8150191633473858 0.007815276989894362 -0.028964140684149903 4.975938590745906
0.4450574616004361 1.0745343735212376 0.007143415441888621 -0.02913711749340671 4.952812358202405
3.849425482022325 0.583193261577622 0.00772219063707819 -0.028989097463781484 4.972726129260147
3.0337766581603924 4.14928715985945 0.00755040070890298 -0.02903431502782522 4.966804746189233
4.335250964715291 0.5768858622104912 0.005820113233982861 -0.02943002347847547 4.907630808767934
6.761913844818767 5.333017736732173 0.008890614165543485 -0.028652346845580337 5.013261669226875
0.8935999061189285 6.017749171188102 0.0073378221394421435 -0.029088767011510006 4.959490006015134
4.046368755985997 3.9109960917072866 0.006897407890941155 -0.029196331351489736 4.944377880303575
2.628880730582471 6.089802805766154 0.008452931511268946 -0.028784508834888888 4.998021483196861
2.6733601426106723 6.469203099000762 0.006988839819283569 -0.02917457999664085 4.947510668586364
0.07859080100395198 6.7754328442435705 0.006350836633340175 -0.029320076296910014 4.925697466201693
0.40022748929490065 4.48832376518162 0.007204134985259637 -0.029122164052730663 4.95489681649898
4.494779468711014 1.7316415463347914 0.005594550096038756 -0.029473734225966563 4.899972145069819
4.31212848414367 2.212494919653012 0.005573440080633428 -0.029477733387551844 4.899255962238159
4.04861983471286 5.845574910849968 0.007437142925982267 -0.029063532219923166 4.962905887804085
0.4629945804890523 5.621586749193661 0.008563565875439086 -0.028751788457364095 5.001867202613089
3.077502736678796 1.9998093104739676 0.006892682929330439 -0.029197447183541864 4.944216049309968
2.0608813317327743 3.0427233677649568 0.00820098108115896 -0.028857302529974503 4.989279605742665
5.1670064056068 1.783339377722896 0.005672766493086689 -0.029458780020817442 4.902626583018761
2.759520701147163 4.808532633554097 0.007707688874331337 -0.028992956596672042 4.972225913713132
0.05403633764269215 4.558718606311014 0.007389341682556406 -0.02907572233837767 4.961261517472267
0.9380174660563745 3.238925548994642 0.009688682908981392 -0.02839241841564772 5.041240281400586
2.485959733486957 5.8118559411214985 0.008252948498657809 -0.028842483268236487 4.991080908909684
0.1628532197957689 3.822598978379108 0.008796956442554679 -0.028681240512707876 5.009994556736781
3.342628514002354 5.80596131002142 0.008029525391273091 -0.028905479099833317 4.983343077704856
3.828064306319926 2.537504938517277 0.009271772028014545 -0.028531285345398078 5.0265924844689325
2.302141065947494 5.280581011260516 0.00738512928958447 -0.02907679255654106 4.961116643498298
3.4231739293236507 5.4958860339910345 0.006682374939920548 -0.029246296605934943 4.9370191427457115
1.2312466142849008 4.8292189071009775 0.00746578961274354 -0.029056186698502795 4.963891669737465
2.151599189217946 3.7666840461315774 0.007460390793436225 -0.029057573353761183 4.963705867982874
0.453375250196322 6.786220335955403 0.006207572401271283 -0.02935074181145981 4.920813813580189
6.643264369126069 0.9564482757604992 0.006350326373160069 -0.02932018681649808 4.925680063135847
3.9818778673182007 5.8852422065477 0.0074909199410895235 -0.029049718044004958 4.9647566533184095
4.423103378405346 5.652639171158245 0.006333295647768357 -0.02932387024657486 4.9250992463995615
2.344927063709127 5.047279160635853 0.006675351188096489 -0.02924790054885271 4.9367789906577455
6.999420185424457 5.653730844417839 0.00921391550511309 -0.02855002208518649 5.0245653233651355
6.711021660094745 1.5688659976459658 0.005449956475424013 -0.02950081311448862 4.895068560815115
2.7453075757707244 4.511264251110289 0.008565100080197808 -0.02875133145814634 5.001920563361535
1.0747767241992838 4.312189131771277 0.007626840857307055 -0.029014329193302258 4.969438403021235
0.1485704398201353 0.5257731225655293 0.006951840506561024 -0.029183418469592236 4.946242657045958
6.257901750724976 3.501268499180992 0.008809713904394407 -0.028677324507748625 5.010439388703021
2.269243250445887 5.035408886922857 0.008247990010241617 -0.02884390162219658 4.990908996996209
0.04720543325528297 2.8366687324100583 0.007152924343432698 -0.02913478459397165 4.95313872137639
1.129284808950779 0.3154566655546135 0.007708636894222156 -0.028992704551887478 4.9722586121379475
2.70991205753283 6.614886683842154 0.0061834376680457975 -0.029355835852610163 4.919991597984385
6.831981289591388 3.3197496333115417 0.007581976258327924 -0.029026085440826355 4.967892425435574
3.8074224561595096 5.160905128015831 0.008169639864439011 -0.028866191028353028 4.988193697329707
1.6587610737285445 3.5196248239266716 0.007318840162998072 -0.0290935487465604 4.958837506178258
6.6111347063473005 6.7840771916846965 0.006512218786036867 -0.029284654795349533 4.93120493093248
6.998033128619354 4.930142349756978 0.007993517476545526 -0.028915457429412407 4.982097580408059
3.5472819493248386 6.6118603643043175 0.006731568433696451 -0.02923501302244385 4.938701508701111
2.3877808172701083 5.756902835830014 0.006866383100102235 -0.0292036433193297 4.943315387105756
4.3323430082807795 4.983867152898206 0.0058977377721177015 -0.02941456593545681 4.910269096973598
3.1559343416272494 4.086129708891698 0.0060105204228393825 -0.0293917274797966 4.914104826311137
5.803598435978965 5.403193340880808 0.006320692754556595 -0.02932658935339218 4.924669483594505
4.1494658001147195 3.0530428511994385 0.008597255834964799 -0.02874173258709648 5.003039159211245
3.2506205022834904 5.838903805686063 0.005661572647933652 -0.029460933372046607 4.902246613586673
0.9258948446341065 6.435164005927619 0.008000397522902807 -0.02891355459772338 4.982335524861323
6.732409839292999 1.4443395468299125 0.005941673975684159 -0.02940572240851562 4.911763009928876
3.6133746907844095 4.640867591946035 0.008648192121987973 -0.028726447274614122 5.004811836675794
6.870225085486357 6.037511975478219 0.008316897664930807 -0.02882410819489596 4.993298801052652
4.822004305604381 4.805491233117213 0.008795935696406585 -0.02868155357062585 5.009958967600502
4.214783292833847 3.8241785378029287 0.008418527549178866 -0.02879458966374962 4.996826467682798
3.2635583464520215 2.832817808601707 0.006974868570222033 -0.029177923305611194 4.947031811707776
4.971549686503918 5.150200678656042 0.00861441356232439 -0.028736594770035675 5.003636174734796
1.2890562935160073 6.827074440401631 0.007880170561413333 -0.028946552677703 4.9781797500410025
0.5217611005375393 6.2016667231174525 0.007903173293584023 -0.02894028078460159 4.978974498331213
4.412066475187495 0.4312192184625945 0.00586461425760359 -0.02942118793674913 4.909143131592528
3.1530806562353457 6.387294810015962 0.005508972203769129 -0.02948984952925496 4.897069409966884
3.1481560243503712 2.9471964712223033 0.0059745487376705346 -0.029399060654742005 4.912881108044337
4.856215831296683 4.643217938101682 0.006836841533674878 -0.02921057339121261 4.942303935936078
5.701386740581678 3.8406300462783496 0.01020798689756923 -0.028209874219837543 5.059588987596178
4.605533721920217 3.6774254351629097 0.008754605992130241 -0.028694195822893474 5.008518299807408
0.32039332287470146 3.099470388899024 0.009689171586661282 -0.028392251653650783 5.041257493006439
6.49813296671966 0.9396199055164505 0.0064111838891429025 -0.029306939811921583 4.927756149672029
6.706211800441098 5.393006658357282 0.007809187471500457 -0.02896578310757298 4.975728353342751
3.4790395539744092 4.667149105276469 0.00801997270185879 -0.02890813099910542 4.9830126126357825
1.500554801133863 2.944491546154947 0.008404020324062246 -0.028798827100990566 4.996322687020884
5.633410685161076 4.435843397856952 0.007502066323369421 -0.029046841495759333 4.965140372500111
3.256705928130585 5.854974681090241 0.00808770238396828 -0.028889255271611864 4.985356305161586
2.680235493034962 3.677121663492128 0.00631334941173056 -0.029328171085245006 4.924419091546775
0.1459480017810098 5.513057199557324 0.009233185635575696 -0.028543795876144407 5.025240357210093
3.4455225481637313 0.7499822975278988 0.006632751073231488 -0.02925759069370796 4.935322713428665
6.3420500018508 6.1978607967419235 0.007343087658627116 -0.029087438244673903 4.959671025699983
0.5548696585388891 2.921284577964835 0.00694111824077651 -0.029185970560657384 4.945875263593943
3.845903135090776 0.36289298071307297 0.008030540145188197 -0.028905197196637852 4.983378183812587
3.966317599772534 6.530184647928911 0.006813628198779324 -0.029215996829969695 4.9415093202813765
6.891415158864615 4.549920157274703 0.006852142131109943 -0.029206988003131512 4.942827771464983
1.0757269094776032 2.645673156645453 0.007083867830811518 -0.02915165203818805 4.9507691656341
5.858885892961779 2.4032393054788743 0.00722142694085713 -0.029117880982960673 4.955490633178853
1.0657033461275458 5.658934036282986 0.007090648714606497 -0.029150003444357416 4.951001779398093
1.031230047231966 2.6803176851383896 0.0071684828395841525 -0.0291309603991799 4.953672774301775
3.8698855877793528 5.321657804253229 0.008528543831480474 -0.02876219637153109 5.000649340914439
0.9943739762932324 6.36386031637611 0.007048000718522191 -0.02916034440591727 4.949538986255816
6.8375917875129115 3.1053210171623897 0.0072639432037480784 -0.029107303707707487 4.956951040923725
4.510125700594971 5.407942225063196 0.00838678845340077 -0.02880385008011782 4.995724386004657
0.646128988894796 3.672504878101467 0.009840251050729054 -0.02834024451656382 5.046583509562522
1.3561544216025812 3.073800100065008 0.008400915943948047 -0.028799732833877458 4.996214893349837
3.855146409613012 4.405847589685404 0.00888319026133138 -0.02865464937459517 5.013002576806743
0.6734130336694465 0.4259242669439521 0.006188579172922555 -0.029354752389016487 4.92016674543283
6.13209060819245 4.894925953891036 0.008977549833933089 -0.028625226618827805 5.016297258773477
4.964344098441772 5.495302740516754 0.006307585660401572 -0.029329411230652015 4.924222569594015
5.69579805555058 4.659709900385335 0.007553572952977585 -0.029033489897772286 4.966914006185387
0.7855118486547351 5.52906893156721 0.007111010792863775 -0.02914504289761425 4.951700366283495
4.874347365573171 3.140517106106314 0.008599494683445555 -0.028741062805494714 5.003117055509236
5.0653303084154935 0.12286987062148481 0.007826807324470109 -0.028961027038170124 4.976336702132608
2.260387360438216 5.305145986817307 0.00778870541113064 -0.028971297313351782 4.975021308411672
6.9649101349130715 2.726077157801019 0.009271779377870213 -0.02853128295692468 5.026592742075833
6.15252363506067 0.7863652327955544 0.00810553163232004 -0.028884257943687236 4.985973516987334
6.42735699309533 4.795228044902027 0.007770713233438943 -0.028976128379127133 4.974400325619132
3.1210473763982 5.139319005253535 0.0069947713375258435 -0.02917315844977583 4.947713984717538
4.924183537913195 6.36172618287557 0.007258391618352179 -0.02910868858458991 4.9567603172012396
1.7879485625869531 0.8707975905264727 0.008533153363401142 -0.02876082915488835 5.000809608281067
3.430498394550795 2.800439716468454 0.007515574108298146 -0.029043349425000527 4.965605434999344
6.02342648751398 1.6253465521705368 0.0064628735179830905 -0.029295584409438784 4.929520224381175
6.262065469291512 3.8193474998156454 0.007662725122946761 -0.029004872757696427 4.9706753818095475
5.833923597424282 4.2363999722186385 0.008505466056919991 -0.02876902930504576 4.999847071432039
3.8858936687619163 3.985842097925773 0.008274142523611076 -0.028836410412861217 4.991815805945559
3.5827833937690334 4.98449313920221 0.006907821980293512 -0.029193869142143076 4.944734587050731
3.7951136649643002 1.7199390074215282 0.006808464860329556 -0.029217200520338316 4.941332594082214
4.173543553420296 3.953448022211677 0.009128678624056254 -0.028577390128888578 5.021581228182045
2.8401876690803607 3.5538796456338737 0.006664871182259061 -0.02925029046221409 4.936420688783989
3.038944925484933 0.22228746194223406 0.006887030031635344 -0.02919878109345239 4.944022444419918
5.0672852930215 4.500779314757888 0.007906179243714303 -0.028939459735217263 4.9790783671495795
2.650898482560681 3.930696690012851 0.007112884536545174 -0.029144585664747 4.951764657092236
3.7371438578003966 5.903291637801303 0.008651290979673086 -0.02872551417094265 5.0049197131556955
2.5941675209637944 5.742997850047166 0.0077541599477669865 -0.028980562511870714 4.973829096138381
3.327558770174258 4.57103077218858 0.007829424078336348 -0.028960319725472073 4.976427057554596
4.753300184885266 2.1294611010345563 0.004492053758672202 -0.029661784387140278 4.862689352804545
6.791014791593216 5.990261202271129 0.006828780991488591 -0.029212458817605272 4.942027998798603
3.2063995402776984 6.407834306114151 0.0058337565630804415 -0.029427322072569158 4.908094415433355
1.7456334072413748 0.18367951991930676 0.00584973503324237 -0.02942414994593483 4.908637425462544
4.359038907959803 5.03553041414405 0.006034587648057401 -0.029386795536735764 4.9149237384796605
4.89005398430012 3.076949166817636 0.009277030375355778 -0.028529576011828955 5.026776791091765
3.7267584431455734 4.926981817930635 0.007080738609908648 -0.02915241226276393 4.950661824201307
4.582525700623804 1.3901570433794541 0.007794042303347134 -0.028969862004739257 4.975205526065037
3.7030176844123353 5.413835181900767 0.007677152895988037 -0.029001057280927233 4.971172840353326
2.8951978919808403 2.0615480550994993 0.00642114925343002 -0.0293047580141037 4.928096196610122
3.402164361737899 4.2330165524186025 0.006228246815988566 -0.02934636164159244 4.921518257671842
3.90690218588349 2.290260499542487 0.0061009165685500175 -0.02937309682385553 4.917181363184385
1.3388905938586446 5.336475814183385 0.00972782218946556 -0.028379032320538018 5.0426191179029365
6.357743574327758 5.038915544424089 0.007496316560804654 -0.029048325907360062 4.964942429614222
4.433055026543301 0.031017142111017925 0.005466884859650413 -0.0294976807551259 4.895642418981707
5.875087351545792 5.385726918690096 0.007644187571923999 -0.029009763810917914 4.97003631720488
2.3486156894908037 5.959443335205661 0.006964295009466516 -0.029180448848863165 4.946669445169798
2.0416643338138125 6.817600119648003 0.007136536839287885 -0.02913880302863326 4.952576288055176
4.757361473644508 1.6582294864936822 0.0059518784858608445 -0.029403658658227323 4.912110046741343
6.784442208960882 5.74553020484696 0.007969440371031396 -0.028922102623643652 4.981265003649938
6.176141162113503 0.06186620715042576 0.00746937328482457 -0.02905526566273227 4.96401500763149
6.474708303672949 4.760916484556234 0.006673736973215327 -0.029248268919926504 4.936723800210391
3.5563449464169463 6.971852898247193 0.006256051742680407 -0.029340446768802028 4.922465827504467
4.079521425716406 6.323894304131239 0.008265676832811037 -0.028838838161332557 4.99152224186223
3.4980933530302982 4.410269469190995 0.008128285508223232 -0.028877863056272154 4.986761364605543
4.434659612803971 0.3750085707062529 0.007319106009681664 -0.029093481868264614 4.958846643839376
0.012515522039941803 3.2273018782652376 0.007275236716652674 -0.029104483000332932 4.957339055564798
2.5410085104506495 1.193132586241654 0.005239151607842502 -0.029538979170412122 4.887927479737798
0.9450888929798243 3.785413679203911 0.006795773343427473 -0.029220155110210495 4.940898230940158
3.903474296596322 0.24340274171684173 0.00605400992562038 -0.02938280047613722 4.915584701908833
6.147008668366229 3.394435287580436 0.008136215914681135 -0.028875629700314577 4.987035994105147
6.664675045271806 2.686116071358546 0.007820400391118008 -0.028962757771362195 4.97611548270273
4.276468857899825 4.106704558156901 0.007884469427215149 -0.028945382047078073 4.9783282635019654
2.2706073534644586 3.6950624730539094 0.008049302182508046 -0.028899978103359716 4.984027331109991
2.913326779210507 2.913546617849671 0.00565967656059347 -0.029461297684071366 4.90218225460686
4.2557446709169255 4.622119020073262 0.007372088549884283 -0.02908010162314886 4.960668175963518