300

3.9528298015138374 1.461777613897372 0.007541849990225702 -0.029036537306037932 4.966510253572995
1.7827745767332086 4.953876141344826 0.008352814882727872 -0.028813720404260185 4.994545108001435
0.3545089203213083 1.0923939736169663 0.009171830382672988 -0.028563569934997212 5.023091589588832
1.73578672629874 0.7523858374988189 0.007772349273071353 -0.028975689582430773 4.974456787683292
5.439887729915744 3.603434532244745 0.008480462869845403 -0.02877640960080276 4.998978082126316
4.204279650435331 0.4390325916055298 0.00856355229516299 -0.02875179250217295 5.001866730285075
5.1886296348636485 1.4372967339718683 0.008617026952119673 -0.02873581122060839 5.003727118893073
4.930377847402261 1.6199754445505068 0.008166647783271044 -0.028867037672473325 4.988090045369384
1.6153309201897943 4.462644768116061 0.010604451844144358 -0.028063242882554098 5.073679495013431
5.624657492818226 2.6432324477642917 0.008349574743988992 -0.02881465949121282 4.9944326585887895
5.47732974778654 1.0882953024183823 0.00868624767477518 -0.028714963021610578 5.006136858015735
6.466491216610313 4.565690949654507 0.009432753743794858 -0.02847846830166475 5.032239984330472
1.3925510417437608 5.8222958329579315 0.008012944649773384 -0.028910079869133326 4.982769504039192
4.2725972474827385 2.8611112051250824 0.007603326973512605 -0.029020499977323887 4.968628066096192
1.9860749864371885 3.4567748074054965 0.008595614772887701 -0.028742223412187767 5.002982062859816
1.9008842449066357 3.131033406980909 0.007600876160014337 -0.029021141976154654 4.968543615918206
5.5985816850203225 0.6552041632337758 0.009423418020950895 -0.028481558819741903 5.0319121852323265
0.15732497670687012 0.44707416004622624 0.007857442602850465 -0.028952730367668444 4.97739466407102
6.2807681980065855 2.049928245456691 0.00598226660024213 -0.029397491156961462 4.91314363577052
4.370416904404487 1.2662664914734265 0.006647721805017313 -0.02925419277305558 4.935834430234141
5.85181967206456 5.502902689435388 0.008839240588419417 -0.028668237229031692 5.011469169579568
6.156671491251859 5.518073973970956 0.009679410531120746 -0.028395580849315774 5.040913720229272
1.0878788948604698 2.8112735945992484 0.009598343074800444 -0.028423085867273986 5.038060172055909
0.8073487292228249 5.670613926458111 0.007907162251294193 -0.028939191162361606 4.979112335031157
5.777799573082219 5.241840900419527 0.009849865489701763 -0.028336904379885643 5.046922779941067
3.405684339143575 0.9334351861354542 0.006513778456387745 -0.02928430791774152 4.9312581902110555
2.0325469766370756 3.2761940269695247 0.00840844412668543 -0.02879753578638994 4.99647630097818
3.6682344579024395 0.7318065450558189 0.008458667163921746 -0.028782823867890238 4.998220750814954
4.841652317842808 2.3251282757144676 0.007015390938592297 -0.02916820683516073 4.94842084511092
5.050417971757909 2.1652142889631443 0.008006298581222943 -0.028911921123099163 4.982539623771919
1.3364410387798704 0.5478380095817562 0.009538196884887606 -0.02844332610974181 5.035944822576532
3.076134722784502 3.5692498406346598 0.007541604535128297 -0.029036601058590385 4.966501800263795
5.236680124312946 1.1498825103432349 0.0077196520406125155 -0.02898977358262508 4.972638559550071
5.713749368457349 2.469128371661477 0.006638173402456128 -0.029256360913123218 4.935508048004786
1.2363586922706966 2.7774322919545043 0.009645657752492693 -0.028407064025023382 5.039725297586976
5.710169493262304 1.0780854890800349 0.007720144355755791 -0.02898964248013921 4.972655541961302
0.3112209205658022 1.2596684153566302 0.009116157159826391 -0.028581386926413245 5.021143099003129
1.974945607588306 0.40250679419041213 0.007748490270523569 -0.028982078920043012 4.973633464017923
4.956050723320999 4.979554491810586 0.008803805066483072 -0.028679139044806887 5.01023334957423
5.476494886729267 3.8291938631328466 0.00880696326613549 -0.028678169363279448 5.010343473279017
3.3294247578750533 6.333018684377002 0.008527332510546262 -0.028762555523711392 5.000607226141437
1.222010388629864 3.672573531435916 0.008299039026474714 -0.0288292551280301 4.9926792834094265
5.761338936464435 0.5670112231299498 0.007125636110936687 -0.029141470622027897 4.952202208541088
3.8996460026598823 4.280942005675506 0.006311697291891002 -0.029328526681296756 4.9243627597073765
6.795795751524111 0.9014884831115425 0.008028979781543284 -0.028905630656804033 4.983324202103537
0.4122922364623057 5.473718773027953 0.009907024694753117 -0.028316971266319282 5.048940618438608
6.305733359785184 0.7114166183898759 0.007633355838810266 -0.02901261585307504 4.969662953235645
0.9807268079330262 6.540989784041087 0.008891426313559268 -0.02865209482935839 5.013290014255357
1.2819336960288532 2.394058078684173 0.008030402123922364 -0.028905235541820156 4.983373408852106
5.496715674364107 5.102957495781501 0.009480649972867416 -0.02846255919786499 5.0339222939016075
1.0868612604141168 3.4695718343325908 0.010546542401323812 -0.02808505729702325 5.071616763920868
4.180245474484329 5.465289078081505 0.006618745853840363 -0.029260762179448965 4.934844052685972
1.0445194410133856 0.07365672638926495 0.008934010276340049 -0.028638845304625155 5.014776600261412
0.07264640786725923 3.1763907132421108 0.008118287658904079 -0.028880675294862577 4.9864151699300985
5.684139275239799 4.083643683141675 0.009363147084378414 -0.0285014293795293 5.029796784969845
1.768191038628658 0.9859036784926385 0.0075408385886603325 -0.029036799985187267 4.966475421699628
3.708824170893314 0.892545850400621 0.0066181522446964154 -0.029260896446725956 4.9348237658671135
5.320477695037172 4.370868772786369 0.0102134250578651 -0.02820790578166648 5.0597817693851415
3.825456126849709 3.1679172414712875 0.008562080651678492 -0.028752230781526375 5.001815546266979
0.06073937123034057 4.052270524499063 0.009574234899621446 -0.02843121569836349 5.03721210346408
4.982870423196414 6.813714476762378 0.0073665038390835 -0.029081516830948964 4.9604761348569575
0.5681330054731908 6.4308536464109265 0.00875312695450975 -0.028694647035958375 5.008466755376593
6.5407590370739905 0.6592237930523915 0.008772992029937655 -0.028688579798286467 5.009159120575633
5.625471650784565 1.1733722686598467 0.007442917517616421 -0.02906205393336745 4.9631045814258545
5.6579030488798265 4.186492393599002 0.009312077829570303 -0.028518155734479484 5.028005497255266
5.2110558746289275 4.904490914395596 0.008832426874903605 -0.028670337205890697 5.011231503626032
0.4803001354989441 2.2486540139153757 0.0097411112502601 -0.02837447359177005 5.043087425907457
2.0941380755752523 5.116823163856085 0.007834637797073657 -0.02895890969267774 4.976607091673682
3.504285156488169 3.010348343219412 0.008544610921212885 -0.02875742728766065 5.001208005533307
5.5570024271694916 2.7351899908328625 0.008498664670237747 -0.028771039237796964 4.999610666199206
1.1995273827518755 6.919413032942343 0.008357639016813412 -0.028812321497314965 4.9947125369594225
2.1399429763599715 0.6229919719513518 0.007961168494026966 -0.02892438065386556 4.980979009533117
2.669354899913769 4.039435521239252 0.006689340248812087 -0.029244704256251638 4.9372573096006445
4.585444126560357 2.151528178573522 0.006123472155463917 -0.029368402897693602 4.9179493240267975
2.655118004292988 1.8377641524854382 0.008789411530419794 -0.028683553562083682 5.009731506473529
5.081003986100867 1.8870261894702358 0.007248923681505603 -0.02911104782483288 4.956435068845716
6.235027852133601 0.8651002567546273 0.009430882376133702 -0.028479088075420017 5.032174273377281
2.0056786314922497 3.234782030871706 0.009536008261227911 -0.028444059950045685 5.035867876743362
0.7802603047612233 2.760181996384891 0.008477179254629196 -0.02877737708487145 4.99886397616034
5.869705701732208 5.736018537104678 0.007441069674678591 -0.029062527111326338 4.963040999275102
4.63509459918412 3.2677149095155804 0.008774657272308552 -0.028688070512906973 5.00921716657035
5.060456421990623 3.8662274945378217 0.007444664145136008 -0.029061606558587333 4.963164681822295
1.53685529388326 5.300125096505561 0.01011016457425946 -0.02824508049698901 5.0561234910459
5.305357604586489 1.2479881377982383 0.007170034041555218 -0.02913057863899959 4.953726023906791
2.4486560947160263 0.08173017667045929 0.006974082798231535 -0.029178111130150473 4.94700488143405
0.43673878339226063 4.495285567571219 0.007912735771905006 -0.028937667711894384 4.979304934308382
6.381978026253118 0.2026669646424837 0.007234340225417995 -0.029114675363172075 4.9559341405623325
2.338974506121132 3.9435032469266442 0.0068216162102878435 -0.02921413274905723 4.941782741254984
1.7303152646106688 6.915961081788971 0.008551267247764763 -0.028755448674247903 5.001439478100479
5.2600668266461215 1.9443281573352469 0.006241811151646757 -0.02934347957463767 4.921980495603844
5.7140989058050105 1.7944315786457046 0.009706136741141557 -0.028386456446028305 5.041855081593542
2.041657517288934 2.8425335136242995 0.009638075982576046 -0.028409637297123147 5.039458412333337
0.22441302042580466 6.031174985594577 0.009735746014674024 -0.028376314939360235 5.0428983453428
4.721414985452537 5.394387966778473 0.0077551854588447065 -0.028980288102414088 4.973864482474736
5.7245799888211675 5.149035432733248 0.008677744962249108 -0.028717533709741862 5.005840763889662
1.6871870672926672 1.4337654783816172 0.009338902569184277 -0.028509382645074643 5.028946261608692
4.203432156537836 0.4747398675685989 0.008050661401069975 -0.02889959949558682 4.984074363237842
1.1775285049090725 3.352043507435588 0.009721758616531958 -0.028381110080507536 5.042405461888204
4.408084923400766 4.011189086904236 0.006499356043465892 -0.029287512202648133 4.930765720876801
1.0238869117885534 0.586376431566817 0.008728734910426547 -0.02870207635108479 5.0076168099032135
3.110918435966998 0.4625206591504939 0.0066120768706002 -0.029262269895844954 4.9346161429904285
2.840787072176529 1.5410758507060893 0.007053008762692134 -0.0291591335158195 4.949710731420077
3.201079891730366 4.813081846504337 0.007695808094522844 -0.028996112459643217 4.971816154431405
2.8802303077014795 4.461041192463328 0.006970735105850339 -0.029178911084618384 4.946890150001551
4.0664455776932 1.9347216213171865 0.006877730483465041 -0.029200972987159447 4.943703965404446
4.619861470986426 4.2457832354772505 0.008006622318708495 -0.028911831471658083 4.982550821159533
5.85746887359293 4.1659308867328795 0.009157548411812612 -0.028568151971825342 5.022591623192365
5.116112999526335 3.279510017335682 0.0078431539824979 -0.02895660435214784 4.97690118162534
1.316854968315078 2.2084296105227503 0.008621363829107343 -0.028734510361691556 5.003878044687815
5.146095636056238 0.28918873256327193 0.0066921668354365605 -0.029244057568105743 4.937353963608494
4.457269547202801 0.8429706645464 0.00764706524504977 -0.029009005380018667 4.97013551521144
2.318299416296337 6.530465223139983 0.009609490334666477 -0.028419319054262218 5.038452388385901
3.368888786960703 3.0277809198519945 0.006615718334789226 -0.029261446835635682 4.93474058704107
0.6550841179405564 0.9753438603489348 0.007031222518934449 -0.029164394557220436 4.948963648948759
3.600255594238691 1.242824747739978 0.0063385679118313455 -0.02932273106017074 4.925279044168957
4.411839871128983 3.180196436525631 0.007206529246479912 -0.02912157166465487 4.9549790317342985
1.7751166556826554 5.056699330632452 0.009849797423298211 -0.02833692803957387 5.046920377901161
2.598239117236399 3.075415991074982 0.009014914432573927 -0.028613481399042833 5.017602829588311
3.211991417474149 1.0870349857617316 0.008430625273920847 -0.02879104995464262 4.997246632315653
2.398293533056912 2.671467777833776 0.00851392928931035 -0.02876652582528212 5.00014126281718
0.6831139133272893 0.7014531266158619 0.009787519935502448 -0.028358498788055447 5.0447234648084365
2.5771785317449702 2.814109400292011 0.009148736330321573 -0.028570975194386592 5.022283180209134
5.267723743970162 0.23396670873422104 0.009146488441864036 -0.028571694895172875 5.022204503855619
2.16694233191592 3.2646562497851934 0.008948115194795334 -0.028634441402979608 5.015269148148253
4.9156895011231425 0.5133869580982519 0.008129878014481673 -0.028877414764304086 4.986816511297521
2.7180068641945616 4.568313372134658 0.0082424487107628 -0.028845485595677612 4.990716888890056
5.338431819078557 0.7466847933055387 0.007901810115561125 -0.02894065301436054 4.978927395496715
4.214420736785434 2.478957817820258 0.007060683410019469 -0.029157276103632793 4.949973938545931
5.178588036862476 3.097099315679143 0.008847613091714675 -0.02866565440696094 5.011761230801887
6.107751239422361 1.3391814333369478 0.007970619703862734 -0.028921777634446935 4.981305780057948
4.390204036290986 3.0313645530763966 0.006940063289788063 -0.029186221432959354 4.945839117924154
4.971684151508121 6.239234372607288 0.007894669721061417 -0.0289426016452453 4.978680678393281
5.177112579082966 6.623576254670191 0.007403952908420452 -0.029072005113680965 4.961764072815245
4.6051173402831385 3.359921649505053 0.008736297020183525 -0.02869977551088392 5.007880289546046
4.5885380988280975 2.0153415243897386 0.008583560053610035 -0.028745825728374374 5.002562681117656
5.503397272883353 4.60091589756231 0.00811530508904547 -0.0288815135218311 4.986311899264043
0.2946754757135201 6.198662437577098 0.009052458862456814 -0.028601625627637444 5.018915225088211
1.7242598434246674 3.4507360035866435 0.010154702691400008 -0.028229098697076273 5.0577007820678315
5.097219914052599 2.9511410355803798 0.006455757046280042 -0.029297153461717157 4.929277311285572
4.336038705037898 6.5322059876150504 0.009299021151960287 -0.028522415844654446 5.02754769408042
5.580854674773557 2.9440833706247407 0.008608451602684673 -0.028738381321922704 5.003428711938856
1.0539662769713847 0.7126136160756804 0.007693937706080346 -0.028996608811634423 4.971751650183256
2.1703077332279883 1.3933793787926516 0.006919858709355041 -0.029191018403655653 4.945146910492531
5.339230340216441 6.291533657033187 0.007853572427755626 -0.02895378041158005 4.977260994297552
3.8938261298385024 1.4626584533529314 0.00614220485905887 -0.0293644907919302 4.9185872188003374
3.9467555814502226 1.8436656954165846 0.006973956332335841 -0.029178141357438667 4.947000547163418
1.3653506579880244 2.1538733308882114 0.009566231842026394 -0.02843390948048826 5.036930628394183
1.6970998162906012 6.87000605799957 0.007722237812805409 -0.028989084896948337 4.97272775662152
5.752940945929681 4.105638700975672 0.010019714289615105 -0.028277293462325614 5.052922981191143
5.56705900482367 4.5841092589050945 0.009735845238302104 -0.028376280896125733 5.042901842050805
5.318845735944508 1.2193947760803112 0.00913146142147556 -0.028576501050830268 5.0216786072881625
1.7656837932161953 1.004141647851939 0.007551692878252575 -0.029033978967281583 4.96684925134895
4.256703332830564 4.3501942907931435 0.008888534125062868 -0.028652992184195928 5.013189074229099
3.3414187020410764 5.420236290963965 0.008111703978813226 -0.028882525141685683 4.986187215799697
6.424970151947992 4.158030620223384 0.007964414090368471 -0.028923487137569356 4.9810912209753715
4.053338577656194 0.1887378219103597 0.007629307355234997 -0.029013680726156704 4.969523413619733
1.3764889089701864 6.947213104758604 0.00745729154889443 -0.029058368893569848 4.963599210689917
2.3062921060847414 5.642943778969797 0.009948846519000533 -0.028302304728438123 5.0504179180298365
3.7553616819565288 1.1860183130987725 0.006406834915686436 -0.029307890854906996 4.927607758099486
1.4726161469462298 6.208119772261267 0.010058972277713895 -0.02826335218469641 5.054311645269554
4.623976193699898 1.1834303347518793 0.008355540537773931 -0.028812930123845726 4.994639705033157
5.1122019383335315 4.916200745501469 0.00975923763144979 -0.028368244232819455 5.043726323065297
3.582051387220862 0.6566480042241669 0.006696267361988568 -0.029243118907133804 4.937494183287146
4.697195730550528 0.8705058678345247 0.007720854430603878 -0.028989453372932447 4.972680036128988
2.576344281524932 0.22460617955009773 0.008563479009663698 -0.02875181432972621 5.001864181384116
3.4373932903565825 6.144898853054237 0.0080708225809953 -0.028893975546229293 4.9847720594469065
1.7082528840413187 2.1555040399918908 0.006741697196996192 -0.0292326789553064 4.93904798255208
0.9283436778498163 3.335716314650621 0.008884386464438525 -0.028654278513871215 5.013044322592297
5.2541668062978815 1.2602918901153224 0.009453243376146905 -0.028471673461026744 5.032959548174697
5.688498629466702 1.0250660935343336 0.0083726190349076 -0.028807971995548437 4.99523249327511
3.611915334902749 0.4203168638044364 0.006945963005981958 -0.029184817935350053 4.946041263242711
1.2756140139781091 1.028864213093284 0.007817962121761765 -0.02896341603234498 4.9760312972924154
0.9805920791743231 3.943332954397665 0.0089205526039828 -0.02864304001392966 5.014306724940975
4.042484837234399 6.8927676943190415 0.009267544823097017 -0.028532658708082 5.026444327695687
2.431234630385034 6.7140581758530695 0.010092143652620667 -0.028251524498597743 5.05548554400363
1.446424783519979 2.907810980284824 0.008346252578804253 -0.028815621941766296 4.994317366242528
0.5500684237056167 5.881402619453356 0.00805574817558759 -0.028898181972773256 4.984250382952622
3.5576746800929544 0.4142270331367973 0.0071962078378166984 -0.029124123896779205 4.954624622418531
1.3465941035111588 5.218511291401365 0.00902644722942523 -0.028609845340623594 5.018005909847787
2.4013166484931436 2.6899582179725248 0.007738743813833528 -0.02898468292363836 4.9732971865965805
3.9606822717756267 1.9842357514229174 0.006809017061840312 -0.029217071835684824 4.941351494001336
1.1019142856853767 5.6940286196804655 0.009828757981745448 -0.028344232509212083 5.046177999291309
5.079688307613249 0.5353031418784573 0.0088666027300434 -0.028659786391869477 5.012423751224565
2.9749533105202253 5.906834866350955 0.0068007504190485514 -0.02921899713778368 4.941068564540753
0.8862636843991496 2.159588715940214 0.008305947940114156 -0.028827265371798853 4.992918941076816
1.2881256574782294 0.309525092927638 0.00952756445125044 -0.02844688938403053 5.035571034802269
4.83337456453476 1.9907395370656846 0.006700324904944298 -0.029242189489984895 4.937632937550752
3.6612294346307337 1.1313696389754682 0.006284241673662821 -0.029334421872383977 4.923426713466933
5.650972849258714 0.3710329521323165 0.00825237366410277 -0.02884264774440833 4.991060978832559
4.446848862377348 6.4653231429945555 0.00815442029190937 -0.028870494102160717 4.9876664910260295
0.062455052552772505 0.7735416200912638 0.008833759849127938 -0.0286699265246344 5.011277997106786
5.468154259608126 5.440572636361337 0.009049221730568243 -0.028602649983367125 5.018802047118539
4.516885649484091 1.2113614796266932 0.007904243483596968 -0.02893998850988049 4.9790114777725965
2.169455550756671 1.8017840930663431 0.006734670236266799 -0.029234298637195694 4.938807608892113
0.9872690260924682 3.8152899017802215 0.009545789579839994 -0.028440778844775298 5.036211775705648
4.914583133346535 0.023403405299682798 0.00849142822396027 -0.02877317581910851 4.999359157121111
1.1574516867032942 1.4162212397352494 0.009215138085519315 -0.028549627494326636 5.024608146058972
6.096281379404804 0.18031514193746265 0.007719970123263757 -0.028989688878908564 4.97264953180258
5.530648318821704 6.210663231186076 0.009380256562322562 -0.028495802968595295 5.030397146661997
4.528934449317036 5.206064331061282 0.009561381204345675 -0.02843554095608496 5.036760039874979
6.232442991750433 0.5215088782649189 0.008867722283320579 -0.02865944000684416 5.012462815020341
2.553761590101273 2.199971173803681 0.008302674424387799 -0.02882820836268908 4.992805386699033
1.78481908136858 1.5733945908929186 0.008054171874833076 -0.028898621341002545 4.984195836657196
5.6617925609584585 2.7999814075341254 0.007257550373203122 -0.02910889834020551 4.956731417166269
4.435527804759687 1.7655069461469555 0.00886769090739135 -0.02865944971507598 5.01246172023538
4.41927504044555 5.32167998187621 0.009481126040567911 -0.028462400619112666 5.033939020051331
6.135191195376132 0.019500974240987345 0.007518853573999869 -0.029042500597103366 4.965718352885438
6.993416560919448 6.220947254548344 0.009783654812011182 -0.028359832483980055 5.044587172946578
5.931085109884662 6.06759486197784 0.007584446313588209 -0.029025440119252253 4.967977524155546
1.6106205500842383 5.479552533591088 0.009728239204256426 -0.028378889371939282 5.042633812408247
0.7734773291230665 3.3157279793294694 0.008833095409059293 -0.028670131243062974 5.011254821683026
1.0032514838411124 0.7740654140237986 0.009285146196628697 -0.028526935694308836 5.027061274701979
4.7751563376675685 0.04788287894676092 0.009642579062443963 -0.02840810921241534 5.039616921958767
2.8398991695104217 5.338772811059956 0.008144021097161669 -0.02887342931431917 4.987306307858001
6.931052243586429 6.817349310662322 0.007497235321331242 -0.029048088793181957 4.964974058434391
4.568783219019735 1.2406126314455534 0.00670971211024388 -0.029240036993780406 4.9379539651785755
3.9854588388689827 6.061415333939152 0.007715469374424281 -0.028990887056665252 4.972494281574109
1.4135507197794706 0.8862741546201898 0.007403975498177642 -0.02907199936059412 4.961764849843156
4.7030705022989965 3.1209945054887998 0.007626631637094294 -0.029014384189089252 4.969431192100966
0.6164624261436703 1.572872373318431 0.007874304697055608 -0.028948148913841242 4.977977110967775
1.8826679147350498 5.311454402089872 0.008389296072468572 -0.028803119820749682 4.995811445576459
5.086666614104222 2.7291272709818397 0.0074208090604486535 -0.029067707045592073 4.962343922660725
5.243326701380513 1.9061286150708758 0.007535713937892319 -0.02903813037105274 4.966298937604915
1.1797478580894467 6.928420548276961 0.00724548908620741 -0.029111902856076746 4.956317088040756
2.4375819366378586 5.046994311184637 0.00938563964018843 -0.02849403040190214 5.03058606028155
0.123738980165673 4.7782722030614115 0.008701695585579084 -0.028710285507739443 5.006674876076671
2.3972700803695526 1.0501281564316112 0.008768064842297533 -0.02869008607378629 5.008987377731733
2.3931740721139754 5.080858711740669 0.008428812599739375 -0.028791580681832574 4.997183673254532
5.153448526375198 0.6991070812924581 0.008678956309762224 -0.02871716764190435 5.005882945618979
2.281172606966294 1.7425601669092865 0.008524043149445432 -0.02876353052715178 5.000492865463593
1.1328802413193908 5.4862456731917995 0.008538466206542661 -0.02875925233450496 5.000994338308871
5.776616484040741 0.7806516589143697 0.0074873198181217085 -0.029050646153591177 4.964632725593931
2.0076219424940946 6.0745929861663965 0.011925290323221871 -0.02752793945624828 5.121190267634587
2.6862630074736558 5.4665294120810515 0.008517326739607353 -0.02876552007544396 5.000259369178248
5.166153735538735 6.791467177063915 0.009345260662696567 -0.028507299120510456 5.029169287336919
1.9576310553607008 2.803930840872323 0.008132122550712842 -0.028876782764362577 4.98689423850441
0.4390929066834665 0.2785430803358647 0.007924665222055694 -0.02893440307174732 4.979717203985972
6.220315197258402 0.865267471130547 0.00960570930237016 -0.028420597263223716 5.038319346941236
6.974953576508201 0.03587439013181347 0.00945973599702753 -0.028469516941222264 5.0331875947190925
2.099630177304787 0.9152082857530716 0.00757096007041803 -0.029028960773891575 4.967512917072531
6.1875716404522665 5.527790648079502 0.009526853152559495 -0.028447127605604878 5.035546030461618
6.4075490069072885 2.5184009388316975 0.007642159043203571 -0.029010298260417487 4.969966392125616
3.551207821640181 0.6852904318820208 0.007877959423710373 -0.028947154528871623 4.9781033639255305
1.2414664433423288 5.10207348523938 0.009950156113315917 -0.028301844344859255 5.050464190055354
0.41225712700288814 3.158646101468978 0.010467572924089197 -0.0281145854865206 5.068806446226699
0.7088960893593053 0.17222545000614192 0.00882319192153578 -0.028673180575508984 5.010909411307832
4.386181944099104 0.5117075149805967 0.009146421202632914 -0.028571716419984766 5.022202150505352
6.2178798309114995 1.743009220316129 0.005824213154990305 -0.029429212376909406 4.907770121517793
3.073879869528066 3.250626026260289 0.007336080511832242 -0.029089206292436293 4.959430133609463
4.7004357759852615 5.175143057444985 0.009548899826658602 -0.028439734740331866 5.0363211364205736
0.30059455350441616 4.002595772976652 0.009956849728023735 -0.028299490163138163 5.05070070796557
0.5562451992300033 6.200476815829458 0.008019056422351798 -0.028908385186570667 4.982980916519608
0.11711860465742405 6.6145862682108465 0.0077131490446447504 -0.028991504476572023 4.9724142459040745
5.186123019660748 6.367649691734968 0.007466409551224461 -0.029056027402475103 4.963913005647324
4.880515950988987 0.3655151832292003 0.009535542323776127 -0.028444216153578113 5.035851495953375
5.056131676292498 4.092690617687073 0.009352198102204053 -0.02850502395468439 5.029412653651395
5.496597017145038 6.342331039592251 0.008672158527695012 -0.028719221202367702 5.005646239162593
4.11567611062355 5.929055600071409 0.00783320190067567 -0.028959298126564652 4.976557508081518
4.31987726001279 2.599259710472343 0.00855726592816448 -0.028753664111460218 5.001648094790509
6.348143051537327 6.877889607997939 0.009244001697681723 -0.028540294893593117 5.025619309097764
3.939369654520933 6.309923784287653 0.00826546575248412 -0.02883889865952776 4.991514922562321
5.022141221205649 1.2811777839622833 0.009028864878291545 -0.028609082456617745 5.0180904150616366
3.889885391387768 1.124390648826616 0.008206539267187327 -0.028855722365869 4.989472220356825
4.632110845280167 6.954354488409301 0.008406211876892245 -0.028798187475617205 4.996398786549481
6.0227690757693395 4.505903378504918 0.008115965443208955 -0.028881327963316335 4.986334763588113
1.0698856183499563 1.3666312574433923 0.008677939906563915 -0.02871747480155707 5.005847552234257
4.482450794218936 1.7839262980639152 0.007871618851795171 -0.028948879367810817 4.977884330894661
3.041269818949577 2.5654619170436725 0.007844291525144797 -0.02895629621461525 4.976940466228102
5.639003922328358 0.4118836842421716 0.008165654047049983 -0.0288673187875822 4.988055620937144
6.239719430569787 5.4750527168293335 0.007795193583089961 -0.028969552240277256 4.975245266879046
5.01878696120729 0.306652631411675 0.007688423406506506 -0.028998071410393535 4.971561484480605
5.859844707904979 3.771100700887573 0.009339106722428658 -0.028509315769184775 5.028953422531339
5.000043776837353 0.7952648269121392 0.00835449194724966 -0.02881323418679931 4.9946033121711055
4.076248210374177 4.412763925410913 0.006330590704139963 -0.02932445432291378 4.925007003572633
4.710114493223483 6.6176267409000635 0.0077983841752307 -0.028968693519996917 4.975355404564288
5.172994247552487 4.6645372664059295 0.00830783390321985 -0.028826721905837835 4.992984364586761
2.6750233727777775 0.7285975511137273 0.008739718151507491 -0.028698733885525515 5.007999495823556
0.6405606833079186 0.41608912559577615 0.00756345782427099 -0.02903091637789744 4.9672544857263645
5.71023773009086 2.4073703293480415 0.008508754316223605 -0.028768056937967607 4.9999613719472285
0.1594775970269325 0.7637105845743513 0.009455869833099227 -0.028470801283059878 5.033051797658488
3.6432821911101216 1.340553317083156 0.007417879456633567 -0.029068454798403948 4.962243138442446
3.323401817905511 2.1969758897843454 0.007376267228544972 -0.029079041967937896 4.96081187404418
6.033616401607525 4.038089043010836 0.010018810999346206 -0.028277613515984325 5.052891037357546
1.073924271182531 1.1247005650470603 0.009566864959032275 -0.028433696468374285 5.036952894744077
0.44099661726552825 2.435496218168471 0.009819570951270683 -0.028347416572466724 5.045853894046775
0.7740418862281008 0.1430475908285417 0.010025196788214426 -0.02827535020751423 5.053116871281027
4.809422257591944 2.3417334816247344 0.007580088452317835 -0.029026578493770803 4.967827387730791
5.332549588847149 1.69322607301076 0.008180370145172648 -0.02886315201581366 4.988565441750975
4.794975816987687 6.792142060116103 0.009415389876353226 -0.028484213759137976 5.031630326699348
5.693513001214142 2.7457564438885878 0.00793137459151573 -0.028932564647626013 4.979949093428063
1.3242295910338162 5.6131687029452255 0.009761094478958194 -0.028367605372552188 5.043791778946213
3.800176784819121 3.564476205580137 0.00598091052863062 -0.029397767079295586 4.913097507165869
2.308958021683196 6.190015475993329 0.01039500345088149 -0.028141497885794245 5.066226478742146
5.16114251463063 2.6143939461561754 0.008466231090932568 -0.028780599908878317 4.998483554049057
0.42674873902003696 5.7713049501102445 0.008336901680799163 -0.02881832872261485 4.993992873549757
0.9447833672425837 5.063723622847377 0.010040114586949101 -0.02827005658078759 5.053644510897961
5.594300156868524 6.493642609826702 0.007720909912858497 -0.028989438596108124 4.972681950006702
3.5682078342263517 6.077192289080237 0.0074959179761302066 -0.02904842876465314 4.964928708204939
4.167589895812825 5.2839325290278465 0.006869390720174184 -0.029202936001943108 4.94341837619035
5.561756684052574 0.006253282105884748 0.007521709855535628 -0.02904176098051112 4.965816702471225