300

1.86152868183864 3.72558385117806 0.022920974690124492 0.01935533309593695 0.7012559335505322
5.1589686960300565 4.884707737766559 0.0235884000376309 0.018536110262530662 0.6660312877465723
4.221240493960806 3.9584631921921933 0.0232169580122262 0.018999285793379856 0.6858222019490368
2.687505735306213 1.1418858317836273 0.023444340582052678 0.01871798318924124 0.6737651351810238
4.385386465793384 6.260500770356481 0.023455741361500873 0.018703694746824148 0.6731558210228
6.677264639051775 2.4706926240032234 0.023671365800383377 0.01843004181070787 0.6615425531180161
5.282226166022719 5.380267915937252 0.023609854186756367 0.018508775899018896 0.6648730092930595
0.9381877429364128 0.9778566090793946 0.023748226171841597 0.01833089615079028 0.6573609264391591
5.084923325182355 1.4010047503588525 0.023701216053893963 0.01839163825129885 0.6599212122709252
2.6493491805162135 1.0439897700836274 0.023444340582052678 0.01871798318924124 0.6737651351810238
5.562277096816716 2.40929147255979 0.02390984045295872 0.018119589661856544 0.6484933781204413
6.0628846039650295 2.7923247820478263 0.023919824825367714 0.018106407162209803 0.6479421512098518
5.898628140616164 2.1029758214361176 0.023955659631751575 0.01805896928419969 0.6459604328826886
6.33855295422336 6.025433706952942 0.02354329799015211 0.018593362249655104 0.6684607338035025
2.7105364143262127 1.0744799632236273 0.023444340582052678 0.01871798318924124 0.6737651351810238
3.997282619276385 6.652190597266267 0.023391008770878626 0.018784586997873522 0.6766093015918384
4.47726315296528 4.473224596549367 0.02339388360307159 0.018781006628132004 0.6764562449296188
4.121337345536092 3.7397755304019324 0.023277539137934983 0.018925014443373748 0.6826273599189291
2.7042252076510866 3.0758784070952037 0.022944360907572604 0.01932760467681016 0.7000468105652864
4.734972066086218 6.661257884346174 0.023542980568131738 0.01859376416889736 0.6684778054113913
6.8978004504806565 6.887431082269238 0.023640196892816254 0.018470005166996584 0.6632319222493362
4.666819169902009 2.0740286477308554 0.02345126214839317 0.018709310613898675 0.6733952678698583
5.908812357362235 6.8688114739644845 0.023658327032091673 0.018446776467518664 0.6622497056521626
0.8681454578793899 1.6622511025579612 0.023757766287007667 0.01831852999156651 0.6568403117417536
5.231573889852105 1.1917107581578963 0.023854262154590185 0.018192695706246678 0.6515545049212158
5.473863888239435 3.5053098028528025 0.023631982144931504 0.01848051460056344 0.6636765572802419
3.703567679945639 4.533544169929176 0.022993299084686898 0.019269359024164157 0.6975109556069305
6.588904215084983 3.2629272170446337 0.02357919414090425 0.018547819377639697 0.6665277775537135
4.2218979729117425 2.284372300840788 0.02337413164905678 0.018805583470144237 0.6775072555238205
3.5795124636307682 0.9531515603022092 0.023381682822569763 0.01879619398667576 0.6771056163502391
3.9566362374302524 4.796891777205861 0.023268956196870187 0.018935566469164222 0.6830807571310633
4.242500178179564 0.4660119069559017 0.023451189391726746 0.018709401810676974 0.6733991566549987
6.851505091080146 0.47329201729498466 0.023712029795804664 0.018377694168825197 0.659333018747291
2.294662769876466 2.9884086703005255 0.022951271752094073 0.019319397634541522 0.6996891712124521
2.180722280339358 0.7867152933601446 0.023459090812679738 0.018699493529035625 0.6729767212548761
2.9591806101576967 3.4925905684160896 0.022998254699135738 0.01926344415709924 0.6972537402469057
0.6931829066452595 0.9240253549001105 0.023610954134379608 0.018507372716412843 0.6648135786032627
3.029143407520104 1.1753408919531214 0.02338238221754562 0.018795323935293217 0.6770684060956689
5.691790349855395 4.674775488864708 0.023584426806847768 0.018541165340734127 0.6662456093601902
1.2762731899484738 0.29343762707319476 0.023283821953567464 0.018917284034304968 0.682295307383671
3.5144963054009137 2.1067699591477123 0.023306467502356477 0.018889377241232738 0.6810973414529737
1.3990113993790465 6.601335863523376 0.02328545287474893 0.01891527648272281 0.6822090895248654
3.8070681082605935 6.756525709620215 0.023391008770878626 0.018784586997873522 0.6766093015918384
3.036427967718769 4.882728870186331 0.022847604369806308 0.01944188711418744 0.7050381752913116
0.613855269506021 3.377213864904203 0.023156742727460013 0.0190726313405945 0.6889854382181454
6.261479096522962 3.7013243800975055 0.023629709431302513 0.018483420467873716 0.6637995265269913
4.8394302823993725 2.235351352567462 0.02356785830864404 0.018562221169452702 0.6671387082743763
0.09767530137978475 6.20336407755876 0.02346361687228221 0.018693814037556742 0.6727346426651545
3.509751754439586 1.2269126551084373 0.023381620391059496 0.018796271648611345 0.6771089378408204
5.6103586288185 6.784772982959067 0.023628220263904137 0.018485324102120303 0.6638800901173911
5.350778063684986 5.868708175843803 0.023624593812484083 0.018489958550389957 0.6640762455568239
4.979374520123104 3.302749013392927 0.023545973019705086 0.018589974571131616 0.66831685056025
0.4743476161199273 2.6736494491450364 0.02352812094248991 0.018612563630934015 0.6692765741010452
1.1363200268028617 1.8543252023358994 0.023696539678059188 0.018397663093071535 0.6601754370394693
4.22229885711465 1.35753858079828 0.023413061645338604 0.01875709317542498 0.6754344542316986
1.179892062335118 1.8179252590950021 0.023696539678059188 0.018397663093071535 0.6601754370394693
3.0734302044671775 4.670904461682031 0.02288475507764783 0.01939814385543297 0.7031251646379052
3.4315483978195855 1.0826784448684377 0.023381620391059496 0.018796271648611345 0.6771089378408204
3.611852590416373 6.97915512962604 0.023407802638218043 0.01876365571124754 0.6757147795046301
0.26121369989370147 0.03838711931908627 0.023658025365457237 0.01844716335395179 0.662266058832977
5.7524295004187875 0.4977439659962637 0.02382137275451151 0.018235739636510956 0.6533602037294552
5.853344022453979 5.649643547032752 0.023614136361915037 0.01850331224080927 0.664641615964297
2.576166910288343 6.140002379779616 0.022606454567901335 0.01972176999839043 0.7173529983720901
3.383860245787095 1.6945831052371154 0.02336625674670227 0.018815367273778912 0.6779259000335298
2.830115137134376 5.049423818728829 0.02281642398656276 0.019478470075070156 0.7066404409859075
3.5778613310061504 5.801309671961786 0.023247259449289383 0.01896219734359458 0.684225771666355
1.7583125155344024 0.889661909966883 0.02344667465340061 0.018715059382689154 0.673640428708638
3.2249911170098047 1.6188328435500485 0.02336001819053271 0.01882311212679723 0.6782573988725789
0.17002694294402498 5.372782195758956 0.023304167890794064 0.0188922142407311 0.6812190733054116
3.9052858652845313 2.1212148982219015 0.023384221888538847 0.018793035057371142 0.6769705209503177
2.0282946234095025 6.14073188972881 0.02263149084138474 0.019693034867595157 0.7160825990791679
1.2808308808604985 6.804422520617417 0.02328545287474893 0.01891527648272281 0.6822090895248654
4.035435420695161 2.8258427612214647 0.02329412087250617 0.01890460083622694 0.6817507063560166
1.708327013190077 0.6569399956619288 0.02344667465340061 0.018715059382689154 0.673640428708638
3.7107448361692565 3.3829517505789486 0.023139043279309254 0.019094100557980023 0.6899129185656381
3.08131459148854 4.974454066463111 0.022847604369806308 0.01944188711418744 0.7050381752913116
0.991804177516908 1.7817642809880339 0.023696539678059188 0.018397663093071535 0.6601754370394693
2.2901647686490425 1.3857846552161328 0.023502750919738934 0.018644589006055097 0.6706384612574223
6.56020797521127 1.1159278442482548 0.0239232626985079 0.018101864596172967 0.6477522568590359
3.68710870454487 4.527377052879547 0.02304282354340877 0.019210108879111704 0.6949368851181562
4.799195697262667 6.817578159747077 0.023564352512069044 0.018566671502640027 0.6673275529348157
0.9145979739042752 3.964127018343925 0.023077634970841778 0.019168274939403925 0.6931227692319563
2.293654999749599 3.3040968286042345 0.0229110493831574 0.019367080734135508 0.7017685723954805
5.127401216328272 4.202568908096437 0.023532467631335905 0.018607067667424863 0.6690430044135116
3.897754814303333 0.358340497146183 0.02337764024524563 0.018801221677430213 0.67732066183872
1.657133663958582 1.4943703025504158 0.02360735579672998 0.018511962410468513 0.665007981751021
0.010641535617777365 0.5622268432704084 0.023741563258448468 0.01833952491328741 0.657724320865864
3.9808432371238243 5.6148723963721245 0.023368184620577732 0.01881297285222605 0.6778234307846968
6.0632457638480375 6.671886052788385 0.023661812558952337 0.018442305344641852 0.6620607322931594
0.3170404834957153 5.660874276965571 0.02338580780798308 0.01879106152318377 0.6768861278379333
4.5301173352473745 1.2459772905294513 0.02349377396675785 0.018655899463678804 0.6711197929062052
5.5368128263849865 5.9824087401338035 0.023624593812484083 0.018489958550389957 0.6640762455568239
2.7513998228061314 3.5109478448543934 0.022935540922825317 0.01933807029094178 0.7005030283657859
2.782003231490325 5.687368887674593 0.0226246075371814 0.019700942459398088 0.7164320587986653
6.135599254740657 2.7626999342482743 0.023836252818102806 0.018216285340087478 0.6525437847363079
4.384869833458179 2.377227586713541 0.023393330285683498 0.01878169582718566 0.676485705929594
6.135457969849557 5.605988124933685 0.023519660206294143 0.018623253845138438 0.6697310148316991
5.144508948773074 6.72625463364919 0.023564352512069044 0.018566671502640027 0.6673275529348157
4.002677509255745 0.7998155410192666 0.023399587026833285 0.01877390015350181 0.6761525070585058
1.1981996936305337 2.8176610747108697 0.02331818230190922 0.018874913884172492 0.680476924713887
2.97410451676386 1.0701799187428718 0.023385156076986376 0.018791872585109424 0.6769208101219063
6.760227691987101 5.56795714908513 0.023389497510587838 0.018786468699630732 0.6766897497060539
2.8632210748320905 0.24284297496333204 0.023435059144853786 0.018729602314977344 0.6742608380085288
2.7904803541299574 5.958561446282122 0.022624757601599304 0.01970077012375086 0.7164244416466147
5.999840256625133 1.808836493796163 0.02394263765997117 0.018076230300683 0.6466811689719479
0.8989397011403002 3.254625349325978 0.02324754968776589 0.018961841511700706 0.6842104653601038
0.260005171943637 1.8485070291103927 0.02388392643253884 0.01815373400061465 0.6499221976161311
2.853823831084623 0.19967896574458402 0.023435059144853786 0.018729602314977344 0.6742608380085288
0.2811786913555826 6.475781709502207 0.023461585782752554 0.01869636308372682 0.6728432856127967
1.8031819174491823 1.3312555993703175 0.02354318753037582 0.01859350211524329 0.6684666745988977
6.840676112417253 6.965392816532019 0.0236329957512236 0.018479218376940276 0.6636217080586602
0.13846353613072157 2.573552390384849 0.023632011268682338 0.018480477358468608 0.6636749813619944
6.857485038819383 0.9741377117591354 0.02392176187053184 0.01810384790616539 0.6478351624488711
4.4612935238436195 3.6776333592600334 0.023425491332265038 0.01874156759297299 0.6747715139444187
2.769280860047748 5.682504051984189 0.0226246075371814 0.019700942459398088 0.7164320587986653
2.028516533276231 4.650809312893942 0.02288220744389608 0.019401148999337814 0.7032564883585525
1.0586182197422247 3.95838447551178 0.022943000276487463 0.01932921980611468 0.7001172059535666
5.189011943210679 6.113370966452618 0.02362717342772218 0.01848666210586267 0.6639367187321369
2.0731278894559697 2.8294025787994257 0.02295683366219838 0.019312788203834145 0.6994012294382462
3.0908736412011493 4.52555458241577 0.022913061479904014 0.01936470019437788 0.7016646733907579
4.21330692566502 2.9819779005613585 0.02331262905407772 0.018881772337017814 0.6807710844162996
2.8965262130801963 0.1714528168965325 0.023435059144853786 0.018729602314977344 0.6742608380085288
4.880980213958419 3.9598530826572174 0.02353588637152805 0.018602743150044298 0.6688592496398421
6.5634585602183 6.9704072807652455 0.0236329957512236 0.018479218376940276 0.6636217080586602
3.7302751535091785 2.2947496098212152 0.023301108290540114 0.018895987733710103 0.6813810074587928
2.2041647637966415 6.536335063415204 0.022638935107027757 0.01968447655437619 0.7157045017700434
0.015522322236633634 1.5226061301185647 0.023975515354867222 0.0180326000196457 0.6448601359715023
3.965273022257229 1.1907591230062853 0.023427016995726625 0.018739660474030362 0.6746901044741626
6.816574989635554 0.2832810442041956 0.023707284099662163 0.018383815725194423 0.6595912070605472
2.852588895813329 0.34197998183114714 0.023435059144853786 0.018729602314977344 0.6742608380085288
1.0687836854553838 2.969912395324335 0.023151640911802173 0.019078823944126317 0.689252888861344
4.076665252124471 0.7075130184522688 0.023394576405717293 0.018780143630895255 0.6764193556096246
5.928942283494562 1.7836224494608108 0.02394263765997117 0.018076230300683 0.6466811689719479
3.004912794152612 5.115100139138867 0.022847604369806308 0.01944188711418744 0.7050381752913116
0.9618653149248549 5.335054265917941 0.0229965961603013 0.019265424081499356 0.6973398335535212
4.013502121353815 3.0341244953953255 0.023298187390561293 0.018899588998554727 0.6815355705175178
6.648316270399998 1.7435749292393237 0.023975515354867222 0.0180326000196457 0.6448601359715023
5.310371461390063 0.1509301431671485 0.023730893157882484 0.01835332966873222 0.6583059109540036
5.963121047195539 2.0310313081068174 0.023955659631751575 0.01805896928419969 0.6459604328826886
1.2443956197617816 2.2017847872032092 0.023577271962391854 0.01855026271542834 0.6666314043938208
1.561649039331013 4.3265144664519015 0.022901499367655963 0.019378372653895717 0.7022615342515413
5.961463250175267 2.6085434258058258 0.023919824825367714 0.018106407162209803 0.6479421512098518
2.555900436909975 2.7661542334794573 0.022987669165033062 0.019276074972851397 0.6978030742331852
3.6435364038682816 3.2873173513788894 0.023139043279309254 0.019094100557980023 0.6899129185656381
6.068228272193448 5.588034155408571 0.0235983913548224 0.01852338860642521 0.6654920836421262
0.9466875969039784 6.8047813734872475 0.02340659893430461 0.018765157242309753 0.67577892775864
2.016575226194431 0.7330215459774403 0.023440659600905245 0.018722592701719724 0.6739617657641801
6.09391048175803 3.831907796615873 0.02348356747515764 0.018668745502569747 0.6716666965059601
6.56790436250772 4.414429899896773 0.023282443966615513 0.01891897996566963 0.6823681468665197
2.561236180833267 5.910834783149051 0.022622639860887504 0.019703201915541133 0.7165319303387521
2.749407606395301 3.141980420006593 0.022961971379151652 0.0193066794240496 0.6991351606787041
1.0474656845884225 6.769027871939302 0.023266378447889542 0.018938733693665503 0.6832168784040946
0.2470431509636039 5.672279375998878 0.02337483716156822 0.01880470652975391 0.6774697385298617
0.22167954656391411 4.7579328918840735 0.02321237316306112 0.01900488705935396 0.6860634833030923
2.0415796141998364 3.5987623259055495 0.022909919479554855 0.019368417318932202 0.7018269118339293
5.308137703055996 5.636398313386381 0.023624612177514225 0.018489935085392983 0.6640752523127479
5.7582389161667376 6.305460378004742 0.02362853492852809 0.018484921885994758 0.6638630675298732
3.500357776024826 6.131500985387327 0.023344468244335514 0.018842393754223762 0.6790830851311345
5.702366965824829 5.217639675268359 0.023602382659824808 0.01851830264303943 0.6652765802537912
5.605818608360855 3.815215769458687 0.023597698325870425 0.018524271476125915 0.6655294964746965
1.0231340798630182 6.670404734332289 0.023266378447889542 0.018938733693665503 0.6832168784040946
5.05042004703032 3.298239655819736 0.023563686041798503 0.018567517338716834 0.6673634481726688
1.7425986580823032 2.683096266744826 0.023183894758109256 0.019039617218970403 0.6875605930787583
1.3219334485315832 2.4629227811035195 0.0233416015878423 0.018845944797606668 0.6792352094538211
5.58699668034165 1.1129338943288083 0.023854262154590185 0.018192695706246678 0.6515545049212158
3.754739965305694 1.337574060944378 0.023387306887299952 0.018789195740085637 0.6768063476860534
5.630310744365143 1.3294570797038214 0.02389602201186184 0.01813780946003718 0.6492556192498375
6.292197235189894 0.35686222001362605 0.023744632618898667 0.018335550763299513 0.6575569395919929
1.632659619245282 4.172521014634708 0.02290447822982263 0.019374851664453623 0.7021077993191225
4.677877522928625 3.817037606596195 0.023456013526383462 0.01870335342793147 0.673141269493296
1.573512005879584 3.963307106071433 0.022902804414867993 0.01937683023443987 0.7021941860188256
3.2213085847763803 0.030124982188404467 0.023435059144853786 0.018729602314977344 0.6742608380085288
6.655036195705365 0.5613111414262888 0.023718638088037 0.018369164576777036 0.6589733530568521
6.61276248230639 3.177937203501133 0.02354414321946569 0.01859229195288434 0.6684152738361275
1.3892824713132157 5.120633865655069 0.022935154243651293 0.019338528894926935 0.7005230238763608
0.789149035368141 1.5571210238517148 0.023747172618973016 0.01833226097906906 0.6574183984601614
6.974173915289345 6.156637168314464 0.023452294685803256 0.018708016302383435 0.6733400775345287
0.0361923365955195 1.7755321938144586 0.02385995403764989 0.01818523008711286 0.6512415743244805
4.513286700889608 5.653312128112545 0.02344419405224863 0.018718166716869197 0.6737729634328292
5.9232107346708 0.5048801421471393 0.02381680982413672 0.018241698654481296 0.65361038195275
6.046572498850258 6.209788797060478 0.02362853492852809 0.018484921885994758 0.6638630675298732
6.162943422926677 5.431107916666753 0.023493869101482552 0.018655779657854116 0.6711146934452888
6.387523300625529 1.6495596925792984 0.023972734354994578 0.01803629694657034 0.6450143408461196
5.815249757920166 2.188579543218891 0.023952549813335174 0.01806309379479875 0.6461326167583392
5.711382166006071 0.5969212096751579 0.02381680982413672 0.018241698654481296 0.65361038195275
6.528187086329772 0.11031038511989968 0.023727608344884694 0.01835757615350562 0.6584848666575173
1.8994042389376753 4.583628021141992 0.022874956657943226 0.01940969752204343 0.7036301357544937
1.3818269806882941 5.812162617009228 0.0230553517611774 0.019195071116522962 0.6942844618082974
6.616830896224524 4.418351221792751 0.023282443966615513 0.01891897996566963 0.6823681468665197
0.5474583350588638 1.2133856654834367 0.023742400511263317 0.01833844099051943 0.6576786665993816
0.8110714281646416 1.071043338615067 0.023742400511263317 0.01833844099051943 0.6576786665993816
0.40061358317377727 3.407190751132859 0.023288960903974948 0.018910957141644796 0.6820236082395333
3.7299825746633806 2.7063701939570444 0.023265996648186453 0.01893920272784936 0.6832370378815712
2.2137985110681595 0.9576975078642792 0.02347035513500246 0.018685353350602278 0.6723741069380056
5.987490882056665 2.334872413143682 0.023952549813335174 0.01806309379479875 0.6461326167583392
4.4851069072299286 2.143549455968765 0.023493107956344322 0.01865673815412413 0.671155491825176
2.338641441074979 0.8801838380262423 0.02345487576931242 0.01870478020844193 0.6732020988884083
0.6047597750988893 4.9652227540767075 0.023053221792424795 0.01919762915021724 0.6943954187733259
6.777986296799345 6.178167993784464 0.023452294685803256 0.018708016302383435 0.6733400775345287
6.853778596198701 5.509778801272412 0.02337635247508344 0.018802822792353818 0.6773891528842895
0.4865399410976485 4.597551436033813 0.023059285579241365 0.019190345191657996 0.6940794976094669
1.0012211628230137 2.158783685833461 0.02357915197514611 0.01854787298136806 0.666530050904362
3.321038249767201 3.7659734779238208 0.02306490050550052 0.01918359623927073 0.693786854945737
0.11299779428871093 0.7512267766264942 0.02371305364931165 0.01837637305413849 0.6592773049945512
0.7880435890386188 6.320954553284312 0.023304597071977098 0.018891684819327167 0.6811963556296984
6.088018509964551 2.5382492210941163 0.023919824825367714 0.018106407162209803 0.6479421512098518
3.2412300850610842 4.042739804185708 0.02300553796571402 0.01925474546464042 0.6968755674115256
4.601390659814403 2.933484819375281 0.023433307739803347 0.018731793517217526 0.6743543425355363
5.698875953766737 6.164170370234743 0.02362853492852809 0.018484921885994758 0.6638630675298732
6.4032370464001565 6.3344317966685635 0.023608354848634678 0.018510688300032163 0.6649540119846603
1.4824158805107608 1.7975443375141125 0.023621042211470735 0.018494495528235358 0.6642683046849582
1.3154495618068696 4.117732428610747 0.02292780994959861 0.019347235743513515 0.7009027136166616
3.2599412134965644 1.9504506609564107 0.023293465477898342 0.018905408380406868 0.6817853741395662
5.584958228995996 5.906756304286381 0.023624612177514225 0.018489935085392983 0.6640752523127479
1.5421559842807708 6.839923148491138 0.022881141604536595 0.01940240600732663 0.7033114234983372
5.112567639043344 5.428319917171076 0.023557954774248074 0.018574788474017202 0.667672059465346
1.835967771149056 5.207388866866142 0.022568455146538536 0.019765243036671168 0.7192776519081263
2.6341045848252738 0.4246330102780866 0.023438761586616196 0.018724968765948983 0.6740631349435359
1.3696011434887492 2.82288011421086 0.023151640911802173 0.019078823944126317 0.689252888861344
5.829568060580411 0.39798281975269256 0.02370662835939182 0.01838466131941732 0.6596268756725202
6.929533656220603 5.46115927951663 0.02337635247508344 0.018802822792353818 0.6773891528842895
1.2182422722190114 1.6306536702832952 0.023687537028621225 0.018409252823449903 0.6606646195223947
5.25874109314875 4.780365840929947 0.02358623545656554 0.018538864501027312 0.6661480555165684
0.1089772388945124 5.631108135414359 0.023336807476379593 0.018851880988654514 0.6794895536414164
4.447895036369921 1.5792888261335079 0.02353696829441304 0.018601374237077084 0.6688010881802687
0.6753787573393645 6.816497791064894 0.02340659893430461 0.018765157242309753 0.67577892775864
0.41950628217577723 3.588782546572859 0.023288960903974948 0.018910957141644796 0.6820236082395333
5.3488298736092 3.1159097071313546 0.023908637808258224 0.018121176511295432 0.6485597478375884
4.706599555875964 1.432448944645134 0.02378203995824775 0.018287005644016942 0.6555140824018064
5.760058565299822 5.043039849598292 0.023534773018109828 0.018604151659940036 0.6689190962582485
4.7565263875450405 4.070597296886166 0.02351991308265909 0.018622934478329713 0.669717436187745
4.1016398685349555 3.1708033224719525 0.023325774702425972 0.018865530327336802 0.6800745764865171
6.944798228552279 2.840408518086414 0.02354414321946569 0.01859229195288434 0.6684152738361275
5.667490228501733 1.0981820796022617 0.02389602201186184 0.01813780946003718 0.6492556192498375
1.471210997620187 3.8150665965269592 0.022907768614089958 0.01937096118222622 0.7019379546821063
0.44826893029863374 4.461817256424981 0.023059285579241365 0.019190345191657996 0.6940794976094669
0.34208127058092735 3.073886881678898 0.023380647541995602 0.018797481759985166 0.6771606937297897
4.557241727031095 6.204295071589255 0.023470240650713636 0.01868549715146988 0.6723802338678069
0.5732424371691163 3.3461080448023544 0.023097411985093783 0.019144439390873944 0.6920903697874842
1.288257244365962 4.656065555280021 0.022938142431572092 0.019334984401051684 0.7003684897955298
1.7421517055299138 3.032446541361444 0.023018736509098404 0.019238964876642926 0.6961898167914816
0.5974042912886752 4.855258273445393 0.02304498976350325 0.01920751016659969 0.6948241128982222
0.34838727880541254 5.692656467194359 0.023336807476379593 0.018851880988654514 0.6794895536414164
2.5514633578542996 6.5383083329315355 0.022599538105821097 0.019729695319582106 0.7177036298101688
4.085011017439726 5.822413072451557 0.02341643331737458 0.018752883796711098 0.6752546795531165
3.276663767631652 3.0237204461957514 0.023079365107549002 0.019166191750904758 0.6930325038986713
5.673702248711281 2.9213856234383604 0.0238564296878018 0.01818985328558119 0.6514353525655336
4.559719081979298 5.881744443251723 0.023451792135781923 0.018708646279730585 0.6733669398994016
0.2649115976430906 0.25819952353748143 0.0235981387460754 0.018523710419917898 0.6655057208096041
1.5167231424505745 2.5248141677312024 0.023104203579931183 0.019136242497865018 0.6917355383460863
6.2355048194875735 2.925953890568913 0.023697248559114273 0.018396750004486026 0.6601369050453259
1.3336627537957997 3.6965533700389193 0.022982025695401042 0.01928280308813856 0.6980957938285425
1.7422089628095299 3.4336494976220244 0.022919225372950613 0.019357404482623616 0.7013463077933324
0.014382012979230474 1.667165093587971 0.023974107960859005 0.018034471089584985 0.6449381791263366
1.3271833062256844 2.4712169697819606 0.023362988076688813 0.018819425818246856 0.678099604722021
5.4778305443932975 6.445252269535141 0.0236323367887609 0.018480061090336744 0.6636573668957441
4.643510669563676 4.793931951544437 0.02337212697329552 0.01880807488139474 0.6776138484928226
6.567735361782875 2.157250079218435 0.02393925418220551 0.018080710970527568 0.6468683240595646
2.8973807169179056 2.789462655997547 0.023188469388410803 0.01903404548231235 0.6873202888918234
2.61544644231544 1.7398381505215947 0.023411664832662257 0.018758836578079283 0.675508919275475
2.4247950171067223 0.45352698493139176 0.023438761586616196 0.018724968765948983 0.6740631349435359
5.648548892609363 5.681960725176882 0.02359917334592118 0.01852239232359479 0.6654498660897338
6.90387918673653 5.5512342404893324 0.02337635247508344 0.018802822792353818 0.6773891528842895
6.006563858185319 2.551349302514386 0.02392496092015942 0.018099620022775185 0.647658436306197
5.5200861476937755 6.04919423292233 0.023628997773416024 0.018484330234658234 0.6638380280789047
2.461132804280962 2.928288299631981 0.022969190523985574 0.019298090233824984 0.6987611579420604
4.385218142464631 3.4302967359039873 0.02346270643571424 0.01869495671863119 0.6727833437349879
4.697579070584382 3.8104584649656634 0.023529481568643772 0.018610843535714683 0.6692034681574026
1.2402280848184735 0.23997245574719478 0.023283821953567464 0.018917284034304968 0.682295307383671
2.7947567819845243 1.0873250662385754 0.02342546966899538 0.018741594670330947 0.6747726698378039
4.370413782592116 5.9823183546311585 0.023451792135781923 0.018708646279730585 0.6733669398994016
6.695339161953547 3.8000052963375626 0.023393364698823575 0.018781652964205118 0.6764838736573826
3.262987199690469 3.5913419561621334 0.023043037461919536 0.019209852277635373 0.6949257493176858
4.002540139609254 4.912067062787841 0.023307140180221207 0.018888547234224187 0.6810617292337215
6.343984206429265 4.657711821051366 0.023439537312381582 0.01872399771900946 0.6740217065230432
5.526512582760713 1.2885757162417284 0.023884725030234515 0.018152683279066176 0.6498782055202218
2.1473489294345405 1.5342512279001281 0.023474380070165175 0.018680296580125058 0.6721586718978223
1.0761353381303342 1.7972895085119598 0.023687537028621225 0.018409252823449903 0.6606646195223947
3.150559528740353 4.605962438030446 0.022928193495011132 0.019346781206581343 0.7008828890834264
4.17679946285706 4.298269800525045 0.02334202830343515 0.018845416277748613 0.6792125668333023
4.261900920882809 4.079937952282793 0.023452573473572696 0.01870766680980486 0.6733251753466628
1.5370688698764352 0.08287856752731337 0.023256725718013155 0.018950585977143435 0.6837264008632689
0.8447640420639287 5.223742727429074 0.023065133632394534 0.019183315941718276 0.6937747024486628
0.7678625300675718 3.9009920057909335 0.023021193741278864 0.019236024504208315 0.6960620853889959
3.9988040406540173 2.2089804018175023 0.02342175319132387 0.01874623902132665 0.6749709463074395
6.543430117016459 1.4319089364170372 0.02398121575385373 0.018025018473419592 0.6445439531964188
4.554653084494286 3.1013032182601874 0.023462766754376217 0.01869488101673124 0.6727801172613989
3.85513700789609 5.864231496204689 0.02341643331737458 0.018752883796711098 0.6752546795531165
4.752425464765688 6.764566098005413 0.02358046026784314 0.01854620968167541 0.6664595117454144
0.022530774018955313 0.4491112398986436 0.023692006038032815 0.018403501022735226 0.6604218227238554
6.738418636407386 3.635879571438337 0.02347408792513238 0.018680663694932098 0.6721743109515639
0.7462716338457367 1.957196739844022 0.023629132842894324 0.01848415757054816 0.6638307208025557
2.123403445258291 5.35607789561233 0.02259294046731628 0.019737250088102506 0.7180379672348267
5.705213772942626 6.592543456400992 0.023647658567406426 0.018460450814629895 0.6628278289723757
3.350964298478235 3.6285419536371246 0.023182185904589453 0.019041697841449275 0.6876503406894142
5.61664264187588 3.354777093662327 0.02381389702043265 0.018245501053690712 0.6537700436270454
3.2627035208894144 1.4100106640656238 0.023373737499774408 0.018806073361859455 0.6775282144134606
2.156745801006735 6.537768313261539 0.02260781800316338 0.019720207025684132 0.7172838621185667
2.983868223803086 5.458598695887283 0.02286079607328241 0.019426373899824833 0.704359384801311
0.4624012345515681 0.11023129308947625 0.02357614629130206 0.018551693347269513 0.6666920842721294