300

4.3404486377799625 0.10709531512626325 0.00903197610115457 -0.0286081003862223 5.018199166408885
2.1930208633805153 3.605805000399961 0.008626198004625078 -0.028733059495727256 5.004046284810665
0.7526767245523748 6.740693597085621 0.00609176172613175 -0.029374996835268532 4.9168696988639295
2.1177673021968433 6.39578902428133 0.007371205753914318 -0.029080325406251224 4.960637818690884
5.8232403444544065 2.2475025844766687 0.00711874277058156 -0.029143155309030847 4.951965667936671
4.595090884364344 6.084962594368137 0.008156848063787192 -0.028869808272038992 4.987750583826952
5.594929787297571 0.08768445456981669 0.00983105948031355 -0.02834343432780398 5.0462591985607546
5.330339908137261 0.2687243891104728 0.00960232289668557 -0.028421741589631483 5.038200196119897
2.015682148415556 3.1118339142092823 0.006163391592387032 -0.029360051159337115 4.919308781939186
5.9951171687316895 1.2832511063885113 0.008785613098140112 -0.028684717228687977 5.009599083717125
5.876043789473008 6.736474396445758 0.006940836985240005 -0.029186037448484237 4.945865626936028
6.859012086419939 3.212326341519425 0.008394424839605494 -0.028801625502950595 4.995989513098312
1.8180933217876156 4.4788832481001135 0.008139812087505818 -0.028874616173727646 4.987160536356547
4.643896484693515 1.5016894246167567 0.009497553220610118 -0.028456923284530925 5.034516229282205
2.346422147884012 2.094349639342114 0.007013782001001588 -0.029168593761825855 4.948365684815059
2.2596781247496036 1.7683711694658037 0.0060566972644537425 -0.02938224665077125 4.915676162358977
5.993349701825619 6.302266208247261 0.007438888748838713 -0.029063085420897774 4.962965957456398
0.5724555064850289 6.100917767164291 0.00890839468105742 -0.02864682363206273 5.013882289553313
6.670172793968664 0.6957596601956432 0.009479417697806782 -0.028462969629160405 5.033878999615693
4.757865691059704 6.911327546000264 0.008087568777038215 -0.028889292675257323 4.9853516803679625
6.238839887498112 4.147786124953962 0.006955712593966257 -0.029182495820442415 4.946375340220603
6.548647897032075 4.164454775175762 0.008225745133795238 -0.02885025332633743 4.990137866008541
1.4558271317922074 1.4509271216348387 0.006574240976475746 -0.02927079355916452 4.933323339005077
1.2224747681738763 4.324208961814238 0.008006074953594292 -0.02891198304920349 4.98253188899054
6.1697794070569625 3.888021435378029 0.008529728922749275 -0.0287618449426391 5.000690544252784
3.7858545436563578 6.5761981044160045 0.009850293286016082 -0.02833675567490863 5.046937876771373
2.3928670762161777 1.913841451914843 0.00619684256910914 -0.02935300908209713 4.920448254927485
4.04957281868451 6.374861745216024 0.00900733439961471 -0.028615868447655356 5.017337929395135
5.221481845002537 0.9679263805331465 0.009091425265985236 -0.02858926348531919 5.020277903588339
5.427916009435416 0.8074048953282764 0.0077534770238425555 -0.02898074522921634 4.973805531317261
1.7234629240324666 6.1932375347912485 0.006462961037475295 -0.029295565101702274 4.929523211845765
3.4654803813918686 2.2146153769580796 0.008821175295609992 -0.028673801045625603 5.01083908063417
5.636928862240786 6.798442281733265 0.009245900452835647 -0.028539679830303873 5.025685838740162
6.094125400845848 1.1119834413728953 0.0071442113096624755 -0.029136922362577877 4.952839672861756
1.5861157550372773 1.412100519400672 0.006412249248811988 -0.02930670673363198 4.927792501604787
6.116793754787178 6.728629936393703 0.008212346183118559 -0.028854070253061664 4.989673465783229
0.7165769212686165 6.910298172953109 0.008190854957293745 -0.02886017836169029 4.988928719889544
2.3528856580448627 6.044893829794554 0.007787616734623351 -0.028971589973534665 4.974983730839751
5.359088384373927 3.6290207609091993 0.009070894707110134 -0.028595784116063706 5.01955986421077
5.856852348830791 2.4723115576365164 0.005918073897922637 -0.029410481147691663 4.910960507384747
3.745184784735063 4.987010551065489 0.008909851400693851 -0.028646370590662155 5.013933140955678
1.5855804118400876 2.3109749818407646 0.00809782778959643 -0.028886418696163076 4.9857068127309185
6.1616872213544385 6.215811141889019 0.006969529679283955 -0.029179199030295193 4.946848838637498
4.2880960707582805 2.926364999025524 0.008397192365215638 -0.028800818744986474 4.99608560365989
0.20787450733936053 6.5537466028136775 0.00802627675958781 -0.028906381326248717 4.983230691365517
0.8219665464995641 4.1255684986166274 0.0068620836558462754 -0.029204653874000414 4.94316816678074
6.720558264449091 6.364548860467196 0.007315250548656145 -0.02909445152276265 4.958714126295095
1.381345536057134 5.189994701416586 0.006960234253585688 -0.029181417702627343 4.946530287321901
1.641955699636038 1.0313863957852938 0.008718035799260906 -0.028705327934075327 5.007244066659551
5.883904421992367 3.7479848008981076 0.00890001677623034 -0.028649427592585833 5.013589847915743
1.4549134934887162 2.109380776998583 0.005914700328286821 -0.029411159787172007 4.910845802334752
4.5793522733170935 4.113736269484855 0.00841541960471486 -0.028795498135586763 4.996718534370668
1.4341243122133216 5.719401158007145 0.008540388802879264 -0.028758681456138673 5.001061190374276
0.4601507894485217 1.8214017498706785 0.00785394140290501 -0.02895368032633735 4.977273737911059
6.065917563440813 2.7272286053546995 0.006833061966596319 -0.029211457754803247 4.942174547518758
2.1430930757969486 6.627343596501833 0.0068997270186185984 -0.029195783378230228 4.944457313209438
4.09768978761863 6.537970946883984 0.009993554766044643 -0.028286549155704135 5.051998025583652
5.707486581053002 3.015844674732607 0.008908673506113322 -0.028646736923452112 5.013892022760786
4.194010263603206 1.8074981830058865 0.007838250807239319 -0.028957931975243194 4.976731857115199
0.44861913029652234 2.6979654930508055 0.007272511868066467 -0.029105163994192378 4.957245433674789
5.375617648973266 5.460220051509762 0.007526184350569733 -0.029040601734833926 4.965970776610639
0.9831326293919348 5.083761045428936 0.008204587343989048 -0.02885627741956427 4.989404576774735
6.952991231474532 6.3117746624234075 0.007941672901872355 -0.02892973956881856 4.980305052644943
6.028688431670692 6.822857926663239 0.007366873205989046 -0.029081423265838978 4.960488835965427
6.04388520626199 2.8312644512909744 0.008581754815218735 -0.028746364714368148 5.0024998816877915
5.608017491857508 3.5522573328710094 0.007499075632275556 -0.029047613751587428 4.9650374128948105
0.8578963900829831 0.891419851574948 0.007870935608491947 -0.028949065142884554 4.977860729251841
2.513967276965971 3.771667325184881 0.009312613818059588 -0.028517980711748957 5.028024291953598
3.871872949789038 1.6497576339185442 0.008654617547692294 -0.028724512095128378 5.005035520518431
5.939204625887995 1.378603199440891 0.007561280884969065 -0.02903148345122242 4.967179499528505
1.5927974695802944 5.566337680812715 0.00734567829891393 -0.0290867841180297 4.959760090587484
2.51611484116232 6.264935386405969 0.009233850348431043 -0.02854358085004017 5.0252636447700905
3.067680011910191 2.687702860920951 0.007159661678611284 -0.02913312967478477 4.953369975068345
4.965978984021655 0.7947727115781852 0.008681887553738452 -0.028716281592578125 5.0059850200725515
3.038772735638453 0.48197831438662325 0.008317338749825813 -0.028823980920765366 4.993314103724493
5.463305997643565 0.5304924073327645 0.007465632884700309 -0.029056226968257274 4.963886275776576
6.654643206321356 6.519636835823742 0.008358607824764249 -0.028812040455889094 4.99474616190269
2.372108211401241 1.8740000030664161 0.00875377191816553 -0.028694450285808516 5.008489232247143
1.1508945853996362 1.400468997578013 0.00611399819221391 -0.02937037667626353 4.91762674452356
6.256515170677519 4.380857961524761 0.007585916676505647 -0.029025055868630356 4.968028182221152
5.009753518800283 1.909223076308164 0.00790485150685731 -0.028939822436472126 4.97903248762907
5.440158249549108 2.509056860172563 0.007467715845255312 -0.029055691698091145 4.963957963671311
1.9771393120854388 3.9615291232947336 0.008371994305836964 -0.028808153556641448 4.995210807364625
5.7043438499589385 6.896375042128408 0.009126328187849477 -0.028578140838894053 5.021498981156582
2.8371351166740935 5.727214162546109 0.008946683266746427 -0.028634888833807604 5.015219141345565
0.8434665860374192 3.1461096224437815 0.007687759930486737 -0.028998247313436074 4.97153860454497
6.7859704418576285 5.852892339339277 0.00727902926244827 -0.02910353471653266 4.95746936564712
2.7302066770962146 2.590130627506747 0.007337055490720081 -0.02908896039266605 4.95946365061226
2.1349610185481827 5.5660840805447265 0.006949771767680739 -0.029183911190536947 4.946171770168266
5.65236431284624 0.5906970540210227 0.009679555715780004 -0.02839553135873866 5.040918833165209
6.10910606128513 0.44145078006119204 0.008556785220970826 -0.028753807168480753 5.001631376712564
2.40511944336381 1.4809056806950904 0.006254412305753116 -0.02934079628622311 4.922409951492251
0.6308939445249518 4.681990284362584 0.006154894710610347 -0.029361833578666383 4.919019387899629
5.123201883808555 4.043516142084755 0.007324374376367589 -0.029092155987393058 4.9590277320551515
6.11135463357596 3.7937358555562533 0.008441874941581048 -0.028787753428683973 4.997637389568531
2.0793689935806654 0.08033663139219678 0.0072029278450780896 -0.029122462644127448 4.954855365802157
4.592475928049433 6.120115398250082 0.009040650416403033 -0.028605360337677826 5.018502392785065
1.53413971324728 1.988555335995819 0.00626454922250887 -0.02933863362596771 4.922755453030698
4.800353047398584 2.6575746299953256 0.006487111776580757 -0.029290226711279434 4.930347669004748
1.404747175099799 6.229356977718031 0.008080921836196908 -0.028891152664393228 4.985121604577687
3.4872223975700196 6.1043815574751035 0.00750242214963055 -0.029046749592488534 4.9651526226039335
3.206881025120932 0.18017177599823464 0.007767559082079596 -0.028976974064011632 4.9742914737639845
3.6233005223487953 3.4687945600167422 0.01016261623977783 -0.028226250745768622 5.057981129223737
3.2990871140147866 3.115622971183604 0.010449371417227933 -0.028121355532492027 5.0681591197697795
4.440343257140451 0.5760420592415265 0.008052534926474914 -0.02889907751569073 4.984139192590386
5.005189916628794 2.8901416260438912 0.008201798145362317 -0.02885707031530975 4.989307919805974
6.230823335001122 2.807282870490942 0.008399061192311152 -0.028800273802306337 4.996150492258776
5.501503509310935 1.9238281235796513 0.008487347762781022 -0.028774379714489345 4.999217345322692
1.6875365614259845 0.84892190355181 0.007244050942809232 -0.029112260749347252 4.956267687815529
5.549900833578902 5.938980690792886 0.008833997680587891 -0.028669853243073425 5.011286292620334
4.850787446704119 6.4898432441430804 0.00980334728249674 -0.02835303126755169 5.045281635133513
2.72599023179915 5.181521556680065 0.00950542741417363 -0.028454294046310065 5.034792947788066
3.7215889564181115 1.6632360077063297 0.009590836745085006 -0.028425619615570868 5.0377960911200965
1.0484530993131136 6.62218669324665 0.007446115516200152 -0.029061234724619037 4.963214623326592
3.988064204181651 6.887891392592046 0.009539533453928403 -0.02844287786918512 5.035991813549635
4.786186065450775 1.8215008748428274 0.009034501681297576 -0.028607302902766474 5.018287449633198
2.182346953924383 3.7075881125873513 0.009533323572544428 -0.028444959863940196 5.035773493374119
2.9672104496612506 1.715172237499518 0.008988765870499307 -0.028621706590022663 5.016689106364048
3.5886788088306174 6.728968330059091 0.009052286225916424 -0.028601680266796978 5.018909189194387
2.763694549648651 1.3104507363157487 0.009263363369877724 -0.028534016525501762 5.026297781460264
1.0769438511609408 6.348575417040328 0.006126650332089034 -0.029367740051088595 4.9180575427984925
2.943349821210689 1.4530925394786158 0.007611951907249377 -0.02901823888801184 4.968925279090199
5.670591854532624 5.883370287977292 0.007391899195531733 -0.029075072248974675 4.961349478883347
2.528295572739523 1.9023763711822999 0.008853231719268075 -0.0286639196224966 5.011957242289171
5.3198043236746075 6.163142732522288 0.008572181690295914 -0.028749220877591717 5.00216687786721
3.1381168851010433 3.2232656206528687 0.009331759890125798 -0.0285117214028378 5.028695734049102
5.743604309857529 6.3966857634950065 0.00906283028199881 -0.02859834098824065 5.019277862342809
4.604292454953738 1.1250562545177276 0.0092583093542418 -0.028535656780616748 5.026120664076199
5.562174065798105 1.7410339057403783 0.00835984951911242 -0.028811680201227343 4.994789258541846
6.508861880401692 6.988070492471488 0.007362222732012029 -0.029082600922961572 4.960328927017174
4.754802232873119 1.6700665546093743 0.008009257641725895 -0.02891110153606146 4.982641972641428
5.36597715906366 4.886221632712548 0.007759673419816562 -0.02897908674230077 4.974019348222509
5.57785322203069 5.272427376005138 0.00785366295799627 -0.02895375585553966 4.977264121014608
4.99098657028582 2.0043630496518046 0.007764843179199662 -0.028977701951715156 4.974197748699343
4.987340439452528 0.6635921235186854 0.007917978115088984 -0.02893623373158594 4.979486098634231
5.888867819463993 3.245747899395424 0.006715663045213327 -0.02923867079508157 4.9381574900228795
0.7154238308454868 4.854154879607581 0.0069311372897130725 -0.029188342465291665 4.94553329979347
2.077649171704044 2.0863602930163676 0.007588470778424581 -0.02902438821482713 4.968116179684612
5.487866188724692 1.5968908919391889 0.009900122367137255 -0.02831938518251603 5.048696876502704
4.737587630690168 5.181498013317843 0.007154039346346568 -0.029134510825324065 4.9531769920610005
5.9565894713657235 1.5856029907256668 0.0077678180247466675 -0.028976904650676902 4.974300409927459
1.4451441826157074 6.358986757893995 0.006219522456019614 -0.029348211877711864 4.921220977723063
2.548327026288864 0.03620101975113214 0.007754967865436006 -0.028980346329988103 4.9738569741577265
5.730594254111665 4.937644040480087 0.008089885975787407 -0.028888643874345473 4.9854318908734365
4.2726740181570095 0.10552392995505241 0.007681888484702963 -0.028999803263273838 4.971336134092763
4.323046536875217 0.4855169649175546 0.008396024803620164 -0.028801159134607672 4.996045064718753
1.7556071763637073 0.7997224291200534 0.009099841204016284 -0.028586585841294296 5.020572291448577
2.0780341703413416 5.513156880336958 0.007560575249090031 -0.02903166722568387 4.967155193721094
6.129271903228015 2.747664508791345 0.0066903942249716426 -0.02924446315312466 4.937293349647241
5.9478683269890364 3.2274747172706038 0.006344036225515298 -0.029321548464727263 4.9254655351178585
5.710508251019115 6.8655674238631486 0.008603240005094217 -0.028739941917386446 5.003247370616338
2.1462469168212523 6.647259073320912 0.008321031440921237 -0.028822915115567338 4.993442217858792
4.646058279050908 2.9960159572149436 0.007501069434761821 -0.02904709894868818 4.965106052617525
3.761415240666773 4.074967686319705 0.009410197105090232 -0.028485929692452575 5.031448028711877
6.797054955473943 2.7986120824784226 0.0076319294861229925 -0.029012991095694465 4.969613790365594
4.444485605349113 5.834863226442411 0.008936667827015075 -0.028638016135018738 5.0148693969198295
1.7723894233752373 5.5947472532294595 0.007137080912654467 -0.029138669771391814 4.952594959879482
2.725258482268241 4.297623408351853 0.010781465484289392 -0.027995713993593314 5.079994741022236
4.137111466886741 6.829575863477628 0.009785928808851896 -0.028359047892129285 5.0446673577747845
1.887451390409613 4.861672398028259 0.007875069856779257 -0.028947940768746343 4.97800354314058
5.01864780452259 6.830708265087334 0.008028145706291264 -0.028905862320964534 4.983295347105716
5.506404450017258 3.563159347007282 0.009118640448850976 -0.02858059475176433 5.02122998503997
3.960148474295137 6.298687793168355 0.007310492746389513 -0.02909564736872143 4.958550600116357
5.09736330178287 6.519197213909617 0.010043522452902864 -0.028268846045391312 5.053765060317612
2.9513363983215104 5.866275425408461 0.00845941976766331 -0.028782602682774664 4.998246898584079
3.852651292038291 4.798707437581501 0.007267126076397457 -0.029106509213400085 4.957060392037713
2.091913874502017 0.7994888264194481 0.00905886695242478 -0.0285995966674054 5.019139279389293
1.3022543752281088 1.9770652184934083 0.007856793728983206 -0.02895290645686906 4.977372252647787
5.653131145911884 6.908504351632336 0.00828985337202769 -0.028831897805560443 4.992360675337892
6.0922155669198315 6.674801478998329 0.00924005106491297 -0.028541574173787273 5.025480889216741
3.9974889230989947 6.064770035622636 0.008000949177657073 -0.028913401948863587 4.982354604362898
1.6712910340439986 6.676402869365194 0.007020615490548988 -0.029166949757111447 4.94859996700749
1.3484634041606804 2.5828919110140998 0.007929255445640377 -0.028933145492285872 4.979875849848427
4.454359631798825 5.545192838819202 0.007824805253437475 -0.02896156802981802 4.976267572942886
2.8336881778103384 5.36427169961768 0.00823031583155744 -0.028848949743670305 4.990296297928202
1.8171633834094618 1.5480613333009832 0.007980396030998843 -0.028919081575811113 4.981643822306162
0.9683668687844658 4.536157609659298 0.006975988376698539 -0.029177655597531594 4.94707019043685
3.949951835129837 6.060757823555904 0.008281233530485713 -0.02883437481919036 4.992061719255405
1.761231637332057 3.8719350424726904 0.007114683172264823 -0.02914414663973354 4.951826371788987
2.770913626314328 1.3301238495340981 0.008841069269612352 -0.028667673330249804 5.011532957916563
4.3421361628133806 0.6279947837032218 0.009959316446083605 -0.028298622155977286 5.05078787405494
1.5189779797877268 4.348126339615301 0.008321899158459456 -0.028822664595703703 4.993472323117253
5.486935903966213 6.185997274366325 0.007504014847418725 -0.02904633817144115 4.965207455213081
3.3961267800016297 4.562315247928319 0.010772471227772033 -0.027999176124429512 5.079673488264312
1.2733309319402726 0.8045623679646426 0.00809994442151373 -0.028885825249910874 4.985780087776919
1.6811410011674879 5.9562555371230586 0.007879858585463405 -0.028946637605654624 4.9781689724020985
5.223561499569321 0.6364919134850978 0.008739584700506594 -0.02869877452545093 5.007994845761051
4.05147464867503 6.776951457633153 0.008468630374660927 -0.028779894016089953 4.998566919689737
6.051716734094514 6.019785635914463 0.008593477989739445 -0.028742862349457537 5.002907720685008
4.845779354929526 5.113645852844071 0.008900726993808675 -0.028649206952055157 5.013614637950756
0.48432098420611214 6.429210402022584 0.008300503247606018 -0.028828833584390506 4.992730073200198
5.858466234315148 4.086603059553717 0.00822255532443661 -0.0288511626097906 4.9900273034060945
4.917251536216198 6.860316488429354 0.009535287286132744 -0.028444301650258796 5.035842529727739
2.5495857605891246 0.4448387394160704 0.007028118448942619 -0.029165142740395295 4.9488572167659335
1.3574978206131876 2.4556761115157304 0.007938967441989528 -0.028930482124482997 4.980211535551448
5.312341331961501 5.671318850432279 0.007723224230690171 -0.028988822112712344 4.9727617839928255
1.5641359249817208 0.06742365047969022 0.007748580792658747 -0.028982054718388064 4.973636587402316
6.496318997591978 5.82927946434743 0.007536948920818834 -0.02903780985138114 4.96634146753802
5.915046472265063 4.854753716320286 0.008138527759388087 -0.028874978197561803 4.9871160571482855
4.936506606017482 3.856906084418139 0.008209369628503233 -0.02885491726383232 4.989570308381211
6.645188308536434 6.174070851929355 0.008795256769881408 -0.028681761772106247 5.009935296495683
2.9420778506045733 0.845615509322099 0.008262015179562349 -0.028839887398751773 4.9913952746587
2.1765210615378363 0.21954585469095142 0.008050026815844808 -0.028899776266680326 4.984052405034427
6.047485319506213 1.4444161140291005 0.00929073192264002 -0.02852511700837768 5.02725708627155
4.818393736889456 0.4094345205182397 0.0088050720204215 -0.02867875008983464 5.010277526720821
4.814677981281379 3.9689955167824658 0.007728082856629039 -0.028987527237780673 4.972929391163057
6.525376300669671 5.665418105078941 0.008176363988284852 -0.02886428713706747 4.988426646164676
0.4176250688694237 4.877003414137362 0.008293973317360964 -0.02883071290500643 4.992503573665786
6.309962671232995 4.710343172861058 0.006538127593589174 -0.029278881255436446 4.932089741092834
2.036208523125659 4.136243633173234 0.008658640174869675 -0.02872329978122522 5.0051755650924346
1.1367482506665396 1.953966968597537 0.00584429858908758 -0.02942523022852309 4.908452667556065
1.3912227644667285 6.41955512260696 0.008127417222201913 -0.02887810743965497 4.986731297202509
5.1796383077999595 5.697751608078352 0.00887054110318535 -0.028658567663731892 5.012561172237455
3.2433114933090836 3.988668906684679 0.01009523767402842 -0.028250419046535878 5.05559506311786
0.33228077722953664 5.466952181056051 0.007367052521134055 -0.02908137784134122 4.960495001938922
4.958213492306356 6.8859904993851755 0.008840641074334025 -0.028667805381556468 5.011518021430884
4.394552068860777 4.7131079847539095 0.007479306160044076 -0.02905271036176017 4.964356884110497
1.7932182501752536 6.5293027801377255 0.007620125066153508 -0.029016093706358527 4.969206945424065
5.080790082825325 1.7631812765914514 0.007996751037875328 -0.0289145633347322 4.9822094102598795
1.024661008857739 0.22440092965430403 0.008495112760884162 -0.02877208819637294 4.99948721412048
2.303127525124714 3.9663882880568186 0.009486268204685452 -0.028460687193895613 5.034119690647433
5.46965357025492 1.3727347456529038 0.008084988804558784 -0.028890014815332977 4.985262375992754
5.6230856019331235 0.5489356296649873 0.00757120202861393 -0.02902889766839093 4.967521252143868
1.577363265962215 5.5761602586195815 0.00815869060945831 -0.02886928761745147 4.987814406983242
2.8530570638783184 3.7003713706927854 0.008567150867384686 -0.02875072044341619 5.0019918925443445
0.5454747500712337 3.4338338698112976 0.010076573960134958 -0.028257081541198305 5.054934488396958
2.7612954980218745 6.688620871047938 0.009410895678771807 -0.02848569891231869 5.0314725522755746
2.8038406435537317 3.7329725254419186 0.010759161252470272 -0.028004293405535913 5.079198161461782
5.546842682659633 6.345810399621881 0.00685116194579988 -0.02920721794338556 4.942794211638428
2.6579706365846403 0.3845451479063371 0.009168298486499988 -0.02856470379441107 5.022967941666781
1.5482383677261198 4.140019446615768 0.007271711665278206 -0.02910536392930102 4.957217940270528
6.18973119188216 6.433082420573256 0.008592448584755245 -0.02874317009862234 5.002871906594515
2.4322644115293546 4.7309012085543465 0.008612554854847018 -0.028737151892145662 5.00357149450827
3.089632108081091 4.116514876426876 0.0098734469970873 -0.028328696482466463 5.047755084043216
5.564180759126806 5.439706352955101 0.0075971627402039365 -0.02902211429752934 4.968415662386866
2.311281700861713 1.4397238565921338 0.00760146657776704 -0.029020987334463493 4.968563960373507
0.834495687601587 5.926135177593852 0.008800902514633018 -0.02868002989761214 5.010132143371243
6.627843418767732 6.516389101981796 0.006799200974812249 -0.02921935772915127 4.94101553620895
0.3768156221054061 5.685497498355224 0.007621250887458566 -0.02901579802298072 4.969245745513856
2.472262396740575 6.556430122128248 0.008259442895562661 -0.02884062417935748 4.991306083910295
6.569764904137525 4.171562664005396 0.00708365088651026 -0.02915170475492029 4.950761723719494
6.793240974828861 1.1634644367091382 0.007028586992753762 -0.029165029828294234 4.94887328199566
3.9362024500304327 6.329594696502701 0.008165173212908567 -0.02886745479607096 4.988038964280797
1.6591162598603006 3.7565204482900616 0.007032843808269714 -0.029164003634077444 4.9490192407148665
0.7878066389412687 1.8002554553430612 0.008602432174596499 -0.02874018372734362 5.00321926244891
1.1128765044621707 5.822074844922082 0.008853163163218733 -0.028663940796851833 5.011954850570769
4.784206327505823 6.159716250457781 0.009202171115400861 -0.028553809671616186 5.024153988812433
6.611620443034211 0.3903030306845346 0.008863777252125752 -0.028660660369654742 5.012325165882859
3.4379987183976732 1.8892249939054562 0.009448203139301671 -0.02847334643905577 5.032782527011445
5.099627023001478 3.82362703281867 0.007984560340737828 -0.028917932086598385 4.981787823853548
0.6851831953935689 2.647321062689908 0.0073642620341499015 -0.029082084600186044 4.960399048676689
0.970016641427097 4.85363582426666 0.0069296847152091655 -0.029188687359108775 4.945483534517368
0.5306682947451287 5.267452768269904 0.007325605583832714 -0.029091845985260524 4.95907005322328
5.579934696239487 5.014346596332781 0.007377555615591012 -0.029078715121869835 4.960856180671887
5.28562529722981 6.01564635045179 0.009165564118399805 -0.02856558128922816 5.022872217723024
5.433747245876139 2.7350840530827396 0.008211610865515492 -0.028854279526499146 4.9896479818591235
5.883726698747719 4.987439910060369 0.00846949618667113 -0.02877963923234555 4.9985970037422405
4.516877231048714 4.578277080846957 0.007652387993392521 -0.02900760172779856 4.970319005718491
4.705223917345751 1.2438350301061458 0.009617159773680942 -0.02841672461575213 5.038722267795961
6.746882909212836 5.526452374392107 0.005998797510101544 -0.02939412234499951 4.913705991808706
4.348368471562369 4.961605717476675 0.00855074220692408 -0.02875560480516324 5.001421219320335
5.413572769791793 6.927356408899775 0.00925313382014222 -0.02853733544861083 5.0259392986393
4.278720144954559 6.769836561315454 0.009704812528702629 -0.028386909197422962 5.041808432520559
5.020307744378479 5.599623271523049 0.007720056782245256 -0.02898966580143533 4.972652521107376
6.401411738816931 3.1481801897022432 0.007233994008342055 -0.029114761388121854 4.9559222490828585
1.472260737016414 0.016084967636355873 0.009047821308181358 -0.028603093007142064 5.018753086216595
4.865768339639755 0.42815985758200253 0.00794084642199348 -0.028929966437974197 4.9802764842357385
3.416895384966259 1.2070361971334884 0.009196914723051465 -0.028555503139971447 5.023969907019962
6.044702830126391 6.062217083850694 0.008832259900528447 -0.028670388644898365 5.011225679689461
6.612640285682704 4.115968446880514 0.007862390072619872 -0.02895138722662471 4.977565548973956
5.426117429457233 5.957466415859788 0.007271809994856138 -0.029105339362369757 4.957221318672518
6.234197663004863 2.412606169465131 0.007540360664485009 -0.029036924097594893 4.966458962477049
5.413241812301747 6.447801852378919 0.007985598174400244 -0.028917645509221792 4.981823712962136
4.468767420305797 3.059281676784509 0.006033549992661916 -0.029387008600503205 4.914888428347515
5.1071380678202045 5.26530549734935 0.008168189289668528 -0.028866601527165338 4.988143446000922
5.549600695660854 3.306542123233891 0.007794278904965645 -0.028969798348480222 4.975213693238164
3.0462374399170096 6.36923244428974 0.007968739891777307 -0.028922295630485435 4.98124078421728
1.0487958092541543 6.067192724817727 0.008968851380748658 -0.028627953208534535 5.015993399559239
6.095696873667331 1.0517505055222185 0.008452347425065546 -0.028784680352680447 4.998001191571719
0.5762342793076627 6.417842860514737 0.006223299788396072 -0.029347411125067734 4.92134968689005
4.027421852012146 6.984551643148584 0.00796787697433803 -0.028922533369706977 4.981210948622495
3.697051430030539 0.8384903840098276 0.008248692492816309 -0.02884370073619118 4.990933351711813
6.412655849625143 2.6807638875920836 0.006603463767114387 -0.02926421477293398 4.934321811168779
1.4658713993162953 6.771238235179758 0.007063419366195632 -0.029156613432585965 4.950067774035071
0.8207171916280046 1.0784299378683664 0.007167197334929763 -0.029131276703264753 4.953628646073334
1.1791285939180822 5.793369235254046 0.007408917184324143 -0.029070740378528828 4.961934834476037
5.205250838047552 0.9891995379096231 0.009591937035105686 -0.02842524835273331 5.037834799061061
5.727027897320957 0.3400475794425915 0.007680493500621535 -0.02900017275098392 4.971288031173519
5.180758688939932 5.436651047465697 0.006628876934452438 -0.029258468698615866 4.935190300589741
6.064009086161614 1.3862481839877807 0.007887073546346548 -0.028944672581919465 4.978418231257095
1.7329487706992233 4.2646661886093655 0.007644699267463442 -0.029009628972292006 4.970053955980981
4.17225519527551 2.2052654753986203 0.007717888980023384 -0.028990243008502593 4.972577743403672
2.7141909757065323 4.840689320741289 0.008561425437880028 -0.028752425888464102 5.001792758067331
5.552750037312012 1.2604888404992496 0.008739194543543384 -0.02869889333633096 5.007981250889421
0.837964982719156 4.423918684546311 0.006143425128115993 -0.029364235520361038 4.918628774922309
1.3669430173107133 3.719199851390556 0.008573236696643453 -0.028748906284297597 5.002203574935428
5.973093116991445 5.136482591024892 0.008095930375343842 -0.028886950537527923 4.985641127994955
3.9890987267796367 4.732162322018815 0.009625335366501885 -0.028413956413747946 5.039009985367401
4.568534058288094 3.9328285564768133 0.008796942105099171 -0.0286812449102115 5.0099940568471615
5.94100995813857 5.649144275910863 0.007018663956521003 -0.02916741943102668 4.948533058457541