300

2.989689669310975 4.897293172859058 0.008274183127306567 -0.028836398762255237 4.991817214016228
0.804929705131934 1.3849641791961416 0.008615760817826128 -0.02873619086674523 5.003683057985245
6.408916437218642 4.533146190595636 0.007761802659755009 -0.028978516516050646 4.974092823998516
0.7545814472998917 4.183389188869544 0.0077908708177181095 -0.028970715074047245 4.975096052332265
4.476058776016213 0.038317087959353485 0.0070318860076655065 -0.02916423458922243 4.948986398968458
3.249580407375839 3.8773067876388794 0.006618518311698456 -0.029260813648251685 4.9348362763355
4.2322176518576535 4.8747893357467165 0.008489723614664709 -0.028773678821912993 4.9992999146375485
3.9657710809404008 5.054974599936904 0.00879262871638567 -0.028682567532488962 5.009843669746943
0.6300780802860746 0.8922040888752745 0.009454329979130071 -0.028471312661093137 5.032997712769041
4.647972217292182 6.0751436011506375 0.006775735670941316 -0.02922480805954991 4.940212537234001
4.521776482247477 4.525841794938423 0.006366736273494748 -0.029316627862422482 4.926239776346605
5.4696869589418995 0.9909796269231711 0.00783422183500804 -0.028959022225204415 4.976592727829814
0.43885860917811487 2.2603821390535614 0.008928935570647212 -0.02864042788743267 5.014599408568964
3.3168861365721547 6.298520842967836 0.007933596257090699 -0.028931955523771227 4.980025881952958
1.034352328677148 6.8955312050805215 0.006586652856314824 -0.02926800307759994 4.933747395540783
0.9191728525567772 6.561761642615169 0.007425119343413906 -0.02906660631611576 4.962492209712145
4.631401648473339 4.089411989075125 0.008748095833807314 -0.028696181266547 5.00829142698917
6.208537996696288 3.886819821132208 0.007544343365449853 -0.02903588957108414 4.966596124798177
5.310278414958202 5.482907842971759 0.006964042772807237 -0.029180509047282078 4.946660801149262
3.404808493468778 4.701328150979557 0.007035741798718674 -0.02916330463685079 4.949118610650922
4.842918449343695 1.9249230525896708 0.007980288425070807 -0.028919111270104426 4.981640101376349
5.160948498794419 1.943920931921197 0.010008176191459094 -0.02828137919764012 5.052514976637525
0.12087310591680687 6.245468720276636 0.008949061180788987 -0.02863414577008533 5.015302184967922
6.845077908226848 2.1063121596939482 0.006945394899986455 -0.029184953138273875 4.946021797482095
4.770507312749828 1.6647183840213688 0.010240518220836256 -0.02819808125686428 5.060742417795357
2.4440410854535406 4.369447631307484 0.008367420349633201 -0.028809482409313504 4.995052038053199
1.0633984356655117 6.71013994658164 0.00873533625501724 -0.028700067953086474 5.007846813316557
2.7072553374911017 4.1677755912713375 0.0075868742107639345 -0.029024805592975902 4.96806117228294
3.872030719008503 5.75909665035033 0.00597656548286054 -0.029398650734839514 4.912949707489504
4.0806585471485555 5.599024702621351 0.006285049495956316 -0.0293342488029501 4.923454251922607
0.3749252815395329 3.9842632192779015 0.0087949017518507 -0.028681870635913785 5.009922918687103
2.0954632816831125 6.999952168035082 0.008700872713017298 -0.02871053489630367 5.006646214954941
4.290969978085929 4.590106958456069 0.008514266581948664 -0.028766425995794334 5.000152988015614
4.7370234241302365 5.901098532941286 0.008425781357870117 -0.02879246791279567 4.997078392645043
0.25993812000602523 6.20918048044326 0.009833654043531856 -0.028342534257757006 5.046350740199055
4.769230977115296 4.519430917328271 0.007346455397430217 -0.02908658785580681 4.959786807227413
6.3555880257703965 4.697520471625989 0.009200403592273183 -0.02855437923925657 5.024092087948097
0.9893546907803392 3.8315297618296804 0.009725187332278194 -0.028379935365537668 5.042526274171174
3.966657905080225 1.4071238761458937 0.008320445571138348 -0.028823084246792953 4.9934218913907165
4.5016055300508615 0.2607940237220343 0.005985386386368084 -0.029396856121120835 4.913249761147107
2.372691221047798 2.769761740362174 0.007743296683485095 -0.02898346695051385 4.9734542683613805
0.2533896943629952 0.10657866876471307 0.009408447668478787 -0.028486507551286382 5.031386615274238
4.8196585511050385 4.0087396916021305 0.008427463013255644 -0.028791975742560774 4.997136799231207
3.0054265703644565 0.7347751947064626 0.0077934494784714 -0.028970021491647426 4.975185062617755
5.8670184972630235 4.346720634091212 0.007970742490318785 -0.028921743795162606 4.981310025527554
6.447644797017369 1.9084903488789997 0.007778779808402059 -0.028973963910593876 4.974678722929379
5.362045856728801 4.152825459733397 0.0075730097443715266 -0.029028426127016494 4.967583525622521
6.9984543567606625 2.9710321277237988 0.007121044248493526 -0.02914259303512639 4.952044640171776
0.319323465949205 5.829946378176535 0.007886388797232375 -0.028944859159078448 4.978394574160776
4.501312506385691 1.5292401314878323 0.00820684121822723 -0.028855636489580446 4.989482684537392
0.12017012261802641 6.904453757742898 0.00860423788498509 -0.02873964318530394 5.003282091809575
3.2318044964530297 1.904658753170843 0.006475757648512265 -0.029292739081173934 4.929960043428858
0.07432640616610629 3.507602321753435 0.008803982807310724 -0.02867908448205028 5.010239547145101
6.122371376343765 6.614476981801053 0.009232177552140368 -0.028544121945608267 5.02520504033487
4.6907346340985026 0.5093109648700757 0.006443825619838252 -0.029299780056872716 4.928870074061354
0.7968421358681681 4.41893487107507 0.009506034988020606 -0.02845409107328027 5.034814300488399
2.741054883332037 4.326744209559573 0.00907812540210143 -0.028593489454484575 5.0198127331318565
4.336429814907673 0.799289214271419 0.006705619613976273 -0.029240975797545754 4.937814005350058
2.850561468266444 6.600079125149126 0.007735638334742475 -0.028985511890495613 4.973190046053133
6.077459746371007 0.48142704575131445 0.008714235255453812 -0.02870648191458866 5.007111670770567
4.00650938239105 3.2452442327040556 0.007160651820435712 -0.02913288632295967 4.9534039620093555
6.589489652291377 2.862273236987685 0.00682140162579764 -0.02921418285455825 4.94177539603245
5.6064175424793605 4.102590822928734 0.008488263316082899 -0.028774109645249516 4.999249163822603
4.6804386540413345 4.6137395245434 0.00645255575509426 -0.02929785869696623 4.929168042900272
4.665811432460456 0.6130668086606474 0.005318629248208268 -0.029524772360174152 4.8906187274264745
4.225155379598355 1.3331110993233337 0.006968586299153089 -0.029179424343041035 4.946816508192526
6.536092159853794 5.6896489014494955 0.007345679104039717 -0.029086783914700407 4.959760118267608
1.1021588855074804 1.5435420852953872 0.009218285833331584 -0.028548611284876856 5.024718403323517
2.5082388257857855 6.436188150395654 0.008292713366442113 -0.028831075335859956 4.992459872249056
4.610498339285748 6.175457563136592 0.00635256550989022 -0.02931970176251036 4.925756432200773
0.2093157382943875 3.347403724509124 0.008733618160548462 -0.028700590827119534 5.007786950084853
1.150384811730534 4.050624122938124 0.008663226488416526 -0.028721916837328217 5.00533524117365
1.6900528535496953 0.4706185459511284 0.007254678336234422 -0.029109614257797557 4.956632753121511
3.6257914468012693 5.588011056376359 0.0067603058463788345 -0.02922838115365639 4.939684599429006
1.7008898827124483 5.275797555304872 0.006457701527061631 -0.029296724919133637 4.929343682750805
4.1041326184327165 5.318314126938895 0.008502809444976089 -0.028769814589990415 4.999754729919344
5.295762650335403 4.306767960235021 0.008116870750660685 -0.028881073546824208 4.986366109495762
1.0343073750590333 6.668136110879553 0.007772268851403599 -0.028975711154370334 4.974454012196704
6.807256701169964 6.192708476686821 0.008980415233440854 -0.028624327804072244 5.016397360845336
4.891415269768348 2.1668697762005285 0.00892745276466074 -0.028640890124693247 5.014547635808224
3.6904643313720245 6.7084071573732045 0.005463529148833942 -0.029498302480648643 4.895528658327886
4.0854711583887555 0.2977662804906306 0.005114140664074469 -0.029560878966432304 4.88369698710161
0.5757498961960382 1.7362827756741182 0.00929787094663143 -0.028522790814711436 5.027507367981311
4.345793337967368 4.68445697359298 0.008650162741165014 -0.028725853939462975 5.004880436858366
1.4629029942965228 3.510713408509164 0.009576060888793364 -0.028430600729744033 5.037276328959711
6.457503532357493 0.9261872960967895 0.009286857134538114 -0.02852637874954826 5.027121251512287
5.43529089410085 3.6431584125026184 0.008110198211941207 -0.028882947996404826 4.986135081997623
1.3706444129438153 0.3775208646654268 0.0062165586940846115 -0.029348839806762395 4.9211199926872755
0.7438619395643968 3.344536529616927 0.007954261121730633 -0.02892628095706955 4.980740209420166
4.300750499100263 5.381188080139135 0.00784855158211608 -0.02895514182425745 4.977087589390912
4.762931925859951 5.2335162732337155 0.0073143290666945375 -0.029094683196489824 4.958682454335511
1.0919875302702744 6.282118583774879 0.006101595431947833 -0.029372955812870336 4.917204474980577
6.266457388996596 2.468017831645342 0.009442268240231292 -0.02847531510764226 5.032574097212123
3.7612036958068114 1.8309135647882846 0.007501260210684324 -0.029047049682396388 4.9651126204363845
4.725511117387245 1.5739864095519394 0.010234137668541855 -0.028200397624525305 5.060516150974204
0.7388372381446553 4.8733373944381775 0.006974936497980769 -0.029177907067662268 4.947034139761659
3.266053033821776 3.9176047780930796 0.007896616649146489 -0.02894207051156538 4.978747947603308
0.19126931550906973 6.781130635758318 0.00839866064462429 -0.028800390611525378 4.996136584513408
3.502598648405822 0.4617898152514589 0.007609926996088169 -0.029018769979346274 4.968855499092921
0.06791242903878635 4.024244544730261 0.0068547368413071985 -0.029206379146282848 4.94291661106873
2.1444891451884422 3.8973305196623578 0.006563623892179322 -0.029273176141341627 4.932960634383769
1.864696497863494 4.9730361705470365 0.007703406643398364 -0.028994094676096472 4.972078217604046
2.2253153218502533 1.244427172021189 0.007618071278885581 -0.029016632988508824 4.969136165111506
1.8856591824330946 0.887474473908211 0.008356017690545153 -0.02881279174872328 4.994656265442492
3.1030932610541937 5.369735911067205 0.007323686271330504 -0.02909232921921387 4.9590040795287225
3.7028237879634966 0.6926060930589159 0.006929767131208468 -0.029188667792607845 4.945486358077946
4.853184164891976 0.588834782468704 0.006883240144340948 -0.02919967474331406 4.943892650327428
4.155298747518151 6.7159033701404764 0.007353035777738113 -0.029084925044622397 4.960013047871733
0.34197523417029174 5.641015396210917 0.008015262262958785 -0.0289094374012361 4.982849671197051
4.200308299903115 3.7296102728149747 0.008483176595054778 -0.028775609721726398 4.999072387251985
3.494606780703185 4.278704257298992 0.008712776499225633 -0.028706924699008454 5.00706085489623
1.2998488280580178 2.948885147823692 0.008382197696147524 -0.028805186369518582 4.995565009714878
2.3785556648478914 6.455884546409672 0.00695959922990638 -0.02918156915861596 4.94650852614368
6.706791075320083 4.415188094409125 0.009725161033183303 -0.028379944377652556 5.042525347492154
2.638423196427658 4.678901141260853 0.007098748216815789 -0.029148032073439443 4.95127964475274
3.456249172225321 6.617983666657146 0.005358505864315554 -0.02951756112726957 4.89196950771203
0.7919665396163109 1.4863268115462802 0.008351592908301881 -0.028814074614569904 4.994502698798535
1.6051805157426058 6.502262483222366 0.00578954981435366 -0.02943605124582979 4.906592403641518
2.2464461526637 4.5219381697006344 0.008166711661611115 -0.028867019600854277 4.988092258217159
1.4450997681087459 6.110050667270185 0.007095441599576338 -0.029148837172467128 4.951166204107344
6.730146997790246 4.139946754498222 0.00852479059809967 -0.02876330901093529 5.000518851548008
1.612065528205116 6.249274821961849 0.0071039910426075725 -0.02914675472958441 4.951459517638985
4.305570678342668 3.669992507374464 0.007005929542428112 -0.029170480819597968 4.948096484160698
1.2025136750126761 6.70020655996985 0.0075772579531820025 -0.029027317511457033 4.967729874925334
3.953085881339042 3.949386930060072 0.007238893707708107 -0.029113543547436886 4.956090541783802
1.7199101079441297 0.9934385049729797 0.008606314771974453 -0.02873902131328926 5.003354358171592
4.38136239420396 4.184277101644256 0.008336349523567349 -0.028818488451355637 4.9939737136704005
3.2530404499791876 5.914789438893618 0.008757482743861782 -0.02869331796762032 5.008618556868191
4.23197060245703 6.537118152019861 0.008123429729816382 -0.028879229377265857 4.98659321977031
5.151756774187984 4.776506790791844 0.007431141657410391 -0.0290650672400306 4.962699405328804
3.4376765198464025 6.469939718286415 0.006507497264983884 -0.02928570435120568 4.931043705318993
3.9886509135023847 2.6688868408038373 0.006633442306639231 -0.029257433981203628 4.935346339272166
4.198719511249194 3.054780396227439 0.006112822681865909 -0.029370621356383755 4.9175867210174165
3.6597761856337767 6.7998675648230185 0.007778643093280199 -0.028974000614816108 4.974674004381524
3.626530476034208 5.451020462720103 0.00583229940164487 -0.029427610906928428 4.908044898379762
4.503683905641359 1.025096891027848 0.007400002822287841 -0.0290730108215529 4.961628202661527
6.325566656730946 2.6326271712282603 0.00795419987629519 -0.028926297798507597 4.980738092126978
0.7604772204249445 6.88629827208551 0.00632885360385566 -0.0293248292759048 4.924947766692752
4.141457500226886 6.38892982290756 0.00662214162518051 -0.029259993853315343 4.934960106256245
3.3619605253675506 2.9644698390024824 0.006505009211485843 -0.02928625710394697 4.930958748167662
4.630627246985311 6.383335465626055 0.008195895639701613 -0.028858747281597652 4.98910338296024
0.08714067499390066 4.147265657697028 0.00729689007906895 -0.029099061757623477 4.958083112013846
1.2192759844910817 4.832239156167382 0.007191363375273948 -0.02912532047557191 4.954458287354436
4.388359376691036 2.730172511954018 0.007884318461255835 -0.028945423168464827 4.978323047960093
2.9499594907330264 4.903201250378702 0.00909297859498139 -0.0285887694780872 5.020332236657012
2.991733347313997 5.281849765922822 0.008966068427119334 -0.02862882493153035 5.015896189981
0.39349972100774555 5.586877872593903 0.00923776487330836 -0.02854231420444863 5.025400789851812
0.7271658108823071 3.303681854511458 0.009897452135753845 -0.0283203185225813 5.048602588178198
4.760122831821978 0.531198420997285 0.007689115381487147 -0.028997887934299242 4.971585347349275
4.595823364323493 1.0163185889243302 0.0075482201307240865 -0.029034882001794524 4.966729643439775
4.371680691162974 4.659384427990147 0.008437515966957382 -0.028789031319364312 4.997485975256864
0.7957125815839612 4.43795956249842 0.009700975746396567 -0.028388220612920168 5.041673275372947
3.368577864434571 0.8056785260282389 0.005291926184692799 -0.029529570217931764 4.8897143718607445
2.396490370891971 1.8600410200023993 0.006321948391811257 -0.02932631870063604 4.92471229945125
5.429114552304515 0.5821655220076967 0.0062572788382250465 -0.02934018509724676 4.922507650351475
3.0878655012535856 3.6236728668866065 0.008847636388952739 -0.028665647216291477 5.011762043525039
0.38304400521999354 3.3741245324947124 0.00897887248701269 -0.028624811769895824 5.016343464963607
1.2803183617607392 2.058291012526075 0.00892335050216857 -0.028642168490102978 5.0144044080342765
2.793877826075306 4.621662992161463 0.006618717453880509 -0.029260768603467976 4.934843082104393
0.4892424739988663 2.6372396860056257 0.008136193800181258 -0.028875635931454254 4.987035228251806
3.6583223635626876 4.61783851679748 0.007221731469613997 -0.029117805456125755 4.955501091671763
4.135164986632867 1.3473231236582432 0.0071006392854432235 -0.02914757145523483 4.951344523354635
2.619966852650868 4.093033760038818 0.007314031995586021 -0.02909475787779551 4.958672243853917
3.742236676039369 4.308553272240581 0.007138954425389348 -0.029138210818652092 4.952659256825896
1.5721730454848097 3.6482339835205315 0.007651354712761633 -0.029007874294051612 4.970283384856555
2.4848701467925762 2.583388535971924 0.008540800552188754 -0.02875855917683868 5.001075507796495
0.7659605698217536 5.597206995155124 0.008517555670450755 -0.02876545228917446 5.000267327703334
6.949487627064377 6.766342433044145 0.00998078887708235 -0.028291056067087865 5.051546755555683
4.303150458008879 4.698702597979614 0.00739229754492436 -0.029074970971736246 4.961363179626135
4.752164899699085 4.46799175997225 0.006975381208826577 -0.029177800756594884 4.947049381144631
2.6683054316519588 3.861189926405071 0.008153277729716203 -0.028870816792430965 4.987626915818078
0.31757440453551433 4.466228915858704 0.009933909381410757 -0.028307551013853516 5.049890195885088
0.0029245073460630877 0.37463387719659486 0.008428032358932204 -0.02879180908794707 4.997156573745099
3.0756234727709817 3.3269973664670087 0.008615846619796677 -0.028736165141231666 5.003686043837105
1.3963285076169745 3.1259781380787928 0.009185183687430593 -0.028559278713373677 5.023559118951612
0.4486958149831111 6.333855592178887 0.006947867553351585 -0.029184364588955576 4.946106521904443
6.58946951067062 2.3174505238825 0.007436678761108261 -0.029063650992332005 4.962889917139472
2.5888785974356403 3.8482033015506025 0.007426754810850298 -0.029066188483864063 4.962548476314898
0.3713714335097839 1.6506598264263332 0.0072883658500283955 -0.029101197969089516 4.957790184490168
1.44573051857294 6.127439674401191 0.00768133400102585 -0.028999950137279275 4.971317013884672
3.011042538327643 5.4228498377921746 0.008495773236767538 -0.02877189317909797 4.999510169636158
0.16133781913923778 2.1352116707389315 0.008098941326067114 -0.02888610651155538 4.985745361728614
4.128325393719383 3.9739711500091266 0.007536863437825301 -0.029037832038903526 4.96633852368787
2.0017327593029033 2.33890657509887 0.008627491842874072 -0.028732671029703127 5.0040913147176
6.9128820067602375 5.592249292186112 0.008565358099587587 -0.028751254592205698 5.001929537545394
0.3141434807186791 3.7420750266972287 0.008498501255217625 -0.028771087508383558 4.999604986359778
3.855885113079136 5.421897167629838 0.006065859499374699 -0.02938035650794329 4.9159880013298265
2.7038832819102505 4.5687435729430215 0.00827233199459239 -0.028836929853423076 4.991753020297642
4.667641650766114 3.8010276510441665 0.007506166884501222 -0.029045782115515794 4.965281545711789
3.487884430414547 2.902312479040735 0.00855288346319141 -0.028754967996244874 5.001495684106966
6.118231128437169 4.214499921287187 0.007518693974991409 -0.02904254191544583 4.965712857528921
4.465677221198852 1.8649262410431342 0.00836961568231441 -0.028808844706623635 4.995128240636301
3.5656546100126714 4.650376542206302 0.006677564325619137 -0.029247395348598455 4.936854659563685
1.2359561246172017 5.245425616207403 0.008304826037791493 -0.028827588599846854 4.992880023197566
0.023356040079939654 0.25018693145834253 0.009220779915682724 -0.02854780583068587 5.024805767206421
3.944410163968319 3.4567551151106475 0.0076440114901357515 -0.02900981020859448 4.970030247467511
0.19675780786825767 4.852438637961116 0.00974112189984896 -0.028374469935705988 5.043087801230351
5.148754524398271 3.6202609742773095 0.007578785643565022 -0.029026918681956112 4.9677825046895965
4.552902925157156 2.6421927312213223 0.007012206386489106 -0.02916897258377952 4.948311667665877
3.5590011531068995 1.6394491505175668 0.007170819059109867 -0.02913038540804956 4.953752972226903
5.300548090411305 3.965535472237427 0.006458910957211335 -0.02929645830551562 4.929384965032564
1.6065450245423316 5.639687718573665 0.006828727999092136 -0.029212471205196166 4.942026184764887
0.8386728704715385 5.0137942969053695 0.0068055865528719416 -0.02921787110094383 4.9412340810702355
4.704745513022073 6.2371586466055495 0.008707472595654714 -0.028708533940205345 5.0068760996515085
3.472024491715795 5.200115368286211 0.007331800793631791 -0.02909028527055897 4.959283012413394
3.4541859994150257 1.7565243656752438 0.006146917485761729 -0.029363504651577894 4.91874770875601
5.178547875438082 3.4567402369088476 0.007165481558791703 -0.029131698783809636 4.953569748424416
6.026878549215343 2.6552755441454567 0.006658733729740569 -0.029251688243867487 4.936210868445199
4.940284043765566 2.4945541202100454 0.009983216180744894 -0.02829019962263457 5.051632554417213
0.6399467048214618 1.9121634122015732 0.009123582397165193 -0.028579017552080713 5.0214029025284805
6.794482254300321 6.747023611133689 0.009151311092226413 -0.028570150599765726 5.022373299606234
0.02797026054595414 4.206489283173797 0.00935512365936049 -0.028504063943902345 5.0295152884158405
3.809432652499906 3.4827592699664525 0.0077811398209632465 -0.028973330203596204 4.974760176691663
1.8443505882445823 1.7643319324366278 0.0104383738928171 -0.028125439560542947 5.06776807440435
5.964694680347771 3.251865278456053 0.008119540879236636 -0.02888032298833247 4.986458563235949
3.581095817811849 4.669030876460766 0.007214362428497355 -0.029119632119075367 4.955248022808017
3.0006039761452596 2.490453372156117 0.006232857378041718 -0.02934538275274308 4.921675368764424
0.4545180685116269 4.3230339582260084 0.007512851221946121 -0.02904405389261118 4.965511683645539
3.746194766021544 6.557940347921255 0.005314948549430716 -0.029525435168967523 4.890494064061965
6.662141078765459 5.011155888600415 0.008143839460002087 -0.02887348054616403 4.9873000170569854
0.8845993235666928 1.7368712882206196 0.01013010152201303 -0.028237936241051847 5.056829435879479
4.13150334312996 6.166958020581494 0.0054289468470785545 -0.02950468668079015 4.894356436435846
4.277254025120944 5.340819266863138 0.008858151468953199 -0.028662399630056835 5.012128882462033
0.2037009532532605 3.360744818221536 0.00868712432511336 -0.02871469782115117 5.006167387547871
1.4232823542119497 1.4664320002349376 0.008085134583891339 -0.028889974017993928 4.9852674220073165
6.1417257121912465 1.2077746962695295 0.00960470370403236 -0.028420937119626212 5.038283964422147
1.4071211268302877 4.477881828702651 0.00860538123393187 -0.028739300858209707 5.003321875036829
1.3715536267943647 1.4991280124374107 0.009555283516997932 -0.02843759056090701 5.036545608660741
4.194255213529679 4.135788256383372 0.007762456415121188 -0.028978341401870188 4.974115384067838
1.3188113016451544 5.178047417695615 0.006040483310146331 -0.029385584244316865 4.915124365443929
0.16665170265776613 1.9206911714947188 0.00927378080400365 -0.02853063247808035 5.026662891355517
4.847767924264944 4.2256556399105 0.007843058275305062 -0.02895663027512298 4.9768978764328935
0.9828785863804795 2.490369525826159 0.010192207548337112 -0.028215579123803573 5.059029688631411
1.69760613350304 1.8935469750734306 0.010303874270413089 -0.028174992014542242 5.062990158400064
4.197046797860801 3.2249135442910295 0.008290236841113763 -0.02883178754635654 4.992373975531375
0.9837046962092988 6.236349211726117 0.006367828125249496 -0.02931639072203946 4.9262770199264505
6.458033188780408 3.7094256298982544 0.0068427772722097786 -0.029209183473745536 4.942507145905889
5.294241481567708 4.311148776646537 0.006593791320501353 -0.029266395678690618 4.933991302176977
6.019403580948968 3.4734932989321456 0.006299614242370123 -0.029331124431179374 4.923950788305541
1.1192094220320195 4.34604310147524 0.009837377757085855 -0.02834124201344028 5.046482125713345
5.212545704623995 1.959597841245126 0.00994621769199793 -0.028303228678427966 5.050325035696874
5.406507840928185 5.942889079499124 0.007791559852616233 -0.028970529768423268 4.975119836249921
2.578983265050393 4.117815663102351 0.007539038308869628 -0.029037267457138524 4.966413422261001
0.2840438232370981 1.5387372978955434 0.008631095165171344 -0.028731588822231112 5.004216725618282
6.45303445527112 6.594741976436483 0.009059164878352843 -0.028599502298236212 5.019149696543879
6.73924277888387 3.6059477310067716 0.008786299318886854 -0.028684507042634155 5.009623006674266
3.4468428300222023 3.953943892234946 0.0069275957013003675 -0.02918918323282316 4.945411965825783
5.270915969066387 5.1826456880918395 0.007045882747658249 -0.029160856234106906 4.9494663550054385
2.0819620384263318 6.677160613075416 0.006702830589776749 -0.02924161524411319 4.937718625711511
3.7304911919195156 1.6083125332466106 0.005883960802712743 -0.029417324916996446 4.909800746595818
6.317420352631606 0.432043295863312 0.010371765769820566 -0.02815007060055051 5.065400860257325
6.59576425046124 2.6360890769101744 0.006725085457958847 -0.02923650501655679 4.9384797605430855
6.158329970306914 3.0506400943443057 0.00922011938618028 -0.02854801916954279 5.024782629630165
4.217505894043596 2.8018813431087892 0.007735179787977624 -0.028985634263332283 4.973174226225675
3.914666574940859 3.8006002162250567 0.007858448826799123 -0.028952457271129498 4.977429418261088
4.081025299294611 0.5243529736951652 0.007849385890805858 -0.028954915664481187 4.9771164033388136
4.513595888195373 2.772152561860322 0.0062177733405598705 -0.02934858249874128 4.9211613793931095
3.159680535665968 2.366775227249183 0.008223264509921112 -0.028850960483142875 4.990051884320849
3.3432262750644153 6.031264537106153 0.00816683834704747 -0.028866983760226752 4.988096646807209
5.389772035369955 3.3143707138673584 0.008823413473364307 -0.028673112399564393 5.01091713811342
2.974315201854234 2.74457558553746 0.006608246777558576 -0.029263135076865683 4.934485256479247
4.068360463388662 4.719434047672905 0.0068159168361708175 -0.029215462989355536 4.941587656075054
2.9252272386169507 4.559128734930818 0.008699981125531282 -0.028710805081282542 5.006615160734113
3.6744753656891747 3.391444309270053 0.008667490127784753 -0.028720630475056668 5.005483689999821
5.019638209182933 0.9292761323980152 0.005121743378108518 -0.02955956266200164 4.883954181188214
0.10911817369793925 4.802821741313962 0.00916883610627745 -0.028564531231165386 5.022986762845717
3.5211451631891815 5.219711202600746 0.00716792696116153 -0.0291310971828981 4.953653692297271
2.05473433962718 5.9940999655926595 0.00850686940074597 -0.02876861437397797 4.999895851456245
4.692246835899308 3.8522940883775787 0.008289907491918498 -0.02883188224475526 4.992362552422286
5.23951410235766 1.8991506899723216 0.010725405749410798 -0.028017238827381007 5.077993071289166
4.04311756875584 3.738893189457603 0.007540027806173879 -0.02903701053280321 4.966447499216871
4.844759004611769 0.18933085544360642 0.00512439126828215 -0.029559103743678587 4.884043760007658
4.03164317665104 4.229089585390641 0.008766541808834445 -0.028690551488494566 5.00893429245672
3.1889648042052334 0.867967795951772 0.007287505997509622 -0.029101413304790907 4.9577606376193355
3.7386006569753407 3.0505217145920294 0.006366681978814752 -0.029316639653627345 4.926237924337249
4.201084912504454 1.0965276460280127 0.008323071461199922 -0.028822326093703114 4.993512996304161
1.6795119276652009 4.155035163025344 0.009191519704801681 -0.02855724015930535 5.023780981819663
6.682384445596947 3.8531280696918793 0.007654879570000217 -0.029006944319745112 4.970404900611269
4.732259241200136 5.838701745950866 0.00854783303064681 -0.028756469715182066 5.001320051824672
6.196000265828967 4.198996278924694 0.0070047306007279585 -0.029170768745633447 4.948055383165813
2.65759861215888 4.769591144915939 0.008984269022568336 -0.028623118455718955 5.016531997038685
2.340696963993721 5.625813391447782 0.006960306077724188 -0.0291814005713296 4.946532748619714
5.018252675334098 0.45698976841172245 0.004585598033414834 -0.02964746685091227 4.865843808314319
0.11072265136952146 4.560383519325298 0.009692646222332959 -0.028391065658208297 5.041379875277565
6.485124261603999 5.872366394603751 0.00965908348180783 -0.02840250176113835 5.040197954924852
6.791135325759107 3.572871267571574 0.009438196520130726 -0.02847666494601136 5.032431109379575
3.848141457077228 5.777776652586442 0.006001833214891752 -0.02939350265042637 4.913809268809188
4.397110263159583 5.136546944028238 0.007528096378879104 -0.029040106144955932 4.966036617003379
3.829610548476621 3.2265493559075704 0.006071678453333326 -0.02937915452764643 4.91618606131491
4.730212286117866 6.181459059714604 0.008767460016983182 -0.028690270909327454 5.008966296464689
0.34960236729120087 2.0448004929893586 0.009364093202137552 -0.02850111854825493 5.029829980600337
2.8375807835568168 1.0290589881828752E-4 0.007957014507140602 -0.02892552367949721 4.980835396957536
1.2824354551629729 2.6040244118639486 0.010911373042980796 -0.0279453384004723 5.084639177249815
4.196024168527268 6.049479029937177 0.006355788906031932 -0.02931900317851822 4.9258663731055625
6.47950354244463 2.2110061146353326 0.00945207962923152 -0.02847205982507529 5.032918674601854
6.983317148773377 1.498890891301657 0.008341909118417867 -0.028816879641280678 4.994166636697259
4.608242248031719 2.9229240855775367 0.0059675130144823205 -0.02940048959493675 4.9126417959025
2.597025997344685 2.5100825054473166 0.00807223978948128 -0.0288935796463698 4.984821108363441
3.2203045858611388 1.7231565130229305 0.006615600485315178 -0.029261473479965043 4.934736559577183
4.581278049101736 3.4367011487375043 0.008607432247143424 -0.028738686645545155 5.003393241947877