300

5.283205927362973 3.5419204127385355 0.007376676039704981 -0.02907893826475173 4.960825932687839
3.1162558739419763 0.03609952261309001 0.005911719397497768 -0.029411759106949868 4.910744449636091
1.6990219351189526 3.1768044930042305 0.005714316046102508 -0.02945074858344445 4.904037205276669
3.024741619076613 2.822297502453064 0.006144282680617523 -0.0293640560948358 4.918657978989987
6.851082432840075 5.706609698410632 0.008637561440696117 -0.028729645531370546 5.0044417912845605
5.537957791377506 2.5198487989957785 0.008792586717175926 -0.028682580407294975 5.0098422054707665
6.559336245165218 3.528790199848454 0.007477964359532347 -0.02905305576075542 4.9643106993477435
6.2994278520519575 3.710636112428501 0.007652525194990563 -0.029007565532806 4.970323735571201
2.989908544804339 6.555374393107827 0.008021052161709213 -0.028907831503230053 4.983049953875247
6.993654647091023 4.734809250131646 0.009252796700385903 -0.028537444756342983 5.025927485374138
6.828862018727405 3.174386966622109 0.007430645711938355 -0.029065194035197014 4.962682342082875
0.8693312149034524 6.666585521674548 0.008599571522817666 -0.028741039814591664 5.003119729015201
2.7760828159611894 0.918704443172428 0.006682720301330063 -0.029246217693476042 4.9370309514844415
5.658162758968026 4.956737522590517 0.007906970016681744 -0.028939243686649723 4.979105692328639
3.341554098086509 5.544571182424542 0.005849491548304076 -0.02942419835146438 4.908629150466037
3.2732338921561506 5.223389918651021 0.005785496180473753 -0.029436848233901053 4.906454695666904
6.945468029989663 2.7396640470821714 0.006438389745420802 -0.029300975026201093 4.928684551728267
1.5166913672182487 2.5370242528290916 0.005546456910144166 -0.02948282238429547 4.898340666639186
0.7242913209941055 4.163091527535867 0.006344229489068605 -0.029321506649386764 4.925472126300836
5.6946629777522695 3.3446684656236165 0.00836820379122662 -0.028809254855141606 4.995079232040106
0.16815322229573787 0.5788335460022963 0.008965084567779046 -0.02862913304123214 5.015861824126016
0.48617796026563814 0.5975201044444933 0.008287185756137239 -0.028832664674692764 4.99226815349176
2.4878333453434984 4.9105406707265065 0.005644582410040729 -0.02946419334406185 4.9016699415158955
2.1729508449442427 0.7622878161401246 0.00693775447536795 -0.029186770339308044 4.945760012353279
0.11934976538540545 0.3241887363070427 0.007654746624700038 -0.029006979403440877 4.97040031739084
4.7249963894360345 3.0096347233119416 0.007114003538999086 -0.029144312543738417 4.951803052137885
3.398529979834845 5.367046056539526 0.006942208732757921 -0.029185711194192606 4.94591262732747
4.975730949677581 2.80503539768583 0.006262320445497006 -0.029339109438391447 4.92267948633892
6.221867082164247 4.419475815491394 0.0066916026356690795 -0.02924418667301771 4.937334670850616
6.422133142705676 4.257135629689863 0.0070043646126375925 -0.029170856627346926 4.948042836786173
2.639651849160037 2.621650001197789 0.005233595323859951 -0.029539964116194712 4.887739382806571
4.45240870524746 5.661788024675949 0.0083583216190453 -0.028812123484960282 4.99473622837136
6.588975454913225 3.2359889599056544 0.006911399391588327 -0.02919302242745606 4.944857128641631
0.11536384657818843 4.570048126478944 0.008970121237529877 -0.028627555344178716 5.016037757100133
2.591232057864174 4.864563491300685 0.005632682972198288 -0.029466470479762374 4.9012660961522565
0.0741359733511189 3.1674017280856868 0.006781739024914881 -0.02922341553956256 4.9404179619187145
1.644097090731222 3.3417908363353583 0.00491793988794386 -0.02959415258557965 4.877063568048558
3.270704095405795 2.473453069361223 0.0069303015602092 -0.029188540907084785 4.945504667586489
6.31019303998661 0.06554990747712411 0.007581401230185462 -0.029026235639278863 4.967872614749911
6.855418786116054 5.922711941950314 0.008574096108320212 -0.028748649984395584 5.002233468785965
4.678278993531437 1.4191325991924921 0.008749584242918811 -0.028695727479470995 5.008343295245295
2.6143142501740826 5.770322566838921 0.007499705891365522 -0.02904745103349031 4.965059110403618
0.10262151882561793 2.65057741000193 0.007031730577033988 -0.029164272065182857 4.948981069477256
5.260348630154356 6.369839942958438 0.007000026051567195 -0.029171898040363787 4.947894110141807
1.1682647531100758 2.9931554957522857 0.006701554631796026 -0.029241907692848172 4.937674990926312
1.7748565545415014 0.5640745046387065 0.005733551251756527 -0.029447009865918153 4.904690378011136
0.6773263266139504 2.8030738337769274 0.007479927399059869 -0.02905255042341022 4.964378267338363
2.328663859576439 1.6268498383899632 0.006542511875825043 -0.029277901877605372 4.932239485733612
2.6449523592662625 4.483171074829338 0.006118280093131523 -0.029369484992113674 4.917772536521989
6.843706497235989 0.18660835516279892 0.008358158040221999 -0.028812170938245393 4.99473055094572
2.488000174893365 5.569808160692854 0.00807546685507889 -0.028892677879914872 4.984932798088037
5.559574429534218 0.5585868678379862 0.008441884709200313 -0.028787750564373205 4.997637728866274
2.352037982212093 2.1485505305396537 0.006212074348753837 -0.029349789305641607 4.920967200521943
1.487674015480556 5.280591717568958 0.006335712352870057 -0.0293233481884605 4.925181661394333
0.053081558088756184 6.174412900465126 0.009071840648275788 -0.028595484035985316 5.019592944126503
3.0479145035300177 3.053476539839707 0.006649093857914891 -0.029253880953962988 4.935881331552538
5.0390061359752565 2.971841685767683 0.007162338056496821 -0.02913247180663627 4.9534618432655515
6.706508473472866 6.465928835294992 0.008922482045466128 -0.028642439039794333 5.0143740872643585
5.202202340331303 5.261644562011896 0.007157623483927365 -0.029133630499172797 4.953300014264723
1.487173282612188 6.160200843324122 0.006354001036150575 -0.029319390696816966 4.925805393608593
6.30917652478096 1.892738844039974 0.005523026481615873 -0.029487220596105184 4.897546011383361
1.93312823354073 1.5214233073474055 0.007313216028255097 -0.029094962988876143 4.958644198786207
0.9194398219428064 2.753201949420088 0.006286614413066321 -0.029333913465840637 4.923507600009512
6.988812871882918 3.262401884045197 0.007658117601264215 -0.029006089615892853 4.970516531775543
0.0419008803917854 6.2810692320704025 0.007914776193179342 -0.02893710970038095 4.979375445897876
6.575633135956512 6.993722682892644 0.007484595121732466 -0.02905134826240838 4.964538935478303
1.8432900304923627 4.338101305180583 0.006849996832337851 -0.029207491220523567 4.942754320539814
3.4501048588613017 0.20508566281354446 0.007600056202877454 -0.02902135671730569 4.968515362236669
4.878622137258821 5.103620496760171 0.00818160364837263 -0.028862802388904228 4.988608178270882
6.94901488046243 4.833151494846767 0.007853349119641332 -0.02895384098189787 4.977253281733682
2.5123854004286033 1.9960706922334701 0.00737341846882065 -0.029079764443400404 4.960713909182181
3.45888078762624 2.7003068236270926 0.007121822092815241 -0.029142402956487453 4.952071331237236
3.9828463150827664 6.116450043647396 0.004760414131632627 -0.02961989968408658 4.871743027444838
5.942135297655292 4.238959176537868 0.008761533240677135 -0.028692081403629638 5.0087597250696145
3.989528151448865 3.918931722827652 0.006592513611956273 -0.029266683520279013 4.933947644520063
6.444227389274561 3.9756044511995 0.007697657060440691 -0.02899562166569028 4.971879920964519
0.6436678017497034 2.966648920987175 0.008054000799202368 -0.028898669019981657 4.984189916807678
3.3737439055710525 5.325713986814218 0.008444484670844988 -0.02878698800923542 4.997728044921798
2.1576106054563353 4.853027469534106 0.00679865566267089 -0.02921948461524318 4.940996873548314
0.19910158160146516 0.8156188179201372 0.008561528233318 -0.02875239527952582 5.001796333261058
6.0037326395570005 5.359530191576427 0.008650670305666517 -0.028725701092621906 5.004898106162573
6.445911963829584 5.961028099020082 0.007345856524439637 -0.02908673910775059 4.959766217963508
2.919196292574068 0.39708177681077117 0.0064008726790234245 -0.02930919359086721 4.9274043281029645
6.647690714320513 3.3319401356362675 0.008503103227957528 -0.028769727761914922 4.999764941435439
3.775863945393791 2.161315673404533 0.007249188510313977 -0.02911098187869883 4.956444166048603
1.8407715462700664 6.5967002111509085 0.006329688355594843 -0.029324649108233965 4.92497623247837
0.7364388593457865 2.2907899065474764 0.004823840923985649 -0.029609636248020363 4.8738847551187074
3.6599335624843685 6.02280844502904 0.006528375228311229 -0.02928105730465299 4.931756668161831
3.0406565380655333 1.9920672442763305 0.006106024710051426 -0.029372035377893735 4.917355271772113
6.637855289923846 4.037659188359811 0.007321599466160074 -0.02909285447076523 4.958932349750205
0.10428606796540628 3.8912350086026577 0.0066276766651733685 -0.02925874060895165 4.935149277810525
3.4205344382110185 4.93685181068315 0.007810364196414913 -0.028965465836394897 4.975768978219159
1.58107929790059 1.1202039068940703 0.005732215789649943 -0.029447269858866167 4.904645026845875
6.089258769618591 0.4839655930718581 0.006758676049434962 -0.02922875806562424 4.9396288390218
0.047451183792544975 0.22660323135890523 0.007266853807083939 -0.02910657719049888 4.9570510378072346
2.9938160543285806 3.508605720325536 0.005381496398857014 -0.029513378263240027 4.892748439357584
5.524319812646968 2.5518971538825883 0.008134457308090003 -0.028876125160811675 4.9869750918314475
2.548579844574704 5.444483943352186 0.005933278589102798 -0.029407417519804323 4.911477516362828
5.7885189992036565 6.105252750433461 0.00873961729859868 -0.028698764598394034 5.0079959816317725
2.322281885763563 2.657575045642788 0.0075280211398498185 -0.02904012564914233 4.966034026138054
4.433476882304608 2.5399567105068024 0.0076158645392782704 -0.02901721225961177 4.9690601150205005
4.154288437049092 3.6159986283201357 0.007642158029537463 -0.029010298527446698 4.9699663571840205
4.56001810877372 6.902520517427325 0.005563252286845174 -0.029479657799793266 4.89891036371415
4.187606286461445 6.537679438907197 0.005519950008503625 -0.029487796660714088 4.897441679981606
5.399206810757223 4.015345126298179 0.008731828105996304 -0.028701135481498514 5.007724580721884
5.994386068365691 6.337755776011756 0.008460633651602113 -0.028782245885499935 4.998289073069683
0.22331874510673236 6.256852719438314 0.007335994999524424 -0.02908922785786781 4.959427193952902
6.522162697122395 5.381385402971209 0.008773148889397273 -0.02868853183006177 5.009164588242275
2.6772348459166158 4.297440298368173 0.006299610723684207 -0.029331125186907555 4.923950668341307
6.477058901173038 2.369746904176619 0.005948972747834302 -0.02940424668726483 4.912011225400671
5.781827304519084 2.9217860099527253 0.005997571377327693 -0.029394372549415976 4.913664278450476
3.6562186227581646 1.6141578553832978 0.007097278315562196 -0.029148390015770177 4.9512292162289775
4.740610281002644 5.120460679651374 0.007509306529448011 -0.029044970570596032 4.96538964019494
1.9798989781044813 3.0542579594301356 0.00584904283169846 -0.029424287552172895 4.908613900571373
4.942616981283361 3.325475347641052 0.0066030497030037305 -0.029264308203332985 4.934307662029536
5.800197529874081 5.277821484301435 0.008126689038945352 -0.02887831236870128 4.9867060815378625
3.114019667009047 0.14054017771125663 0.007050024173802464 -0.029159855266252623 4.949608377488728
3.964855194137421 5.165753889029149 0.008886672921367128 -0.028653569487738173 5.013124118187738
4.527867838758496 3.1626732756844067 0.006913141511139401 -0.029192609928661076 4.944916804951719
3.777435330024921 4.7658164229095075 0.00795266113227406 -0.028926720880791474 4.980684897183796
2.005273126366892 2.780102957104778 0.006549455597585031 -0.02927634935191309 4.93247665798265
3.9422022636835594 4.904075273136739 0.00668145909740525 -0.029246505848215452 4.936987828037686
6.600861114442423 2.3154545142478904 0.006456928721956748 -0.029296895253244328 4.929317304278111
3.5143138651895076 5.350000197404558 0.005798656885389587 -0.02943425858290852 4.906901798003116
6.2582878424160295 2.5972902585335302 0.005821169691564995 -0.02942981453257912 4.90766670616819
4.039013297892226 6.6474561770888885 0.006199643853636144 -0.029352417550996913 4.920543690211257
6.693696326087815 2.8341396332839204 0.006655189659958141 -0.02925249477548857 4.936089712329681
5.604440663287204 4.576374617827093 0.00807909049913409 -0.02889166483099929 4.985058217669898
6.596545101718315 5.202373285653199 0.009510283692195557 -0.028452671299791153 5.034963622080065
0.48407252056571676 3.4321098551649403 0.008998025599752464 -0.028618796887818314 5.0170126440204195
5.760212982772005 5.1230680133648185 0.008419288847324511 -0.02879436707596326 4.996852906715164
6.296188981189739 1.3174300149513225 0.005913523774797237 -0.029411396372238226 4.910805798854241
6.49830634830715 1.7018873874281726 0.006087274568770553 -0.029375927020681394 4.916716946973135
5.998953421396238 5.45812700173941 0.007273890702417041 -0.029104819429937902 4.957292808172056
5.969531322513601 4.109970364914916 0.007524043443864186 -0.029041156489624242 4.965897056159674
6.885064935929955 6.695321101457149 0.00769947079652222 -0.028995140100601367 4.971942473551369
1.6707987111793847 1.2934194395594723 0.006160936678400973 -0.029360566398568225 4.919225168582014
3.080955101991338 5.538473110464843 0.007272641674032166 -0.029105131559247942 4.957249893571942
6.502469418409504 5.052704644547754 0.008608799973175664 -0.02873827696682337 5.003440834094226
5.65721241952712 1.6096837568415103 0.006299883585593143 -0.029331066581492975 4.923959971161427
6.978840658048239 5.044001784270809 0.008094806381507893 -0.028887265527320148 4.985602218117423
2.362078965424635 2.787475764031618 0.006793127675676561 -0.029220770290701734 4.940807689329773
3.4887461114749807 3.470820007285936 0.006880964812439599 -0.0292002110137918 4.943814727849646
6.65561195867142 1.3679448943360553 0.007066547801126011 -0.029155855366879584 4.950175073039617
5.206655433089172 3.5377096439707896 0.006377293102841761 -0.029314333229334195 4.926599887422267
5.2768161424023825 3.9230989392074127 0.008631936720835598 -0.0287313360017854 5.004246016005668
2.7368187607953898 4.2454896919050285 0.007605187168996984 -0.02902001254521651 4.968692165994794
3.0053997355020314 1.944823165555421 0.006906972185707417 -0.029194070206565306 4.9447054784849716
0.11864020335984747 6.196398437351013 0.009818136616974038 -0.028347913386533998 5.045803296076982
6.944370551759317 6.677001683263978 0.008106244645166185 -0.028884057847759454 4.985998202243823
6.680255941877992 3.307604199431147 0.006937164233370304 -0.02918691063472199 4.945739789472427
3.087209291482117 3.0822350532982896 0.006638158532981202 -0.02925636428695488 4.935507539757226
5.6358339677139 6.443942684040121 0.009316813614669144 -0.028516608916024984 5.028171563868041
4.6950105310848995 0.5069219317703961 0.006647227870376077 -0.02925430501036207 4.935817546032361
0.77859373514068 6.245218904823045 0.009652615213882424 -0.028404700659093833 5.03997022788948
5.394173255708815 2.2717037633581723 0.006048884957804838 -0.029383855954711633 4.915410284369575
2.6849885029376535 2.0224748886229027 0.0049051571896423255 -0.029596273970635224 4.876631650292714
3.6267935758635406 0.7225984928085568 0.005915305958064361 -0.02941103798614541 4.910866394213343
5.097028919038395 3.2688264267073097 0.007331649102292334 -0.029090323501825412 4.959277797915208
2.831901697631276 1.298270790845017 0.005887468140474728 -0.029416623172874468 4.9099199749621505
5.957706043020051 3.264456608024602 0.007928853739122176 -0.028933255578721315 4.979861965918866
6.498419437469083 0.011190087207948608 0.008824934817631983 -0.028672644200780414 5.010970196765273
4.90383271700209 2.7337807921626602 0.007864942441881764 -0.028950693953442408 4.977653710546329
6.035453759254657 2.9529134783686506 0.0071449497764180065 -0.029136741284715835 4.95286501764735
3.893958387749894 2.301334444597341 0.00786173162354213 -0.02895156603500746 4.9775428057789854
4.780157472629192 1.2298584869018332 0.00811805244472473 -0.02888074141196342 4.986407025594563
3.0703386557086247 4.244262689952374 0.006280047658178819 -0.029335320032530796 4.923283743160922
2.322263003616354 5.433825489039484 0.007142699422305307 -0.02913729302736614 4.952787784137155
6.604611794905272 3.3458507540314266 0.0061421907683799765 -0.029364493739290443 4.9185867389460025
0.05727444717915058 3.1153899655036246 0.008388025309242533 -0.028803489917221953 4.995767326916062
4.943103788478509 2.500377929543414 0.0061365183629848085 -0.029365679668292205 4.918393570594935
2.6015916719019563 3.1080815899207512 0.006680087604247244 -0.029246819136439135 4.9369409340319805
2.3821907332187546 6.043854521892413 0.005568177796559577 -0.02947872785630175 4.899077447993957
5.39131853724375 1.978748462383542 0.006616113517132516 -0.02926135748608421 4.934754092283953
3.7743279270803414 1.8002670969515389 0.008246824559789055 -0.02884423486036785 4.990868591792523
2.8284281530133986 5.002269078029512 0.007960493994123968 -0.02892456629527081 4.980955690183724
1.9414454362472249 0.9807778500315677 0.005488623756947669 -0.02949364353983193 4.8963794390968856
4.8991648880986896 2.4969818544153886 0.0077095844183096675 -0.028992452605755118 4.972291293745927
2.708605038834167 0.3082962425773483 0.005123260666512843 -0.0295592997234874 4.884005511282968
3.7613361190130172 4.778913122375638 0.006217854572901634 -0.029348565288787903 4.921164147239413
5.287645494119887 4.06394259060018 0.008527170230323384 -0.028762603634982117 5.000601584080632
2.4847362606176953 0.7906786546235341 0.006996999798723966 -0.02917262404749797 4.947790372799132
6.414574954234966 2.6173558657851763 0.005244886099561188 -0.02953796150384501 4.888121616117754
4.336345180508557 0.9960242570733646 0.006462049401330644 -0.0292957662049444 4.929492093380823
2.2702077759603427 4.255230979617032 0.0064055659257290605 -0.02930816823295408 4.92756445972778
2.577677490901846 2.3793536077975412 0.007205900839498651 -0.029121727165319584 4.954957453046489
6.204648341711043 4.082233863779234 0.0076647066858711145 -0.02900434918110666 4.970743700702902
4.998558112945684 3.212479106878792 0.008214337224401428 -0.028853503495482366 4.989742470288279
0.007592160020342583 2.458505971230461 0.005493281698248261 -0.029492776339023946 4.896537371763437
5.771959611013472 1.5442548138844803 0.006411255748822294 -0.02930692409181136 4.927758601640713
1.4309681634919396 2.865346588874842 0.005776468812127394 -0.029438621028548866 4.906148035919179
6.798189244714977 0.5201448312349575 0.007085825026030563 -0.02915117636906749 4.950836304579903
5.851331659959912 3.2931928696852175 0.008080135166371648 -0.028891372686204512 4.985094375936487
3.515335394025327 3.885683354898811 0.007226456316160483 -0.029116633203559512 4.955663361512251
2.3988740197407057 5.918613722991248 0.00800844578555238 -0.02891132643272993 4.982613891628507
6.224599037365881 2.0988831288250145 0.005439034933561103 -0.0295028286608505 4.894698361911808
2.494003860789055 3.499799437680382 0.006295291760364902 -0.029332052462312994 4.923803422198682
0.4465624566371563 2.266665428480923 0.006684398208263225 -0.029245834243416056 4.9370883236188465
6.834233366185985 1.2837078251948064 0.005371425478777506 -0.02951521282874206 4.892407217593843
5.914773629144764 0.3008672629336757 0.008920489108057145 -0.028643059788944228 5.014304508140534
0.5867603564782709 2.608549402359657 0.006134999060249197 -0.029365997114532673 4.91834183351476
3.904302144503692 4.286244428719219 0.006127481365065298 -0.029367566670066104 4.9180858403599625
3.1224704806477934 3.6561188280607055 0.007728348426363712 -0.028987456435512267 4.9729385526916285
0.07314897246059061 4.904644774785324 0.007198687209992884 -0.029123511162850623 4.954709754533239
5.766154170899299 3.845768588112817 0.008848378980164648 -0.028665418005383775 5.011787948894457
5.797299674042096 0.4141137922887247 0.007966323260780766 -0.02892296135779916 4.981157229190612
0.4720724750056166 2.1021714860019394 0.006671878112807819 -0.02924869300409569 4.9366602461267
1.3621627626211699 1.3134162139435426 0.008051347268135601 -0.028899408422455385 4.984098096069609
0.23292835229453415 1.1396012313658919 0.008686125381977576 -0.028715000014775637 5.006132599165785
2.9593728172615728 0.5671864973932308 0.006655951655068146 -0.029252321404726077 4.936115761299996
2.1593954990413717 5.41177600419595 0.005534136639567071 -0.029485137470505393 4.897922803432517
2.3072794564631494 2.8484203728831585 0.005398584514867586 -0.02951025728854006 4.893327465551867
6.116722833733101 2.1314588988911396 0.007143543255089029 -0.029137086157724694 4.952816744815775
4.163410150627719 0.41797481433476136 0.007269319959788954 -0.029105961370863766 4.9571357670688165
1.2861876170321738 1.9054742192800993 0.006928447986933596 -0.029188980943026355 4.945441164607389
5.918226992731111 3.325726305536004 0.006372970976497689 -0.029315273168311395 4.926452449068104
5.336532230438876 1.1475661190351862 0.008741402596008729 -0.028698220862180494 5.008058190383508
2.7147336121384646 2.959574392258123 0.006134077012372778 -0.029366189729113305 4.918310435130811
6.088222492640022 5.21717819007008 0.010586622502526781 -0.028069973708377313 5.073044244012301
1.9726899572825518 3.6621544625948204 0.005178873361220398 -0.029549606946767358 4.885887213430102
3.2242024914960914 0.39622530065557254 0.007305052678504871 -0.029097013684642428 4.958363632626976
6.47207525790092 4.825656651100581 0.007361942784955458 -0.02908267178976241 4.960319301099732
6.60046957544842 3.9933264683236716 0.007447038243685691 -0.029060998286312922 4.963246374601024
2.5050348429078153 2.008141922479947 0.0048152329699007995 -0.029611037324713572 4.873594047380855
3.7570079551358684 0.1255257422415622 0.006622135313199321 -0.029259995281846484 4.934959890535727
1.5573845113317348 6.888414689626894 0.007966808097456752 -0.028922827813654347 4.98117399226647
3.7013036843732965 3.1230243074465527 0.007127122763648023 -0.029141107067369457 4.95225322387946
3.693372580929988 0.154468272069659 0.005728766559652419 -0.02944794107751861 4.904527895760385
6.474418667410204 2.7768925416347185 0.008233995932769272 -0.028847899593889656 4.990423864727744
3.614703067880334 3.82314241577828 0.007308957061230492 -0.02909603317768745 4.958497819885773
2.510695594994046 0.5813080870417462 0.005085333741468169 -0.02956584821610713 4.882722574286976
0.15445742241276256 2.8742449541689354 0.005992318659764342 -0.0293954438149833 4.913485583639904
3.353807441211342 1.1614401152023286 0.0077974561569943875 -0.028968943326944982 4.975323369490484
4.006896356848575 0.5456090558869021 0.005661792909095528 -0.02946089104311877 4.902254089973022
6.487827069044708 1.8702312377421033 0.005772581596648223 -0.029439383514435865 4.906015992875135
3.327805004800667 4.895570878836021 0.008129748339099793 -0.028877451271587386 4.98681202075358
1.775346663847244 2.360778097267414 0.007124547366600357 -0.02914173681888346 4.952164848059947
0.5929201586637515 2.956936550772053 0.0076041369742541306 -0.02902028774627814 4.968655977527902
1.3044665996984972 2.1171563477523434 0.008082984728635218 -0.028890575589223724 4.985193007510752
3.405274196205785 2.989425822932494 0.005398499688160305 -0.02951027280654879 4.893324591070491
0.5242377800785132 0.6098366233397167 0.00915201084210433 -0.028569926453283087 5.022397792043555
0.876566982683436 4.640113449532993 0.008936285740207476 -0.028638135364743363 5.014856055003602
4.892625226370386 2.7677344202406395 0.008187975631706201 -0.028860995392650364 4.988828953187037
2.6159604910547696 0.19582685450589626 0.0056655296890982835 -0.029460172663138717 4.9023809301813515
1.791268310446113 5.251678866531682 0.005925695732044528 -0.029408946429466478 4.911219667815005
2.028366351634767 2.2503511235971376 0.007752409376407675 -0.02898103084537516 4.973768691609886
5.708564355972149 2.5898008418953333 0.008096322082303088 -0.028886840753872885 4.985654688017605
0.6267951950723983 3.8489102945216636 0.008399148519709701 -0.02880024833476021 4.9961535244326285
4.462100151995409 5.347849396212223 0.00808433297677955 -0.028890198343392428 4.985239675218791
6.086739655073131 0.27004812271360956 0.007534374467746745 -0.029038477945301573 4.966252809906202
1.7195336672361874 6.1080623103755585 0.005851901053362359 -0.029423719242503258 4.908711039686777
1.9346297834067343 1.295306239005492 0.006711242248454194 -0.02923968583077738 4.938006295734743
1.4658053284176242 1.701266065204731 0.006654862695466776 -0.029252569160750388 4.936078535024014
6.510942733831568 1.4459512715178113 0.0071174628821961666 -0.02914346791513597 4.951921750882828
6.2114731579859574 2.446706759545922 0.006718756386437468 -0.029237960130961697 4.9382632875413845
6.451338685378301 6.190448229464056 0.007982020143970401 -0.028918633342902816 4.981699983341342
6.7749390979297885 1.409573439323797 0.00448575020536597 -0.029662738327657125 4.862476841923916
5.466035829687862 1.0146917197603933 0.006774398338475517 -0.029225118086188464 4.9401667772971205
5.711152849196655 4.696690448948476 0.009692848158689031 -0.028390996716786795 5.0413869879588455
0.6633983130338061 1.9552322965003879 0.007386618297744929 -0.02907641432713841 4.961167853336583
5.274753082172081 1.3914672494286333 0.006909694536342565 -0.029193425996522533 4.944798729636681
6.362100568902064 3.3637037388795394 0.007877940041257595 -0.028947159803793362 4.978102694345003
5.2087364716459295 3.2012072733733485 0.006937056104096448 -0.029186936334747744 4.945736084756035
5.94211221944099 2.0294672666893505 0.0056550440479803 -0.02946218723746427 4.902025016364425
0.39370210962505814 6.597260992912106 0.008565927288145883 -0.028751085017685814 5.00194933460277
2.3892891469299515 3.445085199838091 0.006432309721073207 -0.029302310346663574 4.9284770539988445
5.825005854092477 3.8680640688973114 0.007661572751389879 -0.02900517717537957 4.970635651743532
4.400631696855269 4.654692274907495 0.009451867069433871 -0.028472130389237675 5.03291120905368
6.996999875743211 2.5005487253286818 0.006767063662083696 -0.02922681729838722 4.939915812934518
0.5520748618599626 0.549694651458979 0.009398367789792366 -0.028489834729036132 5.031032788469012
6.362329893234825 2.391200317719343 0.007103316733134188 -0.029146919071983846 4.951436382728131
0.2553585159896621 5.87044927435245 0.010255384728871794 -0.028192677844838063 5.061269685309678
6.347383409231479 2.880534517839096 0.007104718207793318 -0.029146577486693873 4.951484466124791
5.440628008958634 6.503020200576779 0.007025191627886817 -0.029165847880551474 4.948756864585311
6.037302886379259 1.6973607003880518 0.006894652428834348 -0.029196982170860888 4.944283504357476
6.520535404116906 6.748388512680046 0.0073742928270516895 -0.02907954272853846 4.960743976879803
3.9852876565419137 2.8032680888762322 0.0069936800437669115 -0.029173420084820642 4.947676577425244
1.9567845297937847 2.4929542752246148 0.006935057537469461 -0.029187411275273932 4.945667610616005
0.11566279963913292 4.510109765532825 0.00852099820569462 -0.028764432717829653 5.000387005858064
1.5099176099381124 2.850585022465718 0.007624108165768697 -0.029015047383670754 4.969344219981625
4.980224569183384 3.421858032737674 0.008702876057149398 -0.028709927696424033 5.006715993011085
4.5964416024312715 4.262696729321728 0.007927338507914144 -0.028933670769208348 4.979809596411678
0.43411001110848924 6.138300886033233 0.008990426283588936 -0.02862118507747981 5.016747119264542
2.3810248794563806 3.199417700840099 0.006302163264312975 -0.029330576847207485 4.924037694136286
1.8142033185816298 4.52789890297378 0.007390855877276423 -0.029075337476998073 4.961313595447268
2.0887450392069917 2.219875594584637 0.0047911273250147825 -0.02961494722189281 4.872780024828441
6.217853640451243 4.443712340978481 0.007069899469977464 -0.029155042813969804 4.950290031613479
6.683880412177133 3.7793646351859636 0.006401549254452358 -0.029309045824503065 4.927427412229532
6.100735698392179 1.8659121146552167 0.006942276771129707 -0.029185695010279143 4.945914958550108
0.09571961513034213 4.847683777584577 0.00811475439313071 -0.0288816682540875 4.986292831896291
2.693064865141614 0.7046522210930878 0.007083436317602109 -0.0291517568927582 4.950754363302048
5.159396530374589 5.653122574103055 0.008938011113060225 -0.028637596919832708 5.014916302957959
3.6279619495977538 1.2689388631083274 0.007856272980189866 -0.028953047764626413 4.977354266628893
6.570317920464696 4.717311325140491 0.007807882447479921 -0.02896613491107046 4.975683299629186
1.8111365670957114 0.8679816850942237 0.007410799181017474 -0.029070260671322345 4.961999573529672
2.322889734611788 0.15849300884058443 0.0068404803618880485 -0.029209721471089446 4.942428510049133
6.888077228051528 1.5646593350359328 0.004521086324818154 -0.029657373087371413 4.863668212419679
4.932328530844442 1.1668548495674247 0.007155240436758965 -0.029134215868840015 4.95321821796314
5.560576063719305 0.3808137876102221 0.00861752470892982 -0.02873566195324172 5.003744440767131
6.867762955431031 2.0808745185877084 0.005791111625761127 -0.029435744022157387 4.90664546169419