300

6.955796035912369 4.193184814345464 0.008088900589483259 -0.028888919800737742 4.985397781221129
4.5934743749755995 0.6394498009701401 0.006544067722189907 -0.029277554160950535 4.93229262668647
3.278744326896779 3.802657417231796 0.00827303872452191 -0.02883672710732896 4.9917775281914265
4.6193013644267875 3.452363331169751 0.00920812070953698 -0.028551891583546547 5.024362360095294
1.5169061793141292 6.355136937441758 0.007998305050561013 -0.02891413350453667 4.982263155641334
0.15938229889103078 3.1570949134807735 0.005811808537694052 -0.02943166460669845 4.907348632143244
1.2157855198158374 4.174438483824321 0.00809691702403248 -0.028886673998678575 4.985675283674003
0.9551651440332642 4.356502949664586 0.006423410966974641 -0.029304262344398806 4.928173376318285
4.4965560248744545 0.16477641265995788 0.006294684233413943 -0.02933218284413231 4.923782710194246
1.7125825186147186 5.397739222578567 0.006300647830551709 -0.029330902422451375 4.923986027053226
1.4488515086231704 3.8108656201272164 0.00796617717789179 -0.02892300159337609 4.981152178435762
2.426225888572992 0.2886869179920049 0.008994974754543292 -0.028619755924275958 5.016906042960246
4.263168951322755 1.524252517713577 0.006190867770170214 -0.029354269812963626 4.920244709505835
0.36481331008058066 5.616586574969944 0.008895305142635538 -0.028650890848617636 5.0134253939052815
4.99875675821857 6.191149013198886 0.007427779436561628 -0.029065926660641533 4.962583727938159
4.921474174787321 5.867055346804872 0.009240980678751785 -0.028541273203817243 5.025513459905886
1.557954385236762 3.374400781515492 0.0072945599269650906 -0.029099645968154234 4.958003036280426
3.0949529884957827 3.1631299922318257 0.008637964392489723 -0.02872952438092353 5.00445581695859
2.4150983897201055 4.818677866565846 0.006095308627774899 -0.02937426105848746 4.916990445976864
0.34806330934098667 3.990053030893692 0.007663895395525977 -0.029004563561040454 4.970715729472043
1.786505734747392 1.2170714931454716 0.007221523878252591 -0.029117856941674597 4.955493962316558
2.1132464947950047 1.2379307983423793 0.006812054488912475 -0.029216363799078205 4.941455455955188
4.085496800187079 5.542035949904777 0.010059529202285696 -0.028263153968167837 5.054331350169421
3.6814497470822882 1.3733702036209543 0.007709681287267602 -0.02899242684648451 4.9722946349258645
1.753065249562087 0.9651779392096856 0.0077509806204944616 -0.028981412999036456 4.97371939224229
6.362593145167311 3.651321978535668 0.006402974467121968 -0.029308734499691114 4.92747603954573
5.061914862225449 6.014852556052298 0.00937060909046601 -0.028498976916262728 5.030058607877081
6.633086051062973 3.451572402006877 0.00710339051308668 -0.029146901091172454 4.951438914041135
0.9206109568590034 5.07618701142287 0.007116869303704035 -0.02914361287338952 4.951901383470906
1.1170917304334427 4.913377940056476 0.007533249099850228 -0.029038769911957456 4.9662140557317915
4.236830040918586 3.252630871160674 0.007675401704831546 -0.02900152079925239 4.971112457135409
6.106621433328527 6.308205993432358 0.007925070182792777 -0.028934292156501923 4.979731199834175
1.211527986627714 3.8731873901079785 0.006778704772682059 -0.02922411951804224 4.940314133682772
1.8486590879879332 5.236817581000503 0.0070102356414283844 -0.029169446279483043 4.948244105153955
4.19336824830991 5.4964710776959045 0.008829369771740063 -0.02867127882452896 5.011124875896566
1.6815445869071224 3.801060553814328 0.006190720593960274 -0.029354300852302992 4.920239695716255
3.187831037897194 3.9593323244097443 0.009089085800445304 -0.028590007333194993 5.020196074439239
4.85152165609923 3.1006870363392998 0.009177457858953573 -0.028561762327404296 5.023288611681816
0.9589480536358628 0.7099881063907811 0.007536447953453998 -0.029037939876046286 4.966324215333195
1.4858066698124688 6.562370966072593 0.00598004895885135 -0.02939794235060918 4.913068199932821
6.26411885575943 2.048560448121753 0.005799150945576834 -0.029434161246932367 4.906918583240045
4.20914193084142 6.401751492493004 0.009179967341960365 -0.028560955859364037 5.023376474552661
1.7190791133270573 3.2865261344020484 0.008414020820789393 -0.028795906890169694 4.996669958235929
6.91942686483347 0.01723181226447711 0.009044451924712699 -0.028604158602929763 5.018635290539651
2.748875518535524 3.619450034673299 0.008070582802705303 -0.02889404252133435 4.984763760899975
3.2661695079314597 1.1705330789433215 0.006897283533130875 -0.029196360729782773 4.944373620941458
2.2406340295531106 3.425448843872565 0.008024952814227082 -0.02890674890625767 4.983184890511795
3.8607795556688815 2.241991235019319 0.008189844802122816 -0.028860465036397834 4.988893718368031
4.257169202857466 5.118782841211173 0.007347678560372124 -0.029086278891832275 4.959828859923459
1.4702059401289718 0.8261722557469517 0.007077167264686825 -0.029153279464026773 4.950539320030219
4.089799867257859 6.2021781965726 0.008593780210396267 -0.028742771990457036 5.002918235334809
0.20542380534805527 1.2022279776247746 0.006166078959089368 -0.02935948688704003 4.919400314222644
3.9115537669869687 2.7703776316520186 0.008700752837144807 -0.02871057122501948 5.006642039630549
3.1064698021298405 5.918195226508386 0.008680002058267902 -0.02871685157304792 5.005919361266704
1.67345166834135 6.812570143872383 0.0061991899899856056 -0.029352513409724595 4.9205282276719755
4.653843724657812 3.6861191269851985 0.007348630623947496 -0.029086038368137744 4.959861592453986
6.707789747604004 3.6216962757269417 0.009024469995896185 -0.0286104690855143 5.017936800352389
1.330676403830421 0.1045878758065572 0.0068085859496755 -0.029217172302703785 4.941336738538297
6.901132587687148 5.920077541795136 0.008291341813347716 -0.028831469801836877 4.992412300533626
3.0307939204119387 6.778907705754304 0.0076653666606066664 -0.029004174767754725 4.9707664551083095
0.907407133580776 2.5248448925206106 0.006072723593670944 -0.02937893851307212 4.916221635659937
3.4643910312410395 2.1364212793690407 0.006794814754673239 -0.029220378033996665 4.940865425327253
2.4732692841903385 3.372917347901625 0.008632494466181128 -0.02873116842892666 5.004265428502601
1.6070006835886557 3.8984702630280053 0.006704586910320868 -0.02924121260074476 4.937778688489195
1.6461694771874693 6.91455042661103 0.007851283863996923 -0.0289544010762948 4.977181953177673
1.208586502511562 0.6351858307051816 0.008371316486271162 -0.0288083505304744 4.995187278704686
3.458072767748894 4.974570867231663 0.009255217593551697 -0.02853665970810198 5.026012318703966
4.901760700716062 0.8023098501346763 0.006732772916714283 -0.029234735655585438 4.938742708913011
6.547685436359821 5.7541084159903315 0.008796191815461622 -0.02868147502388268 5.009967897361058
1.7075079149904262 5.506743970689384 0.006169671383034467 -0.029358732176736884 4.919522675697426
4.062112982394789 2.615378271890778 0.006174736702860952 -0.02935766725491557 4.919695210793684
5.060555401064692 3.33326008383635 0.008579708327092393 -0.028746975580433178 5.002428691246778
5.53101298053655 6.736948260669125 0.007046861208578534 -0.029160619799775023 4.949499909057453
0.6195750779609503 4.890598053092867 0.008720217708526571 -0.028704665180348293 5.007320078139304
5.587758672179763 4.5506346259023065 0.007716295075964697 -0.02899066729657396 4.972522763098952
1.122260166898147 4.627089946177753 0.007661079780633042 -0.029005307386662453 4.97061865582424
2.216840470190196 3.591787343708374 0.006746142211256152 -0.0292316534815516 4.9392000415619455
5.040935614099762 5.974724082616823 0.008479818873200595 -0.028776599380012067 4.998955702874347
3.768345088065141 5.487870386919419 0.009903160778448735 -0.028318322806907097 5.0488041693793555
1.822191992067705 1.4545130567084994 0.008456073746302873 -0.0287835858919122 4.99813064904804
0.7282396592620278 6.024575677039354 0.006787936046837935 -0.029221976733685182 4.940630023867785
1.10218048000678 6.60783250094441 0.006158067794497022 -0.02936116825057168 4.919127457439153
4.399156246808112 1.001434872376464 0.007983510229366097 -0.02891822201342273 4.981751510534035
1.2650342572664435 3.96798943705137 0.006868743990348037 -0.02920308812429017 4.9433962301930565
5.317445947064424 2.780956335662273 0.008585240122664166 -0.02874532400297825 5.002621127298033
3.3724222905434957 0.21211484460695826 0.007749299848778041 -0.028981862463508597 4.973661397875943
2.3171717727903753 2.9177530705181125 0.008068614154146862 -0.028894592325061464 4.984695628175854
5.216440114592402 6.644833231537759 0.007066662033888271 -0.029155827679879058 4.950178991045624
4.585701897175283 2.6111690912563232 0.008924092527743788 -0.028641937304523718 5.014430314891506
1.326040140055998 4.692285723676852 0.006257996060677588 -0.029340032128553364 4.92253209547068
1.7678384504530857 4.539681150091679 0.006050988615465496 -0.029383422822664942 4.915481877191414
5.054566030789003 5.577978566899978 0.007068952616161588 -0.02915527240329718 4.950257555239024
3.1014540917901705 1.7330294219951847 0.00837273213989514 -0.028807939122984256 4.995236419447077
0.7552118668448558 1.1330785074932286 0.008572099141280256 -0.028749245491178757 5.002164006520516
1.664977972817519 0.8631634525073619 0.007112957778265627 -0.029144567789634666 4.951767170140243
4.60032465322196 4.141635666521941 0.00816264368426495 -0.028868170154752265 4.987951339745888
0.14827580447800312 3.189825537667296 0.00581810892041328 -0.02943041978277251 4.907562704844221
4.128651505691595 6.07111259650466 0.007959686415758253 -0.02892478854136696 4.980927770136286
0.4973818832974431 6.7653993263208285 0.008442728929194336 -0.02878750298702798 4.997667054659628
3.9030712356692536 3.2845426677769263 0.009037833360205394 -0.028606250508466824 5.018403914306528
6.097316240291294 3.1895195233029776 0.008537881427059068 -0.028759425945896065 5.0009740047580635
5.767451382574594 4.250832428880005 0.008653328561488772 -0.02872490043162765 5.004990646736555
6.019292965146574 0.5017338060207365 0.0070581156137494855 -0.02915789779773133 4.94988587240134
5.637613539907191 0.1357925188218752 0.005467198657501759 -0.029497622596395982 4.895653057043841
0.06390127115148957 4.663898152199491 0.0064775596438431835 -0.029292340655202923 4.930021560638989
0.6632497043161577 6.987427343951998 0.008557716587493963 -0.028753529988648885 5.001663767936678
1.8068583093348634 6.88575567608481 0.006876555709571848 -0.02920124965773134 4.943663734952938
1.2262695977573217 6.040007565167735 0.007460616519827294 -0.029057515398672337 4.963713636237071
4.298440847869758 4.935134805995694 0.007510163101998824 -0.029044749098268614 4.965419131559527
1.0744494938966729 3.0008669571127307 0.0072556069293067595 -0.02910938281873038 4.956664653123878
0.4192969848821083 3.5629367970167163 0.006176184584373487 -0.02935736268774406 4.919744529733439
5.199503101001214 2.2357028130194885 0.008419426830105926 -0.028794326730321243 4.996857698724577
6.420765584351603 5.774552930411172 0.00820648125567828 -0.028855738864222505 4.98947020995862
3.5384976780695667 3.6758726049463113 0.008608225972643518 -0.028738448907411576 5.003420860773777
6.603534659518665 3.9733350075549483 0.007656236570529137 -0.02900658617583414 4.970451682819388
0.4919507650990875 5.933974256069889 0.008548380190590411 -0.028756307066748355 5.001339079246898
4.587404991302532 0.7431767010230345 0.007283608524130165 -0.029102389023364015 4.957626712576031
5.6295503097571356 5.814604941592831 0.009067706381140137 -0.028596795292225148 5.019448369817627
6.189343421273325 3.8102093169182703 0.008800086730212396 -0.028680280220749928 5.010103699158899
5.397374806649146 5.4028062115352515 0.008759049213705326 -0.02869283981887969 5.008673150864499
3.587469298039312 3.406685593859299 0.006831759454788953 -0.029211762404071098 4.942129958678787
5.629922796556954 5.559138200707111 0.00908199577328289 -0.028592260364897207 5.019948094517789
1.186379056470048 2.9430262714892934 0.006828328618134796 -0.029212564561892907 4.94201251319577
5.175063568439238 5.99773289174369 0.008503787969313958 -0.02876952537274383 4.999788742278136
0.8843741424366979 3.235163700370963 0.005983899079467028 -0.029397158907056877 4.913199167327309
5.486441506756769 0.2457327639604921 0.006887935005130201 -0.02919856762522953 4.94405343806996
1.2863411374820912 3.4641260340779625 0.007285119305182458 -0.029102010870543944 4.957678625526073
0.28381311332075443 5.228813796759179 0.007639902528821787 -0.02901089259830008 4.969888609703461
1.3420197042800721 5.872244740629786 0.0069325542778847895 -0.02918800594737813 4.945581846446695
2.0841767483088325 4.063639951200227 0.007072443819806131 -0.029154425708898573 4.9503773021680395
0.44663649761416047 5.777842184150876 0.008444642603874149 -0.028786941680088794 4.997733531190671
0.9075324654628826 1.9527588732080976 0.008402589186229265 -0.02879924469439195 4.996272993071484
1.1163979280132308 2.3385722842064998 0.007394525685210944 -0.029074404377231113 4.961439814681013
0.722251312861869 6.122863314750042 0.007431804397830792 -0.029064897787406424 4.962722207352512
0.6303758714689336 4.75741337121021 0.007218472546559021 -0.02911861353317794 4.955389171223763
1.4908358255552392 0.329745492557003 0.008143392786416142 -0.028873606527868065 4.987284547061577
3.1797371132676435 1.9037275567478968 0.007050523734909792 -0.029159734482046878 4.949625509334458
4.710241486308642 6.177954212404858 0.007481158698428575 -0.02905223338280426 4.964420649369165
1.2151922197942975 5.714378002521516 0.008493841392687263 -0.028772463544087988 4.999443026854848
0.24886172553797614 2.2399014614361894 0.007650414910038384 -0.029008122167838827 4.970250986801519
1.7224333253157071 5.7140587023123555 0.008463111814173111 -0.02878151730574334 4.998375174548533
3.9342302502179414 3.4119635815231892 0.007024298931473878 -0.029166062890306172 4.948726257104737
5.110950653265315 4.10885146778578 0.009067783320874802 -0.028596770895429165 5.019451060320765
1.2438321622665742 1.9980834804228949 0.006868930151272998 -0.029203044337481884 4.943402604897805
6.878166630568028 4.1878819244653585 0.008961707294014786 -0.028630190400631323 5.015743859974247
6.946893983233982 4.572775655239453 0.00881508721095517 -0.028675673269572148 5.010626765361723
4.373963483093002 4.8872061088299 0.007074358773067075 -0.029153961102222948 4.950442985798302
4.5369291973019354 2.5602546022766397 0.007255870197511552 -0.02910931719702239 4.956673697235296
1.7081766555590383 6.826472767313829 0.0060624021839448886 -0.029381070092154578 4.915870328372383
1.5541639098038154 0.3116997331438474 0.008697963220794677 -0.02871141647167034 5.006544877673612
1.2941637181250059 3.942405042590741 0.006048377383846868 -0.02938396043801056 4.915393010494549
4.690175672243899 3.7143261234201326 0.007822139287931074 -0.02896228818584963 4.976175522251558
0.3319354750460669 0.10206806905787438 0.008813717962994655 -0.02867609414946159 5.010579016250515
6.237778314205053 1.1258720201247823 0.00594486540996385 -0.029405077372069866 4.911871542181064
2.3667820934313455 6.875288701200869 0.007524834309297169 -0.029040951579065454 4.965924288829398
0.03647309277483175 2.9143245972038097 0.006510869110951049 -0.02928495489871998 4.931158843034929
4.2285360186898755 2.6407367585219856 0.0077934338128723335 -0.028970025705966816 4.975184521865725
5.132839091239228 1.333406063268322 0.007494626188259605 -0.029048762078585266 4.9648842383139975
6.778725127072179 3.921649521138496 0.0077583910319224516 -0.028979430094392564 4.973975096300137
4.3643548044037805 1.9144035041691843 0.007485318199652367 -0.029051161963851862 4.964563825209127
0.6159155531642317 3.910965493034981 0.006123555923255625 -0.02936838543152757 4.917952176337729
1.1315503148249346 0.6521292700133497 0.00771547792580685 -0.028990884780847707 4.972494576542072
6.590215541772237 3.3875064976306644 0.007053311004414867 -0.029159060407958966 4.949721096683553
0.6595482747121111 3.590654498439165 0.007988234263794823 -0.028916917424696816 4.981914872616814
5.461486216910842 2.9264387670505823 0.006873298840233425 -0.029202016421008427 4.943552204569324
6.382355420824755 1.8637200788088466 0.006628149453398544 -0.02925863350916123 4.935165436711442
4.679870034820377 4.878398078664475 0.008282448379071827 -0.02883402588692759 4.992103851465456
3.894353165509773 6.05878579057338 0.009365429151318808 -0.02850067958508407 5.029876854531503
1.2249261968192613 3.9823895601287456 0.005642942471387026 -0.02946450746685945 4.9016142831141085
1.656417445101606 3.746582974742257 0.0069535105890884885 -0.02918302058539236 4.946299884540184
6.582152880703774 3.1428865751897543 0.008634742954897056 -0.028730492757745307 5.004343688986839
4.20451900003403 3.739978416441643 0.009077331308351838 -0.02859374155857214 5.019784961416546
3.9676713731109774 6.672591747280327 0.008898934945148514 -0.028649763643737353 5.0135520871355865
0.010848574828886935 2.615905813729302 0.005485553268558295 -0.029494214777440835 4.896275333320741
5.301963008348762 2.4185471673115106 0.007806309436929579 -0.028966558873551138 4.975628994868016
4.444047029597792 5.637341749234064 0.009015306264838388 -0.02861335794609164 5.017616523591647
3.440203183497727 1.5886365677839955 0.008375213725783325 -0.02880721775957287 4.995322562955867
6.535896160758543 3.1381395126476903 0.007466589940389839 -0.02905598104800575 4.963919213973974
4.206247099761097 0.9175805116109584 0.007959539680850159 -0.028924828920306022 4.98092269715864
5.414367283708555 5.424437993234937 0.007164775546553391 -0.02913187243153983 4.953545513307222
6.950416668642655 4.71249973594319 0.00782116467007596 -0.02896255139319662 4.976141871131862
4.009427539702257 1.4059280916146102 0.00772179610018928 -0.028989202558661414 4.9727125194478985
1.0446222619213583 3.2565600221444435 0.00744704901162192 -0.029060995526968805 4.963246745129821
5.838006437454408 1.6054377249987712 0.007480884489988393 -0.029052303992066635 4.964411210917279
3.893084372305136 4.893606605123945 0.01052576658038998 -0.028092850298521606 5.070877120140033
4.1633274017332065 3.0076574566117364 0.007472649861139202 -0.029054423140940457 4.96412777974845
0.8731667163752743 4.731233492840289 0.007193058203392802 -0.02912490195146764 4.954516478655611
6.658443808955621 3.8599800947088125 0.008297393177499796 -0.02882972886549542 4.9926221943363815
1.6284855019856994 3.0953703769518826 0.007919170427268684 -0.028935907446352414 4.9795273036823
0.3923300751390728 2.181097833970912 0.008169236961056625 -0.028866305054060976 4.988179739735294
3.0142936746243367 3.492845575227049 0.007087620936817513 -0.02915073977544971 4.950897911844472
1.4241951779618103 1.1600020909651476 0.009557832599151654 -0.028436733919467508 5.036635247779106
0.49427517118128556 3.936237434987032 0.00553300798364283 -0.029485349288298157 4.89788452476174
5.12284685527105 4.519894086123736 0.006999244475882381 -0.029172085574515064 4.947867318152768
3.9817526567576094 6.547048833256506 0.0077652428741238665 -0.028977594846809986 4.974211541913984
0.8457694941687581 2.735981504312694 0.005430885209311581 -0.029504329950759443 4.894422133590043
4.085195532657591 4.129583860869817 0.0080447521170655 -0.02890124501427179 4.983869892731088
2.044299468785857 2.897931152015157 0.00795439922656869 -0.028926242980110005 4.980744983795721
1.4587776334994007 1.923072497406613 0.007615377651259496 -0.029017340043992614 4.969043335774364
0.5482874890774986 0.942059280345123 0.008606526327403982 -0.028738957959113652 5.003361719440454
2.1768626811632723 3.2379208911248156 0.007595902167479268 -0.02902244425030538 4.968372227730594
5.521495539776408 4.923108561369807 0.009214898797856226 -0.028549704729563627 5.0245997646067275
4.699198554388046 4.281839195901434 0.008567461128123765 -0.028750627989977684 5.002002683969156
1.8374302689221518 5.580390224024031 0.006543293553493672 -0.029277727191037356 4.93226618436809
0.43393275887342714 4.49507367783157 0.005994418097974136 -0.029395015762313858 4.913557004691007
0.43885701312025244 1.0570917421062709 0.006533321954579184 -0.029279953965773473 4.9319256108132254
2.0748994004725185 2.7346722199684894 0.006285438162393609 -0.029334165525999302 4.923467501520086
2.9083031327965085 1.9326212617929797 0.007858889603716295 -0.028952337629224344 4.9774446424551435
1.865765159016723 1.7818594998689468 0.00873886765166252 -0.028698992877220036 5.007969860508958
4.444301800047391 1.172825591883647 0.007568232740955765 -0.02902967194404245 4.9674189662048445
3.7509080979795124 6.041926385471011 0.009675394428635468 -0.028396949530721246 5.04077228957099
3.8998551355976185 3.4783195791779624 0.008704587082661511 -0.028709408975462425 5.00677559054776
0.745312075056674 2.7701155993422084 0.008002202240613777 -0.02891305517063729 4.982397943105021
5.618577263959381 1.0171973446945624 0.007908585576483287 -0.028938802224339564 4.979161518670932
2.844150773785416 2.5273572329693748 0.00640985687490908 -0.0293072300779719 4.927710870032785
0.5459512572928685 3.9645856555373156 0.006369632427908426 -0.029315998750398007 4.926338566204015
6.938947465444693 1.7803113062688092 0.007048327754868024 -0.02916026535990297 4.949550201376754
4.3091561949653885 3.590099233928912 0.008593493498135834 -0.028742857712786615 5.0029082602414885
0.7901738039300548 5.875174227548763 0.008708828104293877 -0.02870812277126216 5.006923316216058
3.526035936740973 4.2831416664319315 0.009072972696453487 -0.02859512487207233 5.019632532730267
4.680885585575728 0.995770612274294 0.0058828750279297 -0.029417542069414316 4.909763837367038
1.2305633559455764 5.499299359270321 0.006933569834013856 -0.029187764720116083 4.9456166402016155
1.2836039628584515 4.646510406182562 0.007816910941836185 -0.02896369975205864 4.97599500410187
4.072675697410052 2.631682935632147 0.006449497603097228 -0.02929853205653217 4.929063662683166
5.198974953964952 0.7218844270904309 0.006516545509261518 -0.029283692298371862 4.931352680474049
3.076768655979929 0.5028944865350754 0.0066709781601573745 -0.029248898276459975 4.9366294772478225
5.3013862387109665 3.755317581965446 0.007281142946100592 -0.029103005985609966 4.957541992662088
5.151699098562077 0.7544064866573348 0.008320175814651503 -0.028823162116833886 4.99341253236029
1.0966462733709372 3.4140469344745066 0.008222698474526885 -0.02885112181175999 4.990032265084534
5.218930075511538 4.456521960726322 0.008041986263017477 -0.02890201475581656 4.983774193836011
4.011609327764242 1.1904706681844563 0.008363919964990392 -0.028810498829753627 4.994930539067492
1.742325306636539 3.5030449815572284 0.0070996084510770545 -0.029147822557463794 4.951309157460518
4.848698872948414 1.7700871918805163 0.008262459355078145 -0.028839760148199597 4.9914106761229835
5.46655862523023 1.1450812834729494 0.006265476204642112 -0.029338435676243262 4.92278704909179
1.0926274150368234 2.5038933211991754 0.0063611013662169405 -0.02931785103667581 4.926047571781432
4.98134393576638 5.541138770136717 0.0068782199683810755 -0.029200857694022683 4.943720728061038
3.336481643927699 2.983111599512597 0.007137772510628698 -0.029138500366122366 4.952618694661819
2.162849205889688 3.5808567274563483 0.005844123589265833 -0.029425264985610353 4.908446720288464
2.8792208045242815 2.7425371496428994 0.0066540264049745335 -0.02925275940149752 4.9360499465001055
5.028726099908705 3.627838308854484 0.006817314713768976 -0.0292151368316739 4.941635503524923
2.1533338212105284 1.2531978315884642 0.00868252615955938 -0.02871608851303685 5.006007258605272
2.511748501414498 5.2821419017208875 0.00990140057578101 -0.028318938303508547 5.048742012324701
6.541345725676705 3.4121085854418527 0.006302806037238036 -0.029330438729363657 4.924059608960594
4.090246747126721 0.7991867630299616 0.00613558851722027 -0.02936587396191972 4.918361906329069
3.397392464354874 5.8855879633531645 0.009975970542997767 -0.028292755463638405 5.051376447690497
3.592876364428646 2.8736302795942836 0.008519598822156449 -0.02876484722555485 5.0003383564211425
0.32430697837435063 3.225254513876873 0.00765150970734005 -0.029007833410968166 4.970288728050132
2.267174553051586 4.493621687310271 0.00645369910228646 -0.029297606862969998 4.929207068008483
6.167749460101091 6.008515042231075 0.006740457287800768 -0.02923296487787945 4.939005567584453
0.7551734418590508 0.920203803425672 0.00860443035252186 -0.02873958556257554 5.0032887887517905
3.315221390589583 6.740644831016381 0.007658249630345888 -0.02900605475757272 4.9705210835494205
3.4225676787485027 1.9009416550764113 0.007768013208322792 -0.02897685232725119 4.974307145766041
3.0282003612169857 2.324374442980713 0.00745567276171579 -0.029058784277223457 4.963543502965437
1.105612429808408 2.0771196545264865 0.007365716507157148 -0.029081716254997617 4.960449061673968
0.8296553270173285 3.0831096409499015 0.007682084169848545 -0.028999751426647822 4.971342881908211
1.051845268986674 6.822770130847978 0.006214959762051675 -0.029349178440904927 4.921065512754893
1.3937035045028539 2.0479617453843386 0.006183784614942011 -0.029355762770468193 4.920003416667724
0.09094015741353154 1.6531591895559548 0.0079320065414567 -0.02893239140178855 4.979970935661569
0.3888549543881231 5.3489579069076525 0.006412895328717047 -0.02930656536516893 4.927814547120484
2.2465685374632454 2.582969367565128 0.007519042895365074 -0.02904245158277207 4.965724871660374
6.901322627925595 2.0303976379555992 0.007961009226386187 -0.028924424490340234 4.98097350319153
0.9802576869122527 3.9995125924589088 0.007564574303320432 -0.029030625477408235 4.967292944196933
6.858410811495764 3.84566973803249 0.006812289892051847 -0.02921630891174736 4.941463513198796
0.5497762168025042 2.6634134486560352 0.0074436259756728495 -0.02906187248499808 4.963128958927515
1.9488772271400534 0.21950650603596006 0.007504672725087209 -0.02904616820321283 4.965230104525687
3.9785384030242303 4.074198992013235 0.009345128528752694 -0.028507342436310906 5.0291646522488
0.48042062908824196 4.514628343386425 0.0069104683821258304 -0.029193242826716582 4.944825237255588
6.044227924194789 5.299563203031695 0.008411596580994007 -0.02879661513023032 4.9965857723135585
1.6015449148083836 3.1335763805264447 0.007447886202437156 -0.029060780979105603 4.963275553293147
2.217163303966623 1.2015505786435356 0.00925703078342631 -0.028536071577473617 5.026075858325539
0.9700651595282034 3.0249037129492558 0.006989132474308946 -0.029174509888883482 4.947520699763404
1.8501924297331764 6.502297647159781 0.008145825828485097 -0.02887292021206004 4.987368813326749
0.9525843772463805 3.5132654500093414 0.008329122418674728 -0.028820578060384735 4.993722942612084
0.1257683835424134 0.1573669662060663 0.006229801926964469 -0.029346031553700573 4.921571249580703
0.6484123870538034 2.332370812839914 0.00726296956903962 -0.029107546668161583 4.956917591221386
1.1050949194746762 0.3770091381098943 0.005874507487021447 -0.029419214159880764 4.909479404934386
5.630277684062799 3.4473466233052137 0.008527276154980525 -0.028762572231577282 5.000605266804085
3.536016052501281 3.1193962717419508 0.007098567419106916 -0.029148076104545798 4.951273442015902
1.8306713312037608 5.171422396008445 0.00802188746486546 -0.028907599718776968 4.983078849384231
3.089359364558441 3.477030644401946 0.009061614285130639 -0.02859872630988164 5.0192353427897825
6.66102707637375 4.074507829122637 0.008715300055710827 -0.028706158658708184 5.007148763656254
6.230193657654108 4.905451238244033 0.00851313678194504 -0.028766760369076917 5.00011371329176
1.992343952010158 6.761132384623735 0.006010083227774159 -0.029391816881493185 4.914089951567875
3.9479845613610407 3.822184490945906 0.008270436606551357 -0.028837473508215233 4.991687293114355
3.4556611279537988 5.171552769377668 0.008686693361717833 -0.02871482819797965 5.006152379121878
3.6502381397552317 2.842081677594112 0.008397524728964921 -0.028800721838634923 4.996097143759196
0.9078189910749194 5.098371538980925 0.00788498820024035 -0.02894524073284018 4.9783461860255205
1.3220276396310926 4.420922853312901 0.006841642924319436 -0.029209449191932902 4.942468310765852
0.7130546255605628 2.5014254792125836 0.005467012174565195 -0.02949765715922463 4.895646735082581
1.858304409391811 5.522580919322276 0.006780095704008849 -0.029223796848535624 4.940361729265746
4.193933882156298 1.313504130618455 0.007586954326574116 -0.029024784651164565 4.9680639325370555
6.884176372798659 6.318203405978061 0.008874571577617433 -0.028657319820837135 5.012701812977827
5.1651878581716195 1.888997564625073 0.007801962218939736 -0.028967730072172328 4.975478920773355
1.3212573824282356 5.389384355543336 0.007916609044077108 -0.028936608323078164 4.979438785560844
3.2701164538597407 1.4671104001461701 0.006552134483339249 -0.029275749925701932 4.932568162327854
3.812668275682573 0.7651935225001862 0.008325052257531638 -0.028821754022081435 4.993581721360644
1.5136749446655107 2.204438607991995 0.00786685472488717 -0.028950174381815394 4.977719764236358
6.524964451040723 1.7972258204079488 0.005356147434375267 -0.029517989170355682 4.891889609077152
0.184271971165621 1.0196006969370413 0.008491179862411536 -0.028773249113441757 4.99935052542769
1.473080261704184 2.714859140835022 0.0085315139284766 -0.028761315513867056 5.000752606410447