300

5.956273232746398 0.9602151714461401 0.007829346406514103 -0.02896034072394185 4.976424375547118
3.748305857643942 4.44365011220154 0.0055115868089401845 -0.029489360977266302 4.897158071891887
2.3232452142703943 0.5821429157453791 0.006938328935822969 -0.029186633782920593 4.945779694620011
3.6633335181482507 0.2313414141267689 0.00929741327422132 -0.02852294000288773 5.027491322173727
0.5326661045840515 3.1269007171749235 0.006547908681550636 -0.029276695371883654 4.9324238198752095
6.182674181757289 6.930293889022183 0.007709939055617816 -0.028992358299363283 4.972303525821969
0.20539687282875574 0.9393311261021202 0.00916323080507428 -0.028566329851994247 5.022790536110152
6.952793422480986 1.123319829072061 0.007924177306995319 -0.02893453669937192 4.979700341224625
3.629527984386556 3.9646018812943504 0.007699550959036492 -0.028995118813848652 4.971945238240328
0.7145879797498463 2.1658600254380773 0.0071750040652574015 -0.029129354896110207 4.953896639401473
0.4701887230796928 0.5837653698542616 0.008874207451208467 -0.028657432580622363 5.012689106775891
1.4958818866981434 4.073370979480608 0.005775911472861621 -0.029438730384608394 4.9061291037066255
3.3951764591835247 5.322794249712539 0.005278388311643704 -0.029531993106316122 4.8892559392676995
6.347447383213264 2.3792800119239104 0.0068285028627069 -0.029212523832322392 4.942018477913219
4.003473447676401 2.9598707786874097 0.005650797504588107 -0.02946300201205133 4.901880882983134
3.919925221484038 2.634381671567904 0.006564832104594466 -0.02927290521008268 4.933001908279035
0.5937638751252415 0.15108033041859906 0.008477027075920737 -0.028777421912918235 4.9988586880276005
2.1401585161710575 6.942684673577792 0.007221811845228139 -0.029117785521432127 4.955503852032319
1.419291755729278 1.5867672503386763 0.00818598792726695 -0.028861559238104927 4.988760082207532
6.355886050734309 0.7592223504045091 0.0075162989472974395 -0.02904316184809869 4.965630392222058
0.8377716512640261 4.997228423706977 0.008180125658257792 -0.028863221306969746 4.9885569712062034
1.1513885288012258 5.015107720791162 0.0056654581158918855 -0.029460186427398498 4.902378500691528
3.117661470912561 2.3176173905677944 0.0054272959026491815 -0.029504990411540342 4.894300481395579
2.8132165403787033 5.171790846256007 0.006012762038803649 -0.029391268986975055 4.9141810938067705
0.8016904189185996 4.744938609559172 0.007290867630771494 -0.029100571286326468 4.957876153723529
5.384608221813765 0.42383724489162855 0.007476502944236163 -0.029053431875164556 4.9642603980696824
4.068738329370007 2.7842888545497964 0.00648771420586731 -0.02929009328054432 4.930368236638609
5.642761233561479 0.22123944531060563 0.00709230704075994 -0.02914960001165688 4.951058669189951
6.904798486556929 1.8395778463693981 0.007177629883752595 -0.029128707991461993 4.953986783781951
0.11302605556215539 1.6796769847611308 0.00817788404881938 -0.02886385650747428 4.988479308884736
3.27080179716059 0.02909205822820288 0.00849899581072918 -0.028770941420280426 4.999622175726255
5.121594428262194 3.079060674570365 0.005781105250892447 -0.029437710883798415 4.906305533460376
0.23276083861196645 0.6461589938274276 0.009206271393813597 -0.028552487930536795 5.024297590431794
0.8358126382112894 2.0012221621223207 0.007804444121838357 -0.028967061500074574 4.975564599959549
3.2165702605711095 2.270312334538129 0.007297549678911598 -0.029098896348209103 4.9581057794703725
0.71353874742261 0.5767120833567821 0.00886296171982437 -0.028660912573624166 5.0122967112449475
2.2616901484057257 0.7458380803209899 0.007003278150198702 -0.02917111748203948 4.948005592162372
3.903635723068422 6.881454003672839 0.00675263967772137 -0.029230153222021653 4.939422322288623
6.9930148196848 4.485870998400248 0.00628031307662543 -0.02933526321101564 4.923292790913029
0.5320936374267713 3.341502264754803 0.006179419245522108 -0.02935668199555377 4.919854713290467
5.330014193624436 5.831901025371473 0.007835301288768654 -0.028958730181315274 4.97663000323211
3.260060190487254 3.181396888556193 0.00756720930009434 -0.029029938742762888 4.967383711374534
0.7571724061762263 0.06386648356541685 0.007916096608115273 -0.028936748512764628 4.97942107668789
5.949122878543884 3.791980143696484 0.00805079520703616 -0.028899562220462156 4.98407899326922
1.791447162792887 0.39829646736481367 0.00767714399891366 -0.029001059636157157 4.971172533568855
2.400363489335891 4.970179439903001 0.006885446471228686 -0.029199154557826575 4.943968210982089
1.2971436590869632 0.2074524563086288 0.008432887165705446 -0.028790387528661025 4.99732519554305
2.958812527780212 6.0338667424116705 0.006725539534653888 -0.029236400564498485 4.938495291725965
3.285564881248758 1.8928546450911288 0.007648813828406302 -0.029008544379516537 4.97019579295027
0.5315536341665448 4.6089023082474005 0.006108087703715694 -0.029371606435530846 4.917425508945013
3.1327972464586504 2.9806802961815984 0.006229508439311004 -0.02934609385598964 4.9215612486597475
6.233844805647027 4.977048381017314 0.008163063164300826 -0.02886805154103122 4.987965870659881
2.979068392167946 6.555232462945493 0.00784240817003674 -0.028956806351780936 4.976875425502465
2.130491147305587 2.691039075136455 0.00524921289365373 -0.02953719289297985 4.88826810051137
0.720156206460174 3.5914337074183487 0.006399500877157208 -0.029309493146816173 4.927357523851887
3.6964878680983153 0.4647394828564733 0.007498158428366792 -0.029047850526039136 4.965005837145478
5.708281383255415 0.3889062386052105 0.008054049371942137 -0.028898655482813007 4.98419159760312
0.3789874933300884 3.8837864663969395 0.008388610426142862 -0.028803319515611516 4.995787641073575
5.899223551606721 2.686327239716025 0.006547345476627691 -0.029276821330357618 4.932404582604602
2.1099130797170407 3.56550610762481 0.007118351797482358 -0.029143250808502465 4.951952252352309
6.9400712796236315 6.3003642112450144 0.007806287529952868 -0.02896656477733772 4.975628238582999
2.556908590009583 5.927196518764907 0.008119790020512524 -0.02888025294250009 4.9864671899254125
1.5371218944404896 0.15678162809019394 0.00854364537279064 -0.0287577141606212 5.001174430081771
0.6271729561942175 0.6715154928134817 0.008692329716410563 -0.028713122506986346 5.006348672202353
0.6977362561484102 3.6950168611473626 0.006359503229705238 -0.029318197739140937 4.925993061406171
0.2589475542813511 4.41501926730023 0.0070103350092462925 -0.029169422398431816 4.948247511727313
2.4620037314645873 1.7426235087496897 0.0071838892190506055 -0.029127164909898258 4.954201674915229
4.035340853368159 4.601558622995855 0.007439429031616184 -0.029062947126599983 4.962984547501298
5.573383907605828 2.527433406070434 0.005904613628113913 -0.02941318646292325 4.910502859294427
0.6905482143301517 2.2697927170982872 0.008445327093788854 -0.028786740876294348 4.99775730906571
3.149802696288285 6.405003093538445 0.0067585228862321245 -0.02922879348170698 4.939623598870655
4.097933867197803 0.10978415547554546 0.007448803766598706 -0.029060545804349667 4.963307127388655
4.603131303334305 3.521848958398683 0.0072278861786517126 -0.029116278288758943 4.955712469910038
6.606376029380097 1.6544658937270653 0.006495012276278645 -0.02928847581440505 4.9306174086647045
4.624165226506678 1.3272135767216164 0.007913372032089964 -0.028937493724953727 4.97932692164005
0.12424135078405356 1.3950696816407142 0.008571485483659802 -0.02874942845698692 5.002142661415376
1.266265614790232 0.37189572656058084 0.00666797106040368 -0.029249583961786858 4.936526667751371
4.036392085211302 2.741131677943233 0.0059871118820600455 -0.02939650474651188 4.913308458104246
2.7871207255104284 2.259722092960733 0.0072107130654620565 -0.02912053600275199 4.955122701637141
0.8628992425944797 5.2325809052151255 0.008538865599319741 -0.02875913375393553 5.001008225790917
6.718193137117431 2.7891474898951323 0.007941858757553467 -0.0289296885478408 4.980311477032019
0.13863735400806385 3.384337180459398 0.008040645133442865 -0.02890238789162656 4.983727791502869
3.5470535078675725 4.803795496380697 0.007889905273164055 -0.028943900821770688 4.978516064962393
0.2934600638992001 0.7427530201135659 0.008908258293038224 -0.0286468660447267 5.013877528539666
4.400785598875983 6.56810939489777 0.006518319757216926 -0.029283297415808138 4.931413269142291
2.457340985659924 4.0008162168642105 0.007893421215851315 -0.02894294217091877 4.978637541363632
1.3701499089720317 6.69886768656146 0.008248571072268245 -0.02884373545964079 4.990929142110691
4.267624853937633 3.425024999384949 0.00663751913888071 -0.029256509355714194 4.93548568493928
3.671018441920664 6.4001242931651285 0.007766504566407541 -0.028977256716603988 4.974255082437321
0.3256660302302081 1.4597159693915067 0.006889043998352783 -0.029198305991765334 4.944091419323194
0.7685309198256293 1.3069640588229057 0.008733260751813953 -0.028700699584519294 5.007774497098799
4.061494685763352 2.3470878264663626 0.007227677520739865 -0.029116330085644234 4.955705303550238
2.20099328978607 5.525067780010657 0.007884398225488299 -0.02894540144171293 4.978325803637975
6.7726164423579815 4.905316958963439 0.00815799199659645 -0.02886948504188234 4.987790207893803
0.7111526890018816 4.6424772608958795 0.00607298533832171 -0.029378884408372784 4.91623054492981
3.6315368578032063 0.9171771954470034 0.007311669683427662 -0.029095351629434635 4.958591050944088
6.174563481092302 6.963928314858296 0.0068732284420996515 -0.029202032990576398 4.943549793841489
3.17201503626663 2.8499922447825403 0.006049096805460436 -0.02938381234350247 4.915417494036445
6.498956724736787 3.533046591727331 0.008373811673152919 -0.028807625345775512 4.995273893114743
2.9464745633480036 0.06360827908196441 0.009417214529382552 -0.028483610559540837 5.031694385773063
5.104771056420135 6.957396608461861 0.006437743613852704 -0.029301116995130043 4.928662500243558
4.798874807948492 1.0264449951102075 0.00887044802002054 -0.028658596475126162 5.012557924234306
5.132484968812308 4.2964487183854105 0.004590942622448128 -0.029646639705662916 4.866024082183991
4.745755476800447 3.9291027554079836 0.004408536850633186 -0.029674312171246855 4.859874309088127
6.066812919069108 1.4319361626279834 0.008592460971372527 -0.028743166395779014 5.00287233753578
6.688964383429591 3.761717949146464 0.0062854615795431374 -0.0293341605083917 4.923468299809422
0.8794164435610827 3.671169253980307 0.007450017593899107 -0.029060234648925216 4.963348896521511
0.23454418635041746 2.8094881922107255 0.0074414311122550265 -0.029062434567695163 4.9630534358450715
3.3104025323701456 1.7048808749469435 0.007087101792900725 -0.02915086599360409 4.950880102938185
0.10890583701296323 6.777138877956426 0.006091910883950123 -0.029374965902652723 4.916874776580116
6.423938674294785 0.33128325536813197 0.007688802282443422 -0.028997970954214927 4.971574550059616
4.263016786236774 6.017633710042484 0.008024645310217661 -0.028906834272282425 4.983174252734562
5.445139062241587 2.547255573421746 0.00743071010287568 -0.02906517757329243 4.962684557480284
2.58620273588595 0.45581668581719503 0.006533635778907082 -0.029279883939465765 4.931936328886879
5.6081536279307045 0.7414025310844921 0.007952979070461738 -0.02892663346994941 4.980695888359373
6.486809093647962 2.6999298653297505 0.0070692581711047486 -0.029155198317114373 4.950268035516044
3.738474562207516 4.546391871279769 0.004721966560878251 -0.029626053260566918 4.870445130679025
4.636671260475255 2.583581613975187 0.007152785613197143 -0.02913481865348813 4.953133959708975
5.203270238287515 0.5809001192255314 0.007282686803264696 -0.029102619691800155 4.957595041045153
4.422332503464803 2.1768158305594496 0.006768704310545449 -0.02922643738050198 4.939971948336057
2.629342791045826 0.1854791303016723 0.008712812934199642 -0.028706913640683205 5.007062124101532
4.6221954315132745 2.32381628154555 0.00829613743889076 -0.02883009024604389 4.992578637536232
0.21915524465726055 6.719173313094942 0.007417921351870387 -0.029068444107269747 4.962244579703937
4.167006685077585 2.763066789335844 0.0056874011136328955 -0.02945595811669767 4.903123389784193
6.9031869630438525 0.007444696232413176 0.007428934525552892 -0.029065631453919046 4.962623468451868
4.598065752998494 4.039213808363275 0.006078475412022787 -0.029377749006100424 4.916417419955354
0.3223668746153767 0.2408349539298139 0.006421618822426835 -0.029304655119954122 4.928112220281806
6.2757865752438855 1.9939033405363493 0.00766778130586896 -0.029003536505836085 4.970849707669318
0.3290285508902374 2.6362329141581493 0.0073540168491921755 -0.029084676999784568 4.960046779285375
1.1218566891651476 0.8409617159399679 0.00609416710599573 -0.0293744979069294 4.9169515848400795
6.447510911546327 2.545138665432528 0.0077241866564609 -0.02898856568538967 4.972794984031917
6.94739812841382 5.7299250388791325 0.008500019347074382 -0.028770639045724397 4.999657751264389
0.1383692088307541 6.111717856174753 0.007538843263054408 -0.02903731809680603 4.966406705181115
6.724016056867277 2.890380765358159 0.007066090115999156 -0.029155966292897566 4.9501593751892035
6.6488086366851045 1.5294550306876873 0.007870390456616244 -0.02894921335823141 4.977841897884491
0.5523225939781742 4.11264270237473 0.006145534481846995 -0.029363794133804126 4.918700609572391
2.289886030323671 5.698378217977622 0.0062569010652342265 -0.02934026566103093 4.922494774751989
3.73275039693061 2.951222220353837 0.0072068564562666896 -0.029121490690189045 4.9549902677433115
0.22731589015077347 2.484952248243416 0.006750143137613361 -0.029230729850992968 4.939336913380126
6.304650212839812 6.0212074003454745 0.0072375076725627145 -0.029113888141050412 4.956042934149224
0.7038842648384269 2.47631150020903 0.00861852069752167 -0.028735363247858733 5.003779101314365
2.978734242844921 0.19131319029574673 0.008016770456319931 -0.028909019205961933 4.982901841159699
4.148436277226783 0.8856858216805408 0.008272422878651011 -0.0288369037817303 4.991756171954221
0.29246281516424333 5.777759103984588 0.00721061972741872 -0.029120559114593936 4.955119496407461
5.876358990629152 0.9544158347889319 0.0086516434178707 -0.028725408024430472 5.004931982347699
5.945287050903622 1.3394670689343693 0.00893970781980205 -0.028637067309635077 5.0149755510308776
3.3863965296697955 1.6575301840546688 0.006935265181499952 -0.029187361937356972 4.945674724786016
3.635475860877855 6.352410566283445 0.006857109565923285 -0.029205822166152477 4.942997851787672
0.778901753535552 3.6117144499751976 0.007445405764106443 -0.029061416569186895 4.963190200762312
0.6019028678896226 4.090980169276807 0.006554004331580096 -0.029275331376803052 4.932632032992532
0.3311131566254158 0.7196436410966064 0.009020316348241235 -0.028611778920186907 5.017791624383516
3.7311878616224137 0.49247565800302884 0.007056837186950991 -0.029158207230844384 4.949842027676193
6.349942289865855 3.873569799200243 0.009231907690477435 -0.02854420922699565 5.025195586155447
5.310782562926069 4.911023273178349 0.005165853069509612 -0.029551885930753016 4.885446605558245
1.432898844187997 3.658783159678695 0.0056391883501071514 -0.029465226195500613 4.901486873026144
6.051045999960399 6.685205497061166 0.006377322647146904 -0.029314326801995423 4.92660089526741
3.302954585159382 6.426845551323553 0.006281249182953941 -0.029335062786734246 4.923324701638341
4.224855698373236 5.122634426673247 0.005755947701019022 -0.02944264026990674 4.905451002267895
5.766297149552748 0.6854450411917199 0.008108346046231403 -0.028883468011901954 4.986070955959098
3.4628505418307607 5.705583894589826 0.00754883943191447 -0.029034720994546737 4.966750973056594
6.62126582139107 0.6797344518922873 0.006555574654988308 -0.0292749797769849 4.932685673131308
0.17671321434265658 4.431155856721358 0.007241540671618638 -0.029112885269263384 4.956181461455934
5.58966920134212 0.15481179464390413 0.008593077883956272 -0.028742981969174 5.002893800535173
6.681431594765423 0.3637229200700035 0.0064422921525908615 -0.0293001172663296 4.928817737203541
4.5328523446738025 6.7110895332750005 0.006645095163537921 -0.02925478952697361 4.935744644311557
5.431876920582963 5.642527742320472 0.0064383156947103596 -0.029300991297484223 4.928682024485067
3.721189773366341 1.6562340960434156 0.007800844411477341 -0.028968031111346222 4.975440332949896
2.9478823409649855 2.8401273312453568 0.006093310775863614 -0.029374675552059196 4.916922432765875
0.2536393902508713 0.7575200147753726 0.006768775439508774 -0.029226420907280157 4.939974382056679
0.6949777442322826 0.5241158867649246 0.007798115251059535 -0.02896876591315537 4.9753461213070045
5.609973786037488 6.916691138670963 0.007011329217683331 -0.02916918344076947 4.948281595793007
3.236256811602541 0.5160142977637365 0.007716849386347939 -0.028990519752988584 4.972541883451998
3.0264191231320936 3.454749595501231 0.008215230200813474 -0.028853249258058305 4.9897734190549095
6.042418262138495 6.391123806486277 0.007006809559340731 -0.02917026945023188 4.948126652333321
4.368970192878255 6.200811906615134 0.005425353895162351 -0.02950534756806377 4.894234662166181
3.4697788931797056 2.4118335705970506 0.008250871594320896 -0.028843077469889174 4.991008901138261
2.5832221135567766 5.390597571551275 0.008566257570598847 -0.028750986613230473 5.001960822274209
5.559801932081983 6.9116526315735 0.00581876158902654 -0.02943029074898971 4.907584881559633
3.350780902721355 4.718494193175246 0.0076313114858235515 -0.029013153654960322 4.969592489612216
4.416335438422868 2.192163240254437 0.00578368629836693 -0.029437203888991948 4.906393212482343
5.934952444944357 1.4755386414822749 0.006697578988222784 -0.029242818532017677 4.937539035991622
3.128825290856339 5.201334101935575 0.007493354803123132 -0.02904909006827084 4.964840471286843
0.04858371202987648 0.025097676010596707 0.008635203921988497 -0.02873035421336943 5.004359733549901
4.938265774437936 5.396826267182043 0.005387036536423428 -0.029512367532192992 4.892936158715484
2.902625830512167 1.6629046258493012 0.006736521873866558 -0.029233872015915326 4.938870947203487
3.211419609985635 6.787633581718952 0.009074929614150745 -0.028594503886205293 5.019700968834469
6.86840377238708 1.4975480407754478 0.007201581202365108 -0.029122795679428538 4.954809125378421
5.664135248125226 0.6286036555502771 0.006774809743694602 -0.029225022719182626 4.94018085443067
0.6535829987734144 6.869181754838607 0.008254742165886508 -0.02884196997042219 4.991143097840233
6.417714510113823 5.954861382649876 0.006583856483970296 -0.029268632250217676 4.933651852900631
2.0520067371750965 0.27046928414771143 0.006678064668770987 -0.02924728110918539 4.936871766869243
0.4773190297900688 4.940572279886393 0.005817145639445144 -0.029430610197708852 4.907529974157436
6.50228166505645 0.7054206471018801 0.00795207900820124 -0.028926880914597844 4.980664773144679
4.166315411506027 1.2983268866980824 0.009273755822525468 -0.028530640598209058 5.026662015753666
3.0387134178901443 3.328144819730651 0.007968193659583813 -0.028922446124132868 4.981221898068707
6.86295267909862 6.507993441521813 0.006988235047854996 -0.0291747248644427 4.947489939241602
3.114298236394442 0.9046048174568136 0.008986573093410463 -0.02862239514849851 5.01661249490466
1.0977188791668955 6.678943139763132 0.007806625572415322 -0.02896647367513193 4.975639908692887
0.4786138960474677 5.695386701399247 0.00753483207742608 -0.029038359209242366 4.96626856867344
6.580583369074774 4.717125123387984 0.00551449545762534 -0.02948881719987815 4.897256706633505
1.2274338353268872 0.018415639288802212 0.007695120000398378 -0.02899629507677608 4.971792423941375
4.573297967655242 1.7032633252792395 0.008526636996467165 -0.028762761715984044 5.000583044994337
3.7542455718747485 1.0633460135592607 0.007841697250900649 -0.028956998881534964 4.976850874563938
0.8073138557937942 2.339619644827004 0.007360960410438522 -0.029082920448881274 4.96028552255544
6.4289405577425045 1.260952051383853 0.009447443491341787 -0.02847359849892359 5.032755847864366
6.466853116461638 4.831279392906365 0.007361594783450761 -0.029082759880112316 4.9603073351778875
1.1182067275001062 6.513180439219481 0.0077787107383694805 -0.02897398245407033 4.974676339064655
2.003604450354438 5.723440742182626 0.00667062842141127 -0.029248978041351462 4.936617519933536
0.8861758332810165 5.553864287932527 0.005910397728693457 -0.029412024729498904 4.910699513091112
3.587705502027729 4.973768552278398 0.007719455736321675 -0.028989825855547498 4.97263178805483
2.7919122081877705 2.81982105224512 0.005451315481216968 -0.02950056202048097 4.89511462773439
2.940364409335023 0.25612146306667233 0.006928317789298084 -0.02918901184710602 4.945436704103377
6.750937959049778 6.539348562437901 0.008188809005078655 -0.028860758948411988 4.988857828725624
4.732293817726638 4.811546240830512 0.004771678200750672 -0.029618087162213577 4.872123326289615
1.9179971434685377 6.313160628497044 0.008123709495853006 -0.02887915068049938 4.986602907231639
6.559754784153862 0.7354164892360298 0.00837987588810317 -0.028805861905174562 4.995484406840512
5.997152877916385 5.56233646752033 0.005832779024083087 -0.02942751584582389 4.908061196787893
3.3560143138454888 0.3693806962061063 0.007776058470482322 -0.028974694384300934 4.974584800550576
6.7881514555712075 2.6420482583604965 0.008034142241312887 -0.02890419620827315 4.983502803564079
2.557513814042415 1.058712435432279 0.007036941302984853 -0.02916301522645328 4.949159741456666
3.819747024579345 4.795759213497155 0.0065905290022602505 -0.029267130496008084 4.933879833811719
0.20697768210101083 2.2605877999417667 0.008596749092201894 -0.028741884159632365 5.003021528352522
0.2762511529368621 1.412065285366586 0.008638235946769265 -0.02872944273263829 5.004465269070008
3.1482390982280326 6.418558139927082 0.007601179654332398 -0.029021062486796777 4.968554073629826
4.3127360774389265 4.516440798766149 0.004245631904620857 -0.029698057339335605 4.8543867552459865
2.1830166478356285 4.295230038475618 0.005653053613600364 -0.02946256921657987 4.901957457854251
4.348760518425966 0.5338902304276288 0.006658437671008142 -0.029251755635881064 4.936200747374959
4.2771970773974015 4.551593421147079 0.006069722520530933 -0.029379558684972783 4.916119486242219
0.11257208760903671 0.185582878742638 0.008726703348340968 -0.02870269410125214 5.007546029650328
4.253751365529128 1.2326482868428958 0.007790161175879998 -0.028970905903230086 4.975071557268921
3.144811812361754 4.9895230520489235 0.006994841161057056 -0.029173141708283355 4.9477163781351505
0.7872783250739015 0.2821355591319622 0.00821365826483696 -0.028853696780628917 4.989718939097676
3.9488171382955994 5.560649056736798 0.0053204769782126795 -0.029524439448096365 4.890681310141712
4.582074233672588 4.940179474793663 0.00491144615813135 -0.02959523097790887 4.876844145936163
0.11580085366452755 6.276949196701132 0.008064046449733648 -0.028895867435613315 4.984537550028609
3.9911633183483017 2.3114277997926824 0.006611411839524621 -0.02926242015774146 4.934593416477056
2.403603103193002 6.767547046064098 0.007887610920412689 -0.02894452614862068 4.9784367968644245
1.2187040123400354 0.3626427276931768 0.00743107261605202 -0.02906508489192766 4.962697029922725
1.9506480402418789 6.5284552229566515 0.008149051095558527 -0.028872010083157984 4.987480520694083
4.062111095854007 0.4031598649722786 0.006805235469251925 -0.029217952875039612 4.941222065029522
1.2035249141526454 5.0324740465078115 0.00665588191647228 -0.02925233727266895 4.93611337726435
1.5277054716247502 2.053257207783777 0.006149440240665796 -0.02936297642825877 4.918833624167801
5.558684054455573 0.1837330982080498 0.008630952531250841 -0.02873163166969977 5.00421176126302
3.246747129786036 4.603295872320293 0.007672511469719899 -0.029002285560745317 4.971012800395942
2.4299985450617907 2.6609586387935935 0.005307446817986867 -0.029526784590846344 4.890239992955611
2.6578222983635715 6.657613976432279 0.008490467437517161 -0.028773459345244896 4.999325765544339
6.346677942724122 6.998640058190672 0.0071197972917385055 -0.02914289770294905 4.952001852275885
1.2839872337130043 1.2637469786172713 0.008671186755017202 -0.02871951462437369 5.005612402321871
5.175765975126917 2.7773009844465864 0.007902952116218876 -0.028940341184041898 4.97896685579533
6.777164512896846 4.693314574513636 0.006953969341724392 -0.029182911273455174 4.946315604417218
2.3606419001935537 3.518308783833928 0.006563979409186549 -0.029273096425143943 4.932972779205007
2.5625902072843627 5.701940486095391 0.007641784663297009 -0.02901039688042545 4.969953487078351
2.107989213940971 6.112107977008754 0.006789620731677128 -0.029221585349189734 4.94068767555015
0.14628092281228888 5.854931871352036 0.006277179038955071 -0.029335933994214382 4.923185956970085
6.840565219349481 6.853350507755249 0.007879296509455869 -0.028946790608219013 4.978149554792022
0.11418204297010247 3.605791810046515 0.005595890386228441 -0.029473479787519425 4.900017619320364
0.4228812464586229 5.822241385760902 0.006927162693847778 -0.029189285996970935 4.94539713133429
6.124777176234557 5.42890940181843 0.007472361255570786 -0.02905449736729659 4.964117846486366
6.387934620116361 2.1158036391801134 0.007230409279634244 -0.029115651832802555 4.95579912686871
1.3273323739406215 6.371142611506853 0.00785461390739053 -0.028953497895173687 4.977296964892796
5.946457386207503 5.808636091226706 0.007852000857667327 -0.028954206646551232 4.97720671611702
0.014204594817684428 0.7759497195359989 0.006793367705745116 -0.029220714488433358 4.9408159037024735
5.8630909493172965 0.6143015659270612 0.00688892886505729 -0.02919833315605842 4.944087476175191
6.5728415249161225 6.436299685495108 0.007149639714837825 -0.029135590811720527 4.953025983863768
1.0233710268033358 4.004943371922823 0.006339240723386442 -0.029322585613328147 4.925301989276708
3.0078322380624467 0.8491650454789377 0.006742826463572739 -0.029232418498682983 4.939086613004284
6.482866466354009 1.2819749126669775 0.007754925225082722 -0.02898035774025876 4.9738555028038505
5.083243090727623 2.0758183725381425 0.007325433676085996 -0.02909188927273829 4.959064144089191
0.6534449171798438 6.9141900108383805 0.006075590137293805 -0.02937834584321619 4.916319208025713
1.2476586836494767 4.975839137548155 0.007986713449008483 -0.02891733750336339 4.981862280436354
6.985152505752613 6.796089320510216 0.00601482049781881 -0.029390847799596026 4.914251130720269
0.9087396476746158 3.2840552540103602 0.007841811799622527 -0.028956967860936354 4.976854830387666
6.9825387741947305 0.28842558938664725 0.006312749910287603 -0.02932830013093435 4.924398650445204
6.156908646221067 3.9331578143858756 0.007885152437126338 -0.028945195992483456 4.978351860084839
6.673263140367238 6.106347443439818 0.0072393738955190065 -0.029113424147648417 4.9561070354406045
0.1794947505045174 4.163204015798372 0.0068913440882611005 -0.029197763213252972 4.944170194827725
4.6686698376574425 0.22359378858969442 0.007973876487500512 -0.028920879892598124 4.981418388426014
2.579039124104169 6.898307287037617 0.006505102348278189 -0.02928623641641967 4.930961928390554
0.825278162791138 1.9374578341473276 0.008222445978053595 -0.028851193773187102 4.990023513391618
2.147173834938671 0.2595780099717908 0.007245686693648743 -0.029111853674018792 4.956323875903756
5.649073700701682 0.8386225752477511 0.007500593670256972 -0.0290472218050832 4.965089673580859
5.2496135708081155 1.6757176148658122 0.007126716911379811 -0.0291412063248084 4.95223929676351
1.077350208345242 3.5491014752019563 0.007747962281583994 -0.028982220075127987 4.973615246289125
3.005717550905097 0.6049888519163182 0.007397718552824758 -0.02907359214498945 4.96154963334379
2.458187329182341 1.9386936723681591 0.0050778588880689614 -0.02956713292006614 4.882469759251584
2.71582912625061 6.6263630411814365 0.009034030183829058 -0.02860745180259272 5.018270967959164
6.90761005399455 1.8656284597172157 0.008237831486423078 -0.028846804544026997 4.990556825064589
0.3393023161618558 1.1926198131701142 0.009060044414056388 -0.028599223682039442 5.019180450225483
6.733023568437262 6.273476996371033 0.008086466236627721 -0.028889601309188738 4.985313516244895
0.834364304842371 2.2837200833073625 0.008802749465001068 -0.02867946306778464 5.010196542488876
3.3245800799061054 5.1123042703166695 0.005649688301849968 -0.029463214727723442 4.901843235810131
5.871072840527676 3.081242244312345 0.0074847483220589345 -0.029051308792469848 4.964544208914466
4.239346690585602 5.673516473532781 0.005220156226812163 -0.02954234196822713 4.88728445483552
0.2906596070153105 2.1483405278273358 0.006014979709673523 -0.029390815216530072 4.914256547778805
2.4256023157256283 5.271267408565645 0.0088925969160055 -0.028651731537368722 5.013330870251206
2.959264787427368 4.567339798856086 0.008005726043445828 -0.028912079664342605 4.9825198209990464
0.5325342279795391 5.9765452226201115 0.005766412214515652 -0.029440592558103933 4.90580643497374
5.582452003570237 5.578761364463078 0.0063274611127332 -0.029325129767263588 4.924900281881342
6.227827449363319 4.798233185795307 0.007293303259994419 -0.029099960954574403 4.957959851556786
0.4912666757760041 6.486987469949315 0.005869785217022464 -0.029420156721302906 4.909318890981972