300

5.664992283904755 2.123659552108698 0.009004843278852332 -0.028616652451384103 5.017250876764159
3.451968841701608 5.605589788574268 0.007594423204862418 -0.029022831291682195 4.968321268798873
2.03632862758714 1.7466214831708213 0.005086438501937267 -0.029565658175762132 4.88275994050801
3.362492969361192 1.392340292138374 0.00576946446006077 -0.029439994562569054 4.905910110758634
0.2402246321339757 4.290016897693964 0.006452693859945901 -0.02929782828043431 4.92917275672338
5.9000673099459435 1.0959117584131834 0.0068931837728516306 -0.02919732894416362 4.944233203019747
6.9173660093570435 2.10368810433753 0.006380179907620181 -0.029313705060029508 4.9266983660635555
6.659253479235993 2.2862499359874593 0.00756221119910739 -0.02903124113399382 4.967211544670888
3.3237924691359244 5.124537647166081 0.008845576853123576 -0.028666282809870627 5.011690197493435
0.41540580777393726 3.327284783686597 0.006713777658747087 -0.029239103774721078 4.938093007867755
0.17485343228713965 1.746326081200769 0.007610688555000704 -0.029018570256282118 4.968881742849421
1.2188268746788966 5.240291731615785 0.005396831210193359 -0.02951057798296541 4.893268052476277
3.1000873802950393 6.485459420243085 0.007644467980592853 -0.029009689920674618 4.97004598322725
6.06658100493473 3.545201298026855 0.009407446537849121 -0.028486838182527566 5.031351471449817
3.6924079492897928 4.118106631496053 0.00929873531452205 -0.028522509033226028 5.0275376725951135
3.619230564366164 3.795417408058527 0.008361640573847421 -0.028811160457603728 4.9948514232915855
0.2903279935038913 1.3115075326730241 0.008102555287900213 -0.028885093003252045 4.985870474651964
1.8504217886068826 1.1062345323335596 0.00736073357990628 -0.029082977859319015 4.960277723121791
1.128754526602819 2.7504924608479953 0.008511158514340568 -0.02876734573685532 5.000044944773829
6.062581807934831 1.9221024532493858 0.007731694974760355 -0.02898656400502249 4.973054002624806
0.5771743288282906 6.167921267205872 0.006252037003033642 -0.029341302515612663 4.922328996558237
0.8975301617170646 6.187333298657986 0.007205193857283419 -0.02912190209239371 4.954933176323894
2.8190293827342088 3.4789976633376902 0.00738597320718929 -0.02907657819934598 4.961145667356891
2.5091721011330534 6.331862007144052 0.005779243143171194 -0.029438076511418144 4.906242277993129
0.5266782672924673 5.912527106582947 0.007842507332211686 -0.028956779495382525 4.97687884998995
5.094821039791283 1.587609389002367 0.006770731000684509 -0.029225967934635968 4.940041293305774
3.7563811660128192 3.9421791353381384 0.0095498031803337 -0.02843943141514767 5.036352900376907
5.355627221819505 1.385879795811474 0.007437691361375117 -0.02906339187384924 4.962924758074665
6.614093016418775 3.0034367559387585 0.0076756688121789925 -0.0290014501066023 4.971121667261832
6.822546161694211 2.8432871256347463 0.006787523749374853 -0.029222072502676333 4.940615914733717
2.9738612881167197 1.1911139445919419 0.0062810307750042 -0.02933510955158426 4.923317256357681
4.829376709490968 4.241874204971686 0.009231961100562234 -0.028544191952789726 5.025197457291569
6.943711143177452 1.8101940690829552 0.006900725196235761 -0.02919554746474258 4.944491502449609
0.5359539170872067 3.1623847977396347 0.007698683891394242 -0.028995349046707242 4.971915334441508
2.916870374471316 3.431678841252902 0.005743552443734525 -0.029445060796780012 4.905030022780603
0.4280361989103203 1.741223404003596 0.007390213547449552 -0.02907550074758977 4.961291503596266
1.971364910001605 1.909649912486847 0.005874171147414566 -0.02941928131907512 4.909467972296479
3.607141027051463 1.0435399958819958 0.007170639997616458 -0.029130429485755664 4.953746825334048
6.708083974698837 5.651055203920345 0.007353149946088875 -0.029084896181185402 4.960016973218188
0.24341922508104225 4.505920532175891 0.005470769239813192 -0.029496960587909963 4.8957741048456676
5.040587331484952 6.995504896330866 0.007362941287785562 -0.029082419012053013 4.960353634505431
2.944653737638404 4.338565526182281 0.00634445202051901 -0.029321458499865456 4.925479715666409
0.46207829528603755 1.225842745095207 0.0066911890156876 -0.029244281313725962 4.937320527208434
5.653793950785826 4.954263939786708 0.0076391243338673346 -0.029011097521667736 4.969861785564793
1.5038852516355035 1.562665544857638 0.005226638013584883 -0.02954119589784661 4.8875038657571
2.105575064934473 6.1325438810787185 0.004985728132870797 -0.029582807760337768 4.87935460208883
1.017772041570046 1.3736685361091603 0.006477864301199967 -0.029292273283158463 4.930031961231783
2.656914925648241 0.19465178528311256 0.007210817996840763 -0.029120510019854346 4.955126304985153
2.9747184213432614 3.051292044368999 0.006650251803844185 -0.029253617741152413 4.935920914373713
0.25142020042668806 5.775297049929895 0.0059879960236266915 -0.02939632466178435 4.913338534614442
2.820658600165743 4.138690593394877 0.007798250752055535 -0.028968729437240864 4.9753507987959145
5.955985838358012 6.143904867530842 0.008225651734227695 -0.028850279956132086 4.990134628618443
2.6837744042394167 0.7173727415368266 0.006338884264187733 -0.029322662673864273 4.925289832820418
1.825761976866705 3.8507788046745004 0.006202570144580591 -0.02935179932476981 4.920643386318208
0.4429450730511786 4.758426209172322 0.007144380840239431 -0.02913688079410045 4.952845491276473
3.3969269719535107 1.6262479129336305 0.006826250653209871 -0.02921305020054482 4.941941381212564
5.4132104223530675 1.551337616816116 0.008825995848130668 -0.02867231761279126 5.011007201951605
0.10061897466316536 5.050450629434925 0.007269222801802831 -0.02910598563625272 4.95713242899163
5.613159229079322 3.851169690317623 0.00812045125674305 -0.028880067025318 4.986490085789939
1.8180865643258668 4.728500388901979 0.005412311719667791 -0.029507742744051883 4.893792652598025
6.671174283090993 0.4690857642631663 0.008242132219116906 -0.028845576029654787 4.990705916942687
2.2594014874983643 0.08890494345014714 0.00512657031971606 -0.029558725898742765 4.884117478932933
1.2573038211676557 1.3231061003122955 0.006350562192099749 -0.029320135740549928 4.925688106029521
0.3385064809346954 1.8354222168911465 0.008483115516184143 -0.028775627727976254 4.999070264660939
0.4253798021767447 4.8631521774392406 0.006781530821580758 -0.029223463855538243 4.940410837386617
6.983551411022893 5.582449023115482 0.0076921871831972955 -0.028997073237460626 4.971691280749185
2.1749774194036475 2.907186282154749 0.007125177396306539 -0.029141582782531945 4.95218646761458
3.7636299528201618 5.76972514063226 0.007487863252385096 -0.029050506087047446 4.964651432082268
5.277879205919915 3.6897142194629775 0.01007329304527004 -0.0282582513122117 5.0548183813266965
0.37615710704982436 3.427337341268791 0.009369067770311471 -0.028499483664012417 5.030004525007526
2.8452388964987128 0.5650867599296465 0.0055246209523710415 -0.029486921903322205 4.897600084937878
3.80509126973382 1.2728685806925517 0.008457910795179198 -0.028783046137974888 4.998194472440548
4.3268051837235255 4.688408171462963 0.007564096119843845 -0.02903075007452896 4.967276472541826
6.318655041504081 2.818704570792454 0.008161320115674421 -0.028868544368732693 4.987905491325131
4.330166968363539 2.489738372538937 0.007368545728977481 -0.02908099953302788 4.960546348115282
6.829196415695425 2.557595512636294 0.007597686225200597 -0.029021977259025562 4.968433699881556
0.9867608880117721 1.5380409971048394 0.00640996252625783 -0.029307206970504204 4.927714474992726
3.728360524921887 3.8998585629734897 0.006776209347413392 -0.029224698234199566 4.9402287452912494
2.4893818193098367 3.4215868580861852 0.007590070576329783 -0.02902396989810892 4.968171299173148
0.6065213437624506 6.404285015818637 0.006500112125931056 -0.02928734440590891 4.930791536815889
6.426923967409311 3.952595893573146 0.008425413966942356 -0.028792575422939375 4.997065632702305
6.847819409744573 4.548047521882527 0.006830269582408791 -0.02921211080068712 4.942078956501145
3.2461242237469725 5.964683791676476 0.007799416034269872 -0.028968415723411144 4.97539102453403
6.998966874613082 1.90532792144476 0.0062283050029892754 -0.029346349292369206 4.921520240439371
4.09046662016679 0.7266734366653544 0.007883078070358011 -0.028945761004621047 4.978280195463108
2.1511010546750584 5.160468734745857 0.005382389764155311 -0.02951321535222342 4.8927787092831725
1.087056977629563 0.8641300748575587 0.004861503195268805 -0.0296034759223033 4.875156847222092
3.9986377526602865 4.59351445071934 0.00720824711383686 -0.029121146501225915 4.955038021678812
3.356163736486406 0.5574576196589688 0.005926397549919618 -0.02940880500938973 4.911243531966826
0.028678458063022598 2.6213965073115455 0.007758659674588053 -0.028979358171876773 4.973984366427192
0.48055254799232744 2.4708235384538253 0.006819752164388131 -0.02921456794847946 4.9417189354240545
3.751998436692 3.505472406181977 0.009696827530773697 -0.028389637825066195 5.041527154482529
1.905539601421572 6.68718443240571 0.005572358366935482 -0.02947793788972431 4.899219266406378
6.5007281155593 6.073550722108056 0.0068694163238130455 -0.029202929979201243 4.943419252939233
0.44412299577683634 5.811917684554506 0.007999458207756875 -0.02891381449034961 4.982303037990118
3.342829211391533 2.081382284070299 0.0060516222653309035 -0.029383292326724573 4.915503442115157
5.891914523025751 1.1295838091882455 0.006362569141737436 -0.02931753253458774 4.926097636279378
2.8663828813582524 4.0097363199022364 0.007695853012128162 -0.02899610053810198 4.971817703522326
6.19805489726614 4.694262340532887 0.008226152854032914 -0.02885013707458053 4.990151998330171
2.649627486433238 1.225400691171828 0.005167695939392599 -0.02955156372644238 4.88550896638128
4.81973628726496 1.1226485189877777 0.008508789457884927 -0.028768046544063196 4.999962593498887
4.505558286056571 2.1892447163867264 0.006562861600990721 -0.02927334705164822 4.932934593855759
4.881048701428312 5.468563666976457 0.0073776175943196486 -0.02907869939718737 4.960858312084679
4.496404425114338 5.101233401593798 0.007839484185350548 -0.02895759809976716 4.9767744494253945
5.780080603139261 2.5963787707490726 0.007607969786469025 -0.029019283170474326 4.968788053356471
6.40803817731951 4.927858666038443 0.007563928614903255 -0.02903079371819943 4.967270702631843
0.6107342045119701 4.840104708383715 0.0074511689152726044 -0.029059939466490207 4.963388515169971
6.933016036531957 3.970535013634626 0.007514370893671265 -0.029043660755358407 4.965564006989089
3.015362485489657 2.867504519428213 0.007316796181786629 -0.02909406285884102 4.958767251319734
6.827770111316394 0.943196042350505 0.00714354385461922 -0.029137086010737792 4.9528167653919635
6.138917600386481 1.4964280224884825 0.008343113818038886 -0.028816530877592617 4.99420844229613
3.950401939051043 0.17529996458032465 0.007081069030177632 -0.029152332006030998 4.950673158451139
5.148072051753458 3.708879351357673 0.008494709572335451 -0.028772207236874833 4.999473200966068
2.3074572622788376 1.6222906178764178 0.005713270993231949 -0.02945095133536257 4.904001720634566
5.31980720297029 1.9055167098634074 0.009156467324171143 -0.028568498492944742 5.022553781014619
6.203040778798011 3.8649943900680954 0.006389445322484543 -0.029311686892278654 4.927014454859849
3.436278388849419 5.706989092106893 0.008056307591870208 -0.028898026022293882 4.984269741187426
4.318214901123818 3.7397654434850467 0.008004863370699637 -0.028912318523709426 4.982489983325913
4.91032777017022 1.7442280133280053 0.008936640833642264 -0.028638024558451613 5.014868454348643
4.124456755486897 3.33823456452797 0.008949408809462368 -0.028634037122996073 5.015314325345207
2.340339783706258 1.3496055545398455 0.004862917612275065 -0.029603243611067774 4.875204626157225
4.307128494004634 3.480919466956961 0.008491793163124775 -0.028773068117159618 4.999371840456791
6.943641391452741 0.8865054920935791 0.0065477814045261365 -0.029276723837863786 4.932419472493751
3.8603139898338013 3.9222541527314756 0.008470305688572167 -0.0287794009934561 4.99862513144895
6.614722012244554 1.1718362099168156 0.0069353979349052915 -0.029187330393246166 4.945679273106531
4.3498966031057575 5.2119931514560065 0.008586791068011147 -0.028744860743345476 5.002675082433277
0.03476192971381588 1.4052208813593852 0.00818061432227642 -0.028863082810229503 4.988573901582263
5.986533716493716 3.1578329669304708 0.006827980079128721 -0.02921264602940003 4.942000582078961
0.016246423630898163 3.7941201977130805 0.008637100327599833 -0.028729784160883887 5.0044257412437325
0.8325557998623506 2.004708393146764 0.007050423199966262 -0.029159758790178247 4.9496220616041064
6.160993818203725 3.7097878956800474 0.007391425061115045 -0.029075192786393013 4.96133317166905
6.671048269413529 6.897035360702471 0.008357693216914262 -0.028812305775344417 4.994714418103073
6.865160413740228 0.27959310006771426 0.006531753005539503 -0.029280304005843683 4.931872026724164
6.426222495524357 4.052226894518763 0.00779243982988513 -0.028970293086153266 4.9751502112851895
6.356293072430397 2.6924265598640527 0.008829912870320405 -0.02867111157075271 5.011143818203525
0.28006906300835105 5.280622771682095 0.005311586015753821 -0.029526040269518845 4.8903801792301875
1.9949838492773284 6.860398983130586 0.005850287975097106 -0.02942404001167131 4.908656217607388
3.4242618195279 4.110174751072505 0.00745208389408503 -0.029059704844260178 4.963420001213053
6.929610331928823 3.6468251290433558 0.00922801818932605 -0.028545466895769412 5.025059326803161
6.032253994863091 0.18922127491382476 0.00810890793831712 -0.028883310268179054 4.986090409773295
0.40072101881990957 3.636580469953182 0.007860888560085287 -0.028951794953783437 4.9775136861064
2.6968903783827414 1.3569753747143896 0.0049989846893697 -0.029580570516395507 4.879802735939978
3.841828057254363 2.0448883803000872 0.00798250913219099 -0.02891849836963336 4.981716892486249
0.03516563762478463 6.949064059215062 0.00779168505354907 -0.028970496095619417 4.975124157917719
5.583771497510632 2.1177690862225873 0.007496727688557691 -0.029048219807134693 4.9649565828740405
5.642831159482088 2.500086037093795 0.007280714916505336 -0.02910311306895839 4.957527285287599
3.076801389870234 2.8162909690389575 0.008694351610628285 -0.028712510340803802 5.006419090032044
3.322359053176045 0.5103233496071458 0.007338744011266238 -0.02908853444807943 4.959521697819357
0.5104835978030007 4.780703221088425 0.006134654337165878 -0.02936606913026481 4.918330094677517
0.32991811119746267 5.25925198719014 0.007352309063597795 -0.029085108757461054 4.959988062012425
0.034926619315472036 1.8817317298777414 0.008324258171555554 -0.02882198337889484 4.993554169851604
3.434431469181848 1.654674860023034 0.005662184226280813 -0.029460815837102285 4.902267372588411
6.059469204385543 5.037046492070072 0.009253070946311542 -0.02853735583515973 5.025937095427008
5.023934401131342 6.075585314116563 0.0077620746419801495 -0.02897844366511647 4.974102209660715
1.1538360803431482 4.825356782092745 0.008418565004460444 -0.028794578713113236 4.996827768458017
5.76209406300875 0.8493648834461431 0.008251674254264162 -0.028842847848323055 4.9910367297615785
3.005673841087309 0.5887406474297742 0.0063923007460050495 -0.029311064313201306 4.927111871765727
3.9415939677757668 6.287898579027163 0.00824576863378599 -0.028844536738142825 4.990831984113986
5.472075999867561 1.848292445427023 0.008496435980524313 -0.028771697475624403 4.999533204130502
3.1626116238630932 6.866679425408861 0.008343664407616224 -0.02881637146229688 4.99422754907559
6.320866503169297 1.8410116858019703 0.006846002779393812 -0.029208427652726056 4.9426175751794785
6.906331347280795 5.599723194387068 0.00782265402787399 -0.028962149159898108 4.976193295059253
5.287975705705963 1.315607086869458 0.006835446249009046 -0.029210899927542597 4.942256169777975
6.394233504546083 1.528284141916282 0.0061230373608553235 -0.02936849355138206 4.9179345192061525
4.233314152258069 0.8723033190974279 0.00836624075077092 -0.028809824985586777 4.995011093483907
5.136560886394881 6.804970314641002 0.008012009597723234 -0.028910339019215785 4.982737160722833
3.4177906870696466 2.816622613652828 0.00846225516386185 -0.02878176918713812 4.998345410775011
2.6433800246760373 3.9999435236081933 0.008127738001742551 -0.028878017157953035 4.986742405272619
6.955767152008069 1.9192969716930262 0.00712048346257042 -0.029142730058442725 4.952025397388402
0.4028117115305454 1.6872753383528494 0.008423670592103883 -0.028793085519890436 4.997005083780598
5.327462001668378 1.0823036940182966 0.006748351768217396 -0.02923114346741155 4.939275630041303
2.938931837131178 1.678069373670893 0.006281545739331376 -0.029334999286256814 4.923334810929757
2.712936255800853 4.612333461944054 0.005421152838907033 -0.029506119736373505 4.894092281153131
5.763900727640582 0.5577521821753805 0.008945427739917283 -0.02863528108033721 5.015175295593725
4.063630021765131 0.36037427103421243 0.009552355371059322 -0.028438574276236035 5.036442643000366
3.169607121813469 3.5730927430294486 0.006638460912426567 -0.029256295676557968 4.935517875279335
2.2810465860683884 6.551196394324184 0.005558291152675004 -0.029480593607695463 4.898742076298815
5.276084133483288 1.0768285561577522 0.006511950655585305 -0.029284714419970395 4.931195774936602
3.0533340909486917 5.879917368889797 0.007697298781896089 -0.028995716777866016 4.971867564686695
4.111478963855179 3.35187848210823 0.007083850151024691 -0.02915165633438051 4.950768559157819
5.65656312207762 2.6420649368657423 0.006617883666726684 -0.029260957191685852 4.9348145871431655
2.821129176708411 6.360349522276556 0.0070295087465571315 -0.029164807676068716 4.948904886877234
6.76753041198927 1.190940111620998 0.0075649213247343285 -0.02903053505105581 4.967304897847557
4.655818944087474 6.5623111414914215 0.009523959829127883 -0.028448096406845192 5.035444323385872
2.6049911556204557 2.824664123510771 0.007252064517254104 -0.02911026554735604 4.95654296183416
2.9052331517478542 0.9472741212323328 0.005854924683047667 -0.029423117730040763 4.908813802378476
6.5713042766351215 2.659480361007263 0.007878089992537031 -0.028947118994288326 4.978107874521094
5.382528272084482 1.7943754196192458 0.009476282591023741 -0.02846401356546649 5.033768854773864
0.3630520038394289 1.0327498601480605 0.0073321251567525034 -0.029090203517433785 4.959294162650439
6.137257069835371 0.12117733036795575 0.006170047283219423 -0.029358653179647677 4.9195354794073545
1.7658879306781403 1.434968940313637 0.005663887818553467 -0.029460488366265105 4.902325198608905
0.20800187947776808 6.1092856941801905 0.006516362086540095 -0.029283733115111926 4.931346416831072
6.211149898892903 1.86889305408716 0.008637841083102159 -0.02872956145546034 5.004451524882384
3.8547099775876927 2.4563747582339612 0.00857352931323157 -0.028748819021225183 5.002213753306365
2.7309370240094237 4.487324798927488 0.006869033670748571 -0.0292030199881814 4.943406149717226
6.588797931248995 0.6756053432894275 0.008437009592190448 -0.028789179723314212 4.997468386146061
2.8223324733000585 2.0678566068934883 0.00781338816860085 -0.028964650271093698 4.975873378913872
0.805755075219878 0.8420848523599334 0.007873901422952762 -0.02894825860706689 4.977963180082591
0.22285318091029055 6.867060533843153 0.008960915591671295 -0.028630438204102677 5.015716207384231
6.306952438935694 5.885025483551068 0.00809970092048734 -0.028885893529518113 4.985771658011229
0.9479050358909957 1.1843291621232055 0.007178864476244332 -0.029128403746716314 4.954029168049029
4.261120515692797 2.8611780801471953 0.00807909495195912 -0.02889166358583785 4.985058371791342
3.465436188956452 2.2273722340996533 0.008195953111243144 -0.02885873095959529 4.989105374438152
0.5065975150223122 3.5006997784136704 0.008650288199248266 -0.028725816160205895 5.004884804288697
6.14135631187694 2.425215531113477 0.008203607185870052 -0.02885655608592164 4.989370610044656
6.184852007603606 5.9970706228807575 0.006235879028885117 -0.029344740802009325 4.921778338417841
0.8367623904591759 0.6790304617644929 0.007675596813049694 -0.029001469162156273 4.97111918465819
1.6943665521051743 6.882061887447881 0.005827112754628743 -0.02942863838074815 4.9078686504174645
0.6359010348299408 6.72688790390521 0.007228417039615968 -0.02911614650157863 4.955730702397047
3.285462027092916 6.13438940000549 0.00608963422459199 -0.029375437954363808 4.916797273815623
2.4801140650585225 3.9778506175229755 0.007196824246614383 -0.029123971582930498 4.954645787361095
2.6464897848303597 1.4190551706449435 0.004544348632655551 -0.02965381755364529 4.8644526278526925
6.475653134582266 0.7067783855018509 0.006192881678320741 -0.02935384500399086 4.920313316994119
4.4737071971355 5.9821774352379995 0.007744904572154657 -0.0289830373351072 4.973509744836595
1.6214721453699381 0.47509942628525087 0.0053956311937313735 -0.029510797414187794 4.89322738868443
6.275630024595655 1.9007070701507651 0.008419231709398777 -0.028794383782665918 4.996850922371872
5.713080816607951 6.727620881378328 0.008853893955818523 -0.028663715073575517 5.011980345860561
3.0640021011314116 1.5328354909959379 0.0051966035510488656 -0.02954649406500247 4.886487259422745
6.4968838325846505 3.8057037166947385 0.006999664205137716 -0.029171984865883117 4.947881706221757
2.290376054122941 2.227784984907177 0.0048220726439475465 -0.029609924272386998 4.873825035660406
3.5315375065702783 5.9595018887082585 0.00676312888662178 -0.029227728061943885 4.939781186091328
6.9058218989868125 3.421690993660358 0.009515318102571807 -0.028450988056777027 5.03514056712789
6.972800220388744 2.572118833103587 0.008068385429128211 -0.02889465619395793 4.984687712342909
2.8372457736466665 0.5767658101837009 0.004787633455891538 -0.02961551225104891 4.8726620494100406
4.064534011432637 5.689361636536681 0.007740637760772002 -0.02898417718439684 4.973362530194308
1.8782804921304674 5.454843191128411 0.007395166325525486 -0.029074241434950868 4.961461849254839
4.057161140654804 1.697355243955941 0.006718598872440176 -0.02923799632654819 4.938257900233273
4.010967742194694 5.720336697383325 0.00663717539607329 -0.029256587339636167 4.935473935678796
6.81806595557128 1.3483438841733575 0.006547515572256814 -0.02927678329036601 4.932410392516057
3.953451508252428 2.3935795941863964 0.007970086328853349 -0.02892192462320972 4.9812873381191185
2.8410725240811194 6.149572708922764 0.0063986738087579206 -0.029309673718571405 4.92732930549112
0.5058762706800524 1.4477234735950375 0.008087146211803495 -0.02888941096922733 4.98533705334423
3.6621674645193187 6.724999745776954 0.009060108546022261 -0.028599203365378804 5.019182692663577
4.3203106739611155 6.110336797520773 0.0076867987309303335 -0.02899850212114701 4.971505457875004
6.851210682843794 0.44676848349112674 0.006163852476951543 -0.02935995440463725 4.919324479640849
3.664341913164854 3.4652584872672736 0.009268768861201546 -0.028532261105590994 5.026487227540578
2.1110688955799777 0.9303536476667883 0.006696934387492382 -0.029242966159567705 4.937516993003441
0.9409659466203806 1.5295382710332734 0.008832249885645654 -0.028670391730102194 5.011225330378457
1.6438981506421357 0.6876444051880357 0.006664167978837182 -0.029250450682850017 4.936396647945939
3.76443500965918 1.565051118325173 0.008702165770354113 -0.028710142996949302 5.006691252992946
0.9583520317460225 6.206447962424973 0.007667691083918684 -0.029003560358024906 4.970846596948212
1.2454074470813417 3.2184050608458525 0.006658256026467054 -0.02925179698216872 4.936194537682283
5.27075036571244 1.3479337831609435 0.008377614710853134 -0.028806519605056372 4.995405910614888
2.944525354491071 5.7637653450182915 0.008553554349948353 -0.028754768439034236 5.0015190153478475
2.1243716682079095 3.8204539016633077 0.0059584828743624385 -0.029402321028040107 4.912334662962655
2.351040107818207 0.81684787338023 0.007521730657238181 -0.0290417555929383 4.965817418739929
6.0648471299853846 1.1644807749258645 0.007617573373280783 -0.02901676370484282 4.969119005833119
1.0082962949166303 2.43044938471481 0.00665890043460397 -0.029251650295359935 4.936216567431533
4.869574835237748 3.936769577291111 0.010791024006916571 -0.027992031024599663 5.080336191549711
6.500130899691504 5.860124731784534 0.007578133000420568 -0.029027089076032696 4.967760020689969
2.04704758403848 4.6758592249619015 0.007510497613321004 -0.029044662600903104 4.965430648678134
2.27236390175585 6.865504635382956 0.006478857622895735 -0.02929205359653443 4.930065872065912
1.7996533281907363 0.2705537974908875 0.005682351003894585 -0.02945693275051797 4.902951946500675
6.884421105014826 0.02544896840169665 0.008268906921092974 -0.028837912170098248 4.991634248459689
6.561811492325884 1.0198284914026048 0.00630075165804309 -0.02933088011880426 4.923989566921497
6.8353409630069315 4.772407764899667 0.007831266063158374 -0.02895982168190999 4.9764906618475635
0.16022887117804918 6.992440460100504 0.008606534170316427 -0.028738955610376236 5.003361992342233
5.847386833500763 6.595934901234335 0.0070076702725307485 -0.029170062690222123 4.948156158959642
6.104631219779708 3.2809620660216656 0.007082602272386441 -0.029151959540504074 4.95072575294008
1.0358956167526125 0.5343377562056004 0.005733658800558121 -0.02944698892516487 4.904694030295029
5.651944796227819 6.971420182851 0.007700688459845217 -0.028994816730657336 4.971984469213699
6.719327941571564 1.9386349105246814 0.007956315765878253 -0.028925715884548772 4.980811240473852
5.581858567343509 1.7802727706226669 0.006747697303685876 -0.029231294550495543 4.939253240809732
6.300048867888334 0.6044528375357658 0.008434364688757476 -0.02878995471161844 4.997376515941444
0.7522791244921868 5.173426530350269 0.006350091237051279 -0.029320237742575084 4.925672043544905
2.7258471640556006 2.015066516745702 0.007209731501049353 -0.02912077903633034 4.955088994829114
6.1868223827881765 2.4441645203233016 0.009024773780043266 -0.028610373262490715 5.017947418306778
4.795653829954336 3.239755856393157 0.01002985271624052 -0.028273698988468463 5.05328153993883
0.3629848029268569 1.0776734941882478 0.008728030265883901 -0.028702290634683054 5.007592259696335
0.9838949053800222 6.145840076909075 0.007270094290985426 -0.029105767967881918 4.9571623710266515
6.710701432204452 0.9639279320851489 0.009156045354480575 -0.028568633734686974 5.0225390105956595
0.636765259200316 4.452011547390167 0.006947376223945799 -0.029184481554465767 4.946089686574014
6.692623137122127 1.452405808333854 0.008764363691711423 -0.028691216932702775 5.008858375761159
5.864414396303649 5.096320126390643 0.006969370245671078 -0.02917923711097935 4.946843374693519
6.4057288483614 0.2754345720456464 0.007288621370482567 -0.029101133973055842 4.957798964909977
6.91162361945876 5.332558069851937 0.006349944049975842 -0.029320269619534132 4.925667023565302
4.364489426511229 1.3838609633010812 0.007399989944434562 -0.029073014099371727 4.96162775971282
2.2842906923004227 1.06083855042023 0.005239485572865845 -0.02953891993509124 4.88793878565857
0.5235807267198107 3.0983911131016684 0.008035821803700938 -0.028903729308502123 4.9835609119418685
1.84784354021102 1.420725417731581 0.005864945271401651 -0.029421121952832856 4.909154382469616
5.358085842215623 2.0021280068965734 0.009701948736489028 -0.02838788809888011 5.041707550004106
4.965069515101203 2.8406315023394493 0.008611683348661662 -0.02873741306907049 5.003541167834692
0.8057204082507556 4.717436907404828 0.006989219760999246 -0.02917448897808593 4.9475236916464524
2.7215632393600298 1.7702065408148293 0.007407261490459153 -0.029071162295511353 4.961877880926586
2.1485236979134448 3.097125928815255 0.006779046797291484 -0.02922404018133242 4.940325837202992
2.411695299683648 0.7865448216105025 0.005024951373120787 -0.029576170538083046 4.880680630212736
6.608644229363464 3.0272583514004223 0.007109498570559739 -0.029145411818590056 4.951648480522402
0.040081195084754107 2.353848432369302 0.008789851192006322 -0.02868341883427401 5.00974683451223
6.467561734585429 0.4431654813357077 0.006402383603368176 -0.029308863577343327 4.92745587960151
0.528016677809905 3.4432744756594458 0.008597548740289018 -0.028741644971336532 5.003049350168585
3.0169950663121137 6.271320081799032 0.006837990769830016 -0.02921030438444145 4.942343279273554
5.568449546446092 4.241985192051812 0.0070550147097744684 -0.02915864824447227 4.949779525088869
3.9317198107588105 6.831961788628687 0.0076266376377470205 -0.0290143826117755 4.969431398917449
6.990804140804259 3.309212604923758 0.008797460298694625 -0.028681085967809723 5.010012124229972
2.128388800937645 6.433218247947298 0.0074094660740120334 -0.029070600483960846 4.961953715694795
2.648270376494592 5.725577931543319 0.006765775336141532 -0.02922711556245089 4.939871732891349
0.27668850133306394 0.14818198117700923 0.007740290247348369 -0.028984269990579434 4.973350540450212
5.297550454615412 6.743754405867307 0.00782767903911489 -0.028960791440507998 4.976366801831396
5.963126155559221 5.968001870126284 0.0055902432535290215 -0.029474551402292336 4.899826022329992
0.23587046224938304 0.6588201586664333 0.006625109345494072 -0.02925932203862979 4.935061533289893