300

4.901212922094709 0.1177243065394105 0.00440619290181396 -0.02967466030322848 4.859795320397328
3.764592638724865 6.643908850127539 -0.00726731093531778 0.029106463058389806 1.8154740895725263
2.255557488315983 4.652491897808279 0.028607450695980103 0.00903403368806357 0.30588211006824284
2.6843255348156525 1.1307860464530772 -0.020632649480515065 0.02177828678785825 2.329188277253495
6.801543403109437 0.48585415554043637 -0.02578518109742727 0.01533376782701758 2.6050987897809588
1.1453111210524523 6.967018231506825 -0.016736590820796083 -0.024897520513039933 4.120552173957604
0.4983190533827143 3.321398270984417 0.006586082800796856 -0.029268131360595053 4.933727918493881
1.306620239373072 1.1897404312202833 0.02999605393629326 -4.8656782773369705E-4 6.2669656684296955
6.869791374414554 3.374144608070641 0.005172705859639233 -0.029550687201648183 4.88567850037215
1.0320183733409876 3.1781262104411576 -0.012759358455806082 -0.027151404600798276 4.27308244600508
5.9293471071507335 1.1474137117470649 -0.027350423125072076 -0.012326976712865263 3.565032833013925
0.17310378058042608 4.7014762340056535 0.02759750396373629 0.011763408305910316 0.4029280809070239
6.759639025213836 3.728117233852574 0.009834900018078378 -0.028342101926893175 5.046394701830643
1.7685299162906087 4.999624758532981 -0.01726980604622778 -0.024530670580432047 4.098977662288631
4.333916530247116 4.873604790391522 -0.02625321269961451 0.014517879423276642 2.636453391670406
2.703757513289063 1.7603843621128723 -0.02994247484767476 0.0018569329541920244 3.0796552949871474
6.828998947582598 3.5119503890590105 -0.015496060598588542 -0.025687975901671812 4.169589218774226
6.643240430267377 3.275084577653698 0.02474688419781997 0.01695852949107582 0.6007778821852292
3.237420071881013 1.8726004011601527 0.023766338598542634 0.018307406960556227 0.6563722111501078
0.7324251200337274 6.7932375510178895 -0.005930262557323657 -0.0294080258773214 4.513403003584968
5.30762620516649 5.1063593901758875 0.027414074550890444 0.01218476575557449 0.41824664552266766
3.680917533209862 6.002273561061263 -0.001331709580021024 0.029970427918107542 1.6152012375952998
0.49469622918464895 5.23229068047444 -0.019261720584359023 -0.022999698261718125 4.015210181417927
6.511564341013739 3.446008954460497 0.011132803307702123 0.027857865864276406 1.1906100586781245
6.31241697996555 1.9731548968860166 0.02593702887198486 0.015075494462664355 0.5265070044740491
5.310443100995696 3.015088725180698 0.008670451505347706 -0.028719736605571675 5.005586801372914
1.0192653701508922 2.9892127233863954 0.002756635666233521 -0.02987308085557379 4.804406637031308
2.7255060601861305 5.7721358290603915 -0.01843257492183893 0.02366939335409327 2.232445895988442
6.155429227809069 0.13136405771353213 -0.029201330726775537 0.006876211441300722 2.910329688509915
0.33473790985406465 1.8860241715295167 0.0080115294997471 -0.028910472065925903 4.982720554315309
5.562879715463774 5.343988787874391 -9.634726999577293E-4 0.02998452468118239 1.602917606839557
1.1453658011678434 2.1919727898307686 0.027335044509629244 0.01236104128528774 0.4246860156394876
6.347300819362204 5.064494202498451 0.0028484831010712032 0.029864462895269214 1.475703640386545
1.8859397187487332 2.6704546487784904 0.029946788155635336 0.0017860232813429553 0.05956933347903082
6.579457827535337 3.8656844382230826 -0.025018120920472068 -0.016555773180635138 3.726184562663545
4.864906519679865 5.740996261901557 -0.029420383970336746 -0.005868646099225319 3.338483845379137
2.666748666410498 1.8721984971430783 -0.024487500623623697 0.017330964001117454 2.525686019097649
3.0348375413015845 5.801226386177742 -0.01957231314290905 0.022735974978784386 2.2815569870101786
5.3918957934826235 6.750264772384773 -0.021529253197645596 -0.02089237317184591 3.91197884697772
6.611760134966164 4.149589200887414 -0.005458571647735675 -0.029499220253534436 4.529417360382127
0.10438543158463215 2.143158261236921 0.029945316515237252 0.0018105299782823461 0.060387694954432414
6.587720374755031 3.540740666684313 0.029103443950502888 -0.007279392160059575 6.038092452704026
4.766198683914942 5.144111277419269 -0.028656622290636164 -0.00887682369385663 3.441984074957496
4.795708180372814 2.277929016717343 -0.0185157801870447 0.02360436154749886 2.235966038590179
4.720403207281765 2.5406073722333113 0.02744840468381097 -0.01210723256214004 5.8677651158346835
1.5850170869911844 5.704823136583614 0.017284458651906205 -0.024520348470414215 5.326397741939665
3.20456640275423 6.844415629291174 -0.026692898329884952 0.013692668795761654 2.6676225862128056
2.191057519899263 6.969034768542163 0.025453247831953612 -0.015878670435686627 5.725422950975594
1.5576739649805094 5.818700544212968 -0.005224233846431178 -0.029541621159269556 4.537355477968344
1.6767065460300703 1.8034733782168095 -0.003949993289235484 0.02973882232057945 1.7028461979633889
4.803515573588469 5.4440009170617305 0.00553748531870435 -0.02948450875197234 4.898036376409403
3.3208011676629514 5.3358036849703385 0.024482733636615107 -0.017337697473383106 5.66700367003226
3.7796409215154987 3.7810467290753995 -0.0021911553593692034 0.02991987363260593 1.6438999339975955
2.922674766960594 0.25217069881083776 0.024119733714627164 -0.017839238928145942 5.646365884312072
4.537797143760569 4.690038705736583 -0.021345611720756826 -0.021079963478779766 3.9207293869631576
3.3407536301833076 5.617890957377831 0.016566667663392987 0.025010908070893567 0.9857688912755875
4.3567982794533355 3.600529486355438 0.010024569416110258 0.028275572638261224 1.2300906237629678
2.254627195967119 2.71306917185825 -0.029964209798087116 0.0014649679778821016 3.0927409593148427
2.7378232432173957 0.4931391188287814 0.001351934426751458 0.029969522407034852 1.5257165790667622
6.393792487939517 4.260188154981659 0.016958357541613546 -0.02474700203036317 5.3131599142587085
0.6867776526832063 0.5272915376545914 -0.008108256714416865 -0.02888349308953323 4.438710097644414
0.994275192378686 3.651071018942408 0.00155980032315787 0.029959422940902525 1.5187795284775882
5.187001712272301 4.7142245158495975 -0.006795489228883128 -0.029220221185681215 4.483889453056974
1.57652176905567 4.4464267410239735 0.01943864658169915 0.022850361464795167 0.8658999754304786
2.395090212206549 0.598364976962289 -0.019051545891490183 -0.023174093275561903 4.024313754434123
4.833219958515378 4.027847153221295 -0.018422902610324775 0.023676922507169053 2.232037318839253
2.3867907964218733 6.220896183692509 -1.596473786955074E-4 0.02999957520890047 1.576117931202217
5.8542653066075765 2.9694650199884065 0.0174185572016239 -0.024425271032554707 5.331877219594955
6.512648262095987 0.19303207849231632 -0.0016880888644719679 -0.02995246827868524 4.656089615029993
6.417122511968577 4.340744315060292 0.01610093153639319 -0.025313237715874657 5.278907494445091
4.037950993635396 0.046590867296734464 0.025745603140462994 0.015400127237584174 0.539069387347475
2.480070155739099 0.8321617455865148 0.0011604864837049392 -0.029977546115736994 4.751081516964819
2.8846639164477716 4.007731781117545 -0.0019258221631121872 0.029938123003890305 1.6350345701916087
5.9765769855371005 0.8829346445846736 -0.026279422942661834 -0.01447038112147357 3.644923581003258
4.512672437326683 4.979905955313425 -0.019895749737641508 0.022453488423341657 2.2958714332369365
0.2492801955142005 3.170926190836308 -0.02998044206643991 -0.0010830944099386331 3.177703648222569
5.57862879292724 3.073568479498172 -0.022066321897832156 -0.020324306578608113 3.885919576307388
4.98040267700843 6.415739927860571 -0.029882621026542995 0.002651218697884108 3.0531032580352906
3.695882824086646 2.0102369520825163 0.028511193111151058 0.009333373847577969 0.3163633609937818
2.6465181579688952 6.007736449603549 -0.017254819046416722 0.024541214714749033 2.183596826730824
2.5674002804310816 1.4568961765325816 0.02936001872543865 0.006163546093110023 0.20692506383443954
2.5941746342004426 1.9613266113019792 0.01751971869664462 -0.024352812092044745 5.3360250394150555
1.765133597198993 1.330440487295895 -0.020367565546353963 -0.022026399472337168 3.966099876494234
2.669848468212385 5.8404767809609455 -0.02132798584442772 0.021097796563145893 2.3616201302036095
2.9468817166415247 4.220136588363035 -0.002853153410061453 0.029864017071028048 1.66604539786207
3.794314757088552 2.681380166647404 0.005943981189120462 0.029405256122390467 1.3713438352528735
5.401482293648934 1.8468042594944596 0.028930913919112348 0.00793739376652761 0.267768160507482
5.9917088760217405 5.960294342769599 0.0063035164769364395 -0.02933028605426464 4.9240838309490185
3.249064267155849 4.87585946993544 -0.01858355525702282 0.02355103976492714 2.2388405777277183
4.641992597198323 5.205295696064168 -0.014371405668652679 -0.0263336799385695 4.212820436508654
4.384427880579857 6.904035850849494 -0.0013541922272790727 0.0299694204717338 1.6159514112045976
1.0083742634448354 4.345218545319988 0.00911595441924316 -0.028581451590608216 5.021136005563108
3.261141881785974 0.13999769270703838 -0.008717604116568583 0.02870545903598802 1.865636374687074
4.02145182917514 4.425847448291047 0.023501324216724725 -0.01864638731927415 5.612470328589871
1.4277896707613245 6.307622362480107 -0.029927254653154267 0.0020879245497038993 3.0719388596109267
6.366908866765188 5.21011183261048 0.01752396732901376 0.02434975501009524 0.9469857951397322
5.385448096571246 1.7234160864378287 -0.0011240318343014807 -0.029978935145122763 4.6749124806414315
6.626602710180231 1.5712208328842403 -0.013887044561110458 -0.026592291991434897 4.231123268495024
4.398907232237179 5.614297327826693 0.008381619669148696 -0.028805354566846415 4.99554494300523
2.592153307774272 6.650954577656006 0.001637103056937949 -0.029955298255583507 4.766986202655993
5.562604325939362 2.2225823430596083 0.016188961000172388 -0.02525702955089726 5.282388962098822
5.543904721314821 5.295485735196758 -0.00827306663067828 0.02883671910124932 1.8501858423314363
4.1751476898857005 2.5192027940832165 0.02648659426672853 -0.014087594689999544 5.7943629493731255
4.298463402953268 2.012109618577968 -0.029895649686398983 0.0025000259654876307 3.058161698441884
6.73095166469779 3.1808482914895406 0.02997640853504821 0.0011895088649896298 0.03966069219844598
4.9072007223967695 5.313682997962834 -0.029362212673257337 0.006153085968065631 2.935023847502534
1.2663117671126287 5.228177557927788 -0.023097465494116686 -0.01914437483304401 3.833680228356121
2.9512492617100645 2.217945975495815 0.026760035558290516 0.01356099173803403 0.4690432361708311
3.8255310469816965 5.410805102416015 0.029669391729214314 0.004441530639141089 0.14859728441026876
3.0364448319780615 3.2680911810993183 -0.022422122238344798 0.019931092150926494 2.4149424195692424
1.261286986238615 2.4688530634396795 -0.026513267488703196 -0.014037330482412744 3.628518244466974
5.177947410288617 5.170869826530276 -0.00904912728182067 0.028602679864610743 1.8772060914326714
2.982943078858356 1.095741625296134 0.02231901131069486 0.02004648932140176 0.7318086600788267
0.5473312230093854 2.457875672129192 0.0025473742344296856 0.029891652421867945 1.4857814815106591
4.3952013076555305 3.863452763225826 0.010065759024340966 -0.028260935852584542 5.054551780858347
3.1998468466492493 5.593853284369496 -0.01001043781218978 0.028280578756600457 1.9110022927238632
4.391901809783703 0.5312260408394364 0.007683095559596897 0.028999483488884804 1.3118075493027619
1.117477687087311 1.2446342725610366 0.02608757694891083 -0.014813450946172412 5.766752047478092
0.7529680582937185 1.6115954215476154 -0.029079383071966478 -0.0073749223829020355 3.389969299585535
3.3043548953096558 3.359624430160611 0.029768802204194447 -0.0037173129176258225 6.158955583014948
6.01809037713719 1.6997676257861332 0.02656328403220177 -0.01394245105512565 5.799834904347074
6.39358671124221 6.428652859238207 0.018233217157334176 0.023823303551218384 0.917542010202054
1.36868106551184 6.10258316934684 -0.014074296863056626 0.02649366278585417 2.0591166928254223
1.7276592681942953 1.215621498951247 -0.021785296720450896 -0.02062524779976986 3.899644793588466
6.814454411103933 4.109493562507539 0.02035720218962853 0.02203597783195889 0.824977617702378
5.464245376293118 5.6009724390553925 -0.02657724214804774 0.013915825516441147 2.659244331028981
4.377445337260708 0.09953650444430245 0.022652580085622875 0.0196687725967952 0.715011040450197
1.3871548520196098 0.06338191557559891 0.029993140480496144 6.415014553556646E-4 0.02138501176898333
3.4274296276763128 1.070948649445716 -0.013552766458241546 0.026764202235978616 2.0395322151148587
3.933068299744527 1.0438400386616584 -0.0037678045373862076 -0.029762453678553652 4.586462950408779
2.3600506140125628 3.035325979588051 -0.022045319118256457 0.020347085908656217 2.396232927399077
0.9564499723676069 1.603423260769234 -0.010757944372230472 0.02800476089674744 1.9375620548890815
3.302818315790062 6.3372478301113935 -0.01756782923428747 0.02431812854631117 2.196409356943642
2.4374861465789355 3.684320918537457 0.015033760879341142 -0.02596124099157804 5.237287701020478
6.889537482774069 0.4038978187239498 -0.017059623120151593 -0.02467730250652184 4.107520247349592
6.9837306415076945 0.8994943163928998 -0.0013230376925120783 0.02997081198873651 1.6149118913134437
0.5746312693523598 3.0410716179997928 0.0015989304983911126 -0.02995736005160192 4.765711929256677
1.5378566953641548 5.0194958618764725 -0.01354877998068323 -0.0267662205220505 4.243802034566787
2.460667751393866 4.2046382256371 -0.001731901747855843 -0.029949966883717483 4.6546268072008115
4.505606678239882 5.5572235354992 -0.029997731812298235 -3.6889851914903294E-4 3.153889580804535
5.72865013039431 1.2573706714645085 -0.013194598399755337 0.026942579183685696 2.0261945047056678
3.3537265044287214 1.809556859120654 0.019810778601540735 -0.022528494206243248 5.4336860837212555
3.4167796549159615 6.292039160588293 0.028739364810305243 -0.008605167650905389 5.99225984425969
2.9353181176036824 3.842957853765991 0.0299913194027675 -7.216373612707614E-4 6.259128408111893
3.2514780436034867 5.604218955056131 -0.024499255606853575 0.017314343034318502 2.5263646092897796
3.9517683686402703 5.742626524732945 -0.029774881678535908 -0.0036682994737598476 3.2641760760948846
5.137220018107062 3.840516848648085 -0.011234140398508346 0.027817154590407026 1.9546228981597071
3.810333540821601 4.868575339382078 -0.003912960552584729 0.029743717651193432 1.7016010348656598
4.606099496603974 6.541230009228714 0.026140917446727387 0.014719118011735066 0.5128209468078821
1.2436367382686664 0.532098023588801 0.024737675179335197 -0.016971960014144014 5.681864608289208
3.9867652304785763 2.3948268935794026 -0.019215839757243655 0.023038044674492976 2.2659819432553228
0.5401356690787565 2.7336113963098017 -0.02733427171605501 -0.012362750088587693 3.566341183393253
0.07502195087011754 5.5647277913956055 -0.028269456064099342 -0.010041805307809794 3.4829079908039398
6.326198299641272 0.3087330663549214 -0.006669873488476054 0.029249150203855913 1.7949990558449183
0.26839852017997673 3.317886856869705 0.020295084820248627 -0.022093201038756553 5.455392439796934
6.384328768652632 5.213872657347154 0.013392304689908993 -0.026844853791604853 5.175138518597976
6.404349699829687 0.32840492156552986 -0.024670486615102908 -0.017069478321671935 3.746860804777749
2.7012907941802466 5.861598115065948 0.026140029050966105 0.014720695676993259 0.5128813001627237
2.0998246208130893 6.81368870935441 -0.024983926631080452 -0.016607330010955674 3.7282467506968016
3.6968018893741483 3.369125621803354 -0.029997430225121403 -3.926574702877142E-4 3.1546816096645234
0.7628970992980669 0.7130233524411171 -0.02485235021440478 -0.016803591545279082 3.7361229618489857
1.8358060110164163 6.528289274081648 0.005105856388273196 0.02956231098108417 1.399768557857921
2.9632659269957573 3.932026905433407 0.029978201460506212 -0.0011434321988220899 6.24506166633047
3.284407264184587 1.1998944303861345 0.029917415901926144 0.00222446077762155 0.07421680651610532
1.8051834948140395 5.216709708005182 -0.01309778201415887 0.026989777811415497 2.0226042191334246
1.992977820249475 5.427808381323847 0.013017133735084929 0.027028766699997868 1.121974380111979
1.4753762410555462 1.0933762266743956 0.029770094388468928 0.003706950242672649 0.1238816265195164
3.4172000631401387 5.956713547224298 8.083212056769518E-4 0.029989108303323273 1.5438490253952475
3.7638081040632625 4.4175011399919875 0.022692514325175075 0.0196226856877881 0.7129783225239515
3.986398540601074 5.314168209386817 0.0028949503599643876 0.02985999434717532 1.4741475860777178
4.007399058727708 4.750602796852841 -0.021071435329716198 0.021354030372404825 2.3495336119044294
1.329426837052966 5.004015928001468 0.02810827578820217 0.010484504385728857 0.3570197639372657
4.228933013349277 1.2070150191895572 -0.016580317062654875 -0.025001861652721693 4.126815708312099
3.198583742645443 0.05309368414484257 0.013194238210095237 -0.02694275557650447 5.16777378955008
0.6944287691891617 0.2620249438066011 0.011557903129813286 -0.027684199017523555 5.107882260321999
2.5671909629380782 5.21608425196403 0.02206500527849066 0.020325735953715906 0.7443917009691794
4.563070214781632 1.4848768258383904 9.63391968046552E-5 -0.029999845312253845 4.715600292464298
0.059945897585288586 1.3989105361759255 0.01429125830100352 0.02637726172622924 1.074268795025742
2.0754211484325142 3.1414898218384755 -0.002122545752536379 0.02992481912273472 1.6416070129844051
3.1147955135387346 4.233632320614696 -0.029063037807734917 -0.00743907476680875 3.39217603115614
1.0254732321575089 1.6727671229672971 -0.004755657638454057 -0.02962066374046695 4.55319551563144
3.987728471266251 0.9487536202008707 -0.022799553576676578 0.019498214192696064 2.4340865459034164
5.733561452644342 5.047984340944357 -0.009771160808883777 0.028364139621129592 1.902554000032708
2.315952725347073 1.3052591133722498 0.015591925483841394 0.025629901671803918 1.0242604491065914
0.8721913654643632 5.818341071897867 0.029881732065296776 -0.002661219415571461 6.1943612399662555
0.18798605710552035 2.558980267375964 -0.02239438865688938 0.019962248287309328 2.4135520332700287
6.030325146894139 3.6706468054220873 0.02748019334344415 -0.0120349064727121 5.870398572730599
6.76456128919488 3.2456259089742763 0.017772373708728167 0.024169044928530125 0.936746291704887
4.372063386988456 2.464338094821395 0.017264712951150483 0.02453425537313853 0.9575926150473659
6.756585087341227 3.2498650690000157 0.020938302614520666 -0.021484587117809758 5.484910738738789
1.2557159469295656 1.9986588010949864 -0.02987268977236545 0.0027608704721541286 3.049433236083151
2.5544945417114917 4.612697114792306 -0.029546418528124452 0.005197033015183176 2.967479839335399
4.188803078587581 3.7137537672538663 0.0018535450062457293 -0.029942684764560135 4.774213190822929
6.086382133281865 4.198526522270891 0.02334027057266805 -0.018847593204296555 5.60387947473603
6.446183087852025 2.8232821262159176 -0.01772647427946449 0.024202729383676624 2.202948585086741
4.482024639589036 0.11810595683132016 0.013396416493600332 0.026842802110249087 1.1078936135690594
0.24778812081282436 0.9385890094737441 -0.010156166642356414 0.028228572034955768 1.9161599886039378
3.553349389438151 5.253347804867368 0.003174384771597881 -0.029831581944674796 4.818400260601994
1.3186274654688106 5.3732016218958565 0.026303245998845808 0.014427031916655692 0.5016821257885216
4.707697967857755 5.467694258907955 0.017687263845395505 -0.024231399003428692 5.3429221148558455
4.717070997319205 0.5407683553579705 -0.025769891710000208 0.015359449249724497 2.604102518446859
0.8807192663813361 4.9185947728254895 -0.029384296616305646 0.00604674394736278 2.9386442125535437
3.49071450020246 4.4222027539796045 0.029319017129042974 0.0063557245524711505 0.21347519777771318
1.6870464660327191 5.2918269673571725 0.01814760499456807 -0.023888583737030705 5.362054586668643
3.430057754964149 1.5000940861636352 -0.01660857516715262 0.024983098905400854 2.157500263018135
2.5181407793489012 4.076875288961031 0.021362665543662625 0.02106268076170765 0.7783273953604202
4.8208048547545985 2.0673572286456654 0.003072544805594318 -0.029842243019210457 4.814987043259379
2.9398556527248005 4.431198753614637 0.002692115152538817 0.029878964439978017 1.4809382778503783
4.542836386947502 6.996394079527826 0.017964883404116044 0.024026297348457914 0.9287576080489167
4.516101289948941 1.9099559659680052 0.029865345782187008 -0.002839211388819916 6.188403075881744
6.146237763822182 6.622466140242928 -0.029650220727322964 -0.00456775774544005 3.2944457620202274
1.3419183788194395 1.4177489670892862 -0.020608653980299242 -0.021800994957118267 3.9550982641286767
0.6367574165215301 3.4449324063661866 -0.010978747965817064 -0.027918937893535053 4.337726691404918
6.688910558732822 1.7349545461465643 0.010767028194217966 -0.028001269683086076 5.079479095756952
1.418916022726486 1.2879026706963799 -0.02865666427453108 0.00887668815813724 2.8412059618660352
2.7928188939316283 1.916665382694426 -0.017693363034299556 0.024226945835917533 2.201581190411654
5.3698889356465225 0.765765798792501 -0.029274168044393402 -0.0065591985263914665 3.3620131353763334
0.02608435655173704 4.648053203251752 0.023229262652321225 0.01898423969058214 0.6851743084474291
0.9175439085841168 0.723856577445015 -0.00862274354036258 -0.028734096363678036 4.420851899909481
2.4318593020851917 4.885451307071476 0.021750500153629938 0.020661939479800634 0.7597377262967497
1.9959635611560755 4.087499447736069 0.026517696001310702 0.014028962854825385 0.4866100157125135
3.9882856644724427 3.883235863739318 -0.02976495944821412 0.00374795798351169 3.0163334274307023
3.1737430579120773 1.0593810752519444 -0.017503899212741366 -0.024364185033573193 4.089402365461334
1.2402912280098197 2.441651457418843 0.02857799378011495 0.009126788674211262 0.30912611405054
4.828974920588414 3.8461731934108663 -0.02999219089408242 6.844599133034645E-4 3.118775343303177
6.065323975964373 3.475266094415949 0.016063311602869924 -0.02533712731051222 5.277422019401195
3.3418718378307952 0.33558251842906195 -0.026132328733572036 0.014734361029936971 2.628188501456675
5.892520832378065 2.9517592589040915 0.010389205528226407 -0.02814363886373384 5.066020459072677
1.5592981078979655 5.6088272480132755 -0.006726126488586152 0.029236265535453387 1.7969227143177928
5.319243172134638 4.45476809364334 6.726984469107306E-4 0.029992456998377506 1.5483711657216288
1.9432828979107828 0.2839954966300266 0.015257206940022016 0.02583055625396681 1.0372690322835725
0.826338408471278 6.4820064178423795 -0.019041848387015056 -0.02318206224661499 4.024732145658522
0.6192172850431107 0.2669579709985811 0.02494422904739251 -0.01666689644868593 5.694145125160787
3.9884913185263198 4.638728287014513 -0.011306342916515026 0.027787886027083285 1.9572198741397746
4.302278037973684 4.470217248361052 0.029973556460549253 0.0012593304198128394 0.0419900187713218
0.4894138501035012 3.5892005087187373 0.002930154883400032 -0.029856560290148746 4.810216775036614
1.7454417113215077 0.7696264861999337 -0.00438366557272877 -0.029677996498188225 4.565741741285724
4.311470485272072 5.091968939406574 -0.02961907948002283 0.004765514741986476 2.9820664019976557
3.2791917372320283 1.2971462059209242 -0.01003095538994468 -0.028273307800201583 4.371457420580434
6.632936633465505 5.1242747525895025 -0.0293869051390412 -0.006034053890130068 3.344109248529435
4.559549823433864 1.3310084131392619 -0.020125833593861744 -0.022247490243894615 3.9770196105413227
2.6094772529828147 4.196145313960112 0.004287619574065224 -0.029692024491234894 4.855800717347224
2.6236534632616593 0.3687466035831165 0.029450540910924045 0.005715386255887616 0.19168456398724143
1.1333795638302195 6.953446533071916 -0.005457567320087461 0.029499406077863895 1.7537339009997663
1.3922903345029722 5.348681426312526 -0.016608426153044264 -0.024983197968212058 4.125691008746289
3.4930115918481333 5.394253206093328 -0.02789349925729202 0.01104321960224687 2.764620069233408
5.078462347309281 4.265857375143464 0.016232011898038523 -0.0252293834594097 5.284094406588323
1.6059673563266412 2.719338603330145 -0.0030376960378929495 -0.02984581047285145 4.610958613948494
5.851280200747811 5.96952269046776 0.02992787569414591 0.0020790037122983447 0.06935571301946514
4.23973464480493 5.528036800961661 -0.0013829250789120593 0.02996810835248224 1.6169101710999634
3.221478786824348 1.0750512966861585 0.01982776114621278 0.022513548985638288 0.8487451482581911
4.249497933691744 4.816654941364665 0.029085743015380888 0.0073497995376215364 0.24751280040962564
0.5670044855241201 0.016245287861533956 0.0186540159553512 -0.023495269497017964 5.383428605311819
4.426246365302558 6.389117677591461 0.012773422170827232 -0.02714479114021361 5.152213551599651
6.176411719449349 3.772818901153696 0.028946031924963124 0.007882083214418347 0.26585684558011025
1.789130825481963 5.364674813999229 -0.012687165558782404 0.027185213445622337 2.007445616129083
1.238614927915273 5.408184096016057 0.027240223512388185 -0.01256862056850846 5.850892245720946
2.2601265655301876 6.530744581484841 0.01923924320237686 0.02301850388274172 0.8745944186733716
6.874564935562111 2.5831386166517927 0.004809643768316218 0.029611945677747976 1.4097800108978698
2.1017333404972414 4.611955747161142 -0.006500230957196919 -0.02928731803192465 4.493982366524531
2.050380274260449 4.239531587109955 -0.029869596537336188 -0.0027941372007748563 3.2348657454211827
4.806123075932461 2.8131499258458543 -4.96783669950116E-4 -0.02999588648440434 4.695828767816181
1.1839018130095493 0.8856874791912207 -0.015678946259269636 -0.025576759845589016 4.162454299139248
4.838313870403423 4.110190580316306 0.02590257997537446 -0.015134607712766458 5.754397682701078
5.833867061366801 1.2688197752193007 -0.025592984384325956 0.015652448699920652 2.592693645177166
2.0973885431938966 5.117562154674358 -0.02923631446564681 0.006725913801544814 2.9154735408285486
2.5902879953279947 1.5109679491069743 0.02531725831973942 0.016094608761059868 0.566268752521585
4.82011724195768 0.16065456494630956 0.013218103431286956 -0.026931055339139608 5.168659756932934
2.4478617921792405 0.2037242169005799 -0.003678151722539951 0.029773666215398738 1.6937106473332282
3.9676825280469346 3.8223912027983142 -0.011166651599191307 0.02784431525576232 1.9521979256812125
6.786521362814437 1.942532248240161 -0.029414399386442257 -0.005898568363159424 3.3395010076646785
5.175727203768392 6.654077287372763 -0.02676560387054237 0.013549998134509364 2.672960196383488
6.500782756377817 1.6974505755725098 0.027402414808241328 0.012210964854468967 0.4192025293162452
0.30075630349386523 5.837506685751638 -0.01169330155658065 -0.027627281782811503 4.311999857690762
5.622932592064983 2.6243012105622916 -0.014918377086541307 0.026027716478856905 2.0912562739308473
1.2624908455754857 4.737859947422221 0.029576458752835853 -0.005023254686137224 6.114951023761231
5.702661255003872 3.580876097671473 -0.011519638533084447 -0.027700143105534238 4.318277484149189
2.825970473656927 5.417847345212351 -0.015473406891527439 0.025701627947840797 2.112714442940256
6.798233110504192 2.6326571288153877 0.018214257374420003 -0.02383780250565027 5.364847688839885
6.9476711171015 6.215802163370601 0.0013218582568832826 -0.029970864030733405 4.756465192128775
6.1875926423680045 5.054862295817995 0.017917121407921406 0.024061935924896076 0.9307440391252162
3.758279089386796 3.731799302757747 -0.02414341168948667 0.017807180349284902 2.5061017215977754
5.928199945701314 5.46605896615189 0.0011594309414684125 0.029977586959126074 1.53213900128619
3.7356771015685966 1.619287411751061 -9.574824081544323E-4 -0.029984716564244437 4.680467479148597
6.8862776356105355 5.600626982097237 -0.00573722993939156 -0.029446293359649683 4.519962655561813
1.8299830293847579 4.639082401110902 0.02923866490105384 -0.006715688706594586 6.057415919889193
3.664304044269897 1.1088867803344105 -0.018825425292037175 -0.023358154091749777 4.034032555153628
3.47681368639838 1.6605504569014837 0.0017544923665783073 -0.02994865199863958 4.770905448678301
2.815555466512469 3.9508582265734224 0.018677384905601356 0.02347669680956021 0.8987616850456236
3.1906003716663767 1.7501912966193327 0.024396292217170427 0.0174591215716722 0.6211499787373818
6.767902617807618 6.100036197269217 0.02644239598630392 0.014170380887735451 0.49195055389826914
6.83333068328475 5.558009063302413 0.02879889931117651 0.00840377287084301 0.2839251141713648
3.302524517843906 1.0309587454384432 -0.011526569560205119 0.027697259687083715 1.9651580523456753
0.18485759729847373 0.11933445627898806 -0.021028224410853568 0.021396583328344317 2.3475120781575862
6.309338489465034 6.646226681129651 -0.02843930488935503 -0.009550179967430296 3.4655698223677986
1.164814528608846 3.7785764423278976 -0.013242635942087725 0.026919000600046917 2.0279782447960404
6.989098920988506 2.5084359638617957 0.01893620998010569 -0.023268432512512434 5.3954973931689505
0.05618773501832932 1.1085177890457258 -0.021152561108042985 -0.02127367289798608 3.9298454531293
1.2763115284700752 4.957073762256065 0.008629202294867272 -0.028732157380786032 5.004150845113497
1.7147300709116347 6.794326726973378 -0.021061129510959235 -0.021364194899939525 3.9341341974620487