300

2.477334629423757 6.932717100725394 0.008197761989543978 -0.0288582171722854 4.989168055448108
0.2640456791386665 3.4129411618466476 0.008268465225542521 -0.0288380388170554 4.99161893200481
5.890136802493114 6.566980296933144 0.005946181559822299 -0.02940481125356239 4.911916301655669
0.22642364985160093 6.214962630963782 0.0069996940107961295 -0.02917197771415618 4.947882727943872
3.9885380680740856 2.0797064862375736 0.007961784008795327 -0.02892421123206804 4.981000289731935
2.719871150544894 5.908021498289313 0.008069077485605765 -0.02889446293896618 4.984711663442628
3.7266159265125296 6.911718283981982 0.006700475109944423 -0.029242155072788587 4.937638074139056
3.453023784731633 0.09005314363456571 0.007599206951187416 -0.029021579104401347 4.968486099358148
0.1120339554567297 2.9255653232433736 0.006767935288435847 -0.029226615471715928 4.9399456358657226
4.177501238169656 1.1206268991833888 0.007129348253738405 -0.029140562682915323 4.952329594034908
4.006129514221253 6.560192202674057 0.008470434174022795 -0.02877936317751918 4.9986295959454505
4.969743900496007 3.0287755016694695 0.008327531156996058 -0.02882103788605226 4.9936677303612775
6.877591616250304 4.283179082853572 0.008708434461083823 -0.028708242182986538 5.006909604334076
2.827682665866479 1.3396164736914744 0.00585868588759831 -0.029422369035658164 4.9089416356160696
0.5238349595623693 1.9311445840099242 0.006247576379539206 -0.02934225262964355 4.92217697361161
0.41880622072739787 1.6001402010751422 0.0069531266547251825 -0.029183112063715037 4.946286728473614
4.106412239135386 6.12146242971004 0.005907202327822851 -0.029412666670299792 4.910590871607701
5.670684643132442 5.915852843887938 0.005052439528676639 -0.029571487193055843 4.881610105854928
4.7997835220424925 0.5176047430821729 0.007042039771947612 -0.029161784510730957 4.949334571682324
2.892026532049211 6.7366121582912735 0.005973356548674707 -0.029399302909123626 4.912840556269647
4.292975636498822 3.950520244568023 0.007113756231669619 -0.02914437290930072 4.951794566534631
4.608556371987112 3.9691096476797774 0.008443987113980306 -0.02878713395979069 4.997710760876549
6.63488110436927 1.2868366056326086 0.006942017462797806 -0.029185756689628764 4.945906073784547
6.2737815445858285 4.1262452922783845 0.006251236583523017 -0.02934147305737773 4.922301717019982
4.2216244554755 3.690471261529214 0.007695720431345583 -0.02899613572603374 4.971813131159157
1.926266753626846 6.40325429904557 0.006082335287049729 -0.029376950104731934 4.916548809446912
0.5568934254663004 1.7468657341207419 0.007638274990815226 -0.029011321155105754 4.969832509189508
2.179212917140877 6.199256685957096 0.006584828002532012 -0.029268413694238198 4.933685046190314
3.3710172607391256 0.7970412996057183 0.005759633604770316 -0.029441919447257516 4.905576193107877
3.580349721111556 0.6375432741242795 0.006305412283491853 -0.0293298785530249 4.924148467881678
6.8412337621571 6.014351669847836 0.007283512187195038 -0.029102413133947867 4.957623402301567
1.5855131157178264 2.0360616074642253 0.0060681365467043 -0.029379886297440833 4.916065504322318
3.768683635976665 6.622771213395771 0.007796188221851357 -0.028969284582285877 4.975279600973959
4.250279116744224 0.9426538308832573 0.0077447680693781 -0.028983073811304785 4.973505035092441
6.762405823924584 1.2476287498971796 0.007113549364146493 -0.02914442340215107 4.951787468514558
4.242889567398495 6.550820121652343 0.007103671716102515 -0.029146832557755655 4.9514485618368145
5.831194390436096 6.730016691625534 0.007170473500998206 -0.029130470469449728 4.953741109781477
0.4448769611706938 5.8586095128220546 0.006858468760332669 -0.029205503013362753 4.943044390516419
3.4318184672005057 3.436654226909873 0.008859862679144542 -0.028661870722384845 5.01218858527832
4.013391355480421 2.3015802779065937 0.007561872039548047 -0.029031329477953664 4.967199862116852
1.8289509605444347 4.797005713945028 0.008103629452394807 -0.02888479166790509 4.985907662349346
6.763785524108581 2.147055580122532 0.005561500806583011 -0.02947998827642875 4.898850950865594
4.289767204425007 6.039396005293538 0.005762085455645048 -0.0294414396930898 4.905659471334837
2.4880575040601824 2.7686781023963265 0.00894824938464017 -0.028634399469000333 5.015273834460837
5.343094443662274 6.379027252176067 0.00772543566835892 -0.028988232849451994 4.972838070643437
5.891355562030676 3.93210157718179 0.006951338489509656 -0.029183538051515644 4.946225454948015
4.835224971957685 6.1841513178967515 0.007125825905559447 -0.029141424213028056 4.952208721416719
6.444040078219813 4.995490154146691 0.006034160976347229 -0.029386883150676738 4.914909219337089
6.810994307710236 0.8660252558275606 0.0055750882168296954 -0.029477421721964873 4.899311873759137
3.959566788747105 3.557316746514587 0.008427006028204167 -0.02879210949896882 4.99712092730932
6.631199207597697 1.945470681527143 0.007518046033162588 -0.029042709650500043 4.9656905474997375
2.693691079956564 3.9333209436267764 0.009374643566069802 -0.028497650043628964 5.0302001768018485
6.534981219846132 5.536257350198503 0.006609582015480445 -0.029262833519340493 4.934530885383943
5.653578194876799 1.6596126038870413 0.006832083217536059 -0.029211686683734337 4.942141041993865
4.176593064411705 2.5434850261708672 0.00785422293149311 -0.028953603957752958 4.977283461336758
0.2744343778671106 6.4518146445646485 0.005685789939394379 -0.02945626915895972 4.903068692336393
2.2206259511124395 6.360259683278227 0.0058746032813361835 -0.02941919503125322 4.909482661117415
3.8199848464530675 2.8335149760904477 0.009137841699199612 -0.028574461483646 5.021901885336847
2.3696372274841235 1.6436096303031216 0.007306920012869019 -0.029096544810776656 4.958427809295727
5.621305729900388 2.529659115475781 0.006106063328869099 -0.02937202734956918 4.917356586588143
3.464523871400838 5.272980984869573 0.00769519355770314 -0.02899627555582758 4.971794960725103
6.034062085848316 4.886422087234901 0.007058411625825419 -0.02915782614188535 4.949896024451453
5.073431629211189 6.1321767662275235 0.0054918076556143836 -0.02949305085395092 4.896487392210595
4.15494938272782 6.645507438550265 0.007294954140338213 -0.029099547145795282 4.958016583319553
4.166680073127634 2.650970564680714 0.009398687958561488 -0.028489729108181972 5.031044026490068
3.7055278530085265 3.3668244739553606 0.008939079192328432 -0.028637263542337296 5.014953599574989
6.028022132648585 0.7254689621006594 0.007010569181215719 -0.029169366118505013 4.948255539729793
0.5496237828426095 3.5681161775076875 0.007523565497122138 -0.029041280312866947 4.965880598629021
2.00573052098946 1.4741003191844437 0.006600154931418491 -0.029264961214415987 4.934208744971056
4.135218025146484 1.2200223598529583 0.007562660829476333 -0.02903112400817964 4.967227032512895
6.662272777039619 5.373927586948068 0.006406161899101854 -0.02930803797122038 4.92758479449222
0.6034607554444622 6.07684998883368 0.007080056731302683 -0.02915257787368958 4.950638434141405
1.1509138337879459 2.499051193798766 0.008266602825359208 -0.028838572740823413 4.991554351228222
3.1347182808040115 0.6287599964184039 0.007559311408152684 -0.02903199633222925 4.967111660782947
1.1755670339295305 0.3074845333515771 0.007463820788942785 -0.02905669250328649 4.963823911132933
3.593256304492698 0.3537660833365503 0.006967048479188475 -0.02917979156006152 4.946763806320493
4.783882416972282 6.342023740467608 0.005533396151706826 -0.029485276444833886 4.897897689555539
0.5197981298278339 1.7029184373806556 0.006526221360280724 -0.029281537438403324 4.931683110354531
6.308566556135046 1.2306812601128903 0.006945619624130528 -0.02918489965781779 4.9460294974893175
4.343535391663384 4.193104634797652 0.006638131465855355 -0.029256370428370312 4.9355066145868
3.208427702073549 1.751233515234999 0.006718104216390677 -0.02923810998915138 4.938240982005277
3.584589385473093 2.3360580217443494 0.00850218263864744 -0.028769999832796003 4.999732943045857
0.027116963760602405 3.7620594075064973 0.007616219982165527 -0.02901711896765877 4.969072364421148
3.818702519740667 6.715957170769509 0.006980853282312643 -0.029176492034698496 4.947236927705759
0.900783149655334 5.532316586787916 0.00840324563203145 -0.02879905315887563 4.99629578700209
5.982151112044296 2.9700406653941736 0.006202288970624273 -0.029351858740544395 4.920633806882595
4.901065687240406 5.672562165181397 0.006312193385546299 -0.02932841991419697 4.924379674793622
0.8410354126345108 2.407854810975298 0.006741681709011426 -0.029232682527171205 4.939047452734616
0.1833866765242257 5.367288719941752 0.006013399667144261 -0.029391138536014376 4.914202788336391
3.809264547861529 0.4214208748004178 0.007361539207099501 -0.029082773947860213 4.9603054242059565
4.2498866826240915 0.26835675541829995 0.008074210737901641 -0.02889302893363646 4.984889323075051
0.5808198547636435 1.3177391747127405 0.005537654406428106 -0.02948447699510655 4.898042111211235
5.697549041416137 4.488123885740185 0.007819336328066147 -0.028963045064160378 4.976078743874793
3.217312540845585 3.8581725878282747 0.008861244015781143 -0.02866144369170511 5.012236779861989
4.173825725790771 3.599248034549606 0.0081553876812506 -0.02887022084724164 4.987699999074621
0.23141920104318045 6.909646059924335 0.007237660696709274 -0.02911385009989764 4.956048190205914
2.7433637880919974 5.9500640801629165 0.0067169012189466385 -0.02923838637843944 4.938199837356791
6.704282362540814 1.8222790844764705 0.005435138609840001 -0.029503546706994847 4.894566297412298
3.0132989995736152 2.503053801155305 0.008092288671178826 -0.028887970923246076 4.985515062772603
6.538843135038663 6.055327325005437 0.0078871883608293 -0.02894464129611557 4.978422197947148
1.6112756189736543 5.92737349313941 0.00909699259182125 -0.028587492471085132 5.020472644466002
1.334328613242474 0.0037113591720179945 0.007115992584010405 -0.02914382695433647 4.951871300842601
1.675191475675268 3.269826197207004 0.007709246810315472 -0.028992542379336808 4.972279649078397
1.3234885014981115 2.9096236794665105 0.006408224608660809 -0.029307587027337375 4.927655175369611
2.592053425383405 0.4052274081317621 0.005725003884926485 -0.02944867281419617 4.904400123568668
3.189781544185634 2.7277588962990476 0.009103306823069994 -0.028585482414768642 5.020693526140803
4.352089306954803 2.626724761070787 0.007561553344907652 -0.02903141248737505 4.967188884521595
3.6769487812429613 1.7596521861242034 0.00762992200074758 -0.0290135190947687 4.969544598357734
6.8336391279476905 0.6772392900594416 0.0059101884625231945 -0.029412066781126716 4.910692398109312
3.6540912529460936 5.756112943002791 0.0070391228083293836 -0.029162488749920796 4.9492345459656635
2.9716241180021967 6.311435359512561 0.0061258342930681645 -0.02936791027999558 4.918029755959793
0.7454737686323686 4.973013570027432 0.006768193827354519 -0.029226555601291098 4.9399544818843015
1.881726335603692 1.4949437337658085 0.008350049865051626 -0.028814521811946686 4.994449147494302
6.176735313837135 6.4457547435028815 0.006887039256054761 -0.02919877891771436 4.944022760337893
2.126894301288579 6.714702279698676 0.006884848107354128 -0.029199295651413618 4.943947718524758
2.9669427957293686 1.6590894738779194 0.006011707391527725 -0.029391484723277437 4.914145210925849
0.24829243227971617 3.5137502541785053 0.008225404436013446 -0.028850350463452093 4.990126056850251
1.0920308141086672 1.5370313135322284 0.006442662978995151 -0.02930003572931414 4.92883039336177
1.7244347414758752 6.554839292596469 0.007280291766839889 -0.029103218924883264 4.957512745643854
0.9279347707609087 1.144096991465605 0.006288210713231821 -0.029333571313871695 4.92356201857445
6.2023462839883345 6.171273723887776 0.006694116018988976 -0.029243611451466027 4.937420616411876
1.084733064364583 1.2801523425387997 0.0063747974915288295 -0.029314876034907563 4.9265147554089666
3.7715414102779916 5.6997877053192205 0.0058835966599323835 -0.02941739774934609 4.9097883680967325
0.683577479422854 1.7336286146806914 0.00637130612993173 -0.029315635046826025 4.926395658320145
3.423167328011582 5.980490876695423 0.008320752561021369 -0.02882299562533805 4.993432542240998
1.1644864571786335 3.016687191525001 0.008370745189383313 -0.02880851653546944 4.995167447814292
3.8527389353202643 6.21537193534645 0.007767671730614206 -0.028976943867244125 4.97429536128492
2.7562763116529516 0.9537064617356356 0.008265464586783542 -0.028838898993627113 4.991514882141201
3.7550091340219223 1.581225630047134 0.006379222735317034 -0.029313913373911954 4.926665713456179
4.60773300655943 6.803369532861366 0.006620755560865359 -0.029260307513819302 4.934912735881093
2.94999024942793 1.5112453771698175 0.008835070686776997 -0.028669522597344618 5.011323719124312
3.432775071218766 4.692713339914162 0.0074618247797906285 -0.029057205147014785 4.96375521812723
3.6484659233937995 5.0802176017687195 0.007924005118965419 -0.02893458385521744 4.979694390277791
3.1630583207054115 1.8391339962221083 0.008551323015197064 -0.02875543209012448 5.001441417470266
3.1277347318542854 0.4896686134989982 0.005831788794885902 -0.02942771210019296 4.908027547128155
3.993961729489416 3.0607963781624057 0.007174833841426615 -0.029129396824306528 4.9538907956844085
5.748549397472947 4.650587592285405 0.008009139422605146 -0.028911134286106314 4.982637883587483
0.2502554779369001 1.9220640124997979 0.007418083015785138 -0.029068402852081846 4.962250141199726
3.654783156111102 1.4306461998258477 0.006487763315757526 -0.029290082402729952 4.930369913311294
2.8175365290960452 4.99153158897812 0.007837501433224118 -0.028958134803267456 4.976705979183328
4.143281224556683 1.4250082202063634 0.005446083662477703 -0.029501528311958576 4.8949372842302505
6.549882614855128 6.176431476842971 0.005739731700749864 -0.02944580581345002 4.90490026605603
0.6883523871526857 6.862760387769614 0.007463710241283003 -0.029056720899546928 4.963820106584093
3.8303484403449755 4.7532834227466125 0.0074086695877384375 -0.029070803479431376 4.961926317447789
2.432205367669556 6.936796565107058 0.006020161652876761 -0.029389754229547958 4.914432862613406
2.4710167579214475 0.31498986368349 0.006698025893783975 -0.02924271617217182 4.937554318593156
6.880203713259628 0.6221606394327386 0.00750843130637149 -0.029045196837299975 4.9653595069343375
0.17298538125502752 5.327590954493031 0.007365179423520018 -0.029081852280406027 4.960430593631148
4.256603016101423 2.567869093932655 0.009515679197764911 -0.02845086728739959 5.035153258987968
4.078704254746804 3.050086848684765 0.007230604380403034 -0.02911560338193417 4.955805827763893
3.844443908648549 6.690809712512401 0.008373324938971813 -0.028807766825396108 4.995256997137375
0.25857405697295005 6.466938698665416 0.0077339193118738415 -0.02898597060782034 4.973130740242963
2.862456811499114 2.8426008153052735 0.007747668420158797 -0.028982298632980685 4.973605106933817
1.8309050030455902 3.8813006162651917 0.008612567035708075 -0.02873714824152589 5.003571918379844
4.937596593625958 2.6220133853709306 0.006934287662607693 -0.02918759419020702 4.945641233749551
2.5574269333346544 5.654263881941759 0.007744505007607995 -0.028983144104584902 4.973495958710384
6.83599405875695 5.400376884998763 0.0062874260844134385 -0.029333739503054113 4.9235352701584265
0.7212879070527399 4.080926328292949 0.008437936229263438 -0.02878890814516736 4.997500573289026
2.286506763406481 6.658179893673058 0.00834532441076864 -0.028815890763240846 4.994285155807925
6.92423160207806 4.658930389381224 0.006575547629425088 -0.029270500053349992 4.933367979390299
3.139931111670558 6.6515751589040075 0.0087770012409473 -0.028687353471807214 5.009298872934318
3.595839820091812 3.3755468748864685 0.00849959429345166 -0.028770764620474093 4.9996429774286595
2.101058680120669 6.126570877849152 0.006192752312751105 -0.029353872296392445 4.920308909888015
3.22452606464932 6.342550311608652 0.007606859477314259 -0.02901957423692488 4.9687497924669835
1.0115296733752004 5.670683766485439 0.006736978596301822 -0.029233766767096075 4.938886570288146
1.9364249806113543 4.609254943248704 0.008536354978278166 -0.028759879062416546 5.000920928707151
0.25151171819108653 0.6322246830041875 0.006011480637329432 -0.029391531102462377 4.9141374959695785
6.4665420982654895 1.8078734618508154 0.007472941379082803 -0.0290543481624488 4.964137813274786
3.784593095177597 6.732020680414413 0.0064773953248447 -0.029292376991389413 4.930015951019106
4.223019444320374 6.498863264677937 0.007091505056088886 -0.029149795128601948 4.951031156565881
2.1422256085003215 5.892926182522686 0.007690210201735886 -0.02899759760830399 4.971623102710347
6.790421493247123 6.497827301029817 0.007055385472035917 -0.02915855853503366 4.9497922404530605
6.532498592157394 2.4198960054428844 0.007092382869224253 -0.02914958156194243 4.951061270545999
2.528860021383715 5.353571691748025 0.006347844237636514 -0.029320724300990673 4.925595407714409
0.8343808523867682 5.147948601784813 0.008472328923314232 -0.028778805441073696 4.998695433665317
6.943052122253036 1.370819211070912 0.006818987663768397 -0.029214746400428915 4.941692767031418
6.027109611144349 4.339675936703411 0.006920588009949597 -0.029190845510134542 4.945171894298995
2.064029723522238 5.8804242605303045 0.005763990606882109 -0.0294410667653836 4.905724181597731
6.813450301590706 3.6742430916848448 0.007153217225164198 -0.02913471268658083 4.953148774036707
0.9384481959860014 1.1638213273216018 0.006088913882809827 -0.029375587274601433 4.916772751970113
2.5152692786207513 0.46249819091552646 0.006660907161482164 -0.02925119340789561 4.936285170143825
6.601925248513449 4.158517273676455 0.007818541836246331 -0.028963259546447215 4.976051312750881
3.6005694416859546 6.005335957512818 0.00700689362050686 -0.02917024925829226 4.948129534075479
1.445158578055531 4.362671248682803 0.0069959922532765095 -0.02917286568700605 4.9477558355811935
6.40960359937774 0.6300129874099556 0.006837401280957976 -0.029210442374656944 4.942323098467771
6.777704207535063 5.771442342882062 0.007757942757089759 -0.028979550103093707 4.97395962760724
3.34675908748794 0.45787257702827555 0.0065917220595431624 -0.0292668618114367 4.933920598408006
2.177155353723646 6.600700148523048 0.006136619036971847 -0.02936565863036405 4.918396998883476
4.127048613266687 5.828688712834667 0.00815767773338528 -0.028869573845109492 4.987779322257036
2.9363893068521225 4.92748039588715 0.00914202319503731 -0.028573123943688754 5.022048225581985
5.58990180727175 6.2460490374699855 0.007581643744295867 -0.029026172295612444 4.967880969755984
3.9202995729834527 3.891924496913942 0.009100997427046963 -0.028586217760187944 5.020612738058073
3.050810634503719 6.68523664492138 0.006572092084642772 -0.029271276118935704 4.933249925412294
0.713679671719308 0.27855142841301034 0.007400554535424999 -0.029072870387497007 4.961647179521991
6.563518944731463 2.2973483351874737 0.006247977211302766 -0.029342167281355365 4.922190634196964
3.4007311444772275 5.483994806329565 0.006490595402427082 -0.02928945495092035 4.930466605323395
6.668799633602341 6.883371945997532 0.005514781362074309 -0.029488763733471732 4.897266401993825
4.61409059516286 5.649663267081522 0.006482283617043411 -0.029291295620170348 4.930182833427445
3.9882962450187525 4.663722275923304 0.006951411513112887 -0.0291835206576479 4.946227957167755
3.041093937525522 3.673518263230379 0.009292976657876486 -0.028524385792443676 5.027335780567735
4.767771899147072 5.99549479566117 0.00557354647704647 -0.02947771327067625 4.899259571621823
1.091559820895186 0.6739161155690716 0.0065262890994244 -0.029281522340731093 4.931685423729
0.3197039636285182 0.047585304792602694 0.005120533248749714 -0.02955977231388037 4.883913242657389
4.2235893371187245 1.2800435443430636 0.007791755957103208 -0.028970477025843856 4.975126605358635
2.9570419556500878 0.23462934915502595 0.008225616962449035 -0.028850289870070118 4.990133423369387
2.911684794389031 3.783862056706928 0.007123183910682678 -0.02914207012164015 4.952118061276825
4.645350949486253 5.486946634343005 0.007807115795649786 -0.02896634155279737 4.9756568325462345
5.466021174955661 4.6775317557980935 0.006380554166294488 -0.029313623599462792 4.9267111334429625
4.3807144966429865 4.517525787315139 0.007399756408607055 -0.029073073540533668 4.961619726985702
0.09182441969548047 3.9383931407437753 0.006980297811773963 -0.02917662493262275 4.94721788945836
6.3255773537631415 1.7919050758716508 0.007432797031092838 -0.029064643956095135 4.962756359806916
6.497531326968238 6.237307042769831 0.00725736767892247 -0.02910894388968675 4.956725140936383
3.2746027427440616 5.512399341855197 0.0064387057348258316 -0.02930090559113013 4.928695336003505
1.2809568651570244 3.7857022195126224 0.006066855696953413 -0.02938015081568411 4.916021908374677
5.403824128688427 5.274311344017249 0.007189843380461503 -0.0291256957370023 4.954406099601812
3.064834569844302 6.703190535813522 0.008510092592885975 -0.028767661080812728 5.000007891803353
2.456207823426753 4.517337492394051 0.008547470805074151 -0.02875657738390306 5.001307455532494
6.9385904050827385 6.357505172359812 0.006099503804726578 -0.029373390225442584 4.9171332662208345
3.258612818911325 1.5992874186951416 0.008647672633500107 -0.028726603663221544 5.004793752745371
6.1358738419749175 0.04261880689870248 0.0076371072617446275 -0.02901162857670364 4.969792258596395
0.3347786962027435 3.7626883721331197 0.006457971775833994 -0.02929666534850906 4.929352907298868
3.6545735011501166 1.2109749373507397 0.0062309826909502574 -0.029345780867189038 4.921611485652377
3.7723278803233042 0.377816286998088 0.005883504082121458 -0.029417416265125326 4.909785221054884
6.665147852730252 5.389673963527132 0.006758213726710313 -0.029228864966401008 4.939613021658704
0.8649963206794515 3.489229481697829 0.006431264058973266 -0.0293025398660894 4.9284413688261655
5.662276465994519 3.2500299282677902 0.0074630301736047745 -0.02905689557794956 4.963796701822201
0.8595682199134774 6.5038729563252105 0.008350863432188443 -0.02881428603899354 4.994477382232
0.8182901701540266 3.5234045040879813 0.006516002631316479 -0.029283813100562515 4.931334141936635
3.656288131839499 6.164550784280983 0.006813773083260434 -0.029215963040259953 4.941514279364776
0.7946200589643709 0.21022953456504223 0.00560579490159029 -0.029471597573278992 4.9003536784354615
6.60788846029504 3.944048386224665 0.008214390295926995 -0.02885348838643571 4.9897443096330045
4.309412636953778 6.2540332665518115 0.005600656955355638 -0.029472574398386485 4.900179345806814
0.41207888180928726 4.509926307688946 0.008072592684667548 -0.028893481052781642 4.984833322003727
1.1361045525849125 3.915039967417149 0.0063494395567198205 -0.029320378874011187 4.925649817300741
3.639559980437584 5.248370351070032 0.007403279068278913 -0.029072176716530587 4.961740894566956
0.47451614444174733 1.2725454867888384 0.007661474232199329 -0.029005203198552938 4.970632255137962
5.910325735638221 5.735662276601157 0.007213826419767013 -0.02911976490951586 4.955229615724233
4.766793369206533 6.342077425587601 0.006392077914645016 -0.029311112908470525 4.927104269476948
5.479483202565534 5.502014638425214 0.006724161156908381 -0.029236717612206822 4.938448146036176
0.5711811176446359 6.371873898727215 0.007959664638511372 -0.028924794534143743 4.980927017244191
4.645091360796109 3.9791745105226957 0.00668212933980499 -0.02924635272108502 4.937010745105379
4.881130384726809 0.9726636256350272 0.007382005621982404 -0.02907758574911301 4.961009216759673
2.0547455452766656 6.150114422743803 0.0058050136989103605 -0.029433005554232193 4.9071177690895675
6.735354046337821 3.5647422889699967 0.008189173880005196 -0.028860655418112745 4.988870471344677
5.974228195394087 1.6371439341835912 0.006237871207220408 -0.029344317385179206 4.921846227676795
6.207825838956507 5.636642646510316 0.00575236724915192 -0.02944334001146752 4.905329396009646
2.9147230899233953 5.983967007943428 0.006748388230780296 -0.029231135049577976 4.939276877428981
4.728963984731568 0.20910846288240065 0.008065432020839954 -0.028895480724798635 4.984585500843052
1.5882396165648196 1.7167802611689649 0.007980211024015568 -0.028919132628973856 4.981637424910052
3.1944585595128125 3.637410426002025 0.008981113572404286 -0.028624108702273603 5.016421757632603
5.840698684272151 2.4755397079211168 0.006255360175142497 -0.029340594218236978 4.922442257113545
6.034962338026944 4.65876773694559 0.007352400864857369 -0.02908508555123131 4.959991218311305
5.603103759024008 5.074581737805988 0.006250624555653257 -0.029341603443988274 4.922280858267979
3.669011787077649 4.82797296832388 0.0069811003581475165 -0.029176432917501625 4.947245396033098
3.3761071304143324 5.829208997980855 0.006255917444397299 -0.029340475403934505 4.922461250266136
3.5710078896392785 2.560208931191748 0.007189986947481109 -0.029125660296292873 4.95441102882679
3.960532073931872 4.796466889264236 0.006463508162342758 -0.029295444393887055 4.929541887914743
2.618716506520889 4.39469449512035 0.007471156212973635 -0.029054807258719603 4.964076371455656
2.8481021053179982 1.070717846372862 0.005946247255553422 -0.029404797968627897 4.911918535839231
4.850181926234422 5.342861189964173 0.006001797357150987 -0.029393509972163844 4.9138080488886935
2.4292315273882785 4.771429201635983 0.006221769108335491 -0.029347735673515972 4.9212975299352175
3.533147956122926 6.7486087225669165 0.0072557762706076355 -0.029109340609345433 4.956670470541056
2.3951261461522657 6.589496704923244 0.008576932346245455 -0.028747803942700184 5.002332126624118
3.1131022512795923 5.413764273104199 0.006949930102162848 -0.029183873484769814 4.946177195574866
4.532554862378994 2.970384893019237 0.009048016285529517 -0.028603031330556427 5.018759902876539
6.592327106023501 6.836927666411404 0.006086615169486814 -0.0293760636535696 4.91669450009853
3.0123979079058922 0.2554288370518803 0.007107359705516909 -0.029145933473066096 4.951575095184281
1.544606996765287 1.029558886849928 0.008379298430388918 -0.028806029886370696 4.995464360364124
4.158189656042378 5.881634266331701 0.006785942583682867 -0.02922243972105956 4.940561806464816
4.652264352805708 3.9132739816494637 0.0072071486318064605 -0.02912141838233588 4.955000300742844
3.5280226619745703 5.773533129593948 0.006248547219898902 -0.029342045900732514 4.922210060498015
4.3551944119468935 2.229506191585398 0.0084864372056081 -0.02877464827856755 4.999185700750938
3.4938856354472656 6.257953398097401 0.008561758025371392 -0.0287523268539259 5.001804325371788
2.6739008510311613 2.9023402873116817 0.009868960522945138 -0.0283302597622498 5.047596716348852
3.192738864858674 5.076872697937068 0.007839337674344232 -0.028957637763250083 4.976769389927522
3.669526699126002 3.126826432273704 0.008581739071189682 -0.028746369414484614 5.002499334000182
1.1242222048511903 6.179066715028747 0.006697129818384839 -0.029242921403233646 4.937523676013671
6.140378548984047 5.880931496728527 0.007204544114432361 -0.029122062840794743 4.9549108652449085
4.24824212648535 0.8807094609955511 0.005788282035438084 -0.02943630056712672 4.9065493349046205
5.659191269075038 6.228106721023556 0.00725425576728553 -0.029109719566887012 4.9566182366741
2.1522738431369 6.806525893394805 0.005890365806751698 -0.029416043083029544 4.910018480315011
1.8266627057534772 0.6601417019507908 0.006880289552035553 -0.02920037012916361 4.943791602723464
4.53583909161887 2.4989614641886297 0.006979863708446515 -0.029176728785309556 4.947203011022082
6.5775426588553625 6.5900991151364305 0.006747459022485336 -0.029231349553858803 4.939245089238616
5.988552726553148 0.9108657464682396 0.00603998659091822 -0.02938568634525197 4.915107461973131
6.272301296128109 5.6066059645909405 0.005579324559882941 -0.029476620183723354 4.899455590556459
3.3625928034137083 0.8193914784716372 0.0071607482805164475 -0.02913286261360323 4.953407273048259
3.8861285147541733 0.17178298108237974 0.006436800353395858 -0.02930132422281496 4.928630308394988
3.292926071792103 5.255424825031777 0.009003189852008585 -0.028617172685097485 5.017193098803684
4.2490305002035065 1.22462336742507 0.006101809137125351 -0.029372911419437018 4.91721175056225
6.786532944982805 4.066994455009456 0.008025236495294246 -0.028906670150582847 4.983194704187297
2.3442478984041784 2.040181160464442 0.0065242718904519 -0.029281971864945487 4.93161653409053
0.7144409755088833 4.623864554229711 0.006865347900035846 -0.02920388669700445 4.9432799396192415
3.717213902390444 1.0929684023411952 0.006156659261813982 -0.029361463634054757 4.9190794850429045
5.905866351864267 4.229906547456208 0.007282438700390676 -0.0291026817763424 4.957586515949749
6.429848969811852 3.523405784802542 0.0065225800848540735 -0.02928234876229475 4.9315587581075
4.058633742456003 4.948683740769384 0.006814031909225916 -0.029215902675427487 4.94152313843379
2.0434148193075155 4.534502779845687 0.008989383996155127 -0.028621512457759284 5.016710702831404
2.6897089506814997 3.7538763381184217 0.008050391171056673 -0.028899674773134952 4.984065012600945
4.043931560951125 5.465570893137328 0.007057448311076593 -0.02915805932047745 4.94986298663539