500

2.8881033559859155 9.948323090509653 -0.6157685326469308 -0.7879270995478235 4.049027999724693
71.4641410739129 14.697816231928915 -0.7198250540245069 -0.6941555240712385 3.908838721455577
63.211062166840904 98.31896413152825 -0.7620832639049743 -0.6474790335415822 3.845864429061098
22.44917322520707 7.441669511920578 -0.8341511907712598 -0.5515358473706758 3.725796982944805
89.89527352617229 95.21785326341374 -0.804581746706167 -0.5938419089852562 3.777418166180131
93.88422971838234 67.82786728434142 -0.8848053003524983 -0.4659609216105201 3.6263129806896686
48.308318389116735 29.705674651961182 -0.3789677935993371 -0.9254098613125161 4.32370834358505
8.276770348722515 56.35478738117377 -0.6525622824496103 -0.7577350905983931 4.001427945057718
24.91287483505096 0.9265171385731334 -0.8347234801589065 -0.5506693306072199 3.7247585386557507
67.29961609147333 42.81254224940467 -0.8398185453224927 -0.5428672129834443 3.7154400968991808
71.4247810008418 65.49290336547186 -0.7699076639961594 -0.6381553015684952 3.8336925334057934
21.235384574568858 3.2914619182108393 -0.8342375422651135 -0.5514052258325659 3.725640398888276
36.01428797710141 91.14925649030516 -0.8237619206688301 -0.5669358853133218 3.744374066320419
3.2323852692031925 56.335952462347024 -0.6667071557123236 -0.7453197760169681 3.982607001082911
6.020435153429953 60.24283455424555 -0.6485431685921632 -0.7611778757113458 4.006720025073637
13.92918231502203 44.0398778883995 -0.6340159946800238 -0.7733199328155844 4.025653567832546
97.98054735585241 11.631275837016915 -0.6155939017927976 -0.7880635431711833 4.049249613798641
76.57186882809263 96.09602039831549 -0.7971861959870129 -0.6037335247671409 3.7897688816350414
97.59698708627644 18.54005734056797 -0.6143233513872393 -0.7890543833858035 4.050860844143937
51.69783031595547 25.961940525427615 -0.3791073362445172 -0.9253527044352259 4.323557548828879
19.327627218456858 8.228672724034467 -0.8339123245424711 -0.5518969423508091 3.726229934053894
22.32697216303957 0.9432218421158054 -0.8345465029038945 -0.5509375050682972 3.7250798461272696
34.398447195188105 56.31701882535808 -0.6202643759401792 -0.784392825017886 4.043309276746747
98.71731260339072 10.36265398528382 -0.6156358236856979 -0.7880307941919733 4.049196416611268
33.35082521618906 60.319097248593216 -0.6202691138259999 -0.7843890784766886 4.043303236537065
98.2379130255827 19.590474755354048 -0.6143141276458357 -0.7890615645022484 4.050872533705044
92.79381315592016 16.691011354105353 -0.6117393166862691 -0.7910594215482276 4.0541315356464835
82.21304684899702 11.784700901094187 -0.7151848970323902 -0.6989353067750759 3.915500368678375
13.97382700843343 43.94486424723639 -0.6340159943961953 -0.7733199330482848 4.025653568199571
18.79386948031127 9.670824872709131 -0.8338096729668693 -0.5520520168126212 3.7264159056505948
0.4535078387811122 10.299575012146898 -0.6157395289841467 -0.7879497651794695 4.049064809279335
66.58559882398171 41.61924060172412 -0.841688098663711 -0.5399640215494613 3.7119870168181492
20.87495474386151 6.871834308541426 -0.834081387436989 -0.5516414044750334 3.7259235325705533
20.773732043119484 4.533877609745934 -0.8341263180590485 -0.5515734633947278 3.725842078588481
96.66165223327629 19.40825590937937 -0.6143143759008679 -0.7890613712262989 4.050872219084393
96.79048604561412 22.16784107140884 -0.6142648160909359 -0.7890999529291386 4.050935026110718
97.36220184194421 18.650640282121753 -0.6143261974227603 -0.7890521675783495 4.050857237244872
18.928550859501335 4.470018986673135 -0.8336819704388372 -0.5522448480205295 3.726647188617213
22.60008143002597 5.029107931000367 -0.8342076710011994 -0.5514504163048158 3.7256945696478305
24.732496050273014 0.28541583632297673 -0.8347504065204036 -0.5506285125327428 3.724709639329089
64.58193408560594 44.15284893340823 -0.8382580171391872 -0.5452737814179938 3.718308341219512
5.067272232200206 49.26623941319308 -0.6682324041355169 -0.7439525885856351 3.980558688193785
11.201816890958598 57.221998949028524 -0.6508585421554762 -0.7591990240399734 4.003674238500912
92.49840844438073 17.29662536064909 -0.6117107995519084 -0.7910814734978724 4.054167584438909
99.97961479345278 9.821293667445751 -0.6157324935897955 -0.7879552629037339 4.049073737982811
98.32621048910258 12.778321115114949 -0.6155146879047418 -0.7881254144953886 4.049350126985976
97.81120695075406 67.36092592747504 -0.8848052996503056 -0.4659609229439019 3.626312982196646
8.03134958958416 49.485988451314284 -0.6659306789829063 -0.7460136264099775 3.9836483197551673
95.57224587151828 20.193819814694567 -0.6142224706990687 -0.7891329143359386 4.0509886878899595
9.670172387069613 56.29191031529739 -0.6525533350238194 -0.7577427960391909 4.0014397531162444
63.247026974646346 39.34540028271649 -0.8454586534604089 -0.5340408835369368 3.704965560420948
88.44933222605333 99.20898513420691 -0.8045817467061578 -0.5938419089852687 3.7774181661801465
23.98576163503574 3.554156243831164 -0.8345172831196032 -0.5509817639220704 3.7251328804739896
95.47433281357286 18.252073557672908 -0.6142527770251653 -0.7891093244391886 4.050950282725849
50.172712996071425 28.897303544491365 -0.37898388553385975 -0.9254032712853668 4.323690954542106
35.84371973724319 57.45602322836708 -0.6202647000659269 -0.7843925687129664 4.043308863528026
25.886626278773853 99.64878267000228 -0.8347682513361523 -0.5506014589166854 3.7246772304477296
8.776284613912203 59.34435661448156 -0.6493212820975551 -0.7605142159191945 4.005697330085797
90.06691848889866 16.36709007381238 -0.6114998511225853 -0.7912445463174176 4.0544342152412
81.68070186569977 94.72832808898399 -0.8045817467061557 -0.5938419089852716 3.77741816618015
12.061280996242354 59.62984091731762 -0.6492142098855829 -0.7606056203333226 4.005838110856969
8.78423653849845 61.29575197156196 -0.6485399276613311 -0.7611806370560378 4.006724282849719
87.19607037566348 97.45478974006278 -0.8045817467061578 -0.5938419089852687 3.7774181661801465
6.96702375361171 56.10358913906655 -0.6541104664801357 -0.7563990333422824 3.999382969693232
66.00145808567805 99.95411110370314 -0.7620832639049739 -0.6474790335415825 3.8458644290610984
66.42885174310769 46.42112475961205 -0.8372555822167833 -0.5468117500994608 3.7201441583088113
72.37579172706101 38.27745061925799 -0.8467890441740434 -0.5319288624118924 3.702469448260294
18.219318073112643 5.774705689199324 -0.8334391892655394 -0.5526111813892299 3.7270866688081656
97.2493916063671 20.146595444240827 -0.6142870903551847 -0.7890826133067191 4.0509067983698674
62.180635307824964 97.69431055256506 -0.7620832639049743 -0.6474790335415822 3.845864429061098
60.375798329326884 34.08307959258135 -0.8466401916452263 -0.5321657503926145 3.7027492213670365
21.675236329260315 2.2908728220880215 -0.8343610817699024 -0.551218273670021 3.7254163160452607
10.591765145921633 54.90381668653155 -0.6545216127031208 -0.756043291422195 3.998839284547524
89.73415845843299 18.84903387304375 -0.6114794772135936 -0.7912602915264927 4.054459964178584
11.629193863201834 58.23537809828997 -0.6498045439409426 -0.7601013450019042 4.005061716667736
9.972129487560535 58.226406899712565 -0.6501579540494286 -0.7597990752733654 4.004596672909075
44.82796523831506 94.20637241486659 -0.8237619206688291 -0.5669358853133233 3.744374066320421
97.9642732074667 11.481995010532899 -0.6155765975508753 -0.7880770600313701 4.049271571537546
7.84041298194615 56.221301490445356 -0.652884750428887 -0.7574572612744628 4.001002298803618
50.6019341232721 29.887440703283755 -0.3789789306714934 -0.9254053004533156 4.323696308809902
9.329217556212416 56.0553203147204 -0.6528508238183441 -0.7574865027442466 4.001047088070841
39.876797205412444 2.748322753023733 -0.6056461725983687 -0.7957340721729509 4.061811317753806
11.074412868531054 56.08031072484092 -0.6523226788922811 -0.757941371481197 4.001744112209915
24.44866263307397 54.51741558925348 -0.6103375158314172 -0.7921414752231666 4.0559023791211
98.8574352540778 13.370530319773234 -0.6154889007621416 -0.7881455532061388 4.049382846160695
68.4168734411975 65.74828576168895 -0.7699076639961594 -0.6381553015684952 3.8336925334057934
98.82713758429223 19.329743763951704 -0.6143340636312034 -0.7890460431827617 4.050847268019396
10.595510345064913 54.14811431794406 -0.6559021907829611 -0.7548458889906682 3.9970117809641987
51.67707296682964 25.573101691392225 -0.3791271281484699 -0.9253445956517462 4.323536160237724
95.68813191968196 66.39537262410313 -0.8848053000113143 -0.46596092225838875 3.6263129814218846
20.60639243749877 1.0709830219344614 -0.8343298086538297 -0.5512656078440447 3.725473048150988
52.44648769026098 27.562617720246692 -0.37903076417317005 -0.9253840715131759 4.3236402964916465
15.12142655782964 41.83351329708327 -0.6340159929816716 -0.7733199342079997 4.025653570028728
35.923368079351015 60.00185352545137 -0.6202681495844683 -0.7843898409662504 4.043304465826317
34.58378935684075 41.09387781330134 -0.5791375978298082 -0.8152298097959368 4.094718551584355
14.925223686469147 5.716668301557398 -0.8043808284032141 -0.5941140318973782 3.777756425023111
8.752063440768366 55.48196164057939 -0.6543959116709661 -0.756152095010207 3.999005534270269
90.4303259434674 16.673028672564584 -0.6115177798598956 -0.7912306900741555 4.054411556134886
69.3342330856816 67.54202832996432 -0.7699076639961594 -0.6381553015684952 3.8336925334057934
40.771162724048374 1.0178070131992838 -0.6056461725983687 -0.7957340721729509 4.061811317753806
97.48961106486855 14.642529778929006 -0.6153622222536357 -0.7882444642514573 4.0495435659151084
47.21484537252118 32.55121018421877 -0.37890278779469827 -0.9254364793984543 4.323778587995061
53.11211124739991 31.09193222132899 -0.3789700396085696 -0.925408941538323 4.3237059165411615
14.700728359807986 45.74018191816899 -0.6340159954702598 -0.7733199321676997 4.025653566810671
20.718083550557264 3.3895991892874457 -0.8341937892454706 -0.5514714153827771 3.725719742339728
49.605853028181876 30.059624093826578 -0.3789674283664102 -0.9254100108802313 4.323708738256549
25.674003196080672 56.7989132842924 -0.6103375158314172 -0.7921414752231666 4.0559023791211
97.05082473448209 19.539212653751754 -0.6143143759008679 -0.7890613712262989 4.050872219084393
8.884957691936076 55.3743892908982 -0.6546881290213235 -0.7558991028692645 3.998619016476256
96.44381619127307 16.99481452792564 -0.6145990072921398 -0.7888396923554978 4.05051144692351
64.39670709595536 96.98088419271137 -0.7620832639049743 -0.6474790335415822 3.845864429061098
11.850173378349018 46.60082188627657 -0.6340159972686024 -0.773319930693306 4.025653564485188
8.802218354517066 53.50225778688084 -0.6582288384505884 -0.7528179037668997 3.9939253556857923
75.7845614152202 95.04025661733776 -0.7971861959870129 -0.6037335247671409 3.7897688816350414
68.15035215551251 38.29683707727049 -0.8459677329939697 -0.5332340899952326 3.7040115804109655
19.228343092424982 5.945431555066359 -0.8336285997812742 -0.5523254091807763 3.726743824674853
49.40033879694333 28.538022430644737 -0.3789801046720583 -0.9254048196669151 4.32369504017564
32.656512616708866 59.50031897035677 -0.6202689870685488 -0.7843891787123 4.0433033981372795
72.3550167978441 87.28263695670124 -0.7491126298076014 -0.6624426525086828 3.865667460574114
38.34753256142449 89.89905286196124 -0.8237619206688298 -0.5669358853133223 3.7443740663204195
80.21655651287612 13.165871100829074 -0.7152583818019556 -0.6988601056449337 3.9153952248657045
86.16720474503653 98.16066036237387 -0.8045817467061578 -0.5938419089852687 3.7774181661801465
70.41052411216273 91.49766910121117 -0.7491126298076014 -0.6624426525086828 3.865667460574114
9.798185083990859 56.7695973500999 -0.6515725265828257 -0.7585863448563208 4.002733414601412
34.76211779131632 61.49831543950968 -0.620269808061268 -0.784388529497747 4.043302351471822
10.347478556516727 5.8787705634128375 -0.7581561462689809 -0.6520730464254505 3.851908212519415
77.47713214469672 94.33581008147252 -0.7971861959870129 -0.6037335247671409 3.7897688816350414
37.105524668358655 90.94140278389267 -0.8237619206688298 -0.5669358853133223 3.7443740663204195
95.54720594466991 19.388973225582127 -0.6142584820615671 -0.7891048835328669 4.050943052989387
69.81012653336354 65.1214445709587 -0.7699076639961594 -0.6381553015684952 3.8336925334057934
11.28363315451799 43.59111307571965 -0.634015994861073 -0.773319932667149 4.025653567598426
65.65019301166802 37.522197026019754 -0.8456935466698343 -0.5336688346915124 3.704525565913779
36.31864131800091 55.00348646098945 -0.620262802274777 -0.7843940694027721 4.043311282966212
23.718116070276036 2.1839337919341997 -0.8346255638908363 -0.5508177267480627 3.7249363278856076
38.50107634035605 3.146129102462255 -0.6056461725983687 -0.7957340721729509 4.061811317753806
83.53186867672812 95.16459583955262 -0.8045817467061559 -0.5938419089852712 3.7774181661801496
20.485214619998636 0.7242958984158614 -0.8343630752727063 -0.5512152561581294 3.7254126994956005
21.496681514688365 5.685573533091966 -0.834137302264337 -0.5515568519846109 3.7258221639779676
68.39070586012815 65.69955154049165 -0.7699076639961594 -0.6381553015684952 3.8336925334057934
84.32906217772192 11.688120152911043 -0.7151493503921961 -0.6989716779910471 3.915551225624615
4.585867685998134 49.15485534438426 -0.6684289474479345 -0.7437760027142892 3.9802944688833226
21.320330545321248 4.01109307735786 -0.8341923471012395 -0.5514735968636442 3.725722357418839
11.364238302018379 57.27247098573622 -0.6507751501659861 -0.7592705077417653 4.003784075396103
7.654175361931314 61.08275096050631 -0.6484191564093837 -0.7612835198540312 4.006882935191248
62.98758181827887 36.018189997660585 -0.8461937620695783 -0.5328753297296975 3.7035875543812913
65.6477542631651 43.35853972628939 -0.8389282460633408 -0.5442420398656159 3.717078017021337
63.88845542090194 97.07652428160613 -0.7620832639049743 -0.6474790335415822 3.845864429061098
26.194001266247348 0.5031367002748476 -0.8347690109159662 -0.5506003073140983 3.724675850900698
7.939482378175299 59.81998326826613 -0.64894640772174 -0.7608341211493141 4.006190148671909
20.18039604169674 2.0993801455114323 -0.8342235027183381 -0.5514264660971098 3.7256658597938292
71.3297051972216 88.56648736949573 -0.7491126298076014 -0.6624426525086828 3.865667460574114
97.78131707023135 24.116381147257176 -0.6142372548467212 -0.7891214068559819 4.050969953079665
71.11666049828807 36.97492248040056 -0.8466603149546231 -0.532133734206861 3.70271140624134
39.41374472560854 1.4191965283847991 -0.6056461725983687 -0.7957340721729509 4.061811317753806
85.00972698628331 97.03405508401787 -0.804581746706157 -0.5938419089852698 3.777418166180148
9.42524082918345 51.457229862071316 -0.6608749248512402 -0.7504960584192748 3.9904050216311386
20.028251570604294 10.443237920647734 -0.8339236165159857 -0.5518798798804856 3.7262094734439466
39.7993358199725 91.16674479840503 -0.8237619206688296 -0.5669358853133226 3.74437406632042
65.2445886851871 39.95528452728099 -0.8445905708910747 -0.5354127076955575 3.706588973322266
38.97157098349514 55.894385472331805 -0.6202617341573117 -0.7843949140198223 4.043312644675757
69.83718350520152 1.833004113494019 -0.7620832639049732 -0.6474790335415835 3.8458644290610997
7.372170698543215 59.492964134164396 -0.6490939752032965 -0.760708230108484 4.00599617775684
83.50174647478141 95.05227082323951 -0.8045817467061559 -0.5938419089852712 3.7774181661801496
75.22035030686028 15.8113228213319 -0.7168084686182512 -0.6972701193347939 3.9131746781693764
7.239723760154798 57.36001255106953 -0.6510895179768689 -0.7590009483397557 4.003369962616558
14.35869912019056 41.1682037418601 -0.6340159921801389 -0.7733199348651462 4.025653571065211
62.22860392952713 39.28789646950537 -0.8454408201479461 -0.5340691150287276 3.704998952697933
98.20881745068165 20.222313511355836 -0.6142916739609836 -0.7890790450279442 4.05090098957864
7.933873790320523 58.325437345037 -0.6503511096948463 -0.7596337499865853 4.004342425875359
90.63964769477062 95.45854781801974 -0.8045817467061707 -0.5938419089852511 3.7774181661801247
25.633690666056484 0.5439868411921418 -0.8347568832847944 -0.5506186936607367 3.7246978767305476
99.91184235062872 13.554358676250237 -0.6154772290460342 -0.7881546678957219 4.049397655162116
68.67429728265233 1.0890995190135977 -0.7620832639049734 -0.6474790335415832 3.8458644290610993
33.8687415984378 61.00851571819968 -0.6202697737122823 -0.7843885566598445 4.043302395262602
0.4401604639077731 14.438181486949933 -0.615439643478423 -0.7881840173685023 4.049445342334874
43.932115186894706 91.34808565721 -0.8237619206688291 -0.5669358853133233 3.744374066320421
11.192885797951977 59.89598878788696 -0.6491518223188107 -0.7606588667597105 4.005920131527622
18.117671332246715 4.814812313290648 -0.8335009620980324 -0.552518005300872 3.726974875846451
0.5093973778739133 56.421710704576476 -0.6683445264579441 -0.7438518629093473 3.9804079663403824
12.706513974056316 58.10784965996864 -0.6498729604342014 -0.7600428509607119 4.004971703505308
12.556896993328053 48.265371715695245 -0.6340159979222889 -0.7733199301573729 4.025653563639889
98.00787757012057 69.48898910098525 -0.8848052995375685 -0.46596092315797666 3.626312982438592
40.95772996254469 92.22600206214186 -0.8237619206688296 -0.5669358853133226 3.74437406632042
51.6378623191955 27.40935764936146 -0.37902065236577226 -0.9253882131733818 4.32365122361378
17.990421918175663 10.371069589041962 -0.8338166676552201 -0.5520414520127489 3.726403235186457
6.864650958515001 54.31183381578637 -0.6594374036220799 -0.7517594766307705 3.9923188382313826
97.39359030270327 21.44121128717458 -0.6142773326582771 -0.7890902094071579 4.050919164185281
11.17507402070222 56.02838673312552 -0.6521537633915725 -0.7580867159462754 4.001966951748852
12.793013005532584 58.1307402029044 -0.6495769110282822 -0.7602958875720394 4.005361155401355
51.767227103441925 29.986619955843523 -0.3789848109013637 -0.925402892315589 4.323689954580551
3.475230280730041 49.92244564753179 -0.6683765229188853 -0.7438231131195513 3.9803649509486445
23.08161664179291 5.200781827828042 -0.8342660075347362 -0.5513621574537478 3.725588773731334
5.589018508047696 53.976615700768164 -0.6630295913458015 -0.7485931879197268 3.987530389562282
40.130503861379445 92.53399949769383 -0.8237619206688296 -0.5669358853133226 3.74437406632042
8.272648242445447 57.85286983122613 -0.6507678892912365 -0.759276731019349 4.003793638318564
69.01075471270407 65.48410056498986 -0.7699076639961594 -0.6381553015684952 3.8336925334057934
68.20815038155459 37.42677762940045 -0.846034225894383 -0.5331285854419101 3.7038868706816044
64.18519624840215 96.10698039074747 -0.7620832639049743 -0.6474790335415822 3.845864429061098
97.66629812210098 15.390944203950186 -0.6153012382056915 -0.78829206913589 4.04962093050086
94.0506301086128 67.92700078450203 -0.8848053003524983 -0.4659609216105201 3.6263129806896686
38.175416016263895 2.236618618308886 -0.6056461725983687 -0.7957340721729509 4.061811317753806
71.62314205870457 13.185830327379092 -0.7199521631083536 -0.6940236903994003 3.9086555908018883
8.555934562997647 48.91214086259686 -0.6675716933069743 -0.7445455219765001 3.9814464431468637
37.86846292559256 56.747150003565956 -0.6202625452584702 -0.7843942726393942 4.043311610628396
90.68624811641621 18.225112116866022 -0.6115290481940684 -0.791221980998289 4.054397314528323
90.70707086746435 16.683183314372968 -0.6115177798598956 -0.7912306900741555 4.054411556134886
38.873648474710606 2.586760950712578 -0.6056461725983687 -0.7957340721729509 4.061811317753806
65.24096858510802 42.25237629535236 -0.8405009028548127 -0.5418101441466786 3.7141819210226035
98.54761470404223 13.41218479090803 -0.6154889007621416 -0.7881455532061388 4.049382846160695
2.1362473658285204 10.628478343730361 -0.6157602857082475 -0.7879335444975658 4.049038466308415
8.649917404321563 51.305072550289395 -0.6621750582967847 -0.7493491790678427 3.9886713319311613
52.70494119015933 29.742464334896972 -0.37898041215868133 -0.9254046937421682 4.323694707903064
32.270974047273484 62.030413813201015 -0.6202702809558901 -0.7843881555473038 4.043301748588535
36.908260244032775 57.182594879685325 -0.6202629776205202 -0.7843939307473803 4.043311059423269
86.91457502600159 98.71035565655139 -0.8045817467061578 -0.5938419089852687 3.7774181661801465
68.72567840905158 14.157566724908012 -0.720013790096919 -0.6939597553678958 3.908566790047509
99.86443188081921 9.706828678734244 -0.6157324935897955 -0.7879552629037339 4.049073737982811
9.00943880623891 57.04980641768144 -0.651361686218228 -0.7587673910540349 4.003011319954991
63.906165166220624 38.51732005898391 -0.8455220253043538 -0.5339405441856083 3.7048468844922744
73.28178418080306 86.31227056147544 -0.7491126298076014 -0.6624426525086828 3.865667460574114
31.198743474170435 40.106789162857815 -0.5791375978298082 -0.8152298097959368 4.094718551584355
11.34946259419792 7.0174836726303145 -0.7651458912161916 -0.6438569446352038 3.841121090966696
62.08812749286109 34.36105670420705 -0.846460784709121 -0.5324510681270337 3.703086257061544
18.60737468033816 3.5633969530215195 -0.8338036568850717 -0.5520611032893746 3.726426803232895
91.54637194041074 18.437059457972985 -0.6116855855560005 -0.7911009698028519 4.054199456864258
9.604966048039673 52.70938259611144 -0.6585980906743276 -0.7524948869993271 3.9934347570293562
9.737471421004077 55.03791647922474 -0.6544706518828979 -0.756087406206435 3.998906687213555
4.75228911593119 53.83255063318255 -0.6647568838824353 -0.7470597602139433 3.98522064013696
94.01485949615434 18.122465292239454 -0.6132717587972962 -0.7898719832109954 4.052192878945181
22.133822196764843 1.6752542989913346 -0.8344798167945913 -0.5510385062429535 3.725200876183346
85.92240615027472 95.95887893748689 -0.8045817467061572 -0.5938419089852695 3.7774181661801474
10.905623811140968 7.624826267655629 -0.7610091559810631 -0.6487411382924547 3.847521721088184
78.96623949706442 14.292220049735125 -0.7155329411112352 -0.6985789935180599 3.9150022785027305
13.460259068834734 46.111292515297436 -0.6340159963508785 -0.7733199314457133 4.02565356567192
19.943777811365067 4.110257036936029 -0.8340666412545461 -0.5516637000441122 3.725950263494541
26.643231877108846 1.7429958718648075 -0.8347633189081987 -0.5506089369101895 3.724686188641318
37.1778789784421 89.29846650789753 -0.8237619206688301 -0.5669358853133218 3.744374066320419
96.06767329143965 21.043185000602826 -0.6142648963878169 -0.7890998904230468 4.050934924353161
25.36975138454152 3.9424593335859286 -0.834693777020019 -0.550714353003492 3.7248124765146864
81.35622933311802 14.270200891747216 -0.7152583818019556 -0.6988601056449337 3.9153952248657045
69.3579570850501 0.8593230827001654 -0.7620832639049734 -0.6474790335415832 3.8458644290610993
53.42970264440748 26.51663772951301 -0.3791157192866514 -0.9253492699460918 4.323548489518142
87.98187529788144 16.87165029524781 -0.6114515860270133 -0.7912818448220899 4.05449521276494
13.611082097533606 43.975248015491864 -0.6340159946800235 -0.7733199328155848 4.025653567832546
56.5449245729286 27.36464292611199 -0.3794640131163167 -0.925206497355947 4.323172068735039
90.37419350205697 18.12896463257723 -0.6115177798598956 -0.7912306900741555 4.054411556134886
69.67548027395117 35.396104808381274 -0.8465011662986511 -0.5323868663434734 3.703010411548901
13.519084033094629 57.053023236473464 -0.6503942221239442 -0.7595968376894349 4.004285670265729
34.237957765243515 57.808438310375124 -0.6202664399898468 -0.7843911928510683 4.043306645346065
15.420394718572243 44.487915142519526 -0.6340159943412225 -0.7733199330933549 4.025653568270658
65.75267529798349 38.80804488026311 -0.8455873538935375 -0.533837079018801 3.704724520832122
53.09277046171873 24.92109346070542 -0.3792355162290501 -0.9253001800661695 4.3234190247594535
76.66050990068028 15.377089239476199 -0.7160152184524404 -0.6980846703262463 3.9143116651009193
22.956286393064556 4.238537161755757 -0.8343507688635561 -0.5512338836617291 3.7254350250772625
96.63683172245457 13.222486308867532 -0.6155115449309592 -0.7881278691029165 4.049354114890479
23.844761141679523 53.63489793622829 -0.6103375158314172 -0.7921414752231666 4.0559023791211
6.243016131105333 49.91536625294241 -0.667339582168913 -0.7447535713715111 3.9817581483472746
24.583580866010553 55.799996256558195 -0.6103375158314172 -0.7921414752231666 4.0559023791211
18.56107239618479 1.0848917798951747 -0.834179368424249 -0.5514932286939895 3.7257458915391575
51.387941712206036 29.570638696803847 -0.3789848109013637 -0.925402892315589 4.323689954580551
71.20897719305034 86.2949191368113 -0.7491126298076014 -0.6624426525086828 3.865667460574114
21.377014497724268 4.95959930574784 -0.8341464044779806 -0.5515430861650403 3.7258056610060635
10.757364921660116 53.238559924947765 -0.6571688586015865 -0.7537433855658622 3.9953325067676686
8.787225796261795 5.711198981532012 -0.7425089952939611 -0.6698360933150381 3.8755806719872954
87.8378928252902 96.43867984211953 -0.8045817467061591 -0.5938419089852669 3.7774181661801443
20.1544354557219 4.3613914898648565 -0.8340736578145471 -0.5516530914803811 3.725937544463969
98.28678746381236 12.69544137914253 -0.6155281389275349 -0.7881149092539775 4.049333059762673
6.444493715050682 57.543534673381615 -0.6510230128541731 -0.7590579929980813 4.003457581246959
20.451005982793383 5.837723011552826 -0.8340363570151684 -0.551709484399957 3.726005157414018
8.658807896324308 58.854310929708 -0.6496633752328117 -0.760222006312045 4.005247425461333
17.26349780698827 2.672952497098578 -0.8334997694390318 -0.5525198044822291 3.7269770344314153
6.571443297287159 49.330898920799505 -0.66736104978231 -0.7447343346680433 3.9817293228518698
38.29175188297513 92.95914525507283 -0.8237619206688298 -0.5669358853133223 3.7443740663204195
35.7755563949786 58.03941061767958 -0.6202649202497441 -0.7843923946008009 4.043308582821846
77.11161532620449 16.267435487746006 -0.7160152184524404 -0.6980846703262463 3.9143116651009193
95.34149591824088 18.722214209937306 -0.6142534461972876 -0.789108803546606 4.0509494347161725
98.61438887123948 18.10089933978265 -0.6144418890191569 -0.7889620808496249 4.050710607901944
7.623707239367278 4.237167608722419 -0.7361202784660604 -0.6768507484158156 3.8850686519732798
18.07522624175189 5.448310256899632 -0.8333059514044806 -0.5528120759841209 3.7273277309705994
33.13209939531728 42.40586751391019 -0.5791375978298082 -0.8152298097959368 4.094718551584355
64.37734565324786 45.1410697935299 -0.837813972024166 -0.5459558116561174 3.719122184783379
7.680212696961969 55.30861623984963 -0.6554416746278994 -0.7552457951958256 3.9976216990845463
16.549765710846792 5.976165824028088 -0.8280911059286682 -0.5605935428470749 3.736695040162379
97.71497985224838 12.40310657013786 -0.6155350682379156 -0.7881094973221325 4.049324267473514
20.913172786371373 11.923871945528527 -0.8339453064024316 -0.5518471037609551 3.726170170451876
20.81508780295612 7.754488319654415 -0.8340311890139711 -0.5517172969483026 3.7260145245986553
44.8561830161606 90.65386144842934 -0.8237619206688288 -0.5669358853133237 3.7443740663204212
9.69046064017258 58.99546079662019 -0.6494813116100302 -0.7603775548168915 4.00548688840288
71.03813349554305 16.767892263270088 -0.7198238245085212 -0.694156799051861 3.908840492693886
72.96460340283825 88.25392656140217 -0.7491126298076014 -0.6624426525086828 3.865667460574114
8.355438419508015 53.553165872038804 -0.6589138630782442 -0.7522183998303318 3.9930150459760347
8.00911236003874 59.061128594350585 -0.6494133143627636 -0.7604356298388248 4.0055763106250275
96.59776042344522 13.725160444691184 -0.6154968074508976 -0.7881393785478255 4.049372814105453
57.08122445837807 23.23436212554075 -0.3794997026721142 -0.9251918588443031 4.323133493737743
96.36284990704584 21.091865263853748 -0.6142748588414749 -0.7890921351751556 4.050922299205528
87.22612729940757 97.57120896775 -0.8045817467061576 -0.593841908985269 3.777418166180147
63.677730433304255 98.82901450187477 -0.7620832639049743 -0.6474790335415822 3.845864429061098
65.00095803838515 99.03238977031567 -0.7620832639049743 -0.6474790335415822 3.845864429061098
66.93816037860275 36.742819502138836 -0.8459395935982938 -0.5332787301053301 3.704064349388776
68.2113096029664 0.15877955582552616 -0.7620832639049737 -0.6474790335415829 3.845864429061099
50.54930826301559 27.853392479092935 -0.3790176260106976 -0.9253894527025985 4.323654493974267
48.53326169702517 32.468919284507614 -0.3789304541688095 -0.9254251514322591 4.32374869232523
11.278080680961795 54.70283050893733 -0.6543657331284348 -0.7561782113412724 3.9990454442587158
8.372581437888103 52.22770760680378 -0.6614416869848035 -0.7499965964714088 3.989649586934724
51.76410967645484 31.67775447524425 -0.37896429422748384 -0.9254112943446633 4.323712125011302
96.1737200771906 65.10906286610924 -0.8848052998124062 -0.46596092263609196 3.626312981848762
94.88474047388027 18.868880195708794 -0.6142455460975328 -0.7891149530324106 4.050959446097286
24.139550442700727 1.3585422733661427 -0.8346782153321053 -0.5507379384516848 3.724840733186416
52.34902225722478 23.427075851253893 -0.37934373507342917 -0.925255819036303 4.323302066564935
9.458772114428381 53.889384690839755 -0.6571609586925247 -0.7537502732140944 3.995342987619798
64.48711260238265 37.740520915319344 -0.8456305153297259 -0.5337687060358468 3.704643664327279
21.104053165281982 1.23932875648204 -0.8343435802998944 -0.5512447641586754 3.725448065808121
41.38210277762335 2.6474625449363645 -0.6056461725983687 -0.7957340721729509 4.061811317753806
98.31125401603131 15.07799211877587 -0.6153964986260777 -0.7882177043677489 4.0495000807327575
69.83438762992128 66.04887248209967 -0.7699076639961594 -0.6381553015684952 3.8336925334057934
39.45743700443626 91.33217342009748 -0.8237619206688296 -0.5669358853133226 3.74437406632042
98.47381045894117 11.789706482172702 -0.6155959551809728 -0.7880619391677445 4.049247008183545
27.534469172284055 2.15097598371303 -0.8347633773236934 -0.5506088483480274 3.72468608254878
61.99544866140005 36.83151268940006 -0.84598749909885 -0.5332027300834771 3.7039745109765536
49.22124517077435 30.479646967923724 -0.37896295042100997 -0.9254118446444282 4.323713577128952
43.632653605913845 92.32274229896285 -0.8237619206688291 -0.5669358853133233 3.744374066320421
64.45437951086502 40.38667251290911 -0.8444392750353564 -0.5356512958798492 3.706871488380576
36.16373525262814 56.287308036738686 -0.6202635941740388 -0.7843934432045587 4.043310273397669
1.416080281548905 8.997826288322852 -0.6157602857082475 -0.7879335444975658 4.049038466308415
67.04964847527975 99.95908484462754 -0.7620832639049737 -0.6474790335415829 3.845864429061099
20.442013045834365 3.6498330618626422 -0.8341557858567684 -0.5515288976306474 3.725788651456505
11.964102545560507 4.4774746520948705 -0.7677005267225471 -0.6408087868232799 3.837143975244716
7.738082630743385 51.67992877988536 -0.6633796531765124 -0.7482829917560669 3.987062666407779
83.56403405391013 96.918312589394 -0.8045817467061562 -0.5938419089852708 3.777418166180149
6.049748697318668 56.81336488936933 -0.653232224012175 -0.7571576199921042 4.000543471174906
70.67504427682658 37.56568029498194 -0.8465016434209711 -0.5323861077128093 3.7030095153535023
40.36872714316651 3.7749306602644603 -0.6056461725983687 -0.7957340721729509 4.061811317753806
68.6841280068371 38.02698313976739 -0.8461880624128357 -0.5328843805461094 3.703598250332147
5.84518325933631 51.24778574722987 -0.6661056057848754 -0.7458574407632896 3.9834138131613783
68.98815326775421 16.045615955445555 -0.7199576030475231 -0.6940180471818187 3.9086477525085255
8.315507202489446 52.97440253723777 -0.6596339603030672 -0.7515870132026574 3.9920573460455206
10.23452393057714 57.76629586335552 -0.6503049485506396 -0.7596732678530619 4.004403191926789
55.1685639980838 25.75447913094987 -0.3793279947952069 -0.925262272204291 4.323319078317802
37.092249109511506 0.7494591359219194 -0.6056461725983687 -0.7957340721729509 4.061811317753806
5.047951771291191 50.859953670038855 -0.6672467104939781 -0.7448367789891726 3.9818828425959882
23.553110852314898 2.2157042210512445 -0.8345950355139612 -0.5508639820277323 3.724991749295665
12.210822289822683 47.42939912822261 -0.6340159975045697 -0.7733199304998453 4.025653564180052
1.668474761347687 55.83039004227775 -0.6683445264579441 -0.7438518629093473 3.9804079663403824
2.8214052188271044 52.02569085422953 -0.6672768188168285 -0.7448098059704191 3.981842419151729
85.00912487450685 96.27379341186237 -0.8045817467061568 -0.5938419089852701 3.7774181661801483
40.304994503936165 90.26858048028262 -0.8237619206688296 -0.5669358853133226 3.74437406632042
90.60237905696621 16.061379765538792 -0.6115396739447339 -0.7912137683278576 4.0543838849143
37.74665106078787 4.39578806496655 -0.6056461725983687 -0.7957340721729509 4.061811317753806
81.76944552405458 11.916937211240842 -0.7151937719421858 -0.6989262254166091 3.9154876708401543
18.5565235731534 12.560036133704987 -0.8339069121193947 -0.5519051203961567 3.7262397409264465
11.593169597857585 44.950119947899964 -0.6340159957129918 -0.7733199319686928 4.025653566496787
70.93064369422913 66.30322551041205 -0.7699076639961594 -0.6381553015684952 3.8336925334057934
6.82624299113985 48.445179385403314 -0.6689898223228734 -0.7432715638502594 3.97954012200034
17.909423979319495 7.911694833257472 -0.8331619693043011 -0.5530290524963213 3.727588133836179
39.960194436959945 55.01471613941074 -0.6202610781369136 -0.7843954327687239 4.043313481014913
6.243745769193121 59.50471362425831 -0.6491295862298904 -0.7606778426384007 4.005949363832058
80.23494526758185 14.39383043485787 -0.7153473539003967 -0.6987690342793537 3.915267906257671
20.68886791926691 99.0820196389949 -0.8344144894145891 -0.5511374237474631 3.7253194187465577
17.02245104796025 4.770398200142451 -0.8286321164269661 -0.5597935473241603 3.735729283842988
72.42905422170752 16.901721735006337 -0.7195709227765807 -0.6944189564624946 3.909204753308605
24.905907049536292 1.3046710242988118 -0.8347553137081093 -0.5506210731856128 3.724700727293581
6.5824542428140305 58.1636404175212 -0.6502370813969994 -0.7597313590844542 4.004492525804536
15.385036510529908 57.1683488755553 -0.6494030952730796 -0.760444356839962 4.005589749015661
13.028485478940176 60.19071898808496 -0.6489069380333958 -0.7608677846854357 4.006242024388412
54.19258024568993 31.67740233530467 -0.3789580870393896 -0.9254138362200159 4.32371883249327
97.91654294112699 18.737646403031107 -0.6143279244610937 -0.7890508229685365 4.050855048492498
6.101778246241095 49.46707371178943 -0.6674324185057594 -0.7446703745467205 3.9816334876192387
19.526055778489894 2.8911996259743438 -0.8341430577698075 -0.5515481476484494 3.725811728878005
20.61859187957908 7.052596150935902 -0.8340089009084579 -0.5517509884046117 3.7260549210573592
68.65549253432991 16.871886057769593 -0.7199405985642765 -0.6940356867906082 3.908672253697247
6.975587057049175 52.99739845242742 -0.6620951428450081 -0.749419790118361 3.9887779733860405
7.382246547641823 56.70390778236439 -0.6520175018461274 -0.7582039153725963 4.002146681864259
19.278064507182307 4.091975737793172 -0.8338582728157184 -0.5519786054339305 3.726327864888249
3.726981636602713 53.82900542232005 -0.6659036647176267 -0.7460377398735499 3.9836845306603506
19.11867454244421 2.4929610366937034 -0.8341356337639584 -0.5515593753035113 3.7258251890452043
25.999856125836537 0.7366793084803871 -0.834762176476302 -0.5506106689163834 3.7246882634897687
64.1167879772784 97.72012324035377 -0.7620832639049743 -0.6474790335415822 3.845864429061098
12.368377875809756 6.240575566809438 -0.7709285457205848 -0.63692164148594 3.8320912472844375
97.54789722102201 25.13798716174093 -0.6141893441865165 -0.7891586972768765 4.051030665573048
53.8009098571216 28.755522854492078 -0.37901434128031386 -0.9253907980436427 4.323658043537088
82.53521297946605 94.20554688313418 -0.8045817467061557 -0.5938419089852716 3.77741816618015
6.666492332467736 49.271881903981615 -0.6675066418488927 -0.7446038430518701 3.9815338104178277
71.91632979626294 14.990263707238341 -0.7198013778524147 -0.6941800749386036 3.9088728287306576
10.770285540560334 59.15115268346157 -0.6495026029526991 -0.7603593681659143 4.0054588870538685
60.59625341421551 36.26606736979985 -0.846460784709121 -0.5324510681270337 3.703086257061544
20.75385740191979 5.859870237574356 -0.8340443819063218 -0.5516973527310981 3.7259906117525574
78.6148656161916 16.40209495048422 -0.715710208827053 -0.6983973775586045 3.914748490795885
10.324801986098057 59.30279035393621 -0.6494313045094917 -0.7604202658550729 4.005552652700857
12.291205482202743 55.42771025080792 -0.6529556483498867 -0.7573961455460274 4.0009086951313035
9.035871611419541 54.534487203301865 -0.655781576705056 -0.7549506763055656 3.997171556235147
13.793817101114266 46.76649247131414 -0.6340159974668478 -0.773319930530772 4.025653564228831
10.878206469632556 52.76805613256198 -0.6574543789280153 -0.7534943527514839 3.9949536410907354
94.23063836549707 13.600861001423667 -0.6155467273015447 -0.7881003911357726 4.049309473677695
21.749750744506958 4.736037672385663 -0.8341601466355011 -0.5515223021465581 3.725780744699804
65.94182639161001 37.68971360156439 -0.8457443019884823 -0.533588395351712 3.7044304523513105
3.9350371683622187 53.94101546679332 -0.6659036647176267 -0.7460377398735499 3.9836845306603506
70.3562452038879 16.976252533227278 -0.7198238245085212 -0.694156799051861 3.908840492693886
21.94835892127558 3.0778495467262146 -0.8343247412517945 -0.5512732771821306 3.725482240392829
84.73137124694063 95.96012268125419 -0.8045817467061565 -0.5938419089852705 3.7774181661801487
6.519042277022631 51.77528116862751 -0.664572407830201 -0.7472238719090611 3.985467549153871
7.547302176153888 53.05252649445369 -0.6609354818586993 -0.7504427285410985 3.9903243294564112
7.863906153283118 60.02267947018708 -0.64894640772174 -0.7608341211493141 4.006190148671909
32.53258478333903 41.491384452934064 -0.5791375978298082 -0.8152298097959368 4.094718551584355
86.70390580999543 96.14966442420457 -0.8045817467061576 -0.593841908985269 3.777418166180147
9.284908198087223 58.083330477708955 -0.6503292617757178 -0.7596524542698786 4.004371186643496
4.868981324172755 51.98053129164198 -0.6662105343882966 -0.7457637185262235 3.983273122473807
63.219596496094326 0.22110696542651398 -0.7620832639049743 -0.6474790335415822 3.845864429061098
38.043536664670825 57.29748493449939 -0.6202629123854924 -0.7843939823322633 4.043311142589422
70.35182872614915 12.356578438694545 -0.7199653530258752 -0.6940100074511368 3.908636585618453
96.46006971227483 22.03782110455805 -0.6142636481471139 -0.7891008620987552 4.050936506206041
20.087634358486454 5.689475293984793 -0.8340264484591478 -0.5517244631794214 3.7260231169050093
14.710107613478868 4.52544557064407 -0.8111954641103928 -0.5847751012198831 3.7661954400009403
66.61871317474193 47.10283247233883 -0.8369845788969114 -0.5472264747695966 3.7206395766738534
10.219480386783841 52.00208018598365 -0.6591542132901982 -0.7520077945751492 3.9926954793964837
6.393037713324752 51.97205042682929 -0.6643540390030295 -0.747418029525888 3.985759751353486
12.18367190251917 45.55053248382552 -0.6340159961390576 -0.7733199316193774 4.025653565945831
19.82556419093081 3.5201525142904417 -0.834083779355519 -0.5516377878789793 3.7259191965538014
61.5750035163688 97.1199703638803 -0.7620832639049743 -0.6474790335415822 3.845864429061098
9.971425628402724 54.35164661099454 -0.6554715333111859 -0.7552198812390223 3.9975821633522903
10.223368811992867 60.84421008976891 -0.6487128368097106 -0.7610332813736189 4.006497101708431
64.93132095601156 45.608730390341684 -0.837690270522414 -0.5461455947566408 3.719348723272381
71.4036565048311 85.97919699815124 -0.7491126298076014 -0.6624426525086828 3.865667460574114
11.070873999000598 52.29428817476415 -0.6580127837392395 -0.7530067572311265 3.9942123143410226
34.50909359393903 59.24556659247299 -0.6202680223153489 -0.7843899416062178 4.043304628078688
13.17566570111446 47.82694285980372 -0.6340159974668481 -0.7733199305307717 4.025653564228831
36.23127200409948 89.5568655997536 -0.8237619206688301 -0.5669358853133218 3.744374066320419
5.438674728633445 48.18522257728132 -0.6699427604185656 -0.7424127543103987 3.9782572950183757
4.856604488149424 54.955522144709974 -0.6616937857567733 -0.7497741886000541 3.989313403869812
96.0943405842404 67.65953140973475 -0.884805299919258 -0.46596092243319265 3.6263129816194466
13.645265885288625 6.059522727248884 -0.7825960788147813 -0.6225298205096111 3.8135638173848925
97.18156185134819 20.55467096787838 -0.6142789967835693 -0.7890889139447922 4.0509170552671385
9.350502991674576 56.90099693341835 -0.6514872206911705 -0.7586596083067123 4.002845862937672
23.229810714143696 0.31735560430431164 -0.8346298942174178 -0.5508111651724408 3.7249284662062103
35.82186794303809 2.7178388000119513 -0.6056461725983687 -0.7957340721729509 4.061811317753806
6.776703848053163 54.160686827320795 -0.6604139855338478 -0.7509017030952179 3.991019035205324
4.702405762243762 51.57881983282024 -0.666643053225086 -0.7453771123308892 3.9826930044652205
54.78053721898559 23.990094444675254 -0.37942071073739353 -0.9252242562014525 4.32321887122017
14.202462548748679 46.30920434388992 -0.6340159963977877 -0.7733199314072543 4.025653565611261
20.69613051055293 6.162578295794594 -0.8340728475414414 -0.5516543165734421 3.7259390132714834
86.25680009874881 98.70460331022794 -0.8045817467061576 -0.593841908985269 3.777418166180147
63.237174155956055 98.35374798370127 -0.7620832639049743 -0.6474790335415822 3.845864429061098
18.747461952674264 11.630011538068475 -0.8339069121193947 -0.5519051203961567 3.7262397409264465
87.025200157168 98.06658603514065 -0.8045817467061578 -0.5938419089852687 3.7774181661801465
24.701479521412036 1.9071696645717542 -0.8347657060170037 -0.5506053178620175 3.724681853229213
82.64349191386607 95.25072298776495 -0.8045817467061559 -0.5938419089852712 3.7774181661801496
63.94653182253543 44.25421255602303 -0.8384399034718595 -0.5449940625971066 3.7179746868207637
6.669494435958829 51.784504421014965 -0.6643563434185167 -0.7474159812042942 3.985756668181079
96.84928923816373 17.22147001984912 -0.6146141377115025 -0.7888279037439955 4.050492266179226
95.68468502965167 12.97413377916397 -0.6155427611799534 -0.7881034888635875 4.049314506175891
73.9406868576231 17.717559626295593 -0.7186101894989076 -0.6954131114297055 3.9105872701562774
19.760308151847745 3.667251915590761 -0.8340706846273629 -0.5516575867739355 3.7259429340378087
65.81133926958015 1.9010635101287483 -0.7620832639049739 -0.6474790335415825 3.8458644290610984
51.3482104008206 28.603068333834774 -0.3790000748979783 -0.9253966410287682 4.3236734600911815
37.90415935735878 0.949010808762504 -0.6056461725983687 -0.7957340721729509 4.061811317753806
11.184532903212789 44.217164647636956 -0.6340159952551595 -0.7733199323440523 4.025653567088822
87.23876859310734 0.18927655822739808 -0.8045817467061578 -0.5938419089852687 3.7774181661801465
50.9977912797906 27.268603263507124 -0.3790246429292372 -0.9253865787077119 4.323646911297141
96.72162567331955 67.60671629456378 -0.8848052996637462 -0.46596092291837976 3.6263129821678013
80.59198245887345 14.31929236083104 -0.715272673761545 -0.6988454780350306 3.9153747742647256
73.82053063934916 11.715028768493763 -0.7200393568413289 -0.693933227767287 3.908529947517548
65.39216319642738 43.58920754123319 -0.8389282460633408 -0.5442420398656159 3.717078017021337
20.637421335586758 5.198648594237511 -0.8340919527773509 -0.5516254293558858 3.725904379741813
65.31732079678635 99.32925473022519 -0.7620832639049743 -0.6474790335415822 3.845864429061098
68.38215651025989 67.66690773022485 -0.7699076639961594 -0.6381553015684952 3.8336925334057934
98.33317423395401 15.739779369635592 -0.6152301855897947 -0.7883475240901989 4.049711062216636
67.03507953117547 39.614303954883184 -0.8451770428117006 -0.534486451001397 3.7054926609135337
67.73111259208876 15.265134934512249 -0.7200079092178389 -0.6939658569870395 3.9085752643908425
71.91078988329824 16.394972002266964 -0.7195709227765807 -0.6944189564624946 3.909204753308605
10.632896134554914 58.394824333137535 -0.6500150595114138 -0.759921326459768 4.004784726629261
50.12452354268839 29.217118135997197 -0.3789869239157746 -0.9254020269595582 4.323687671234112
6.613491755911922 51.570656766021784 -0.6644172942268872 -0.7473617993530456 3.98567511651617
21.906784586709318 7.395485914474454 -0.8341376034584019 -0.5515563964787952 3.725821617897925
20.244215063758453 5.204794059622681 -0.8340470276667239 -0.5516933529056727 3.725985816061623
97.74480057244287 15.036669749708715 -0.6153488289504094 -0.7882549198764064 4.0495605571088396
18.57595451816398 7.346643851992413 -0.8334969191709034 -0.5525241042095924 3.7269821930827702
65.93711988981812 0.8763985336952649 -0.7620832639049739 -0.6474790335415825 3.8458644290610984
62.01561371468291 95.31521809086055 -0.7620832639049743 -0.6474790335415822 3.845864429061098
64.8441121117224 37.184742860027136 -0.845819617376056 -0.533469000844306 3.7042892877097136
70.84480988963242 89.12004618766854 -0.7491126298076014 -0.6624426525086828 3.865667460574114
65.5546919908677 47.01821913482807 -0.8371007833591401 -0.5470486984716388 3.7204271904941546
66.27033465176599 97.25354349125321 -0.7620832639049743 -0.6474790335415822 3.845864429061098
5.439949206566447 52.68976419701393 -0.6645869404598834 -0.7472109465004989 3.9854481001561592
20.5336642580486 0.7766690924924778 -0.8343413183422967 -0.5512481877583256 3.725452169158793
40.99272742535755 3.440165409779639 -0.6056461725983687 -0.7957340721729509 4.061811317753806
53.44480916208382 23.66998763172669 -0.37934373507342917 -0.925255819036303 4.323302066564935
24.009651578225416 0.952349781350648 -0.8347033491095486 -0.5506998447296886 3.7247950950617343
56.83801988401727 25.63008146454662 -0.3794738706935058 -0.9252024543098059 4.323161414250061
8.93090638118096 53.01392330873945 -0.6589166300121423 -0.7522159760955902 3.993011367605024
65.66154826039063 99.31992114639976 -0.7620832639049743 -0.6474790335415822 3.845864429061098
9.150832709695422 56.55574787737783 -0.6519049730313055 -0.7583006700096293 4.002295087369523
41.573796866440794 91.1898832037197 -0.8237619206688294 -0.566935885313323 3.7443740663204204
38.42356032411534 3.314296666278268 -0.6056461725983687 -0.7957340721729509 4.061811317753806
14.963304796691812 42.928839537207416 -0.6340159932841578 -0.7733199339600025 4.025653569637576
52.75392290957421 26.662475599022592 -0.37909594434222543 -0.9253573714966971 4.323569859673716
24.129312166618323 98.27141469316557 -0.8348353267983311 -0.5504997521611829 3.724555397029655
33.527503228571554 57.62491576698939 -0.6202668434895371 -0.7843908737788361 4.043306130934663
21.031458122541768 10.124290206944496 -0.8339621275183262 -0.5518216830327592 3.7261396882708184
48.95618397552795 27.113970817177798 -0.3789867081277325 -0.9254021153328453 4.323687904417124
98.49993002104236 21.965548914482234 -0.6142730516177106 -0.7890935420191103 4.050924589460458
80.27521045626555 11.931178818359461 -0.715222353597391 -0.6988969773254201 3.9154467763190945