500

6.252503603104443 13.637304684235854 -0.7535895058550967 -0.6573453100654718 3.8588832512866156
75.31111972360458 17.88034023731456 -0.8381006346901771 -0.5455156515920714 3.718596907359145
67.25046323694042 1.2534331829165497 -0.8706589521798305 -0.4918871709946496 3.655848603055739
26.811268073707378 9.870616945762935 -0.9233881407896057 -0.3838676092731909 3.535573819918709
94.1259128605299 97.8691850874718 -0.9022618335908296 -0.43118857086582674 3.587402340174755
98.46576940929158 69.81214641573048 -0.9568880194003331 -0.29045708517457053 3.436297135587276
50.54568122335114 34.16909601092039 -0.5468729696729787 -0.8372155965108732 4.13376435458211
11.809197446299251 59.883508658818315 -0.7823280876280938 -0.6228665694257235 3.8139941882848194
29.27744943367716 3.351009767114289 -0.9238175101043864 -0.38283313339434444 3.5344537759537067
71.68497370768041 45.19952896445328 -0.9266254483976442 -0.3759857422587522 3.527052996750442
75.49960001494986 68.37798908706496 -0.876581508200159 -0.48125342542317 3.643676707400435
25.597849814590262 5.719743128450711 -0.9234660990964652 -0.383680027913309 3.5353706838452865
40.33021270808398 93.65936870595809 -0.9160149282725429 -0.4011441775494791 3.5543582403150604
6.839132885461864 59.78795114567171 -0.7977621446892437 -0.6029722717512127 3.7888143015540345
9.532055265235336 63.79242681322337 -0.7778440049095998 -0.6284574003273368 3.8211610989063214
17.378726013779453 47.649381717477425 -0.768664860406214 -0.6396517274085138 3.8356377460550903
1.3441342477613223 15.320999604382626 -0.7534434574371385 -0.6575127043983036 3.8591054021435918
80.76944048289316 98.7994001018518 -0.8968676669224117 -0.44229898036187004 3.599753055629683
0.9543831669695348 22.235433685449763 -0.7522578128971784 -0.6588688662663866 3.8609067707524676
53.93605021527494 30.424922758826956 -0.5470955529750261 -0.8370701618830708 4.1334984701001805
23.68870217612283 10.65944696046548 -0.9232457411647692 -0.3842099704863423 3.5359446148148432
26.690727372199945 3.3691942611176935 -0.9236694115123473 -0.38319031594813824 3.534840444508882
37.78372562915708 59.98686365210325 -0.7572507200330405 -0.6531242967532609 3.8532956289058067
2.0810856894626717 14.052208332233834 -0.7534747074471043 -0.6574768933107084 3.8590578732353564
36.736134893479694 63.98891253369491 -0.7572596660985359 -0.6531139242891196 3.8532819314571314
1.5952507709453272 23.28590572147477 -0.7522343610303275 -0.6588956412705238 3.8609423641634515
96.13879597281326 20.397649087705677 -0.7499646882367832 -0.6614778653877275 3.8643802861553755
86.03824347427314 14.993421301846173 -0.8342166120113145 -0.5514368905363187 3.7256783558242432
17.42337070393486 47.55436807961318 -0.7686648586300937 -0.6396517295428646 3.835637748831789
23.154392798470006 12.102605643839025 -0.9231488511742061 -0.38444271169544053 3.536196718248022
3.8177070902771897 13.98874539445065 -0.7535405821546473 -0.6574013926407788 3.8589576742919385
70.97983765274968 43.98971551924246 -0.9282162646138382 -0.3720410812078863 3.5227996363949323
25.236778104933364 9.301260765859148 -0.9233593129250163 -0.3839369469517644 3.5356489115923444
25.135749431759496 6.962957418037761 -0.9233971135658655 -0.38384602467425416 3.5355504445978534
0.018993441977460557 23.103683111074652 -0.7522422359755027 -0.6588866506574376 3.86093041234831
0.14753718265908766 25.863536450600954 -0.7521614251236242 -0.6589788999323111 3.8610530513409462
0.7196154417416583 22.346000338701618 -0.7522632347749774 -0.6588626758330504 3.8608985416441466
23.288878453331915 6.902092153098031 -0.9231655208391775 -0.38440268096584634 3.536153355394767
26.962426154077033 7.457605594837211 -0.9234309879701341 -0.3837645247498809 3.5354621852474
29.097117049914658 2.709834196151797 -0.9238175101043864 -0.38283313339434444 3.5344537759537067
68.95985771616269 46.55354495606192 -0.925296067521401 -0.37924555030933566 3.5305734533743625
8.684312031806446 52.70713472194566 -0.8008828636580337 -0.5988210406280889 3.7836208761581833
14.725845380831052 60.75914433971837 -0.7805502679712313 -0.6250930164143886 3.8168433485851714
95.84325311383844 21.0033881240867 -0.7499376264338855 -0.6615085460209188 3.8644211963305075
3.3437722578518607 13.510502674235886 -0.7535319094369722 -0.6574113335350028 3.858970866615837
1.689444979229436 16.468365504210777 -0.7533805924108601 -0.6575847344477072 3.85920100726664
2.392746630867106 69.34520508656556 -0.9568880121426537 -0.29045710908442324 3.4362971605743717
11.637537380193612 52.93828283288067 -0.7987372420792923 -0.6016799964396075 3.7871954158343364
98.92913136812466 23.88966246034252 -0.7521572060528658 -0.6589837155671957 3.861059453754351
13.20337684057365 59.81978421056064 -0.7826091602874878 -0.6225133751447539 3.813542803699983
67.65912024256917 41.682223836593955 -0.931377675586715 -0.36405442645116654 3.5142100131677245
92.67997156041089 1.86031695826505 -0.9022618335908157 -0.431188570865856 3.5874023401747874
28.349378806959074 5.9803853047648285 -0.9236375922131819 -0.3832670064728192 3.5349234740480786
98.83140226932078 21.947745217372237 -0.752205475059928 -0.6589286177499564 3.8609862030443907
52.41017529990398 33.36067403542383 -0.5468982046474792 -0.8371991123701482 4.133734212736885
39.229000300813766 61.12586604211247 -0.757251324400877 -0.6531235960314998 3.8532947035564304
30.25135404990839 2.0729992193068925 -0.9238457981170726 -0.3827648642462225 3.5343798781306703
12.292064051585568 62.88978717676066 -0.778746786715854 -0.627338379329475 3.819723314729375
93.41074308158353 20.074775558926603 -0.7497397559124583 -0.6617327998552947 3.864720265764166
85.91134120005732 97.37965991304213 -0.9022618335908124 -0.4311885708658628 3.587402340174795
15.576409696187719 63.17592948273028 -0.7785846034866977 -0.6275396523037104 3.8199817991783256
12.295814765647187 64.8453884706868 -0.7778191401434684 -0.6284881742932602 3.8212006626975152
91.42670971002104 0.10612156412092272 -0.9022618335908157 -0.431188570865856 3.5874023401747874
10.508328791649497 59.6232860480551 -0.7841431549980746 -0.6205799807193795 3.811074776781972
70.04085915577754 2.8885801550914456 -0.87065895217983 -0.4918871709946504 3.6558486030557398
70.80198560779591 48.83060175078784 -0.9244248103461818 -0.38136435336358554 3.5328643959191592
76.79428091308628 40.602055688123954 -0.9324586950649946 -0.361276600401531 3.511229253658313
22.57869296018097 8.208469922556331 -0.9230354003010545 -0.3847150241296434 3.536491718524414
0.6065929134866794 23.842150740721674 -0.7522172987467852 -0.6589151200770018 3.860968259055255
66.22003637792447 0.6287796039533552 -0.8706589521798305 -0.4918871709946496 3.655848603055739
64.79350018164038 36.40919608597885 -0.9323880692948051 -0.36145883339144674 3.511424693833687
26.038215377901913 4.718235098823792 -0.9235431636887708 -0.38349449122997364 3.535169778861809
14.135395702634783 58.42111616423016 -0.784884842258848 -0.6196416580510894 3.809878720933293
93.07788303628483 22.55680995830741 -0.7497192705552175 -0.6617560089324105 3.8647512223647857
15.147487802290748 61.778295074678645 -0.7792636893294079 -0.6266961803718929 3.8188989314134916
13.492342676219655 61.76739258838953 -0.7797078047261736 -0.6261435452426951 3.818189957441669
49.14388996929762 96.71648463051952 -0.9160149282725418 -0.40114417754948156 3.554358240315063
1.3277881132475453 15.17178398167327 -0.7534312480150509 -0.6575266949063612 3.859123971050491
11.375370827076681 59.747401508205854 -0.7829796176540336 -0.6220473602052687 3.812947481438751
52.83936644718976 34.35082649010238 -0.546890697771664 -0.8372040161697879 4.133743179365873
12.864093883836917 59.5814963089962 -0.7829866275411096 -0.6220385366613549 3.8129362123019597
43.19360311757333 6.4801678944693695 -0.7450391204074974 -0.6670207710876945 3.8717954917484474
14.606231925652178 59.609615299907986 -0.7818854367604287 -0.6234221393100775 3.814704538697126
27.787461756948325 58.229596892623874 -0.7489674755850613 -0.6626067615982655 3.865886553115742
2.220533256128996 17.06069857903195 -0.7533584143948323 -0.6576101424556224 3.8592347330914816
72.49169245530555 68.63337148328205 -0.876581508200159 -0.48125342542317 3.643676707400435
2.184619311022211 23.025044001131292 -0.7522540210252923 -0.6588731955780862 3.8609125258573487
14.147205710394562 57.65713298497362 -0.7867558593297448 -0.6172643014222634 3.806853405015748
53.91541217087234 30.0360228715176 -0.5471261876412133 -0.8370501387594365 4.1334618721732905
0.2696716050173098 68.37965176992871 -0.9568880147839192 -0.2904571003829827 3.4362971514808933
24.969246353341628 3.4985683771042146 -0.9235297680500775 -0.3835267494261256 3.5352047078519906
54.68424429732744 32.025837057375284 -0.5469764142690658 -0.8371480169201593 4.133640791701113
18.57097023832145 45.443017144643576 -0.7686648496677384 -0.639651740312862 3.8356377628430938
39.308671394856766 63.671674826125816 -0.7572578425409162 -0.6531160386258149 3.8532847235499044
37.776017031675075 44.932829765422994 -0.7226899134031156 -0.6911724018400889 3.904702725578997
19.16405769118464 8.351805457179012 -0.9100641294557245 -0.4144674658860384 3.5689502174513765
12.295295583867816 58.999646326866305 -0.7848192647848465 -0.6197247143874229 3.8099845451276533
93.77423798785803 20.38063498744396 -0.7497571523265771 -0.6617130892880553 3.8646939761904697
73.40905209978966 70.42711405155742 -0.876581508200159 -0.48125342542317 3.643676707400435
44.08796863620926 4.74965215464492 -0.7450391204074974 -0.6670207710876945 3.8717954917484474
0.8521371961720382 18.333220610036243 -0.7532440342952452 -0.6577411533412088 3.8594086487589756
49.45182907371998 37.01482620626011 -0.5467504631525237 -0.8372956055315833 4.133910673722987
55.34950322229885 35.5553380450891 -0.5468828937432064 -0.8372091139799284 4.133752500874785
18.15027206904497 49.34968573658213 -0.7686648652683443 -0.6396517215657268 3.835637738453875
25.0803821271127 5.81817393332142 -0.9234476196352421 -0.38372450246238543 3.5354188447838477
51.84322403151634 34.52304103258781 -0.5468729322151837 -0.8372156209784711 4.133764399323027
29.01280231995503 60.51109458766279 -0.7489674755850613 -0.6626067615982655 3.865886553115742
0.40818229539678963 23.234622850053512 -0.7522552276754252 -0.6588718179092153 3.860910694470972
12.429772096950694 58.89046112333646 -0.7851692649623193 -0.6192812167008872 3.8094195758092972
99.80261512316372 20.68890972367051 -0.7525583866487114 -0.6585255307766651 3.8604504552451417
68.43610816605486 99.91535324409968 -0.8706589521798305 -0.4918871709946496 3.655848603055739
15.299717107962403 50.210325684100425 -0.7686648757582664 -0.6396517089600628 3.8356377220544475
12.366385225181476 56.99846648968566 -0.7894936687046811 -0.6137587042765449 3.802405389262455
79.98213307002072 97.74363632087407 -0.8968676669224117 -0.44229898036187004 3.599753055629683
72.56491591178086 40.62894311989528 -0.9318277873236979 -0.36290077813559635 3.512971665394376
23.58844559222007 8.377907465447874 -0.9231299032333374 -0.3844882075648212 3.5362460021053623
51.6377853734519 33.00140089043372 -0.5468941621631616 -0.8372017530988892 4.1337390413109745
36.0418214609253 63.17013504295684 -0.7572594292802646 -0.6531141988704028 3.8532822940557727
76.33551826293764 90.29651779460194 -0.8607480184286233 -0.5090312846684361 3.6756516345687555
42.66345729240705 92.40916507761416 -0.9160149282725427 -0.40114417754947956 3.554358240315061
84.04209706224655 16.3741808295364 -0.8342774691716215 -0.5513448144606006 3.7255679855488397
90.39784407939409 0.8119921864320241 -0.9022618335908157 -0.431188570865856 3.5874023401747874
74.39102557725627 94.51154993911187 -0.8607480184286233 -0.5090312846684361 3.6756516345687555
13.326082606048818 60.30283822057284 -0.7814296445827296 -0.6239933577910177 3.8154353171081272
38.147432038540984 65.16812640414408 -0.7572609694293492 -0.6531124131257362 3.85327993589055
14.33939554709123 8.880693288882101 -0.8551187797611498 -0.5184321291160514 3.6866090706560573
81.67470379949725 97.03918978500883 -0.8968676669224117 -0.44229898036187004 3.599753055629683
41.42144939934122 93.4515149995456 -0.9160149282725427 -0.40114417754947956 3.554358240315061
98.9042844078832 23.084638418171924 -0.7521974011916579 -0.6589378344278889 3.8609984559828527
73.8849455474716 68.0065302925518 -0.876581508200159 -0.48125342542317 3.643676707400435
14.73317685481614 47.20061690328009 -0.7686648621789379 -0.6396517252782442 3.835637743283701
70.06341740019988 39.85686417080745 -0.9315893788382253 -0.3635123508710667 3.513628064535285
39.70390934451379 58.67334113052525 -0.7572477190918971 -0.6531277761128517 3.853300223640936
28.082272710233408 4.609191206634688 -0.9237237859390476 -0.3830592216491238 3.5346985209606356
41.81788225251694 6.877974243907891 -0.7450391204074974 -0.6670207710876945 3.8717954917484474
87.76250801108567 97.81592766361076 -0.9022618335908131 -0.4311885708658612 3.587402340174793
24.848202448342786 3.151644580079953 -0.9235487393421957 -0.38348106349524097 3.535155239536819
25.85875940204237 8.114538814687988 -0.923413545340101 -0.3838064932780909 3.5355076341495093
72.46552487423621 68.58463726208475 -0.876581508200159 -0.48125342542317 3.643676707400435
88.15409257852049 14.89703899097274 -0.8341872618313598 -0.551481289073617 3.7257315785936025
8.204125175651079 52.59444916887145 -0.8011548644088157 -0.5984570855408867 3.7831665109774333
25.682630814953203 6.439661465119537 -0.9234539264279593 -0.38370932457367385 3.5354024087277476
14.887816114372292 60.810070298936296 -0.7804508250716033 -0.6252171699858007 3.817002417751367
11.165116724971433 64.63302307040112 -0.7776825453312761 -0.6286571869366226 3.821417972192292
67.40315683298434 38.34837626236566 -0.9319971809665499 -0.362465522043689 3.5125046085715517
70.02887265356904 45.75335656856608 -0.9258728538542262 -0.37783522664758323 3.5290497421964084
67.92785649100145 0.010993332994428284 -0.8706589521798307 -0.4918871709946493 3.6558486030557384
30.558729205161594 2.927352427776805 -0.9238463916861013 -0.3827634315978615 3.534378327387133
11.453256956898027 63.36742115597093 -0.778316853665141 -0.627871702898606 3.820408352301949
24.5428073911662 4.527756487883604 -0.9234774845896746 -0.3836526234185391 3.535341008337047
75.31020666231514 91.58036820739643 -0.8607480184286233 -0.5090312846684361 3.6756516345687555
1.1381603989783324 27.812271917155183 -0.752101254264274 -0.659047572891446 3.861144355818586
75.53453838934001 39.30069507048676 -0.9323675643145086 -0.36151172182134095 3.511481418081011
42.730550637769426 5.151041669830436 -0.7450391204074974 -0.6670207710876945 3.8717954917484474
89.24036632064087 99.68538690807601 -0.9022618335908145 -0.4311885708658584 3.58740234017479
13.003871199449085 54.93844857840864 -0.7927019909271089 -0.609609345056486 3.797160336689861
24.389173260225643 12.874317675681565 -0.9231761993792433 -0.3843770348234862 3.536125574900964
44.115260550955064 93.67685701405796 -0.9160149282725426 -0.40114417754947995 3.5543582403150613
69.65258323593665 42.299887218662434 -0.9306620712043469 -0.36587991092930366 3.5161707488571166
42.35683192540273 59.56424684364034 -0.7572456611855104 -0.6531301620777585 3.8533033744832412
73.87658457530101 4.76747316488233 -0.8706589521798285 -0.4918871709946531 3.655848603055743
10.886746329445199 63.039599087292615 -0.7785006756786235 -0.6276437667721451 3.820115529128345
87.73238580913896 97.70360264729766 -0.9022618335908129 -0.4311885708658616 3.5874023401747936
79.0535501548902 19.010431950645433 -0.8356775039197235 -0.5492204561398825 3.7230237766222105
10.765005239665182 60.89589246852654 -0.7808586847744641 -0.6247077031798904 3.8163498030268483
17.808242791252734 44.777707598969876 -0.7686648447219909 -0.6396517462561307 3.8356377705750315
66.64060688584692 41.62489344350885 -0.9313568345972391 -0.3641077404409457 3.514267255882103
1.566050725977144 23.917839681414883 -0.7522154326927959 -0.658917250357577 3.8609710910603434
11.455151223767016 61.865350254521005 -0.7799676885640427 -0.625819786197324 3.8177747953876215
94.87028702912826 98.10987964207776 -0.902261833590835 -0.4311885708658155 3.5874023401747426
29.998346977464173 2.968337129238627 -0.9238286064084781 -0.38280635572227534 3.534424790238501
3.2749451671041614 17.244522361771715 -0.7533571351383228 -0.65761160796946 3.859236678400718
72.71369835275182 4.023568570401908 -0.8706589521798287 -0.49188717099465273 3.6558486030557424
37.25405562090864 64.67832689521889 -0.7572609061319482 -0.6531124865168486 3.8532800328070933
3.8031259124326136 18.128469039283797 -0.7533375098635737 -0.6576340899258113 3.859266521151436
48.248039917877264 93.85819787286293 -0.9160149282725418 -0.40114417754948156 3.554358240315063
14.70768390082738 63.442408131968214 -0.7785127927930413 -0.6276287369596608 3.820096223177834
22.477296089384463 7.2481320995140965 -0.9230734324880616 -0.38462376192157977 3.5363928487217584
4.123254916144298 59.866318659372325 -0.7987673836029527 -0.6016399811283267 3.7871453185630934
16.225168476167546 61.65040584042348 -0.7793469198643798 -0.6265926735111926 3.8187661120166037
16.006440732491622 51.87487550373552 -0.7686648800232503 -0.6396517038348623 3.8356377153867816
2.5894172485731968 71.47326826430857 -0.9568880109782053 -0.2904571129206066 3.436297164583392
45.273654693527256 94.73611427779478 -0.9160149282725424 -0.40114417754948034 3.5543582403150618
53.8755424192658 31.872616495851364 -0.5469557554812677 -0.8371615146110789 4.133665469082933
22.350947332353993 12.802849888936855 -0.9231482236874686 -0.3844442184539537 3.536198350443115
10.434910539867934 57.80178096778966 -0.7905094501740817 -0.6124498421793176 3.800748605447039
0.7507353585371606 25.136819177836173 -0.7521855210260684 -0.6589513957483829 3.8610164850634723
14.706150228286395 59.55841451250238 -0.7821257605683003 -0.623120610039066 3.81431895415938
16.31003304333297 61.674939930702465 -0.7789746780409731 -0.627055381103585 3.8193599657877586
54.004693161874165 34.44998830197683 -0.5469005115309924 -0.8371976053997878 4.133731457256671
7.092989241549705 53.3625818962763 -0.8010197144643201 -0.5986379682575262 3.783392307489569
27.444217926664077 7.628821879831818 -0.923464414323239 -0.38368408291019473 3.535375074911281
9.178457815418252 57.44662198779385 -0.7948214409517504 -0.6068433710632283 3.7936757000050103
44.44642859236201 95.04411171334675 -0.9160149282725424 -0.40114417754948034 3.5543582403150618
11.796193709250236 61.390499224837434 -0.780470594452243 -0.6251924913139653 3.81697079710535
73.08557372681213 68.36918628658296 -0.876581508200159 -0.48125342542317 3.643676707400435
72.62303698672787 39.75826582182473 -0.9318835503479552 -0.36275756172806384 3.512817975920737
68.22459731850165 99.04144944213577 -0.8706589521798307 -0.4918871709946493 3.6558486030557384
1.0286624594971725 19.08176954226232 -0.7531894751761112 -0.6578036291203737 3.8594915940449592
98.63216979952203 69.91127991589109 -0.9568880194003331 -0.29045708517457053 3.436297135587276
41.49222192842478 5.968463759754522 -0.7450391204074974 -0.6670207710876945 3.8717954917484474
75.47064184801413 16.367729587865547 -0.8381774362759385 -0.5453976396335933 3.7184561049942784
12.166486893764752 52.36002440214916 -0.7993869097425192 -0.6008165847680182 3.786114884529433
41.253729239820366 60.41700629344021 -0.7572472162383367 -0.653128359129574 3.8533009935566467
94.03021577504545 21.93266802300677 -0.7497693041537697 -0.6616993203478237 3.864675611805938
94.05098291185499 20.39078962925234 -0.7497571523265771 -0.6617130892880553 3.8646939761904697
42.190454386871494 6.318606092158214 -0.7450391204074974 -0.6670207710876945 3.8717954917484474
69.62956774659891 44.633353668284386 -0.9272031629506646 -0.37455879994238983 3.5255135426436106
1.9107441870261832 17.102325512857647 -0.7533584143948323 -0.6576101424556224 3.8592347330914816
5.500582665914878 14.317520653284951 -0.7535747647781343 -0.6573622090518891 3.8589056761632476
12.23535810367657 54.77921360901216 -0.7941207344341747 -0.6077600341760939 3.794829502862499
54.94239324688797 34.205839505739085 -0.546898077249977 -0.8371991955922308 4.133734364907968
35.65629141124382 65.70022183093901 -0.7572618605743542 -0.6531113798728877 3.8532785714306317
40.29352942991632 60.85244845277634 -0.7572480532374134 -0.6531273886985199 3.853299712032599
91.14521436035915 1.3616874806095263 -0.9022618335908158 -0.4311885708658556 3.587402340174787
72.57350660500575 17.33906632449133 -0.8382350518571473 -0.5453090846832148 3.7183504568308066
3.228569767413247 13.396057692008881 -0.7535227032340673 -0.6574218856341973 3.8589848702214207
12.536168836531433 60.584228061438246 -0.7811632861377571 -0.6243267737254752 3.8158620641166956
68.31856140086178 40.85356653253491 -0.9314340902607979 -0.3639100651260413 3.5140550202398475
77.2622856458966 89.32615139937614 -0.8607480184286233 -0.5090312846684361 3.6756516345687555
34.39097114900476 43.94574111497947 -0.7226899134031156 -0.6911724018400889 3.904702725578997
15.376279889436965 9.972114487443235 -0.8556606666883483 -0.5175372677232543 3.6855629260895655
66.50497191809896 36.688815818618394 -0.9322273324449855 -0.3618731830938934 3.5118691283216137
22.968152082105604 5.994676209859174 -0.9232324406628286 -0.38424192965858966 3.5359792311699767
94.8910941448757 22.143933080354696 -0.7499132566972116 -0.6615361724273148 3.8644580352012294
13.171212916614817 56.203437364007605 -0.7899860579565281 -0.6131248064091885 3.801602722634169
13.281230314278787 58.55505282309807 -0.7849760319391377 -0.619526132847587 3.8097315420269418
8.350351072911518 57.29357695031362 -0.7965139003545245 -0.6046202167824216 3.7908816279112374
97.36720918017804 21.822428191200764 -0.7513411097360115 -0.6599140374478017 3.862296996559824
26.4973000437955 4.101717821158919 -0.9236088976564013 -0.383336150356221 3.5349983356150094
90.15304548463229 98.61021076154503 -0.9022618335908147 -0.431188570865858 3.5874023401747897
14.907063911786608 10.614520419792072 -0.8556606666883483 -0.5175372677232543 3.6855629260895655
82.79306777680797 17.498991127588 -0.8345059109994863 -0.5509989877548936 3.725153519890965
16.9098027855726 49.72079632628707 -0.7686648705227825 -0.6396517152515062 3.835637730239345
24.30556216578125 6.539750552965276 -0.92341010842789 -0.3838147621616351 3.5355165888578024
31.007923507855924 4.167278221284184 -0.923839619606371 -0.3827797764322925 3.5343960196079225
41.49380370942467 91.80857872355045 -0.9160149282725429 -0.4011441775494791 3.5543582403150604
99.42475257237415 24.738852533282984 -0.7521845143226134 -0.6589525448871522 3.861018012797663
29.733957227757713 6.367647621164219 -0.9237312476391154 -0.3830412277223998 3.534679041269497
85.18176988248845 17.478510620454543 -0.8342774691716215 -0.5513448144606006 3.7255679855488397
73.39735815514959 3.7937921340884757 -0.8706589521798287 -0.49188717099465273 3.6558486030557424
55.667973620783776 30.979593811657224 -0.5471087106320744 -0.8370615621031162 4.133482751316695
91.32546330037913 20.579550057731048 -0.7496914416492136 -0.6617875356320363 3.8647932744848146
17.060625796291028 47.58475184456979 -0.7686648593247718 -0.6396517287080751 3.8356377477457637
58.78529322732386 31.826524939407076 -0.5476472637696012 -0.8367093130147822 4.132839230597165
93.7181055464476 21.836570947456604 -0.7497571523265771 -0.6617130892880553 3.8646939761904697
74.09261981862218 37.72328331698681 -0.9323314117120259 -0.36160494843829344 3.5115814091445268
17.040516256892676 60.59279188208657 -0.7799466770119449 -0.6258459722791423 3.8178083691303777
37.62324981803297 61.47827025953551 -0.7572546247304743 -0.6531197695096271 3.8532896503945397
18.869938414446427 48.097418974454705 -0.7686648563714426 -0.6396517322570694 3.835637752362853
70.16539411270138 41.14367529965862 -0.9314979089947922 -0.36374667770074504 3.513879611341463
55.331763753097974 29.383679825958485 -0.5472941851757235 -0.836940305441697 4.13326115712796
80.48966074426895 18.581078856205714 -0.8349217060457 -0.550368735280028 3.7243984677539475
27.319261118606814 6.665907489732646 -0.9235218058210377 -0.3835459218568874 3.5352254678903483
5.835911413509809E-5 16.91253776471437 -0.7533776516752523 -0.6575881035696147 3.859205479280542
27.18356026555388 57.347079239598685 -0.7489674755850613 -0.6626067615982655 3.865886553115742
9.855510484716586 53.361077106215824 -0.7999223854883576 -0.6001034720734546 3.785223108749187
27.92237998988491 59.51217755992859 -0.7489674755850613 -0.6626067615982655 3.865886553115742
22.92330295409829 3.513591013004477 -0.923441767949616 -0.3837385844635481 3.535434094209457
53.62540417794928 34.03400896018204 -0.5468993881928994 -0.8371983392208995 4.133732799039773
75.18947865814388 89.308799974712 -0.8607480184286233 -0.5090312846684361 3.6756516345687555
25.739135297839354 7.3884864041327125 -0.9234227767109174 -0.3837842824445774 3.535483581304926
14.316243726559074 56.7401537215789 -0.7886295089807877 -0.6148686831874931 3.803812096601407
12.709961906743489 8.802535525624029 -0.8438631890346947 -0.5365584014738705 3.7079460653903697
92.06853215964777 99.09001166617766 -0.9022618335908187 -0.4311885708658496 3.5874023401747803
24.516243577660227 6.790843588128421 -0.9234076361677053 -0.3838207100550605 3.53552303009267
1.6500858203156872 16.385427614285614 -0.7533920602009269 -0.6575715958176744 3.8591835678340756
9.969359441531024 61.07983655042871 -0.7807780764996691 -0.6248084468518946 3.8164788262086313
24.81265536340675 8.267460109267448 -0.923374922575507 -0.38389940395717786 3.5356082527970942
12.176395160011449 62.397929075667 -0.7791519859990633 -0.6268350522376005 3.8190771532673122
21.62312448604644 5.1062688134167615 -0.9230853372542782 -0.38459518996752345 3.536361895854083
10.184053390644515 52.77648644303529 -0.7999500353201769 -0.6000666137948749 3.7851770322269673
42.60767661395769 95.46925747072575 -0.9160149282725426 -0.40114417754947995 3.5543582403150613
39.160838412704706 61.70925205631502 -0.7572517422602447 -0.6531231115523504 3.85329406377014
80.94076616979315 19.47142510447552 -0.8349217060457 -0.550368735280028 3.7243984677539475
98.69856490000748 22.417886651994063 -0.7522035855032101 -0.6589307747829927 3.8609890706594467
1.972499750276799 21.795623195009682 -0.7523698758349924 -0.6587408974217694 3.8607366704076886
11.518876241189522 7.363025311298312 -0.8390252596177775 -0.5440924679898823 3.716899738094262
22.434099902282565 7.88296074595253 -0.9229687316187928 -0.3848749413173023 3.5366649761943116
36.32432707015161 46.24481946603184 -0.7226899134031156 -0.6911724018400889 3.904702725578997
68.75315095380952 47.54565375560361 -0.9249106628086412 -0.3801845154959365 3.5315884373657176
11.229061996816249 58.82057123461478 -0.7860532073996578 -0.6181588429657143 3.807990913014548
20.888411557670462 8.446115875774689 -0.9203110851513308 -0.39118730366357757 3.543514004337709
1.0783148678845713 16.093059268730304 -0.7533980733930277 -0.6575647063275781 3.8591744232426124
25.274158633244028 14.35484246388112 -0.9231771904603627 -0.3843746544892251 3.5361229964842056
25.176700353682488 10.184289841742347 -0.9233360203284594 -0.3839929603052677 3.5357095749323957
49.17210774714316 93.16397366408226 -0.9160149282725418 -0.40114417754948156 3.554358240315063
13.207086923619002 62.54004361769222 -0.7789260245141366 -0.6271158173213323 3.8194375525269106
74.88511408770161 19.950413147035153 -0.8381034274507633 -0.5455113609222848 3.7185917878514627
76.94510486793179 91.26780739930287 -0.8607480184286233 -0.5090312846684361 3.6756516345687555
11.924029886114965 57.044733031027235 -0.7906845771414873 -0.6122237331814141 3.8004626076599792
11.525393670801348 62.60605536485693 -0.7788642169895053 -0.6271925792715702 3.8195361048841288
99.96092569675223 17.415268378069218 -0.7533645595143226 -0.6576031025381425 3.859225388417508
59.321807894734874 27.69613409592571 -0.5477023929060856 -0.8366732270157494 4.132773341136572
99.71998163060545 24.787484602692036 -0.7521945442280062 -0.6589410957237543 3.861002791682569
91.45676663376513 0.2225407918081434 -0.9022618335908157 -0.431188570865856 3.5874023401747874
67.71713150340376 1.763483553263071 -0.8706589521798302 -0.49188717099465 3.6558486030557393
69.04035910848465 1.9668588217039848 -0.8706589521798302 -0.49188717099465 3.6558486030557393
71.35255497399336 39.075256023494056 -0.9317914312151624 -0.36299411663827186 3.513071834465041
72.25071067306588 3.0932486072138343 -0.8706589521798291 -0.49188717099465196 3.6558486030557416
52.786949168613354 32.316671836976184 -0.5469443945412581 -0.8371689371207561 4.133679039809067
50.77045086424257 36.93242684356371 -0.5468283734814812 -0.8372447252479992 4.133817620928177
14.821366852709083 58.22044403290408 -0.7848888908225266 -0.6196365298006437 3.80987218718854
11.953163176255131 55.706978539035504 -0.792772578729122 -0.6095175456171693 3.797044536107536
54.001459771691735 36.14118194093404 -0.5468713070498274 -0.8372166825413917 4.133766340476878
0.7552597595413787 67.09334201947057 -0.9568880139197368 -0.2904571032299636 3.436297154456143
98.24177228103689 22.56458643279788 -0.7522004855710438 -0.6589343134992182 3.8609937751351837
28.503926629049886 3.7834031676208686 -0.9237681467201768 -0.38295223083978736 3.5345826981986246
54.58822710030768 27.88956285458019 -0.547325989420574 -0.8369195070643232 4.133223156042552
13.017159760866333 57.39154591427756 -0.7884690510919926 -0.6150744308375148 3.8040730158033687
68.90002479856928 40.07578470365335 -0.9315279315040363 -0.363669785420526 3.5137970657551336
25.466960664843082 3.666817510191665 -0.9235388452083033 -0.3835048909613976 3.53518103957614
44.69890868978424 6.379307686382001 -0.7450391204074974 -0.6670207710876945 3.8717954917484474
1.6739073532241568 18.76856909880643 -0.7532768213836376 -0.6577036037351197 3.8593587993248444
73.90920664402934 68.93395820369277 -0.876581508200159 -0.48125342542317 3.643676707400435
43.773361735418824 93.8422856357504 -0.9160149282725426 -0.40114417754947995 3.5543582403150613
1.8374324300178304 15.479397035011123 -0.7534449711133019 -0.6575109698735647 3.8591031000159677
31.899175815939575 4.575228436077162 -0.9238442067966823 -0.38276870505333754 3.534384035545718
66.41004333512953 39.16357131240524 -0.9318211062565572 -0.3629179327820628 3.5129900751351
51.45859785976898 34.943073734702864 -0.5468644509231366 -0.8372211609345146 4.133774529645222
47.948578336896404 94.83285451461578 -0.9160149282725418 -0.40114417754948156 3.554358240315063
68.86165330681106 42.73264101646033 -0.9305308844158052 -0.3662134256800797 3.5165291370040297
39.54900851789276 59.95715775164561 -0.7572492307985412 -0.653126023409738 3.8532979090729023
4.780415581635263 12.686868597877442 -0.7535747647781343 -0.6573622090518891 3.8589056761632476
71.08904954537924 2.8935538960158445 -0.8706589521798296 -0.4918871709946512 3.6558486030557407
24.804154535177105 6.078690564698762 -0.9234502953856432 -0.38371806310384754 3.5354118716225424
16.008287130034418 7.407524362883734 -0.8673189197807066 -0.49775284166986744 3.6625985720844816
11.329769399007214 55.14755226510577 -0.795616546489472 -0.6058005537734065 3.792364341563354
87.79467338826768 99.56964441345215 -0.9022618335908136 -0.4311885708658604 3.5874023401747923
9.58641951253028 60.33773847943726 -0.783350975205782 -0.6215796406287374 3.8123502645232903
75.09229402196925 39.892602554168704 -0.9323675643145086 -0.36151172182134095 3.511481418081011
43.6855330553274 7.506775801710097 -0.7450391204074974 -0.6670207710876945 3.8717954917484474
73.09974811429902 40.35707219205745 -0.9320038581371899 -0.36244835275855897 3.5124861866020685
9.451338614860443 54.70019196815529 -0.7985683480571215 -0.6019041397775231 3.7874760676242363
72.83572893261555 19.22741978513286 -0.8381941140717113 -0.5453720080234582 3.718425525126554
11.887198540876899 56.462840539487885 -0.7911192252191978 -0.6116619748591343 3.7997523320899944
13.755528991118608 61.30648565478037 -0.7798826379223198 -0.6259257712119894 3.8179106866493697
57.40811394689118 30.21678048655425 -0.5474370927167437 -0.8368468375502409 4.133090397612603
40.409055021672394 4.481304277367556 -0.7450391204074974 -0.6670207710876945 3.8717954917484474
8.660073385989415 54.306060233219284 -0.7998132082640363 -0.6002489749149007 3.785405017361602
27.917249439162585 4.640997439586932 -0.9237024110378117 -0.3831107618469279 3.5347543177203384
15.66036602199054 51.03890292341675 -0.7686648773562146 -0.6396517070398199 3.835637719556294
5.282332299618073 59.2749979970736 -0.7987673836029527 -0.6016399811283267 3.7871453185630934
6.433224360403659 55.47215467914433 -0.7996061459280572 -0.600524780000025 3.7857498988733425
89.2397642088644 98.92512523592052 -0.9022618335908141 -0.4311885708658592 3.587402340174791
44.62091923491873 92.77869269593555 -0.9160149282725426 -0.40114417754947995 3.5543582403150613
93.9463989684685 19.76888832546842 -0.7497803920715921 -0.6616867564527567 3.864658854915388
41.06345697294876 8.127633206412186 -0.7450391204074974 -0.6670207710876945 3.8717954917484474
85.59468365935804 15.125608053408364 -0.8342239455780172 -0.551425796117887 3.7256650566768674
22.91734613064366 14.991297333298606 -0.9231704349235553 -0.38439087929223 3.5361405715093865
15.042713305072226 48.559623768724705 -0.7686648621789379 -0.6396517252782442 3.835637743283701
75.00546270833719 69.18831123200515 -0.876581508200159 -0.48125342542317 3.643676707400435
10.446119565193746 51.88315813060355 -0.8013313684231845 -0.5982207268066081 3.7828715209454167
22.267637025835366 10.347536908374414 -0.9228633566568576 -0.3851275437306941 3.536938676509112
43.34545101334601 58.68458164142614 -0.7572443825369224 -0.653131644552823 3.8533053322050113
9.758520147427827 63.05114874479077 -0.7785497919669512 -0.6275828402913969 3.82003727028962
84.06090238827906 17.601642606711227 -0.8343512537635398 -0.5512331497136299 3.7254341454138005
25.052106617441954 1.508909320322938 -0.9235876199841793 -0.38338741269368676 3.535053838466994
21.363208109562862 7.236689411945374 -0.9206003802034212 -0.39050600503617916 3.54277382903964
76.274914201258 20.085598254630046 -0.8379456759563603 -0.545753647854083 3.7188809045958564
29.27045838862166 3.7292220999685823 -0.9238020858095158 -0.38287035175629347 3.534494063859319
10.103097717960104 61.704191342191336 -0.7798408534309726 -0.6259778297352488 3.8179774401778364
18.901060051496586 60.71354831172326 -0.77875478313824 -0.6273284528373577 3.819710568042875
16.541918471791984 63.738508466990695 -0.778202286288509 -0.6280136954042782 3.8205908010770826
56.4299014846635 36.14084430337772 -0.5468648440824371 -0.8372209041266778 4.133774060044859
1.2740053288462185 22.432957991341798 -0.7522943450104355 -0.6588271537097723 3.860851322283786
9.714773924692162 52.91225296497867 -0.8000299492928974 -0.5999600655330354 3.7850438452337465
23.888143393582347 5.320153313586369 -0.9234172062905263 -0.3837976851501317 3.5354980955082977
24.980120070476396 9.48255137640543 -0.9233667017365919 -0.38391917655163815 3.5356296662901343
72.50299218157497 20.05378159469935 -0.8381810170899499 -0.5453921365311909 3.7184495394505053
10.5602064419111 56.47242153865729 -0.7938592657610043 -0.6081015261988734 3.7952595989814344
10.912508238030199 60.23476277060005 -0.7819514083014121 -0.6233393899437436 3.814598710053277
23.639056056141225 6.522874184380816 -0.9232567148375009 -0.38418359999805507 3.5359160521793593
7.331144562594379 57.28359248910981 -0.7978432235391029 -0.6028649854260348 3.788679824286469
23.480730060503713 4.921972313555424 -0.9234135700284257 -0.3838064338795766 3.5355075698245773
30.364506274275215 3.16104309158053 -0.9238261690935673 -0.3828122376543149 3.5344311571552187
68.15618904737791 0.6545922917420711 -0.8706589521798305 -0.4918871709946496 3.655848603055739
16.422116876961475 9.158696543339262 -0.862910265726649 -0.5053571739904007 3.6713884866498954
0.904433255560954 28.834161530476447 -0.7520360138382023 -0.6591220174522675 3.8612433422107717
56.038568838624364 33.218792092974155 -0.5469514754572281 -0.837164310930155 4.133670581617153
86.7658523138236 96.85687870719232 -0.9022618335908124 -0.4311885708658628 3.587402340174795
10.279875908845364 52.71664792976035 -0.8001230687456643 -0.599835873269531 3.784888619749865
75.76319683460716 18.172923318299674 -0.8380857853718658 -0.5455384645995394 3.718624127490741
14.286998693705634 62.69565046392092 -0.7789364935648524 -0.6271028137338348 3.8194208583869
65.01309783945338 38.59382648421119 -0.9322273324449855 -0.3618731830938934 3.5118691283216137
25.115600559059146 8.289416842683803 -0.9233922541626696 -0.38385771446251266 3.535563104177189
82.44252522176683 19.607872046459455 -0.83465338190801 -0.550775573232439 3.7248858228268564
13.84114988769856 62.84765304640649 -0.7788622128026257 -0.6271950681153332 3.819539300366616
15.82669097673696 58.95326534778304 -0.7831302367757916 -0.6218577266927642 3.8127053100341826
12.58662081742382 58.04449298886443 -0.786486175899359 -0.6176078813609833 3.807290184513834
17.24336083247038 50.375996267307144 -0.7686648775699955 -0.6396517067829209 3.8356377192220794
14.438445594043467 56.26829211453018 -0.7889484041438766 -0.6144594499223122 3.803293284500151
97.59401961351338 17.290771449940053 -0.753407874817559 -0.6575534762761804 3.859159517472681
26.111992928318468 7.164692972183888 -0.9234326205294787 -0.383760596390588 3.535457931160336
70.35529333307258 40.02391873327551 -0.931630071418934 -0.3634080489311596 3.513516105699965
7.539200094353885 57.39560253358307 -0.7978432235391029 -0.6028649854260348 3.788679824286469
74.20322579604645 20.158773416992343 -0.838066481735225 -0.5455681187459012 3.7186595110855856
26.311242278865283 5.505369871414654 -0.9235166096525522 -0.38355843322218264 3.5352390153782514
88.96201058129817 98.61145450531234 -0.9022618335908136 -0.4311885708658604 3.5874023401747923
10.117013131827374 55.2363181601668 -0.7967651579862267 -0.604289072397626 3.7904659513500047
11.125811728623441 56.53390360173213 -0.7925708216002089 -0.609779872370325 3.7973754760801715
11.377680732005846 63.57011735789188 -0.778316853665141 -0.627871702898606 3.820408352301949
35.72481245817336 45.33033640505572 -0.7226899134031156 -0.6911724018400889 3.904702725578997
90.934545144353 98.80099624826272 -0.9022618335908152 -0.43118857086585677 3.5874023401747883
12.806067203773571 61.623363633743736 -0.7799259685687104 -0.6258717788430462 3.817841457169936
8.475441759116109 55.43263883004142 -0.7985542921173951 -0.6019227878564541 3.7874994197181344
67.25899756619384 3.155576016814816 -0.8706589521798302 -0.49188717099465 3.6558486030557393
41.42880541498924 60.967338919838504 -0.7572479247230754 -0.6531275377004061 3.853299908800221
74.1994287516781 15.538353682720903 -0.8381779314467656 -0.5453968786449196 3.7184551970857425
99.81712899131306 25.733509055966564 -0.7521633323240138 -0.6589767230390123 3.8610501571609657
24.44924600056635 8.119279159173747 -0.9233887162252054 -0.38386622506801393 3.535572320868976
18.977407771101873 7.115860124007686 -0.9100641294557245 -0.4144674658860384 3.5689502174513765
70.99054880507212 49.5146828112129 -0.9241946744783649 -0.38192172452719825 3.5334674093043352
13.78885806599194 55.492890215637416 -0.7907096619601266 -0.6121913348642745 3.8004216332889666
9.989721210955151 55.43444740673485 -0.7964700794663659 -0.6046779411511889 3.790954101168311
15.63321561582977 49.16003629840208 -0.7686648656232761 -0.6396517211392079 3.8356377378989923
24.18741810390172 5.949522219508125 -0.9234410166760078 -0.3837403923492825 3.535436051979327
65.61440458646831 0.054439415268604296 -0.8706589521798307 -0.4918871709946493 3.6558486030557384
13.52068350896482 57.8631651918844 -0.7861985121716824 -0.6179740281427959 3.8077558172983004
13.735849181909987 64.39294642514483 -0.7780114196966144 -0.6282501339607168 3.820894664940651
69.30653461900508 48.01439900560362 -0.9248001997977945 -0.3804531383152983 3.5318788858059618
75.38415796992464 88.99307783605194 -0.8607480184286233 -0.5090312846684361 3.6756516345687555
14.634985013681566 55.790470400402974 -0.789674208495438 -0.6135264007661801 3.8021111792395144
37.89439607601484 62.91538868075082 -0.7572576076071144 -0.6531163110205943 3.8532850832620213
16.625209434423795 51.43644665382119 -0.7686648775699955 -0.6396517067829209 3.8356377192220794
40.547196735082046 92.06697781540653 -0.9160149282725429 -0.4011441775494791 3.5543582403150604
9.061310596929225 51.62039466615259 -0.8017140910447825 -0.597707718053095 3.782231478290394
8.438389292117318 58.433556521174545 -0.7930195828770078 -0.6091961434329476 3.796639183896064
0.6758802672065595 69.64381056196973 -0.9568880123317819 -0.29045710846135553 3.436297159923232
17.76890140587958 8.875320769973282 -0.8878824269521964 -0.4600704249454397 3.6196671683517625
0.5387380620165763 24.250246123269815 -0.7522200675784783 -0.658911959166192 3.8609640569383967
12.877915383082666 60.43472991366462 -0.7813164182186043 -0.624135125291031 3.8156167509354124
27.594033395595968 2.7424751696993517 -0.9237301450885006 -0.3830438865910507 3.534681919671894
39.13867385519898 6.449683941457588 -0.7450391204074974 -0.6670207710876945 3.8717954917484474
10.352233729405109 57.64517428268315 -0.7918578632724227 -0.6107054317538311 3.7985437953451062
8.311150882857367 55.02851452651517 -0.7990303643356232 -0.6012906758545997 3.7867080851665476
57.02048354605576 28.452196089978237 -0.5475305653562045 -0.8367856834343637 4.132978697298237
17.652006260441667 49.9187081603662 -0.7686648710625498 -0.6396517146028718 3.8356377293954997
25.05795975886058 8.591980857114423 -0.9233889220148754 -0.383865730041386 3.5355717847712698
90.48743943310637 1.3559351342860864 -0.9022618335908155 -0.4311885708658564 3.587402340174788
67.27657522605557 1.2882170350895708 -0.8706589521798305 -0.4918871709946496 3.655848603055739
23.108284510164527 14.061272737662094 -0.9231704349235553 -0.38439087929223 3.5361405715093865
91.25583949152556 0.7179178591987845 -0.9022618335908157 -0.431188570865856 3.5874023401747874
29.066037993613563 4.331714250509342 -0.9237968086343298 -0.38288308444880065 3.5345078468211355
86.87413124822362 97.90205481182309 -0.9022618335908128 -0.431188570865862 3.587402340174794
68.32532464498303 46.653310433753205 -0.9254574715762776 -0.37885151220978824 3.530147639687916
10.266317955473658 55.246746504523536 -0.796518605168911 -0.604614018709269 3.7908738464339216
0.20824241972034685 20.91541076101767 -0.7526321431525522 -0.6584412328322066 3.860338445578988
99.04804460152837 16.664064082425323 -0.7534042181604232 -0.6575576659564402 3.859165078458393
77.78180148794344 20.90711011574677 -0.8372089060645336 -0.5468832120354647 3.72022951328225
24.122110314362 6.0967138258861215 -0.9234360280239797 -0.38375239692710145 3.5354490518461597
69.85074033967963 4.835532561517052 -0.8706589521798298 -0.4918871709946508 3.65584860305574
53.585754755091486 33.06639687423857 -0.5469201494493449 -0.8371847765734315 4.133708000346752
41.22096526951967 4.680855950208141 -0.7450391204074974 -0.6670207710876945 3.8717954917484474
14.634076606752018 47.82666847209053 -0.7686648621789379 -0.6396517252782442 3.835637743283701
91.4694079274649 2.8406083822855406 -0.9022618335908157 -0.431188570865856 3.5874023401747874
53.235491864643954 31.7318517128923 -0.5469607912687662 -0.837158224480083 4.133659453759359
1.303165353237679 69.59099545409816 -0.9568880123317819 -0.29045710846135553 3.436297159923232
84.41758988693796 17.52752222183521 -0.8342892987540614 -0.5513269138945209 3.725546529330937
77.66847910592176 14.896394396506416 -0.8382219280740533 -0.5453292576928334 3.718374523072719
69.77328158683132 45.98402438350988 -0.9258728538542262 -0.37783522664758323 3.5290497421964084
24.999304448723045 7.627967985293835 -0.9234184398270411 -0.38379471724789715 3.535494881467849
69.35672186688585 2.26372378161349 -0.8706589521798302 -0.49188717099465 3.6558486030557393
72.45697552436795 70.55199345181795 -0.876581508200159 -0.48125342542317 3.643676707400435
1.69527166933034 19.430852785918788 -0.753124822751678 -0.6578776492291356 3.859589873811412
71.44586772105157 41.95360468514885 -0.9311571978165407 -0.3646179822148759 3.5148151623700925
71.57892181390275 18.44665629756789 -0.8382359954110953 -0.5453076342736916 3.718348726518165
75.75669611371737 19.578792110558858 -0.8379456759563603 -0.545753647854083 3.7188809045958564
14.152371181102582 61.936551124198346 -0.7795431310044196 -0.6263485506519723 3.818452911150271
52.36197499860702 33.68049480031137 -0.5468937559351474 -0.8372020184633738 4.133739526532068
10.210652978367527 55.03254288031685 -0.7966051431905891 -0.6044999965610431 3.7907307035699116
26.268885733656028 9.824406086753948 -0.9233916517132391 -0.38385916368675654 3.5355646736344917
24.60591614949886 7.634437007999493 -0.9234052565121953 -0.38382643505319797 3.535529229960735
1.107399793121957 18.72728118031412 -0.7532322511923374 -0.6577546470863764 3.859426563073721
22.935501998638653 9.78011372738924 -0.9230470945262231 -0.38468696531946306 3.5364613203052047
69.97652095991761 3.81086758508357 -0.8706589521798298 -0.4918871709946508 3.65584860305574
66.05501478478241 98.24968714224886 -0.8706589521798309 -0.4918871709946489 3.655848603055738
69.25791968784476 39.51830088617192 -0.9316875483214129 -0.3632606671562927 3.5133579128368715
74.82531135472595 92.13392702556924 -0.8607480184286233 -0.5090312846684361 3.6756516345687555
69.92708459859296 49.429051613679064 -0.92429259144362 -0.3816846936968228 3.533210950054173
70.3097357218655 0.18801254264151807 -0.8706589521798302 -0.49188717099465 3.6558486030557393
9.037661986878762 56.15109690471073 -0.796619377204266 -0.6044812386358135 3.790707156448977
24.896564044044887 3.204173539988524 -0.923550891592473 -0.3834758801264408 3.5351496270958727
44.30953333751844 7.172010551225275 -0.7450391204074974 -0.6670207710876945 3.8717954917484474
55.68421980042933 28.13236508390995 -0.5473893427226583 -0.8368780720473301 4.133147455966457
28.374136109057496 3.377016926912951 -0.92378587076571 -0.38290947360131883 3.5345364129608927
59.07844785742749 30.09193308749641 -0.5476624873961126 -0.8366993485709804 4.1328210358467015
12.498759824052645 56.50632836308132 -0.7902906609588558 -0.6127321365827116 3.801105759268582
69.70094933049013 2.2543901977880694 -0.87065895217983 -0.4918871709946504 3.6558486030557398
12.680494835607735 60.087208984004306 -0.7818148137132037 -0.6235107032430065 3.814817813517933
45.88972159742336 93.69999541937263 -0.9160149282725422 -0.4011441775494808 3.554358240315062
41.74036623627623 7.046141807723904 -0.7450391204074974 -0.6670207710876945 3.8717954917484474
18.412848480980948 46.53834338091296 -0.7686648516380006 -0.6396517379452122 3.835637759762883
54.99207406495477 31.125493012508294 -0.5470778964953934 -0.8370817016075406 4.133519563144386
28.49415960137495 0.6954461402756508 -0.9238368905403311 -0.3827863629712692 3.534403149144874
36.91279794381026 61.2947451985905 -0.7572553881151421 -0.6531188844081799 3.853288481565757
25.392619286258476 12.554923811971717 -0.923224387606772 -0.38426127846570873 3.5360001889381976
51.19367256057192 31.577327597317527 -0.5469053476557805 -0.8371944461745491 4.13372568068268
1.8570701622828172 25.661162779468803 -0.752161898012241 -0.6589783601747656 3.861052333732521
84.1005822862257 15.13969003300266 -0.8342475709091591 -0.5513900528955591 3.7256222112078627