300

0.050430985188339356 3.815000755741787 0.006541506983160887 -0.029278126415282404 4.932205163301119
4.6905234556058915 0.26186243100579926 0.006309542322571785 -0.029328990362432788 4.924289283384924
3.380431935438919 3.426450553010377 0.00566183998252807 -0.029460881996509314 4.902255687801129
4.713962134454496 3.074302276336344 0.008114834915914703 -0.02888164562983646 4.986295619921374
1.6208284068506853 5.979420761962433 0.008214918964355243 -0.02885333787292341 4.989762632194216
0.2545755112543008 2.77904236953003 0.008789557350581742 -0.028683508878462452 5.009736590232597
1.3053858881148732 3.795077100638581 0.007341197024466372 -0.029087915467560854 4.959606027928953
1.0460684521003925 3.977341830444439 0.006496267770235011 -0.02928819736783754 4.930660275351663
4.596444964142475 6.787966288075046 0.006992923529529548 -0.02917360143194789 4.9476506458792056
1.8140288770892743 5.021327178034458 0.008526150105860664 -0.02876290604880411 5.000566117225381
1.5399501862371352 3.431787219963475 0.006285383884440312 -0.02933417715609589 4.923465651188176
2.533206526517923 6.9138155966911645 0.00835095171645312 -0.028814260452586123 4.994480446139388
4.362051551521704 1.1471758619055523 0.006248695243289892 -0.029342014377961276 4.922215105254301
0.46401400482008365 5.239557720145965 0.006611414383076522 -0.029262419583063342 4.934593503399187
5.1059902706481415 5.816450885181056 0.009411222893897458 -0.02848559080730783 5.0314840392939395
5.030661419167236 5.4928252235354895 0.009446651081738254 -0.02847386140550476 5.032728018366622
1.6499347294188629 2.995527147138656 0.0071169033589500805 -0.02914360455707847 4.951902552003134
3.194722259683525 2.7862573582320227 0.007563113706132179 -0.02903100602921152 4.967242632238759
2.5078595917348663 4.440171194882287 0.004721924842469034 -0.029626059909850885 4.870443722512903
0.4422969061662262 3.611776495580408 0.007888171995847631 -0.028944373245311864 4.978456181424877
1.89098021255368 0.8413997296828475 0.007718940804246485 -0.02898996296756066 4.972614025586713
2.21512476374803 0.8616260539900119 0.008516597057958252 -0.028765736120467643 5.000234002735819
4.192093201937578 5.166971391501178 0.007640367467341616 -0.029010770154616505 4.96990463608043
3.782374750223059 0.9967865588390887 0.0063430719251307815 -0.029321757085014832 4.925432648145495
1.8536661455312529 0.5885321009106903 0.006575726847132941 -0.029270459791945445 4.9333741022044215
6.45781890562099 3.2733115702040045 0.007797068349178111 -0.02896904770886066 4.975309982494858
5.171013272664184 5.640585977650837 0.007154772820260894 -0.02913433070949899 4.953202167571444
6.728852733113194 3.073715500100537 0.00667399744577351 -0.029248209485262657 4.936732705791215
1.0211513214693895 4.699535698864091 0.008604785190934994 -0.02873947932405641 5.0033011354527615
1.2147807269565738 4.535942421327766 0.007463645294362421 -0.029056737582184647 4.963817871407517
4.336323812091077 2.875770084715665 0.005265896946413019 -0.02953422301923242 4.888832977857139
6.2065137250328295 5.931324348435851 0.00770209603407241 -0.028994442858622512 4.972033015245737
1.2988384393293748 3.4932592528216975 0.006902645743378998 -0.029195093453205655 4.9445572851542465
1.9456109443660865 4.859321479775521 0.00553273259226857 -0.029485400964925832 4.897875184830569
4.301313850259205 5.1217676676211665 0.008857392137557735 -0.0286626342913824 5.012102390322614
1.7713327528557812 3.42174119354693 0.007331747487148872 -0.02909029870566279 4.959281179964171
3.284996579292448 3.5817977926292994 0.00576793243229709 -0.029440294758314757 4.905858072027812
4.951805504572671 2.7239235733989196 0.00833193184558822 -0.028819765990036647 4.993820423880025
1.0571406522436928 0.33280190465542664 0.007077477166880549 -0.029153204231306795 4.950549950141111
1.586772797128193 6.185861551843059 0.008535452787616301 -0.028760146830473118 5.000889559087692
6.365073714767227 1.6719131645589598 0.007066193897390817 -0.02915594114077741 4.950162934715765
4.316296351676365 6.026890908367722 0.007062214243660031 -0.029156905356649998 4.950026441508396
1.801996507947337 2.9055533551779815 0.0055763352832699205 -0.029477185835974216 4.899354179746461
0.02854262763120711 6.643193948686612 0.010428598506005166 -0.028129065629710254 5.067420532934365
2.8438690678315264 3.2414225965906818 0.006206862026315745 -0.029350892044131802 4.920789610677855
3.37143773827858 0.7951823473638058 0.009059564148129966 -0.02859937582266295 5.019163657299412
2.3344486629063597 3.047111691249715 0.007442065084249449 -0.02906227223191255 4.963075250045239
3.959315375647229 1.8648670198730743 0.008289064618535643 -0.02883212457918668 4.992333318471015
4.364419610435127 4.743974031714214 0.00814043257527561 -0.028874441249786834 4.987182025461216
1.5707880098259266 0.44956344915389207 0.007483875084244294 -0.029051533758537213 4.964514150563576
4.196513279343802 5.827242363534755 0.007500502970864884 -0.029047245225391802 4.9650865511013285
0.3043575785872179 0.8251269610655321 0.0068369483846904555 -0.029210548382135493 4.942307593894444
4.012212274078084 2.393717029315267 0.00835801653526462 -0.028812211987215473 4.9947256396581645
3.2188732257942254 5.544886859850067 0.008218881466475422 -0.02885220940309471 4.989899967417639
1.7770747844699182 6.436775943646 0.007725685530149573 -0.0289881662595142 4.972846690074602
4.741570499770156 3.306239369051418 0.006354518645452735 -0.029319278517463448 4.925823047805357
6.801749043872738 3.2432857751908593 0.006541435133292742 -0.029278142468348693 4.932202709255821
1.4291936191838077 6.7273860290845295 0.006690893536475341 -0.02924434891878348 4.937310423391296
0.009453013147600402 5.545603656530346 0.00655873240094919 -0.029274272481015464 4.93279353944338
3.137540896379673 6.403911655509196 0.009279420171915204 -0.028528798805295907 5.02686055781543
0.991987816336104 2.144206200103672 0.006464843629842817 -0.02929514971529725 4.92958747432738
3.562751393786552 1.7591714520067538 0.006792940774306155 -0.029220813740153933 4.940801293152342
2.5647114662916666 2.9938873116792175 0.006895649005381078 -0.029196746818688325 4.944317637356477
1.696940120544808 3.519228069920289 0.005663580063094361 -0.029460547531723166 4.902314752239304
1.7489598626100848 6.538547552979739 0.008574695585818274 -0.0287484711873614 5.002254321221212
1.3114360533540383 0.25918956782508146 0.009065923593958126 -0.028597360531848273 5.019386028231996
3.5597622884363673 4.598296507344421 0.006689271162183585 -0.029244720058820516 4.937254947237557
4.998685779089538 0.42483643964063356 0.007895231025175602 -0.028942448532546527 4.97870007214391
6.651929867967574 5.378469289692786 0.009342485229050231 -0.02850820881333968 5.029071930188146
1.8091036387260746 5.1305303154394855 0.006561642237878643 -0.029273620396904905 4.932892939670579
4.16143759334991 2.238367364565528 0.00845133360322228 -0.028784978032422498 4.997965970871384
5.154585151892516 2.9549299046603954 0.008208136394036988 -0.028855268096777152 4.989527569496961
5.6251975977818 6.358776194752883 0.006508980598335514 -0.029285374704286982 4.931094356028362
0.7155042642320372 4.512751989762856 0.006273329140775056 -0.029336757514958987 4.923054723918542
5.688788771394651 4.174154789077338 0.006528939130909722 -0.02928093157372005 4.931775926476286
1.2116376112477856 4.247641511014729 0.007804457962526719 -0.028967057771046637 4.975565077767395
2.30835472101779 3.212812216456164 0.006297607490339204 -0.02933155536103777 4.923882371655049
5.148893472185969 5.600078481249437 0.00879759345547181 -0.028681045123778864 5.0100167669018765
3.873398940449779 5.112477160003516 0.008518360569018078 -0.028765213943515142 5.000295309251958
1.9213365598995393 1.0774745620457091 0.007261350400953142 -0.029107950638177494 4.956861964518499
0.8280647245680463 5.6478124263798355 0.0070561679641571035 -0.029158369187278 4.949819076301646
1.2028387195631929 6.231269961717321 0.007141669274109665 -0.029137545538003674 4.952752429317789
4.50456056488784 0.6260893686432526 0.008348496404783742 -0.02881497193785399 4.994395235507004
1.3572906245289926 3.589229795980293 0.007588623495591045 -0.029024348286260684 4.968121441372485
5.41877944507355 2.4046103525064284 0.007225834465805955 -0.02911678753353073 4.9556420043483875
3.4834469458811776 6.838456360694688 0.007416169366966337 -0.029068891136754253 4.962184309142992
2.4153896044546954 2.540470914282605 0.006037939339594025 -0.029386107066629 4.915037794154453
5.318084363050379 6.268535936076779 0.006988610424633635 -0.029174634947719602 4.9475028057676385
4.676954300314072 2.2322469107220777 0.006222057147141795 -0.029347674607329653 4.921307344631288
1.4209312851704168 4.314193405036486 0.007859620946505975 -0.028952139101925515 4.977469902774585
1.8582181795766024 4.160476541459885 0.006979287113013765 -0.02917686671652938 4.9471832489002185
5.1638739747128914 5.2038059960320915 0.0074746516306171875 -0.029053908222490685 4.964196677595979
3.2052903586497363 1.3572929564651028 0.006687016355893735 -0.02924523571893394 4.937177846605191
0.8558062680079516 0.7565510753805507 0.006692963247730859 -0.029243875306883042 4.937381196996823
1.7653697663345176 0.4864770955620199 0.0067635812765887435 -0.029227623377807817 4.939796664228259
4.692333737027261 3.762799474219134 0.008156680022909896 -0.02886985574961992 4.987744763187703
0.2412399843491293 2.811252732488179 0.006568537824082139 -0.029272073907627424 4.933128502208645
4.235431680927844 5.696203711106378 0.007046565442285248 -0.02916069127211478 4.949489766408467
0.5970925119501868 6.3886450080006 0.007815732002224766 -0.028964017906177995 4.975954300284806
3.9991737188980405 2.9067062455445307 0.007287956905017787 -0.029101300385903778 4.957776132000252
6.195665328494454 2.8122722495428905 0.008558607712309681 -0.028753264754229096 5.001694759920135
5.862889695577092 3.872900843825211 0.008265175133777142 -0.028838981951656892 4.9915048452604545
6.113990894694934 0.12367052532483797 0.007052721869432902 -0.02915920290804299 4.949700892550286
5.71254491376377 6.753156239931959 0.0067918587018232085 -0.02922106526761932 4.940764262430497
0.15352239416488062 4.284462367256966 0.006971450779241401 -0.02917874010358594 4.946914677150142
0.7619857619724585 6.610445632213307 0.009264875295334827 -0.028533525645491033 5.026350768689054
1.9041624191126618 6.508206575032816 0.008300946080080918 -0.028828706078760962 4.9927454339831066
1.3282073554533824 5.663877817578549 0.00643472495350265 -0.029301780061504287 4.928559479386262
4.397806655680144 4.5581474699178 0.00792114973527487 -0.028935365677166668 4.979595707499896
1.1678196007018051 2.622324365747009 0.005665813173877704 -0.029460118144344124 4.9023905528351275
0.5122710392924514 3.18436757431436 0.006466360809976674 -0.02929481486330299 4.929639264088457
5.293319488382175 1.8573526231676625 0.008500788511507866 -0.028770411792023692 4.9996844857234315
6.528412398538727 5.399783352187818 0.007994144594645486 -0.02891528405877937 4.982119268461291
3.6312110833320723 3.297257624844277 0.005305880048437227 -0.02952706617514845 4.890186930554805
6.70066205473111 3.5957642546723427 0.007263956516062206 -0.029107300385517672 4.9569514982768
0.5913845593520881 5.557047404427468 0.007940007258898055 -0.028930196762701876 4.980247477642983
4.686452989696862 0.36618453549342944 0.00549140880030613 -0.02949312512074501 4.896473868522997
5.732540910199605 5.4386796908308455 0.0076925205066561185 -0.028996984813160747 4.9717027758392
6.287326712533838 3.4328755462029963 0.007522471096466099 -0.029041563811248734 4.965842914501379
5.504262061673828 5.027905052123021 0.006818169390107266 -0.029214937380863993 4.941664758197273
3.681009818498792 3.0282155647665796 0.0068727104388463835 -0.029202154907194296 4.943532055276092
5.73777427814374 5.184582539964019 0.007278929821181655 -0.02910355958741666 4.957465948837957
1.2756731462681399 2.563523131068636 0.007327406707978527 -0.02909139238565028 4.959131965354528
5.282064734441011 5.622853958059206 0.008545191604199307 -0.0287572547446296 5.00122819804645
0.9784601711800551 2.8569099272438847 0.0061340094058855 -0.02936620385083009 4.9183081329434435
5.572423528630269 6.865536330993581 0.005480707942536321 -0.029495115535434324 4.8961110552729865
1.3808421992065456 3.085831267653506 0.007211825404256349 -0.029120260547229358 4.955160899562308
0.3768130936546305 4.850174771566614 0.00599906232261852 -0.029394068300412905 4.913715000846544
1.4424654469703528 5.495530227926276 0.006869917992962471 -0.02920281196682899 4.943436431700522
2.1763269011362203 3.6848640918904727 0.00570593985195081 -0.029452372576855665 4.9037527994954395
0.5450169607522798 5.400606995519801 0.007397002220252984 -0.029073774405012714 4.961524994822246
1.0052343193526183 1.5753569957657167 0.008537836188102655 -0.028759439376057468 5.0009724317452395
1.2087158367027862 1.9598130253803692 0.006454391600212431 -0.029297454310419312 4.9292307047420945
0.8185837158414363 5.7451532262929845 0.009104695388988969 -0.02858504017617822 5.020742102429973
0.7260144696257185 4.379572638259382 0.00829174480513707 -0.028831353906580287 4.992426278058951
1.5931866406202968 6.9537064263472415 0.00910973221351794 -0.028583435395312325 5.0209183122891865
3.2785576062682975 1.526637402101271 0.007574483818844463 -0.029028041526738647 4.967634306337648
4.818061471558046 5.8033541266389115 0.009298150024526816 -0.02852269983927524 5.027517152379419
1.3180524475947377 5.338317370186303 0.00872929278789248 -0.028701906686198535 5.007636246793702
0.34258254695827695 1.861505782202602 0.0060517322721293084 -0.02938326967011106 4.915507185972026
1.8221162357698932 5.3372758386589005 0.006650639425313929 -0.0292535296201067 4.935934164770877
4.024072428841158 3.032692592360729 0.006708789267653036 -0.029240248743166043 4.937922404368668
5.204963837093904 3.730533795573308 0.0072327194440255285 -0.02911507804289755 4.955878472066512
1.3376329671606177 1.619682026005955 0.005711949994130738 -0.029451207568868033 4.903956866621553
6.972936926371591 3.809731089520926 0.006359032893647765 -0.02931829975727627 4.925977018972617
0.0370762879973795 4.193493920483371 0.005832833200455683 -0.02942750510756326 4.908063037798964
4.470458415159984 4.509605408304922 0.006337583602213971 -0.029322943816829653 4.925245476148149
4.6364589327000285 2.183423720668368 0.005579634672108411 -0.02947656148409793 4.899466111183733
1.8101232225257562 6.450258644731577 0.008123618876071114 -0.02887917617170443 4.98659976933666
1.6474689888114211 6.933213309296605 0.007433046315666171 -0.029064580204592006 4.962764936717306
1.3877466221535244 3.563977016658811 0.007825673227406042 -0.028961333507590083 4.976297542918335
4.785665017915955 3.3363536316550135 0.007846049885099413 -0.028955819815721526 4.977001191343142
0.43544879028184036 6.7263127007710874 0.008592948359709657 -0.028743020691767297 5.002889294247011
6.331772739249931 0.7475274916841819 0.006955916386743603 -0.029182447245229996 4.94638232361737
2.4683908188379826 6.498961543974235 0.008729894986046191 -0.028701723528955635 5.007657227980829
0.13094796552874208 2.5361778877971033 0.0075626044063217875 -0.029031138706455902 4.967225088973256
4.329870713366441 2.2643781478827165 0.0072991732975073486 -0.02909848912182479 4.958161576430397
5.225111804734484 0.9548039944405028 0.006594616004077501 -0.02926620986323246 4.934019480781652
6.875726951915062 3.54400642999538 0.00710268064877549 -0.029147074083027788 4.9514145594038315
4.4622929732990615 1.5371662425186707 0.008003162761012294 -0.028912789312357013 4.982431164250585
0.7112091846811296 3.5329800872256567 0.008180810481924709 -0.028863027212314905 4.988580697801451
1.232498424501129 0.27556201674776465 0.009054041028804772 -0.028601124821389802 5.018970542929928
6.685370388445745 3.009514633935647 0.008692556481319709 -0.02871305385741939 5.006356569817117
0.7582293980470715 3.2134930128627732 0.007145933804799168 -0.029136499962374142 4.952898790554435
5.560395250268347 2.5494494755434767 0.0065588424336537445 -0.02927424782860361 4.932797298127766
6.4825323094763005 1.4869865294064863 0.008319126505423862 -0.02882346499272345 4.993376127481804
4.778424098036036 4.5012634432741425 0.006410288510463413 -0.029307135670560175 4.927725598011117
4.0022551146857195 5.684205976773144 0.009011560556959368 -0.028614537849286577 5.017485618625752
1.3153959126766512 3.603142685035884 0.007840010608749948 -0.02895745557977579 4.97679262858145
1.7478040501163712 3.3676228591538795 0.007989312688753109 -0.028916619490551253 4.981952166720397
6.679943458196382 2.7656010409145426 0.008386766045644823 -0.02880385660455244 4.995723608061661
4.298234866266887 3.361624686910212 0.006825045532285363 -0.02921333177647205 4.941900128583749
4.0777408471371555 6.298707212858746 0.009068829029771531 -0.02859643928933763 5.019487627909584
0.1040156455718975 2.2373750788023883 0.00654804296764155 -0.029276665337669865 4.932428406668838
5.393775875457951 2.0396673911325482 0.006929711878026065 -0.029188680910372508 4.9454844651114565
4.549542078393358 5.261963775013939 0.007566215379846732 -0.02903019780893287 4.967349473761379
3.5409222801550215 1.2119717652036872 0.00656930205928145 -0.029271902405787028 4.933154610281496
6.630721466456633 2.7601363577972533 0.0089376873993516 -0.028637697951327576 5.014904999176482
4.30492001079897 0.5405693738098839 0.0056298662241177745 -0.02946700877758952 4.901170505390812
5.525317429590792 5.050784782126501 0.00651947134363762 -0.029283041054499238 4.931452595023014
0.040960579725030546 4.333372256262787 0.00584368971732352 -0.02942535115317483 4.908431975432054
4.113599546222589 1.03027982017193 0.007810404848962312 -0.028965454874648626 4.975770381702719
1.1355204843275135 2.877439043490244 0.006957775760508301 -0.029182003983045494 4.9464460395857355
5.924314236615122 1.2252641682050451 0.006831098685803809 -0.02921191693033529 4.942107338775601
4.000169174131326 4.518836474564703 0.007749089167146589 -0.028981918795683823 4.973654128452628
4.258725984137213 2.6297412793556147 0.0067769499141787926 -0.029224526512173162 4.940254085807521
0.9705735448017079 4.3537371028548995 0.007505436157822102 -0.029045970944020044 4.96525638803826
6.752206917656988 3.481592253785845 0.00708005093475369 -0.029152579281451124 4.950638235306542
1.7129299545952696 2.714792364510274 0.0064712778595930505 -0.029293729070637983 4.9298071142951585
0.49120945323379533 1.8040246734524668 0.005793919300134294 -0.029435191508524812 4.906740845752409
3.1154937571107952 3.1165638724699063 0.007641044358779064 -0.02901059187791884 4.969927968570868
1.5218401757742792 0.7825564706022257 0.007851410303364304 -0.028954366790662593 4.977186320024768
0.5878777794119902 3.557839075648468 0.0072159168570985616 -0.029119246966764795 4.955301403938465
5.22507256334473 4.143742198565359 0.009026284983661677 -0.028609896528888804 5.018000238876257
4.096853524059309 6.174588997809341 0.008639056095227212 -0.02872919612142876 5.004493816507756
0.936375543559251 2.3567206442326376 0.006769439429981702 -0.02922626712058536 4.9399971009596175
4.177731184529112 3.7509894935230363 0.005875535797165734 -0.029419008805468345 4.90951435874816
2.1318299121078765 2.5180938039148293 0.007906897941612085 -0.02893926337937665 4.979103201764411
1.5546430979768644 1.545182226504543 0.0064074127768978875 -0.029307764525914385 4.927627475057616
0.6477386269230584 0.5651342913955236 0.007798608214041463 -0.02896863320772806 4.9753631383974986
2.265374541199682 2.858303896837363 0.0065003174887980995 -0.029287298826365424 4.93079854882162
5.620336982533271 4.546016695385858 0.0072185105509032736 -0.029118604111916115 4.955390476380355
4.7932740322226 3.9035473743083378 0.007530569103670362 -0.029039465025630987 4.966121766557341
1.9287487797203575 5.2014800375377055 0.005933918953421857 -0.029407288311815164 4.911499292016042
0.5264553787373967 4.116398903783622 0.00646660863080684 -0.029294760159727786 4.929647723642228
0.5384851965681234 0.6802419605713554 0.006740359164431705 -0.029232987502724753 4.939002210985781
2.1641090166376173 2.3551740995279546 0.008018558994132818 -0.028908523166319162 4.982963709504113
3.006623034002764 1.5554394889318626 0.007005502325449415 -0.029170583421798797 4.948081838662394
1.9634548088089991 1.4044739858033377 0.006674571884211777 -0.029248078401195685 4.936752345958446
4.545384393668784 0.7962552458790223 0.007185143937364011 -0.02912685541900054 4.95424475239919
3.859166882057551 5.667376029700282 0.008954272964885409 -0.028632516404785698 5.0154842030525835
3.9963446656833193 3.1007473836481267 0.00563176616877662 -0.0294666457171532 4.901234982799332
0.8390611039084868 2.391729539314538 0.005793977891502496 -0.02943517997554593 4.906742836273845
5.70576637406518 0.6373278957739008 0.008426024377444889 -0.028792396794825963 4.997086833042568
2.939105061875066 2.149214599984085 0.008251020721357718 -0.028843034810084142 4.99101407143076
0.6373698282322486 3.5856425832913263 0.0072417694444423045 -0.029112828363344254 4.956189319593152
0.03489246815410281 1.4025536704280108 0.009257751293498226 -0.028535837835741425 5.026101107527091
4.399128668755176 3.2109185508570586 0.0057401883966234435 -0.029445716788206556 4.904915775788277
0.8903234772000469 5.49839955532362 0.008186691828199645 -0.02886135958180226 4.988784471165923
3.6244964193514173 3.9061892283801205 0.006263020107887408 -0.029338960089413495 4.9227033338307
4.772603701151191 0.6169117099718896 0.007888761896885556 -0.028944212473899625 4.978476561989735
1.3337232873130038 5.123319955221364 0.007393679877776682 -0.029074619479280552 4.961410723653232
1.375203127543614 4.2675556235611465 0.006497233168445278 -0.0292879832210218 4.93069323749431
4.169205669715177 2.2539894474100266 0.006793234686155753 -0.029220745413127476 4.9408113514688505
5.2784073732755274 0.3402461654943701 0.005202607997866749 -0.029545437380762075 4.886690483336749
3.1944560060964204 0.13135569966345675 0.009313561803262854 -0.028517671127509747 5.028057533800499
5.398713930421546 3.377957682815671 0.008272545085304787 -0.028836868724110797 4.991760409813077
5.233093472261251 0.3731779766399598 0.006698335675241252 -0.029242645215195397 4.93756491206304
1.188930280197537 3.035299793275414 0.006018519537243924 -0.029390090550724966 4.914376989188135
5.315850068256766 4.078921776804018 0.008668805156058649 -0.028720233584814223 5.005529477203589
4.114378668430827 0.8145440568016316 0.00810462925254336 -0.02888451115526829 4.985942275893204
1.8323200555168568 3.1237777761528323 0.006343368482063193 -0.02932169293033346 4.925442762043376
4.944249845487937 1.392064458243428 0.008226475628913085 -0.028850045038559282 4.990163186332301
5.552259481607954 0.7648691916097522 0.008565678946109323 -0.02875115900606755 5.001940696955987
1.1837250492097318 2.1248864804086525 0.006606788108021292 -0.029263464437685918 4.934435410100026
5.086349057538361 5.16570231682054 0.008130812871105236 -0.02887715155715794 4.986848884724698
3.432342678028366 2.605228494299097 0.006789883867841116 -0.029221524208385006 4.940696680415427
2.255280331650919 3.202149964747253 0.007957519977465521 -0.028925384626798605 4.980852871888862
2.9753665699606464 2.364830885675902 0.008113522958643836 -0.028882014216455875 4.986250194916305
5.126542583938679 3.2504860998170386 0.008322978082617255 -0.028822353058629215 4.993509756505309
2.2601345160882693 0.8783747795906701 0.00671653150182052 -0.029238471310673076 4.938187192452782
2.611818367839986 4.905336006326644 0.00730371102620523 -0.029097350484978666 4.958317523271936
6.641039927919283 3.035152185452204 0.008227482512166859 -0.028849757910803835 4.990198087084199
4.188927827821077 0.4221621263547551 0.006094024498275287 -0.029374527492615446 4.916946730028634
3.5035945096104095 5.510550306098236 0.008443107461261047 -0.02878739196936044 4.997680203865267
3.691717274797266 2.4966366351980662 0.006567127128117028 -0.029272390426529047 4.933080309916483
0.4206186688421131 2.8474942824035114 0.008670996992969282 -0.028719571917908485 5.005605794903149
2.350236015292608 4.112994744512175 0.003238376074343591 -0.029824703190494937 4.8205455929188705
6.2755648710472824 5.633890631322701 0.008182575650872055 -0.02886252684221802 4.988641855081816
0.8529685845263303 0.5427897465025212 0.007924672198271821 -0.028934401161073608 4.979717445090526
3.4264867701440753 6.367131995992785 0.006502566386268989 -0.029286799592856926 4.930875336942325
3.5312229647780513 1.5265946186747574 0.006938028074288331 -0.029186705302935222 4.94576938643688
3.131003674324037 1.9483275019265969 0.008070879264370213 -0.028893959713060424 4.984774021218846
1.2007583159666888 1.6990311017089568 0.0069253524329390675 -0.02918971554639724 4.945335113798523
0.9186224994015711 2.7035438569044095 0.006907047356192246 -0.029194052422014276 4.944708053340317
1.1535405789876674 6.446404552827096 0.00905339693258886 -0.02860132871006154 5.018948023049185
1.4894227967364317 1.6700458120103414 0.009412741349706467 -0.028485089086810418 5.031537345865372
0.19168191262924172 1.27665132261387 0.008965555457383789 -0.02862898558001271 5.0158782720854
0.48259539676975705 4.970569516530439 0.008618930896229914 -0.028735240214865326 5.0037933763935705
2.33320314768346 2.202963143523664 0.006900233101341931 -0.029195663773018504 4.944474647348186
6.998214898252584 1.6527327106187921 0.006804367082414988 -0.02921815511985223 4.94119234413035
1.0757902612245114 3.62158535378776 0.008554957870289207 -0.028754350902734295 5.001567825705462
6.953790922198535 3.467692866047708 0.007769538195459074 -0.028976443471021462 4.9743597739078895
0.6374160634750614 2.2834830715656866 0.00548543618574897 -0.029494236553131457 4.8962713636349235
2.0466044102594294 6.8421303655711885 0.007846414109832996 -0.028955721120652714 4.9770137700011325
4.071761116588446 3.6957278984653885 0.0072221957888855565 -0.02911769029279286 4.955517037934968
0.5754637700786566 4.136540818603753 0.008139285771963684 -0.028874764537954407 4.987142308783
6.144545370705482 4.922812781077825 0.007159695964473455 -0.029133121248783186 4.953371151936999
1.6864255079618988 2.7530856764269287 0.006609568117475909 -0.029262836658472565 4.934530410446894
2.3294518913526794 0.8284086313890597 0.006337065086774211 -0.02932305587905168 4.925227793256139
1.0602957111524451 2.645615624021712 0.006533073410592254 -0.029280009423014407 4.9319171222837745
1.954351428997892 6.126613275911192 0.0070366049833196125 -0.029163096377249134 4.949148209068992
1.049597093692141 3.1357396711296714 0.006983374260399752 -0.029175888742918973 4.947323333026397
0.2331252472103541 6.782945664451736 0.009849539696127377 -0.02833701762314466 5.046911282816363
0.7434133087844105 1.9542552040176053 0.006061080347108163 -0.029381342805016572 4.915825339177034
1.2055848939905387 2.930766397507903E-4 0.008045577246786331 -0.028901015324136865 4.983898442816013
5.727347423637536 3.069954491035981 0.008607698213937314 -0.02873860698533908 5.003402496621404
3.633892078916753 2.7419968656757354 0.007453199164345962 -0.029059418821039636 4.9634583799837735
1.9265453082106911 4.793542099662706 0.007688194317018498 -0.028998132149222377 4.971553584325976
3.1901556037130647 3.1005079517649405 0.008512208641843407 -0.02876703502340355 5.000081449120929
6.756025481673836 3.696375477342041 0.008053375245132095 -0.028898843353343633 4.9841682704064905
6.326499983146186 4.527732464821249 0.007030370609349923 -0.029164599930312583 4.948934438447465
2.092143230176751 6.384237975454604 0.007337574759383386 -0.029088829413547387 4.959481501708529
4.0379850063576175 3.442881481787903 0.006603251609152235 -0.02926426264552429 4.934314561434239
3.569707268861883 4.798655855678349 0.008969051834885817 -0.02862789040748779 5.016000401609143
3.743603919136932 2.46358085884053 0.006281794628380827 -0.02933494599018116 4.923343295309563
1.000485411766342 4.719644013718962 0.008676929334578086 -0.028717780160080933 5.005812362280407
1.4083851270141536 4.040802817550983 0.00616382519399753 -0.029359960132429357 4.91932355038357
0.8062689335788235 2.1228449099144386 0.006962245189657345 -0.02918093798902107 4.946599199415905
1.9554249837072744 5.14499988056284 0.007812588645380338 -0.028964865935441064 4.975845775603062
4.285412958502809 0.9345116500358017 0.00725982620183114 -0.029108330826744532 4.956809601190464
6.992716935005685 5.94389036466265 0.009501370517677299 -0.028455648969682848 5.034650375285812
5.2498532209485385 1.5085390145637965 0.007010784479834862 -0.029169314372766916 4.948262920720152
1.416517915881838 5.011402465402869 0.0056565439151534565 -0.029461899309717633 4.902075924821753
3.377219137604727 1.0923326892266145 0.009317324022991147 -0.028516442152740445 5.028189462553537
3.908431327212686 0.3873219541132036 0.006272131509400713 -0.029337013589129733 4.923013900519887
1.6054490598575315 1.8256269556575928 0.008743874971598202 -0.028697467666695932 5.008144342345488
6.6232139011133055 1.4199289609504921 0.006819884554824348 -0.029214537043377363 4.941723467084644
0.2806969934820332 0.6418146485337015 0.006773387171173555 -0.029225352456888887 4.940132178181237
1.5656740265072142 2.3362249875182255 0.008275111947657387 -0.028836132234641626 4.991849424163231