300

5.2673690707593215 3.599781730071485 0.005739982824835578 -0.029445756861907837 4.904908794411343
3.1040584599704 0.09484539230347844 0.0071844155899872305 -0.029127035081352656 4.954219746434078
1.6871091785450862 3.2356079132722724 0.006894429090800686 -0.02919703490959178 4.944275855011025
3.012403862252393 2.881015278551206 0.004382836164074342 -0.029678118996305715 4.859008272619294
6.832202941006906 5.76353691230943 0.008712191082500678 -0.02870710237105089 5.00704046208441
5.522214863791027 2.577715155063541 0.007739946514402807 -0.028984361782764576 4.973338681176151
6.545121827110964 3.5870771433359363 0.008031515343449086 -0.02890492624602149 4.983411921787969
6.284191598933041 3.7686693057887264 0.007255261565990846 -0.029109468899467333 4.956652788811693
2.9753437643840983 6.613559854646264 0.007642596768968314 -0.029010182947147283 4.96998148078933
6.975780863387895 4.792081318308152 0.009032803169881018 -0.02860783925594849 5.0182280768394945
6.8148426680676435 3.2327197018439264 0.006633000895685182 -0.02925753405736443 4.935331252159626
0.8513502090553666 6.723821976734416 0.008078511058281047 -0.028891826856071782 4.9850381620852975
2.7635869275398517 0.9773820569661322 0.00743564267471236 -0.029063916081870252 4.9628542684293
5.641142355789958 5.0142590218916725 0.006748800137136634 -0.029231039952574124 4.939290968808794
3.329995015761733 5.603447045808144 0.007050774851672659 -0.02915967376345319 4.949634121107809
3.2613847852304683 5.282207587580244 0.007933916479954105 -0.02893186771173117 4.980036950107308
6.931794299482302 2.79807944884253 0.0059007055042475404 -0.029413970737595812 4.910369991277456
1.5051642447025835 2.595904892120684 0.007934782554210528 -0.028931630196333498 4.980066885188582
0.710432755483393 4.221456703962915 0.008411291297414634 -0.028796704302923918 4.996575170959709
5.6782046765186465 3.4023663051338175 0.008290090074240109 -0.02883182974701719 4.992368885081607
0.15027619427314295 0.636108398860949 0.007526935069930586 -0.029040407167480433 4.965996627379247
0.4696137636124964 0.655188356344191 0.007520131066624713 -0.02904216983527205 4.965762340141116
2.475338658760466 4.969212330116413 0.005910890320092858 -0.029411925738105495 4.91071626107881
2.1610331685521773 0.8210583722024195 0.0068254291274977485 -0.029213242155322394 4.9419132594311215
0.1029201457384441 0.3818837202322901 0.009362744159929796 -0.028501561743099278 5.029782648011743
4.7097296954258665 3.0676500184867113 0.006126260333397555 -0.029367821409281274 4.9180442629836145
3.3849665292038886 5.4254919651993125 0.006169504404842116 -0.029358767266331767 4.919516988187095
4.961986465053435 2.8634264815700963 0.007746837018104638 -0.0289825208740531 4.973576420497418
6.206380866043227 4.477401961191704 0.008719929028642638 -0.02870475287710095 5.007310021256872
6.4072699321529925 4.315258835798566 0.008406299658804448 -0.028798161851867978 4.996401834725736
2.6270761515245655 2.6802776522905347 0.005602609262623524 -0.029472203335522185 4.900245587714655
4.436613471244673 5.719663739373912 0.006763900691052801 -0.02922754946008261 4.939807592755147
6.573925149220756 3.2940568538345643 0.008118483122946506 -0.028880620349681422 4.9864219379237955
0.0992870646218675 4.627821785738191 0.008043482953408732 -0.028901598259927132 4.9838259791938055
2.577904973476786 4.923026447547897 0.00623818409797569 -0.029344250870652042 4.921856890426444
0.06037917145810656 3.2258030204840287 0.008176677864363758 -0.02886419822379315 4.988437520383077
1.6342151029768082 3.400971442388351 0.00576782393028501 -0.029440316015784063 4.905854386535741
3.2586188804273677 2.5321954064314185 0.005945268341488661 -0.029404995907969324 4.911885244987483
6.294201236379888 0.12337310705124765 0.00815184797554228 -0.028871220524661702 4.9875773936938135
6.838517582245404 5.980281752152759 0.009653716203101253 -0.02840432649210293 5.040008988955244
4.66172466367291 1.4767953069404627 0.009385907546815375 -0.028493942154827125 5.030595462498015
2.5988737211372905 5.828299990699447 0.0066253974442405635 -0.029259256803716844 4.935071379692598
0.08867730828768672 2.708934448650467 0.006847711358157591 -0.029208027135624197 4.942676071668849
5.246345965969215 6.428183112125892 0.00610776723880306 -0.02937167307724577 4.917414598253091
1.1545929200510476 3.0515764236248257 0.007883209477469167 -0.02894572521693558 4.978284735236388
1.7614475161372103 0.6225230126895681 0.00782020480227432 -0.028962810582719448 4.976108729593551
0.6639160529513672 2.861534393197798 0.007828627855465592 -0.02896053497262487 4.976399564076647
2.3148926241376397 1.6852438106694976 0.007208702309271042 -0.0291210338246483 4.955053652804969
2.632876827604755 4.541943130351102 0.006548487207095459 -0.02927656597517043 4.932443580535214
6.827031595091932 0.24424467860395957 0.006596150569967441 -0.029265864034029785 4.934071915824097
2.4726762189730276 5.627811994617674 0.0065419000151195825 -0.029278038598788997 4.932218587402871
5.5430710311427625 0.6162711925444754 0.007423362080298989 -0.029067055155704697 4.962431753753587
2.3408655789713784 2.207487397046053 0.00540913129314163 -0.02950832592089148 4.893684870883823
1.4738180652323472 5.338957207930433 0.007498751569805647 -0.029047697411229298 4.965026256659877
0.03562112890261517 6.231811710391404 0.008549196783683315 -0.028756064305705306 5.001367476375146
3.0354400944903963 3.1121594150516083 0.005054928672400546 -0.029571061802325306 4.881694280235799
5.025389793485669 3.0302716971771195 0.007122901517211854 -0.029142139145507163 4.952108371054572
6.689384042927314 6.5234283019156365 0.008553971620975242 -0.028754644311963767 5.001533526747179
5.1858316881078 5.319328500765862 0.008637998122656849 -0.028729514239418958 5.004456991018161
1.4726646296759387 6.218390662704771 0.007849762046945152 -0.02895481368971901 4.977129394459425
6.2971487915552355 1.951512388921881 0.007803784143519055 -0.028967239306522816 4.975541816278376
1.9201095609611285 1.5799707365410105 0.006219905593239718 -0.029348130680014104 4.921234032615528
0.9056115449629678 2.8115724488720417 0.007005679101320117 -0.0291705409673754 4.94808789874
6.974631720481327 3.320690221355551 0.006527662376856643 -0.02928121622975675 4.931732323087381
0.025060990451688893 6.33864796086965 0.009083885839033877 -0.028591659938929738 5.020014199315789
6.55858982978494 0.051210469804532595 0.007133473442800589 -0.029139553130424954 4.952471158237302
1.831202011041691 4.396847975791364 0.006848559159160077 -0.029207828358908925 4.942705098069139
3.4352378523002773 0.2632135726158898 0.007003828065782199 -0.02917098545515666 4.948024443576901
4.861244253047082 5.161039006526058 0.008835537591329682 -0.02866937870746766 5.011340004910822
6.931772836470001 4.890598359686895 0.010005345971528874 -0.028282380592694296 5.052414904791581
2.4989841995364412 2.0545386488474833 0.005514247384569324 -0.029488863589188553 4.897248294195013
3.445329892683552 2.758752247286078 0.005458874188671321 -0.02949916426938665 4.895370856293006
3.9719112659736338 6.175427631981897 0.005397490563015872 -0.029510457394323026 4.893290395453429
5.927049293989 4.296977032847466 0.007485717986604492 -0.02905105895187 4.964577586712416
3.976281832103823 3.9774512159440425 0.005717619642924612 -0.029450107395709826 4.904149380108892
6.428714426244216 4.033564205729766 0.006325100330850122 -0.029325639051940192 4.924819778865633
0.6278612099742951 3.024528572274079 0.00683511754401953 -0.029210976843635963 4.942244916973112
3.356678710671783 5.3832356812802376 0.00690255167955349 -0.02919511569271636 4.944554063250202
2.143688407801231 4.9113889367428865 0.005116857308740469 -0.02956040884835643 4.883788887828556
0.18369426722670326 0.8735796916281197 0.008635725274217484 -0.02873019751042866 5.004377879989966
5.987974620531735 5.417401828821076 0.008513201968683206 -0.02876674107785601 5.000115979336291
6.4301579633325705 6.018912461552977 0.00826073092548814 -0.02884025527932587 4.991350744461153
2.9059594588166133 0.45560174985262486 0.007276819982241115 -0.02910408718627087 4.9573934553063825
6.63033916938022 3.3893752620394606 0.006528657030409786 -0.02928099447387812 4.931766292213243
3.7614586300752944 2.219560653448695 0.00746324397546323 -0.02905684066382152 4.963804059871167
1.8280309563152521 6.6553318618233615 0.00681899878340911 -0.02921474380500135 4.941693147648831
0.7259925742491797 2.3498679686361443 0.005382578168645998 -0.029513180991862186 4.892785093020021
3.6476358007553076 6.081529512174129 0.0076088701855686796 -0.029019047098400114 4.968819081096084
3.0276262169929087 2.0506292457364803 0.00636601941466382 -0.029316783534557866 4.926215324116594
6.621899096729674 4.095482580436967 0.007987227244659459 -0.02891719559262567 4.981880048217071
0.09075633113876015 3.949688981108743 0.008229500943687865 -0.02884918221055565 4.990268051333661
3.4049778759274245 4.994799968168081 0.00797241859711341 -0.02892128181309397 4.981367979162465
1.5678594878009047 1.1787017521594294 0.007728384281936482 -0.02898744687603096 4.972939789625913
6.073691787754795 0.5418721081746127 0.008861937925737822 -0.028661229146712628 5.01226099052497
0.032832282852289306 0.2847949835179619 0.007251362226533451 -0.029110440495801564 4.956518836715509
2.9826998066965036 3.567565874784025 0.007178406743229688 -0.029128516553864437 4.954013453760932
5.509927224950617 2.6101132825206244 0.0064292900142830355 -0.0293029730558563 4.928374001624991
2.534852450272921 5.502861203126606 0.004590231875426641 -0.029646749759962173 4.86600010827972
5.770872032005531 6.162598663542089 0.006747957188094329 -0.02923123455804845 4.939262131441472
2.30704213233716 2.7156070526579357 0.007429786985499885 -0.02906541355890359 4.962652797356819
4.41808100311897 2.597947555125896 0.008014574348477256 -0.02890962811958553 4.9828258757767925
4.141245758513971 3.674518829901791 0.005882260372815896 -0.02941766498052488 4.909742943241068
4.549149461265132 6.961527328519319 0.0056177887163421335 -0.029469313699822378 4.900760656011045
4.176604805014137 6.596662198071454 0.006533904007440808 -0.02927982408453898 4.931945489743132
5.38247333879793 4.072959471488131 0.006357307791231343 -0.029318673872594396 4.925918178882171
5.979048877614873 6.395739271227742 0.00951568024688726 -0.02845086693651003 5.035153295862849
0.2069805374910995 6.314559427409119 0.01040553743717456 -0.02813760456477343 5.066600826793603
6.503818778757184 5.43850631724877 0.007012132468132939 -0.029168990353616215 4.948309133523358
2.664268228317117 4.3560212273034455 0.006761387378141791 -0.029228130982372185 4.939721602381228
6.464409023356002 2.4283932074135444 0.005345549199736492 -0.029519910293786405 4.891530577518742
5.768333374578605 2.980228697570191 0.006149046140676313 -0.029363058961215768 4.918820202523147
3.642176628124331 1.6724913600169469 0.00613039810008732 -0.029366957948252753 4.918185159628777
4.7237916570476335 5.178024707167635 0.008718096172775731 -0.028705309598090614 5.007246169876565
1.9670445187915613 3.112852851020014 0.004717529070312906 -0.02962676019194054 4.870295349080532
4.929713029007508 3.38407050354382 0.007357033210173193 -0.02908391415102872 4.960150490271618
5.784333925367723 5.335684967689989 0.007078021551023052 -0.029153072066649393 4.950568623401592
3.099663403641734 0.19879674875175443 0.006659140010311094 -0.029251595756865537 4.936224757599542
3.9489517252888766 5.223575327395438 0.006513659643698888 -0.02928433434527834 4.931254132999405
4.513317227508518 3.2208774187678033 0.007049094779342278 -0.02916007995173966 4.949576505215323
3.76247387266553 4.823912935963826 0.006853636595016995 -0.029206637352208895 4.942878939797633
1.993362491969736 2.8388963822244397 0.005226551951330326 -0.02954121112446213 4.887500952461624
3.9262146521961414 4.961841868881269 0.007108662580344655 -0.02914561573065163 4.951619797198392
6.587238400576767 2.373883033610929 0.007958573100189185 -0.028925094886775134 4.980889280324277
3.5017203767172496 5.408654830107352 0.008698188542881605 -0.028711348210637606 5.006552725504978
6.245955921599741 2.6560050541962363 0.0072319833878071406 -0.02911526088288548 4.955853191216978
4.025812814669789 6.7059802975064 0.007127867515857886 -0.029140924911134476 4.952278780716946
6.680174199997181 2.8925956412736964 0.007931125860732545 -0.028932632831825372 4.9799404965237395
5.587711813837571 4.633992258187189 0.008006187129580584 -0.028911951986092848 4.98253576890588
6.57783075503033 5.2593791568501915 0.010057700946905463 -0.028263804621151356 5.054266664029384
0.4661762837321871 3.4893786404792673 0.006261580259766061 -0.02933926741843613 4.922654257770219
5.742538468028065 5.180399037455972 0.008757483208811824 -0.02869331782571299 5.008618573072313
6.284821279268755 1.3763414442176043 0.006427243121795018 -0.02930342208434603 4.928304149436256
6.485906043153587 1.7605915541647912 0.0058839167216142435 -0.02941733373392477 4.909799248121976
5.983982922893149 5.516227721368558 0.008260257879269439 -0.02884039077002888 4.9913343422101
5.953960574027668 4.167912222744922 0.007209546642881107 -0.029120824802950238 4.955082646852546
6.869153374410616 6.753170384517822 0.007668285102054897 -0.02900340331053587 4.970867077873212
1.659033395570617 1.3522518728280721 0.006325424404886419 -0.029325569152159132 4.924830829756014
3.067412926771938 5.5969158109268395 0.00758973344115453 -0.02902405806037847 4.968159683440897
6.48492290459255 5.110080611212713 0.009771473669840712 -0.028364031841746504 5.044157683801999
5.64314452409338 1.6679916761148856 0.00708760994134909 -0.029150742448851786 4.950897534651029
6.963053115275798 5.101885977339157 0.0072710737932728505 -0.029105523288420372 4.957196024370056
2.3490093950908304 2.846032625874523 0.004390677165353377 -0.0296769599863201 4.859272479200022
3.4766230356721337 3.52955867242929 0.006558569314828533 -0.029274309019045854 4.932787968475938
6.643867084500296 1.4267337256313795 0.004654335371514418 -0.029636753571359156 4.868162715666327
5.192094711083943 3.595886262130454 0.007258360944622683 -0.029108696233214843 4.9567592634359565
5.261354155764634 3.981042437370402 0.006746275416241962 -0.02923162273990634 4.939204598439165
2.7221429204728844 4.303664564490773 0.004782047853966825 -0.02961641467703968 4.872473448356594
2.9931399442032887 2.0035358286746425 0.005200541331960149 -0.02954580122207848 4.886620535034611
0.1008862539002717 6.253677698347486 0.009199816378186502 -0.028554568436725696 5.024071523251651
6.928480150465101 6.734858260941103 0.007781330808833812 -0.02897327891080838 4.974766768548321
6.664446043747739 3.3654489989133594 0.007582227159016307 -0.029026019901272643 4.967901069417972
3.075116394201228 3.1409913468257034 0.006413525320114655 -0.029306427502652863 4.927836043767106
5.61768919307561 6.5011310055691975 0.008518504128574113 -0.028765171430246435 5.000300299990507
4.680703223485152 0.5651818082893438 0.008353389686508473 -0.028813553768067796 4.9945650570199795
0.7599200432450657 6.3022351446840466 0.01010084298544674 -0.0282484153711912 5.055793485313917
5.381457945874734 2.3303375557122843 0.006557861109239371 -0.02927446767529558 4.932763776490072
2.6739675756118717 2.0814411703504643 0.006602782704356697 -0.02926436844627008 4.934298538343086
3.6141650496531845 0.7812487625534921 0.007400774088137796 -0.02907281449905303 4.9616547313364805
5.08256345672426 3.327056220160707 0.006600988531157441 -0.029264773199386456 4.934237229629231
2.821347756647563 1.3573222589002816 0.006657462443741849 -0.029251977605115293 4.936167408399403
5.942146481183482 3.3224031759604387 0.007229035629269166 -0.029115992922632006 4.955751948041095
6.482598488833629 0.06903559192429796 0.009305359108556184 -0.028520348733155603 5.027769911801343
4.888258890041388 2.791724124827946 0.006982768024546676 -0.029176033841414574 4.947302554418728
6.0202015645983575 3.010933996768862 0.007558936196957585 -0.029032094026616894 4.967098736747014
3.879810950150566 2.359620118772634 0.00721633903357414 -0.029119142345757958 4.955315902157958
4.765311314718938 1.287975038493176 0.008754271832393091 -0.028694297772982158 5.008506654276529
3.0577561125794754 4.302928515450008 0.007356761289531012 -0.02908398293440666 4.960141140762497
2.308422088250737 5.492205454707647 0.006070005926130105 -0.02937950013286042 4.916129132605006
6.5903130979341595 3.4040851526296665 0.00852376906578087 -0.028763611750147737 5.000483336616732
0.04173050822408943 3.173327505944136 0.007461054336775353 -0.02905740298415682 4.96372870351963
4.929137492222033 2.558703833280912 0.005937290319292812 -0.029406607823148044 4.911613937230483
2.5890530416046893 3.166750806605896 0.007088853022440343 -0.029150440182375264 4.950940178077284
2.370983459546349 6.102798493642208 0.00820312972704816 -0.028856691818037954 4.989354064144392
5.376698447516424 2.0369223840040416 0.00576498060246803 -0.029440872926140747 4.905757808057423
3.757751947663092 1.8579319004974904 0.007086062665964932 -0.029151118604506723 4.950844456572359
2.8129980423608307 5.0602488474212315 0.006491531251925673 -0.029289247549318713 4.930498557191858
1.9293624571076071 1.0395377621597772 0.005025532662531134 -0.02957607177192118 4.88070028422373
4.88469001669317 2.5552015356270292 0.008241121579789755 -0.028845864783485404 4.990670880919568
2.6968080929928653 0.36710382303984335 0.0065457964099858695 -0.02927716771409106 4.932351671892053
3.748304189722049 4.837477580355504 0.008838117973239244 -0.028668583339452013 5.011430010966695
5.270903883499139 4.121558668359992 0.0059011981580672996 -0.029413871902543246 4.910386740279209
2.4727273560561005 0.8494296628501572 0.005647167637342153 -0.02946369796335408 4.9017576835763155
6.40336011966643 2.676293822446806 0.006972137701209604 -0.02917857597408365 4.94693821908162
4.323312312730963 1.0545915853457177 0.007382912034418469 -0.029077355620689423 4.961040389087067
2.2587150682901047 4.314104685032173 0.006579158956739789 -0.02926968854330279 4.933491358812084
2.5640918575810447 2.4377891374024454 0.006865320586168355 -0.0292038931180268 4.943279004337415
6.189692559536319 4.14033873216904 0.00798596273339684 -0.028917544833903117 4.9818363197848825
4.983057236097604 3.270434265659027 0.006940960744141871 -0.02918600801665554 4.945869867284328
6.995450326977053 2.517252751825524 0.007558407859783674 -0.029032231581901526 4.967080538406868
5.758285454106605 1.6026693017144074 0.008050063314250306 -0.028899766100032042 4.984053667965031
1.4185920955991107 2.924050296473808 0.007305774925465817 -0.029096832348873218 4.9583884547348145
6.783779562672108 0.5783882938393299 0.0072585089591292555 -0.02910865932485109 4.956764348328774
5.835646313735738 3.351104248656161 0.007932566740811412 -0.0289322378135977 4.979990298072157
3.5010204222194705 3.943950510364456 0.007038315632947026 -0.029162683570806945 4.949206867508826
2.3850482640720263 5.976955627157411 0.006315436301158437 -0.029327721771832363 4.924490248572108
6.211914983691621 2.157497977399415 0.007375307782884796 -0.029079285326632752 4.960778879778192
2.4827087886127757 3.5587119261738396 0.004446223630586458 -0.029668688805318217 4.861144442861836
0.43401403121630866 2.3253325676724557 0.006390546897838432 -0.029311446746050043 4.927052036452145
6.8229375062805575 1.3426322385690297 0.006247990437416032 -0.02934216446504855 4.9221910849514625
5.896819375531821 0.3581178584233798 0.009202882836030359 -0.028553580292255784 5.024178914505234
0.5744129118845237 2.6672651102137066 0.0070948258142458495 -0.02914898706071123 4.951145078607771
3.892073939006117 4.344985132182264 0.009004132952157119 -0.028616875961220475 5.017226054716144
3.1081785597490974 3.714379472166857 0.006587077336113706 -0.029267907546800424 4.933761898767754
0.058655661010130686 4.962867915794453 0.009750528799496512 -0.028371238748602236 5.043419346990532
5.750193156569083 3.903578652597052 0.008246252342383641 -0.028844398456298794 4.990848753658995
5.780902042030132 0.4718276034558333 0.009286903494276424 -0.028526363656940158 5.027122876666008
0.4601491071836235 2.1609569671833966 0.005008990122515479 -0.029578877902187946 4.8801409890277885
1.3471568441456436 1.371498390214873 0.006255899019951424 -0.02934047933235193 4.922460622312963
0.21668432863356288 1.1973485956248069 0.0065011696238501376 -0.029287109681939053 4.930827644635771
2.9466721378013956 0.625823530226898 0.0053401127630730415 -0.02952089422218887 4.891346418895138
2.148206951389772 5.470723450403331 0.0062806509437721494 -0.02933519087584899 4.9233043083676655
2.297019159051412 2.9075340716558977 0.005029197457134022 -0.029575448820553116 4.880824196324771
6.104283252107402 2.190124818035913 0.006739877033493161 -0.02923309866526967 4.938985718315581
4.148755731531072 0.4761575759205521 0.0077037846288809785 -0.02899399424694392 4.972091254263457
1.2727983520277097 1.963959238239656 0.007425774824974929 -0.02906643886424287 4.96251476079506
5.9041079680668105 3.384024308946059 0.00740111219385306 -0.029072728428786995 4.961666360971297
5.320205958873387 1.2052896695719082 0.008750621960391265 -0.028695411049614154 5.008379458231391
2.7015427696061556 3.0180988065627594 0.007229996437799374 -0.029115754352401865 4.955784947515611
6.068595892095621 5.273853736609681 0.008966448031348887 -0.0286287060430806 5.0159094495198975
1.9630047788244036 3.721363692168543 0.005432524189628364 -0.029504028215298034 4.894477684375298
3.210219405626329 0.45456960263667867 0.006805109193374261 -0.029217982286021276 4.9412177431725235
6.454937362475949 4.883101811321018 0.009500366101547917 -0.02845598432556075 5.0346150778933065
6.585620599809261 4.051459984952803 0.006627708202324671 -0.029258733465152557 4.935150355681769
2.494538233763081 2.0672100805865705 0.006684730336167207 -0.029245758330614813 4.937099680051092
3.7434744359875167 0.18397876363382062 0.0075414343343157214 -0.029036645263893757 4.966495938672672
1.542189666593377 6.94645375837783 0.008139964893081606 -0.028874573097093556 4.987165828398832
3.6876376353656655 3.181444117415105 0.007130152119794228 -0.02914036600231016 4.952357179939042
3.6795041819602083 0.2127908799717144 0.006313693929808345 -0.029328096920200962 4.924430838563402
6.460378313235653 2.835173181569393 0.008506173293426934 -0.028768820203515302 4.999871654780668
3.599488940136572 3.8811781842083852 0.006528487956185884 -0.029281032171116095 4.931760518020183
2.5009037017668376 0.6405024400768141 0.005517131235257272 -0.02948832417979951 4.897346089657793
0.1402583433691291 2.9324960574635037 0.0062877356585244615 -0.02933367314688905 4.923545823687108
3.339616590146683 1.219719884200937 0.005605736594356733 -0.029471608663842727 4.90035170001463
3.9953703423108364 0.6044912131279628 0.00759966068168621 -0.02902146029274255 4.968501733635867
6.475627124683111 1.9289740170987917 0.00611904099212673 -0.029369326470599776 4.917798444400485
3.3120232998578123 4.953456045635279 0.007059642370222474 -0.029157528180635606 4.949938234411803
1.7607920012310043 2.4189851637313757 0.007326318695643247 -0.029091666407579132 4.95909456572798
0.5772309317981682 3.0148468250439273 0.006556103884949688 -0.02927486126098205 4.932703751061221
1.2889641212498761 2.1751149661538913 0.00662484382249966 -0.029259382159018466 4.935052458482169
3.3929806629722865 3.0481329879094203 0.005716591329498777 -0.029450307019987063 4.904114463090535
0.5061262363758393 0.6670374207353998 0.00952266473810762 -0.028448529949464906 5.035398799033973
0.8587304388307585 4.697400937517497 0.009805947105245932 -0.028352132219096306 5.045373331289119
4.877610263048422 2.8258082935996436 0.006468335918503044 -0.029294378819927268 4.929706686368965
2.6029140727626316 0.2543648964759412 0.005537200997130423 -0.02948456214898532 4.898026733334835
1.7788993353018205 5.310387713138721 0.006783587161675673 -0.029222986589668567 4.940481204024057
2.013578284108922 2.308495479259897 0.006166468388054585 -0.029359405096478428 4.919413578402264
5.692488561915255 2.6476070192081025 0.005560496093496821 -0.02948017780126515 4.898816869784995
0.610856445781371 3.906747664273829 0.00999214812508854 -0.02828704607848422 5.051948297757447
4.446221339639265 5.4057093389660285 0.00863829182770272 -0.028729425930558453 5.0044672141460165
6.069945764288587 0.3276218658158876 0.00977448938796338 -0.028362992740622265 5.044264007662347
1.7077568760291872 6.166895138354427 0.00682983219292207 -0.029212213066053816 4.942063983645397
1.9229228155559912 1.3541270459392063 0.005406198111371207 -0.029508863447794905 4.893585469953369
1.4516901874424089 1.759576236606353 0.007131898696514371 -0.029139938589205307 4.952417117056113
6.4973356874257275 1.5043844185996713 0.005587452529009384 -0.02947508056369086 4.899731340669582
6.196989612898488 2.5049224362264724 0.005218722445491993 -0.0295425952826917 4.887235921947559
6.436230106052854 6.248508107705433 0.009258542701128544 -0.028535581070855718 5.0261288414662655
6.76519082750408 1.468771002535487 0.0066557517280722 -0.029252366894565368 4.936108926736758
5.452286453977914 1.0730947351434645 0.007226438708307971 -0.029116637573646242 4.955662756777113
5.69275170837573 4.753789730861506 0.009207958544632366 -0.028551943881990446 5.024356680445116
0.6495047656368949 2.01359454142354 0.007322922637147564 -0.029092521445387844 4.958977830971781
5.259024206385323 1.4493350898406645 0.007009743944488006 -0.02916956444365794 4.948227248613733
6.347819762300124 3.42195965675675 0.007427934019455141 -0.02906588715664156 4.962589046295986
5.194145177669219 3.259401323363016 0.007935828796797023 -0.02893134323373056 4.98010304795466
5.929116340915344 2.088017460891396 0.007258496751974921 -0.02910866236881333 4.956763928963747
0.37621826808298103 6.654655939494873 0.010241338349102324 -0.028197783402586912 5.060771502490518
2.3760551679843935 3.503606293454437 0.004981585848170468 -0.029583505580598586 4.879214580361612
5.809483179735439 3.926020983180258 0.007772100268429261 -0.02897575637351822 4.974448194122321
4.381797208887797 4.711659429863904 0.009003128419667394 -0.028617192012127556 5.01719095210942
6.984492297574713 2.5592211958411113 0.005807268693726465 -0.029432560716303034 4.907194384162109
0.5345871105658777 0.6070732707682026 0.007851687769103687 -0.02895429155024359 4.977195902900536
6.349197014672025 2.4497350639335673 0.006170637613376016 -0.02935852910900662 4.91955558698519
0.2352348136156864 5.926972435900454 0.009727800071416154 -0.028379039902198165 5.042618338523068
6.333771721583338 2.938966916958491 0.005981610951679499 -0.029397624571089884 4.9131213329464
5.427325052950758 6.56152185719664 0.006805841342459959 -0.029217811752786396 4.94124280141286
6.024805340593791 1.7560298318872902 0.007161859626459158 -0.02913258942646352 4.953445420729386
6.505093417817845 6.806362904811925 0.007489046936789334 -0.029050200962791397 4.964692178037495
3.971042634627281 2.86155195452741 0.007246689331096877 -0.029111604107959536 4.9563583169172665
1.9432000941140113 2.551395502837602 0.007547198475431693 -0.029035147583100752 4.966694456431965
0.09894453774189281 4.567732556969945 0.007877719810993788 -0.028947219738335424 4.978095086343481
1.494721195958337 2.9086286796104357 0.0072752966039996226 -0.02910446803024978 4.957341113232765
4.965038677341549 3.4798590940129737 0.00710237498039882 -0.029147148567875467 4.951404072313936
4.5814413043904185 4.320784700690426 0.007013574311611188 -0.02916864370133633 4.948358564512506
0.4160122794313621 6.195506279836315 0.010099752761021727 -0.028248805181214906 5.055754891400297
2.368008286922999 3.2579872318339698 0.005761362901013994 -0.029441581097536515 4.9056349292980554
1.7995961582074553 4.5860933913554325 0.0053913967456079214 -0.029511571309089053 4.89308390247038
2.0783400348351804 2.2789606009259726 0.006473085800053635 -0.02929332961998591 4.92986883237763
6.203617641627708 4.501998930611233 0.0066395207543641505 -0.02925605517072265 4.935554101543436
6.670216590387691 3.8377814015950045 0.008496844414131203 -0.028771576859846375 4.999547399833184
6.0879127242743225 1.924515787140438 0.0048289172994876155 -0.02960880878581084 4.874056200873038
0.07834102943537652 4.905099310449179 0.00855314813191243 -0.028754889271801462 5.0015048883976245
2.6786162476448188 0.7628858298216157 0.006005089536915403 -0.029392837557024484 4.913920053797974
5.141815020793963 5.710488030919531 0.008450564791089398 -0.028785203746223512 4.997939262179173
3.6123539679543923 1.3268731291496465 0.00572860646899023 -0.029447972220909256 4.904522459367493
6.552898064898596 4.774695939475467 0.00812593756896246 -0.02887852383044058 4.986680059683748
1.797175744963056 0.9263281681880687 0.006924484573010382 -0.02918992143528552 4.945305382201223
2.309976619223518 0.21708168713175785 0.0053760089102030005 -0.02951437832984828 4.892562510264055
6.878764056623243 1.6239315003792214 0.007401542315670012 -0.029072618928286217 4.961681155682706
4.917855250120312 1.2250828153896896 0.006686591578937739 -0.029245332842292613 4.93716332197442
5.543241966469371 0.43825522185994487 0.0067513562957928 -0.029230449674393633 4.93937841641476
6.85585055767406 2.139679121220644 0.005161836727241306 -0.029552587731048234 4.885310699018071