300

5.6871077692719405 4.723647019861405 0.00923783163840708 -0.02854229259573318 5.025403129014766
4.411359079507335 4.374343329562402 0.009267718765852546 -0.028532602210052004 5.026450423970469
3.101548288734667 2.7342140246025264 0.009089046705310695 -0.02859001976194981 5.020194706999012
4.113475721454591 6.058654349611844 0.008397376451439375 -0.028800765072004793 4.996091995366907
6.10554341135081 5.242441127356178 0.010294513523091756 -0.02817841357001634 5.062657942551239
2.2709205144773152 6.398051473100607 0.008415490831437692 -0.0287954773196415 4.996721007908311
1.6202329262072899 1.1116900578452498 0.007308132170646402 -0.029096240378721838 4.958469469366585
3.1005905344686306 6.858546173789446 0.006421107197485245 -0.0293047672292138 4.9280947614869195
0.696028364131202 1.6574234658312001 0.008458341802445419 -0.028782919482794034 4.998209446818605
1.9876267999876638 1.3122646872992045 0.007758395858182327 -0.028979428802302837 4.973975262841024
6.245296451465774 5.987136139884434 0.008643136635854578 -0.028727968760320462 5.004635854167598
0.4961453140467161 2.6046151655686183 0.008328620911487655 -0.028820722990805254 4.9937055416451415
0.7376970156687694 1.6087765760927815 0.007980579811285141 -0.028919030859897568 4.9816501772952355
2.236869287412952 2.7410803148468137 0.010895375268720666 -0.027951579521625428 5.0840667745336
5.098682477172293 2.780048440865991 0.012078852858070057 -0.027460905185974712 5.126775478113327
4.223939367195585 6.817111028055703 0.008135956845972181 -0.028875702696219852 4.987027022235644
0.8627241671022252 1.908463716316286 0.009070688047373744 -0.028595849669964885 5.019552637288833
0.810403069052869 1.6070380209153268 0.007795638731864192 -0.028969432454956014 4.9752606330017555
4.07801951992577 0.01867352611829561 0.010116116300305298 -0.02824294940332361 5.056334216257394
1.147565706488986 4.091211680211354 0.00902336395477984 -0.02861081793552187 5.0178981419728315
5.6230794424283985 3.390852921245548 0.011305357053510724 -0.02778828713491775 5.098777049827866
4.559532111760745 3.9654532036158994 0.010723890241134234 -0.02801781893895572 5.077938979856531
1.5162304595352687 2.9337442988496565 0.008904506859489734 -0.02864803235109351 5.013746576791844
0.3656083562064648 1.5171057265108048 0.007712894473682847 -0.02899157220362208 4.972405465032948
0.229457391499534 0.24820559177333765 0.008171510880803451 -0.0288656614323128 4.988258514801657
5.733362014295652 0.8977542631105291 0.0076741848827892685 -0.029001842810152056 4.971070500187868
2.3755653319866883 0.7174567674647923 0.007602984842007426 -0.029020589613104095 4.968616276810099
3.2517410467816554 3.314268414917499 0.009967042007672598 -0.02829590206403199 5.051060888508104
5.979824073878325 4.772381668077141 0.010722327520879918 -0.028018417024075093 5.0778832045094875
2.2391806694090013 0.40064975073159836 0.006530170185677433 -0.029280657051133422 4.931817969555937
6.032440856775381 2.9241960725139444 0.01071268905678927 -0.028022103653590095 5.07753922255218
2.5797981873782776 0.9396423214657617 0.00854849476326599 -0.0287562730075094 5.001343063511746
6.4185678085237665 3.1025365981211372 0.011138696434928793 -0.027855510078447755 5.092786800112004
3.4988853311417856 0.9506743701395948 0.01029110526288032 -0.02817965848743233 5.062536992345426
6.7910300999005 2.158598949257709 0.006987942583625694 -0.02917479491698186 4.947479914678233
5.36679564776527 3.494994405804585 0.010666765865412967 -0.028039616722994997 5.075900914601724
3.9942847966294353 0.07542899396986216 0.009654765531168405 -0.028403969837650554 5.040045931730678
3.59034883605177 4.5056938329318434 0.0084733998588744 -0.028778490141625347 4.998732646517283
5.742714192572707 4.086326750310342 0.010304216665340604 -0.028174866794959598 5.063002310868047
0.5619394768269087 2.34631138964868 0.006705890156149714 -0.029240913754765844 4.937823257519422
1.4245976379720224 0.3896126981832334 0.008461041629873102 -0.02878212595583506 4.998303247749539
6.8071005891790195 1.6551370457462486 0.00937162851727298 -0.028498641703320456 5.030094378733181
5.65894243921237 2.6076852367666423 0.011582390940000064 -0.027673962855236406 5.108766964862798
5.829799474066367 0.29516990436654694 0.009006092958108638 -0.028616259183022262 5.017294546716304
5.728461964356098 0.47515974679657286 0.008586662522444768 -0.028744899142728653 5.002670610486739
1.6272914745203912 2.9753346583008327 0.00938491360570704 -0.028494269539916527 5.03056058015731
4.7972728861048815 3.801966990785616 0.011537864285878881 -0.027692556539991763 5.107158532726983
3.849709959040936 5.465553820811979 0.010238168289977798 -0.028198934555512783 5.060659082504535
1.9405522124495507 3.285906743406651 0.010781124268764744 -0.02799584539715584 5.079982552916444
3.5678718532693714 6.725134862224316 0.007545138364590402 -0.029035682996258003 4.966623504774484
5.559988965427764 2.986460103313177 0.012201516546250976 -0.02740662317710016 5.131246737799376
4.576838252340486 3.090119810722257 0.011659109748594274 -0.02764172859772402 5.111540816454919
5.195170802152461 1.6131572589638563 0.009304697856385618 -0.02852056447199762 5.027746726612559
4.134658457628508 5.850928786380755 0.007560247457045503 -0.029031752588988442 4.967143902893046
5.393195027951586 2.5547448001556092 0.010569265285214484 -0.028076513874246565 5.072425960749833
3.8687689314143525 4.375169626703684 0.010500560045016167 -0.02810228173549276 5.069980012765393
5.275645456505262 1.591480773072521 0.00934295764413101 -0.02850805399286268 5.029088501427912
3.4955337813027736 0.5687830727814999 0.007915805927663694 -0.028936828031343797 4.9794110313280235
4.225048201881425 5.932404093781517 0.009104182384031226 -0.028585203569649376 5.020724155857627
6.450226331762532 3.1520139828877434 0.011269146681328036 -0.027802991441114987 5.0974743142913175
2.255942372128845 6.4280789752245475 0.007186451004182391 -0.029126532954755976 4.954289627619487
2.206647812651348 1.145982303255736 0.008573802338182963 -0.028748737597775808 5.002223250229972
5.731592041578466 2.4119059905630293 0.010545400676230297 -0.028085486012845877 5.071576111827223
2.46696487422679 1.8709598330869452 0.0087952709694862 -0.028681757417796303 5.0099357915700775
3.867854501984626 6.221483203524607 0.008595542150062812 -0.0287422451305825 5.002979536166024
6.301687514333262 1.7979658633157152 0.008538918626742262 -0.028759118009526543 5.0010100696377275
3.074317337606012 4.730252175692698 0.009777928280895964 -0.02836180739187217 5.044385255967157
0.011552354408145702 1.048600232463427 0.008137590612635057 -0.02887524231969584 4.987083601973412
6.571493122017207 4.306584576510915 0.00904879666814732 -0.028602784459883027 5.018787186208031
0.49812645661527893 2.4940783030941884 0.007499126616542171 -0.02904760058918927 4.965039168091591
4.830973061358794 4.2370172516415625 0.011334178862483524 -0.027776543872721667 5.099814461653485
3.8182015440689083 6.203418866089356 0.007706366780832298 -0.02899330803891278 4.972180313483245
3.3454665481442394 1.8544083079329674 0.009699917919862534 -0.028388582077094476 5.0416360127415984
5.624023024365873 5.729998639180615 0.009832780754395924 -0.028342837236874877 5.046319928400073
5.695612472834563 2.6311544976660817 0.011173680228180452 -0.02784149547273582 5.0940430180470555
1.3127805960817913 1.508708694725209 0.007655208919643912 -0.029006857402976358 4.970416254793685
6.8146644086020505 1.5678577438583094 0.007735421489151927 -0.028985569761265113 4.973182564888925
5.538202278095437 4.050676260184694 0.011237700116982774 -0.02781571670981651 5.096343523518218
4.621549724762449 0.006277039937174531 0.009168597508235303 -0.028564607816876836 5.022978409908981
3.7104206739875907 4.113101708981405 0.009523409358459136 -0.028448280689546298 5.03542497344843
3.689072962004049 6.830392976395716 0.009215674168561469 -0.02854945445396302 5.024626923350088
3.651563584730505 0.1624841295204162 0.008683976166772725 -0.02871565005245264 5.006057753584154
3.4808415294187087 6.752533960107815 0.0071723748579546245 -0.02913000238408813 4.953806380688582
3.5862686539137423 4.592397377728029 0.0074810002465168415 -0.029052274184848504 4.964415195337512
3.386805513123991 1.825261325804297 0.01068372561400105 -0.02803315906216668 5.0765058337566416
4.937567338867639 0.5402483460037166 0.008168311587177903 -0.028866566921176742 4.988147682647296
5.462150868717277 6.829583420041953 0.009717275030136488 -0.028382645507222998 5.042247488324273
6.34674953330084 3.3418852982220946 0.01143511810650288 -0.02773514149757181 5.103451142186558
4.395977819875374 2.467289061692444 0.00971661733621701 -0.028382870671260985 5.042224316019546
5.0574475576391045 3.364677660095477 0.011335011409576897 -0.027776204138520468 5.099844434863564
4.911796472663307 4.395194085687126 0.010585466239024007 -0.02807040976727064 5.073003052148939
1.966035706346544 2.0988615583373296 0.010249013981572618 -0.028194994456561415 5.061043722895836
4.4569867127623874 5.231344790671015 0.008816617738785615 -0.028675202730724166 5.010680139536167
4.812600336205691 3.01651300761815 0.010226286077846215 -0.028203245789342204 5.060237743759006
1.6990345328220549 3.696198470527126 0.009995719486837694 -0.028285784273031092 5.05207455489262
6.258439717714729 3.4186403118393085 0.01107918988650072 -0.02787923154354976 5.090651452424537
5.877211896692114 6.449793137514751 0.009988437296082113 -0.02828835662215527 5.051817116048648
1.3124292787374106 0.30453517954490356 0.008921520648652488 -0.028642738509361623 5.0143405219738355
5.0233362261200885 3.003959985059023 0.011676501257939662 -0.02763438652066178 5.112170075900315
3.3560394969989233 5.835277329850956 0.00947015372288329 -0.028466053264633643 5.033553542603757
5.964190309042686 0.376398467691355 0.00816173433558378 -0.02886842726293472 4.987919839840394
5.965799314953916 3.373117465310539 0.010355219432428349 -0.02815616150163687 5.0648131335955275
5.500823434378698 0.18896969496241883 0.009264897767025795 -0.02853351834889207 5.026351556243109
4.919094327143462 0.6054162310825998 0.008760766347172504 -0.028692315574213412 5.008732996776038
0.9176599526217978 0.797382812537913 0.007461202756664684 -0.02905736487405455 4.963733811339717
5.232553728258234 3.1355790888975945 0.009864728198314583 -0.028331733755161844 5.047447327866028
1.6813959367480213 2.188070052097802 0.010523307364063362 -0.028093771589472457 5.070789582707014
3.69569224536182 0.09787264963652487 0.008158487143969379 -0.028869345117644878 4.9878073591721215
4.216778636379293 3.7241532906570973 0.010739888098251858 -0.028011690481601213 5.078510030963289
4.1266400442854385 0.6784441234989875 0.008679022585863977 -0.02871714761173301 5.005885253511098
2.6819792809187444 0.884345298247534 0.008757664944845077 -0.028693262357456527 5.008624906819077
5.639602661275275 2.5012915316276065 0.00960400016300658 -0.028421174867851073 5.038259210203799
4.571887365932297 6.372597490376371 0.007883418245737552 -0.028945668359234206 4.9782919476476115
2.4376216968969016 0.41359835317566623 0.008299086099457563 -0.028829241577152012 4.992680916229759
5.247137898173345 2.111339621513888 0.011650145493429156 -0.027645507953046048 5.111216537086088
3.1908505675338272 3.0745384276363725 0.011077459211313666 -0.02787991925063059 5.090589375611607
4.840333219821776 4.735607741590038 0.010069236417170575 -0.028259697060922746 5.054674829474258
2.775575280680485 6.634855887681876 0.0063114698067228275 -0.029328575636720342 4.924355003266666
2.4140513460139776 6.969147701639421 0.007095320544999404 -0.029148866639437446 4.951162051128101
4.425754341389087 1.1919970709519352 0.008512450706954151 -0.028766963394868002 5.0000898638015485
6.478682306738741 0.5167997231470313 0.007624870358432025 -0.029014847096221354 4.969370488947651
5.705438499400813 4.252922253344688 0.010825738711264434 -0.027978623650126728 5.0815766522910835
1.2172296835863348 3.3908045918552694 0.007978094637676491 -0.028919716560718182 4.9815642427369005
2.700118235753815 6.628399882663221 0.007132047884538702 -0.029139902075550065 4.952422236768955
0.47733575902273156 2.301656499265679 0.008248765009348239 -0.028843679997887787 4.99093586583296
6.011469187206435 3.069010498311736 0.009996093921030692 -0.028285651951509498 5.0520877924633085
4.763100519945452 4.658576812152999 0.011704361124873108 -0.027622598188051736 5.113178450306541
2.9124145199271787 5.8269576494080395 0.009284465744730038 -0.028527157163568444 5.027037421833077
4.753478142741387 6.420074316399405 0.00975188717258164 -0.028370771871298064 5.043467225910226
4.686071325547109 6.788283169920785 0.008828298250481465 -0.02867160877942753 5.011087503475913
3.3396564498862276 0.6540672606723015 0.007492395563376661 -0.029049337491961733 4.964807450092065
2.409271216959425 0.48906325344947227 0.006653939344385314 -0.029252779204739524 4.9360469703514775
4.020093271953938 4.912088279463695 0.009647891580188884 -0.028406305427790508 5.039803934982242
3.3115687917858656 1.1340305756500313 0.010294918782987163 -0.028178265511768073 5.062672324516322
6.367576733098282 5.170786186755789 0.010806173943420901 -0.02798618596208728 5.080877471245634
1.173497477538918 6.800968448576256 0.006221870695004847 -0.02934771413678823 4.921300991418848
1.966527889561271 1.3147315847490297 0.008899300563024267 -0.028649650076204347 5.013564848797601
1.9462727548331293 2.816724667676722 0.011556552553871636 -0.02768476283209959 5.107833475735969
3.042190975060022 2.1594354009605765 0.009546923247206773 -0.02844039831844735 5.036251636602457
5.298011216382427 3.531990919471878 0.010258825446647359 -0.02819142600960832 5.061391730976314
5.8634474494717 6.369626347458047 0.008442083724133269 -0.028787692203348363 4.997644642054376
4.041447598520456 6.788636981412513 0.007305301952620273 -0.029096951101121274 4.958372199636161
4.204630502268359 4.395190596865028 0.01062460719456463 -0.028055618367115086 5.074397804298574
2.6222533834310107 1.6775794439495133 0.010844690642724367 -0.027971283218036432 5.082254112962456
3.3404177859172632 3.0174317613922965 0.009671382838832636 -0.028398316041355932 5.040631024634353
4.653744863480398 3.630149202938545 0.011470680262501648 -0.027720452635472154 5.104733687317666
5.792964658510788 1.6147854406289235 0.010390400047799458 -0.028143197878824803 5.066062903084172
4.44792526648804 2.258302135492364 0.010323432102445351 -0.028167831823308672 5.063684402313114
5.20093041370096 4.307725809149439 0.009434192696856343 -0.028477991645454608 5.032290512508049
3.033329738038748 6.487409502717264 0.008312065926745172 -0.028825501904207008 4.993131176738593
4.987732571171841 0.9762055041337652 0.008275438538079893 -0.02883603851090614 4.991860749917691
2.207293616526571 0.6068105711972963 0.007211901391423387 -0.029120241728398912 4.955163508989221
0.26073296815232816 3.2701974551564983 0.009275395614376838 -0.0285301075391734 5.026719491055146
6.358186515564363 4.3498098757827455 0.00947526135079831 -0.02846435353796161 5.033732976694893
1.5984609038435913 1.3977444598667037 0.008030764520644983 -0.028905134858947634 4.98338594628164
6.542959541463728 3.6407156603160145 0.011106737398444708 -0.027868268413412226 5.09163974821262
0.8759739973568286 6.48672017282919 0.00685652330560709 -0.02920595980548605 4.942977778429305
3.371056199891299 5.051719630692533 0.007377649941761297 -0.029078691190231196 4.96085942449503
3.466120896288527 5.964850421271229 0.009776041970203842 -0.02836245764028239 5.0443187478972735
4.460564067328532 1.2779657396033333 0.010459267281396135 -0.02811767643202966 5.0685110413345855
2.3988105444781427 6.658304261407388 0.007067458436027556 -0.029155634639894616 4.950206306503256
3.2135578463488192 5.144876414644122 0.010035542515962769 -0.028271679936118115 5.053482787142801
3.800553770903722 1.9324231105421745 0.009478275068915177 -0.028463350149235435 5.0338388554821565
4.138957493941399 5.554188746147777 0.009638951352217796 -0.028409340309651306 5.039489224913167
2.6106345527527055 3.052635080066914 0.009652101842143957 -0.02840487511024967 5.03995215446677
2.7332616293896046 3.0082483471630783 0.01013634602203421 -0.028235695304376536 5.05705058333626
2.975100509511646 6.829825514365436 0.007089667573487238 -0.02915024208642946 4.950968121182412
3.6861444861345087 4.796880899987926 0.009594156867282353 -0.02842449918654643 5.0379128937676025
4.483614935970077 2.3500813968198346 0.01062370837590897 -0.028055958731500186 5.074365767464037
5.149650901553501 3.3684070014303824 0.012174437824181514 -0.027418662689218425 5.130258919151843
4.694503785494468 2.195594337874765 0.009412747608059087 -0.02848508701877138 5.031537565571647
2.403804960843524 2.089144841564662 0.009416430191584085 -0.028483869864311336 5.031666849438559
4.434954658745556 5.482084735237163 0.01046358707538568 -0.028116069168996966 5.068664678405526
3.8814218887617886 5.312206970734435 0.009271402951926034 -0.028531405280900854 5.026579548658004
2.1100607901449586 6.391972712972858 0.006698524958492229 -0.029242601857229746 4.937571384917665
3.428599840835878 2.6067494736598187 0.010937646527860282 -0.027935065570561773 5.085579524172041
5.219842301412822 6.364740884082563 0.007882308172147945 -0.0289459706674226 4.978253597598861
1.9318001745241706 0.003756418261544322 0.006189832058853909 -0.029354488227240214 4.920209426479903
2.7647449245898397 1.1772790732169645 0.009038330137800182 -0.028606093552250942 5.018421280404804
3.890007141282792 1.6472833614872553 0.009918009231527363 -0.028313125805593028 5.049328558322324
2.233799001892187 0.43119716486715703 0.006720277202445826 -0.029237610612399347 4.938315302972399
4.924276590121776 6.578498486105788 0.0077575123342487375 -0.028979665325603376 4.973944774996215
5.825714269957696 2.743329110192116 0.010684994061663112 -0.028032675610833585 5.076551082263838
3.6730553873388745 6.6686681129829095 0.008406131323630902 -0.02879821098905054 4.996395989386343
1.2657405796927035 2.9781592089770137 0.009819880265959865 -0.02834730942368626 5.045864805632774
1.705639350561332 0.8197316920105678 0.006979838365918581 -0.029176734847916944 4.9472021424351516
0.7756058704970596 2.042988002660972 0.007679513895871612 -0.029000432174764477 4.971254252051695
1.1812554153460466 1.2574261996725584 0.007539903195987836 -0.029037042889990233 4.966443207793121
4.9224942742695745 0.8516531746736341 0.008144263547542661 -0.02887336092782009 4.9873147048746995
0.9807296564966542 0.8164822144413952 0.008241495466288008 -0.028845757963332393 4.990683842472059
2.9132221471413966 0.6018498946875255 0.00933632504048992 -0.02851022684473627 5.02885585310833
3.24886520021507 2.138222968791803 0.011480910232300834 -0.02771621727865926 5.1051027560116875
5.117387298102632 2.5783458129758277 0.009811624615256385 -0.0283501679432291 5.045573588067953
6.563756566583615 2.5926295932990167 0.009331330562933077 -0.028511861916144146 5.028680676167162
0.9617522744212293 0.5483191719069841 0.007820390514383317 -0.02896276043823419 4.976115141687751
4.991209191585912 4.895823981933739 0.009379402523541755 -0.02849608408714044 5.030367176123211
1.854589210211017 0.005497324412820231 0.007221788004234941 -0.029117791434480195 4.95550303325471
4.408480032608033 2.2513815976685922 0.010170879049527503 -0.028223274426612557 5.058273879593751
2.165849714020002 2.7741191054190875 0.010433806755016086 -0.02812713416967645 5.06760569471261
5.179317703080387 2.995430764453513 0.012379710191570364 -0.027326594657452817 5.137758067583729
5.060819860660262 5.560809021734115 0.008785115181012907 -0.028684869727023974 5.009581725491151
2.428968600027278 2.182555444165896 0.008799537723661587 -0.028680448668907826 5.010084556914321
4.547955310139601 1.8957603981399562 0.010704283231352241 -0.028025315707463336 5.077239268496496
1.9679005621373806 3.097435707985649 0.010928792518549928 -0.02793853063578124 5.08526259417872
4.589915966842892 6.830252359914307 0.00812654134421978 -0.028878353931287123 4.9867009671593845
2.7941452335755765 1.9108473045861585 0.010809389449338853 -0.027984944161683113 5.080992369976723
5.359350414971357 6.963001244110369 0.008212889750749776 -0.028853915539178203 4.989692304341662
3.7883961585521035 1.944190971330593 0.009975584103830227 -0.02829289171837 5.051362789132655
5.3666559265858655 4.4019539755937265 0.008668382399099695 -0.028720361184758427 5.005514757406182
5.7491927359401025 6.705212511043908 0.007087861304270953 -0.029150681332199054 4.950906157525242
5.927393553315011 4.967079553948445 0.010439197715464843 -0.028125133796258348 5.067797365577703
2.6961315823165872 6.888335410783286 0.007474006142253064 -0.029054074278585498 4.964174460739144
1.546588982922659 1.5021287643248276 0.010088728030372253 -0.028252744410573304 5.05536464615608
0.6326635591354197 0.13289608686171608 0.0075076101703784775 -0.029045409095580486 4.9653312360640385
2.9512147797954817 0.09407761192591507 0.009136081057742704 -0.028575024460293204 5.021840270033497
3.630293291850537 0.44638731240494034 0.007739849956608588 -0.028984387567260864 4.973335349802081
5.236154342013092 5.1746372887361245 0.009592829065794574 -0.028424947326502588 5.037866180859423
1.053150076798942 2.3382053176702158 0.007994677231141705 -0.028915136796665245 4.982137689094872
2.4602507138075085 6.548037405812996 0.006889731182966831 -0.029198143848992428 4.944114954473563
3.5876206951764353 3.485681946022289 0.00913069934257068 -0.028576744557692 5.021651939374671
2.840885581704868 1.9047624505493133 0.01190088626614261 -0.027538498617033176 5.120303918114427
4.184110000942858 1.59097907653468 0.01132190542913449 -0.027781548867076056 5.09937263823788
4.334651737789489 6.054762162027842 0.01008736648998286 -0.028253230563897835 5.055316455132396
2.845245762030787 0.8592823793150377 0.00918913957611213 -0.02855800612526599 5.023697637044213
6.543799821657935 1.3482440879902053 0.006326820640275901 -0.029325267954202545 4.924878441536446
0.38129281947484134 1.5491438134459383 0.008843784367823708 -0.028666835857056792 5.0116276687023635
4.76755340812282 5.985417412608881 0.010243844805012193 -0.0281968729402894 5.060860392327633
0.21700596047270365 1.0583174025398892 0.006231718786526337 -0.029345624562541764 4.921636569242407
2.0543319747363094 4.535193341514359 0.011614816571010905 -0.027660369412243403 5.109938954330117
6.034816586480443 2.4388096876097705 0.00994353720818128 -0.02830417050170371 5.050230331334777
3.2900863997756704 6.188495054630944 0.007979877500039012 -0.02891922466257301 4.981625891941546
2.263047156023869 3.640980527217122 0.010721777697726271 -0.02801862742891842 5.07786358094943
2.0825865603421057 6.6722331166987825 0.00832759508704211 -0.028821019414071253 4.993669948534919
4.570922306065224 3.0090453015187357 0.010703091962641326 -0.02802577068412647 5.077196761962281
5.302436112293409 2.8303554975049705 0.011757028793967882 -0.027600222353050166 5.115085910034598
1.6453132459145408 1.4952997084781687 0.008733979159304935 -0.028700480972360498 5.007799528203872
3.2747242758651476 6.367384058780824 0.008564400028900203 -0.02875153999605889 5.001896214967103
4.9524685429699264 2.7877762815963076 0.011671376787026636 -0.027636551230123773 5.111984644962941
3.7739422344605806 6.652838437264567 0.00949545311441648 -0.028457624112914245 5.034442430709126
0.2749691608431377 3.1036784939774433 0.008319596824809233 -0.028823329243385886 4.993392444759863
4.899878592094163 6.666849435687209 0.009957062080413689 -0.028299415448499773 5.0507082117286775
3.2515665615119462 2.217988724262292 0.010193652151059246 -0.028215057253587226 5.059080887866953
3.61467301281851 5.607732582859592 0.008703000123361712 -0.028709890087786228 5.006720314383639
2.8049712012992947 5.878058785586909 0.008048450406101856 -0.02890021532896457 4.983997857976579
1.893486739318781 2.7271558951743606 0.008803332564605712 -0.028679284087245842 5.010216874160453
3.8621449796674296 2.4641388017271333 0.010028009163322584 -0.028274352905421518 5.053216336882119
5.997083829115788 2.1892751545388665 0.00897315479877775 -0.028626604635498983 5.016143725338811
2.1610813881678204 1.3417027433680044 0.0089837399272015 -0.028623284523625264 5.016513512196344
6.107847951803158 3.431380242588589 0.011143430123284235 -0.027853616732616274 5.092956743121884
4.674726615202376 3.9715749718117093 0.011945543659311058 -0.027519156721881818 5.121926122441886
4.85108218653702 6.349009568622377 0.008665559597699832 -0.0287212130116176 5.005416473143013
4.997529220518536 2.6384187131372463 0.01093623136580217 -0.02793561961928972 5.085528865689762
0.6281020741953588 4.420859436198193 0.008280278203170805 -0.028834649172100123 4.992028587870522
4.805098010030989 3.8945022951250943 0.009414765576723102 -0.028484420112323678 5.031608409388447
0.669007279041996 2.0569368257289127 0.008388263410576064 -0.028803420577334052 4.9957755933317225
2.790411108696536 3.4490230667390462 0.010566723654173217 -0.0280774705273879 5.072335437127454
1.285036210313857 2.7008700346047507 0.008287041779544159 -0.0288327060565617 4.992263159971689
2.527433463892983 5.143891527802271 0.007424569924997886 -0.029066746660553824 4.962473307708807
1.0460639107866292 0.9945187462408314 0.00904924534935529 -0.028602642510914468 5.0188028728738505
2.8829391953162533 2.3158922343765256 0.011492362930905171 -0.0277114704457262 5.105516004296491
3.0256691892996974 2.080912872610322 0.009618443350646304 -0.028416290178529775 5.038767437913006
5.89818980113037 0.7588825725457014 0.008571145077987199 -0.02874952994488946 5.002130821003582
2.9736884731668662 6.071261971272138 0.006988851281885391 -0.029174577250745022 4.947511061483275
5.333150901517017 2.182028202356282 0.009487530748474894 -0.02846026634268807 5.0341640519488795
5.4512954225977905 6.308191826654973 0.0097264137387911 -0.028379515073056756 5.04256948834972
2.926054917507923 2.8871432759450384 0.009938712231606096 -0.028305865102083057 5.050059867687757
4.063121043378585 6.805115670041312 0.009686876710097774 -0.028393034702253392 5.041176666556154
5.2669618907915 4.914364133403498 0.011110464245446585 -0.027866782811272868 5.091773482619045
3.394814810266587 5.408208864640394 0.009003146429482385 -0.028617186346132955 5.017191581444988
4.923019667666374 1.5840720235558714 0.009823297614858301 -0.028346125378434336 5.045985360998883
0.9939698418922635 0.6073856373540435 0.0075627579591833255 -0.02903109870554005 4.967230378223839
5.711744993894683 4.259413982777244 0.010514505823129575 -0.02809706688064386 5.0704763095435785
0.6289739741012811 6.869008735701729 0.006787673917445715 -0.02922203762215132 4.940621053594436
0.6857320398128017 3.2320635319690076 0.009347409250726614 -0.028506594680870433 5.029244658018898
6.085775690935449 0.9651611471051329 0.009492129122897486 -0.028458733013158568 5.034325628029437
2.0360966487868284 2.1090839509763994 0.00947730686852477 -0.028463672540974278 5.033804839988475
6.509502536599598 2.202258791559573 0.008136538252576863 -0.028875538874008108 4.9870471570964305
3.919217895251683 3.4963406073281798 0.011013470282162994 -0.027905258865380776 5.088295257236535
0.7704727921262747 0.8571630783580684 0.006739136627953384 -0.02923326936060654 4.938960390744715
0.1883038286953141 4.006977107654649 0.007687248715981063 -0.02899838283730056 4.971520975434302
6.188188789550211 3.229832083608263 0.01097116008982193 -0.02792192053357896 5.0867795014811525
5.219068326088412 2.026078225740596 0.011667902230793697 -0.02763801833584744 5.111858925079253
6.282187114606929 3.337369687735957 0.011388499000214337 -0.027754316610612426 5.101770855627295
4.694511382786262 6.436151536310736 0.008386152167648125 -0.02880403533918556 4.995702295773502
6.648816081818849 3.71718078431268 0.0075326731058170835 -0.029038919330458907 4.966194220437356
3.4099986681066565 1.864283336956035 0.010546526651771587 -0.02808506321131344 5.071616203140436
4.568884715995172 6.010807598156022 0.008246366719739667 -0.02884436575699958 4.990852718984223
4.5803357069200645 6.9621283377730006 0.00911224680851292 -0.02858263385520561 5.0210062873774275
2.981088964825821 2.1090784175586097 0.010121542860752893 -0.02824100511876201 5.056526361459578
4.0970937579328615 6.39485778243789 0.0076057695636613555 -0.029019859912557858 4.9687122347730215
6.878770996478292 4.234612025080056 0.010210362976732648 -0.028209014301874624 5.05967321751365
6.651894446626045 3.754820322623338 0.009664460449628185 -0.028400672601499644 5.040387274196693
4.10447667434421 6.3791039079456935 0.008772585676632708 -0.028688704058324743 5.009144956318365
6.600669016626794 4.868079652207977 0.0075760826387400925 -0.02902762428878707 4.967689385195939
6.21049619952665 4.370641818107338 0.010359014289970301 -0.02815476554582174 5.0649479158743915
2.1690432604911 1.4861817370333155 0.008063456033511473 -0.028896032198134528 4.984517117538038
1.4058714266008245 0.9709382025897003 0.007748751638033718 -0.028982009040990755 4.973642482274549
2.0190316689236543 6.566301171316488 0.006193349684594172 -0.02935374626320016 4.920329260631503
1.95215617560063 2.702985003348328 0.010505944665774038 -0.02810026915671261 5.070171627582013
2.9280703448685816 5.278262915217099 0.008674830852108864 -0.02871841412208028 5.005739290500687