300

6.50675218374108 5.81111351379761 0.009433353626385312 -0.028478269599109478 5.032261048830039
4.19321351449906 2.2701314471238474 0.005880259657081856 -0.029418064966365405 4.909674933012077
2.8637759877636695 5.429826230343448 0.007960631950745391 -0.028924528327092417 4.980960459718055
4.191675061180902 5.076173288461986 0.0068523770137763895 -0.029206932897191874 4.94283581347493
1.0799624256460643 0.976367812599039 0.00835097707594075 -0.0288142531028849 4.994481326241479
6.7391465853455434 4.782667481398268 0.008430536441820628 -0.028791075966402062 4.997243546910285
0.7650070872820366 5.792121374284184 0.006569274888192079 -0.029271908503604078 4.93315368205052
0.5196337160238644 5.9780434562791305 0.00662962280933802 -0.029258299701211365 4.935215793278621
4.1101983835105615 1.7987418192115443 0.008913231614765734 -0.02864531902740028 5.014051141108597
1.2986278731786443 0.02528136402733155 0.0076035751768432835 -0.029020434947293474 4.968636618795455
1.0140014522007346 5.4325807764910765 0.006668018362657832 -0.029249573178343268 4.936528284945753
1.998173639946702 1.9123314413761048 0.008482427900593073 -0.028775830429567797 4.999046368981731
3.8461528966411103 3.150442739572192 0.006611049156902664 -0.029262502098163386 4.934581022351341
6.939411259102599 0.24092976594784898 0.008431717889247247 -0.028790729991373054 4.997284582352185
4.574554038765095 0.8157420003990222 0.0074711068586549665 -0.02905481994964964 4.964074672793281
4.495171453994915 0.49115258079457896 0.008276629838820182 -0.02883569660180158 4.991902063075264
1.1384132238847942 5.0001914935701715 0.008535951987913537 -0.028759998672810035 5.000906916495008
2.682783084093468 4.7909586123059835 0.006252418317347614 -0.029341221262668943 4.9223419923971825
1.9881429374244617 6.442531947453825 0.006925898072913175 -0.029189586086198916 4.945353806724229
6.914815330186084 5.612136097161515 0.0066083868686273185 -0.02926310344092974 4.934490043770291
1.349726974076439 2.838262510663815 0.007345954762529777 -0.029086714297542546 4.959769595383427
1.6689967991666161 2.8573420164312524 0.006957745666952908 -0.029182011158143267 4.946445008349097
3.6637882808491073 0.16701766216840835 0.007577907120793341 -0.029027148045728323 4.967752239014128
3.2680959865636243 3.0002833388174337 0.00672944932979151 -0.029235500880227253 4.93862902416959
1.3194120609701498 2.5873606485944602 0.007775369667114337 -0.028974879232530344 4.9745610280419985
5.935566780597179 5.2749613680824385 0.008267610976931662 -0.028838283734198174 4.991589309845386
4.644313520986763 0.6411733262162423 0.00756368901681831 -0.029030856144055792 4.967262449401508
6.201352892427606 5.0741017790874725 0.007679380852698737 -0.02900046740518511 4.971249664427233
0.4788253018994554 6.696276193613573 0.007421559171517862 -0.029067515536482628 4.962369728395557
0.6891635337652731 6.53699270546393 0.006230084333676133 -0.029345971600805505 4.921580872926184
3.822561058086002 4.879935889937284 0.0085342406308459 -0.028760506547257106 5.000847412251762
5.696191554864692 0.9359634845862207 0.008236420401886223 -0.028847207472533495 4.990507908912383
0.7838434446797901 5.496799025167987 0.008155433391639351 -0.02887020793472977 4.987701582380797
1.4240113011823083 6.861651521944612 0.006026839662135623 -0.02938838552365388 4.914660090261582
3.7728654560895114 0.12221029568136603 0.008928568440211684 -0.028640542341381314 5.014586589985966
1.261313456443293 5.426677112699244 0.006525706079097915 -0.02928165227867486 4.931665512911998
2.7845011797261465 5.5893159015811955 0.007529370081940868 -0.029039775931800398 4.966080477390694
4.426473979331954 4.724992241965253 0.006624528657335818 -0.029259453516225085 4.935041687072923
0.5094308497162998 2.3277534307997687 0.008072722716773733 -0.028893444722602482 4.984837822402543
1.052545189898137 1.1843390724101728 0.008042636540548752 -0.02890183380819684 4.983796693290542
5.8475718845035844 3.67482458530885 0.007966835085065174 -0.0289228203798899 4.981174925356832
3.8205231564119995 1.0344550758267965 0.00691398555479944 -0.029192410036652072 4.944945717972917
1.2988162904021234 4.912328227779808 0.006865226586952435 -0.02920391521542619 4.943275785616542
6.477868472583057 1.6371347144001869 0.006664250773462762 -0.02925043181952022 4.936399478488728
2.338515508627946 5.247709335333956 0.0057287600344103 -0.02944794234693051 4.904527674174707
2.8616881031911037 2.800071972136974 0.007922761918242257 -0.028934924288597164 4.979651424620648
1.8410416519694093 5.056277043087707 0.007609181336265251 -0.02901896551208937 4.968829803403159
3.4496790580866294 3.8699990075055677 0.00754329684689809 -0.029036161465999206 4.9665600827251675
3.835746723659708 6.743742691145313 0.008645261069654143 -0.028727329514549774 5.0047098050080745
1.0405475066719847 2.4492127697350954 0.005937967696470241 -0.029406471050360254 4.911636972146878
3.6858355771874614 0.8317029311116844 0.007598131421541358 -0.029021860707077102 4.968449039885124
6.7648953305302575 2.8225052217442212 0.006857133933663312 -0.029205816444944716 4.942998686133039
3.5014331599554187 4.398691682885703 0.00783355338663818 -0.028959203050821156 4.976569645341819
2.679907770569845 0.5418553383834156 0.010098476921687078 -0.028249261297636677 5.055709727400396
1.2368320638918278 1.4337080295242612 0.00763925777912718 -0.02901106238289189 4.969866385368042
4.229523037495644 5.310784183051807 0.007378182122921315 -0.029078556163623467 4.960877725951314
6.26187150647495 5.240520523235484 0.00706344877399885 -0.029156606308298194 4.950068782650385
0.8897050687193259 1.724693752930099 0.007424046479710512 -0.029066880360078165 4.962455299360999
6.488473404154453 0.5477057225796585 0.008926369295612479 -0.02864122782281421 5.014509806583783
2.6071924912584823 1.4032471257149746 0.00901711854940519 -0.02861278688044862 5.017679861234667
0.47193380895539466 4.146275773987731 0.006765612878167817 -0.029227153169317906 4.939866174427365
3.0533331583441736 3.764578630619992 0.006710579936814007 -0.029239837840036483 4.937983644673361
2.071188001566072 5.003016449515792 0.005813599958895353 -0.02943131080189824 4.907409499647421
1.178559420845079 5.522202629553116 0.007566258128012587 -0.029030186667334458 4.967350946302983
1.2210803060960358 1.538793199336841 0.008013524727473909 -0.028909919083978153 4.982789568989417
0.767539930070259 2.255144647553728 0.006023752301232533 -0.029389018496938542 4.9145550376158695
3.024733115335834 6.596418480655171 0.0071689569965859845 -0.029130843715572344 4.953689051072089
4.490289234964325 2.43025425741082 0.007001489531762029 -0.029171546827973086 4.947944277909508
6.1585793842481 0.38742205103257865 0.006987364163500888 -0.029174933454022195 4.947460088703342
1.2849993126053727 0.13194441290154113 0.007076077583477521 -0.029153543970375312 4.950501942545218
3.677179249008408 4.249858592309101 0.005822542786298793 -0.02942954290337721 4.907713362971572
4.636576502829203 4.957485440355312 0.006975055964959326 -0.029177878508995222 4.947038234196421
5.133690397993721 1.3681684375122574 0.006986933692999687 -0.02917503654787129 4.9474453339227935
0.17638417854956007 6.510279536169563 0.006618183197541672 -0.02926088944587599 4.934824823690104
5.176581925994301 6.178014203022278 0.007046498246409185 -0.0291607075096499 4.949487462078411
0.699516498344045 6.252255996108161 0.008369205152674555 -0.02880896397152188 4.995113990540741
1.807610623149258 5.220196729696296 0.006296675392900753 -0.02933175547075964 4.923850593788265
4.616906639090333 0.5994717459816756 0.008599164752349802 -0.028741161520751814 5.0031055760962655
3.337965974797561 0.11079366552337896 0.007373639104969692 -0.02907970849836122 4.960721496463767
1.3855429032284345 3.0760494705613084 0.006527131945706713 -0.02928133447374513 4.931714208058458
0.30175823934538043 0.648559958107489 0.006350191066001325 -0.029320216121735476 4.925675448325853
0.677073324472806 1.2317732313040222 0.009178295500296085 -0.02856149316316016 5.023317939188985
3.994062989787953 2.6308639950961963 0.007224032257269398 -0.029117234723543564 4.955580108966062
0.8395922461239167 5.592140455557513 0.007025690190814469 -0.029165727786953873 4.948773958686471
4.8964921611908165 4.406393861808346 0.0059799464125519525 -0.029397963210110442 4.913064711720558
2.9676552403876784 1.8415453780732207 0.00777942838850144 -0.028973789775384545 4.974701107924762
1.9012204723559578 4.544517339072239 0.006165913008902632 -0.02935952173940586 4.919394661872898
4.805913169101068 1.2731071204834805 0.007736970790846941 -0.02898515625249554 4.973236016063378
4.168039828764938 4.2377377758070205 0.005619860047599485 -0.02946891876274722 4.900830944215151
0.8939849140792342 6.314917631205427 0.006264592790532126 -0.02933862432304577 4.922756938036125
1.3342143605810992 6.161517018985307 0.007511470227521541 -0.029044411080637485 4.965464135671084
4.625357371300676 0.20103984788935464 0.009095338684077983 -0.02858801871802092 5.0204147907552645
2.6858610508489864 3.359836175500436 0.006380301720159694 -0.02931367854704911 4.926702521546267
0.31375806262644806 2.753074758902782 0.0076197225254180405 -0.029016199417491548 4.9691930724332245
1.2358682274822614 2.4863946298608868 0.007069691272028985 -0.029155093299768346 4.950282890558343
4.183684568449507 5.76818837689878 0.006521402676475567 -0.029282611002628457 4.931518549478208
6.7208564921627305 4.813534137220191 0.007701155605644927 -0.028994692658099407 4.97200058060366
3.7238692841784067 0.7005921744713992 0.007823964200869726 -0.028961795251391254 4.976238532758751
0.04957122987535349 1.3835354556837904 0.008161812840519998 -0.028868405067760894 4.987922559246121
3.48473229324547 4.910858506091763 0.006982312632718945 -0.02917614282764213 4.947286946026592
5.651144644512105 4.807648509011486 0.009454626663656561 -0.028471214140792702 5.0330081332594245
5.34350943413738 5.8753993477645166 0.008085692542816042 -0.02888981786206083 4.985286735296844
5.611658175777128 2.130504414694332 0.008724377906793798 -0.028703401020426973 5.007465012415452
5.228661764307126 1.7641549162107595 0.007164154668141617 -0.02913202512512552 4.95352420067838
6.6343673723134495 6.28697999248324 0.008090137886663809 -0.02888857332882271 4.985440610949917
0.2316003610801197 1.6102269401037397 0.00815910216979021 -0.0288691713040559 4.987828663003911
1.3832206503010973 1.5102622714179184 0.00749458891237402 -0.029048771695796713 4.964882955096513
0.8083773001628898 0.6661679445382933 0.008640972149284774 -0.02872861988184056 5.004560510795501
3.8740512105415545 6.558928649626193 0.008313282315709448 -0.028825151120840848 4.993173375357351
0.6507126138187315 4.625306563014064 0.0066550954748286284 -0.029252516203241652 4.936086492601048
6.981553435406999 5.183701238122748 0.007535262157288878 -0.029038247609332938 4.966283379451355
4.761503235994045 3.8563631222480006 0.0068088238993172364 -0.029217116851395285 4.941344882716832
6.019998501370826 0.40464054347426587 0.008660101992528998 -0.02872285907563861 5.005226458579069
3.1211511955019158 5.302355654270529 0.008186958448816943 -0.02886128395198912 4.988793709156458
6.153718809530783 5.590939703652991 0.008398272640071069 -0.02880050375710525 4.996123112342273
0.07345341365778855 0.5601282635891204 0.008286583625913554 -0.028832837734269954 4.992247269940988
4.18590857744145 2.3736522731555714 0.0066601507202419565 -0.02925136564989164 4.9362593100360845
5.21704068164392 0.44192553423208647 0.007736003882151864 -0.028985414330923946 4.97320265745796
5.751178819155476 5.430921490017077 0.009263290045265483 -0.028534040329705947 5.026295211735052
4.980951583129375 0.029180238122482417 0.007101608895100784 -0.02914733523156148 4.951377789027832
3.1708199464364872 5.033358045388373 0.005695330070584276 -0.0294544260746513 4.903392576855788
5.209995465799686 0.1843142546230317 0.008149438004934968 -0.02887190087617581 4.987493921565967
0.7601042390238366 4.567159984005193 0.007815689568956308 -0.028964029356457078 4.975952835251183
4.756036445707633 0.6235920645565363 0.008536141699334436 -0.028759942365882512 5.000913512865501
0.45423498833053594 4.858011601220873 0.006360864499041539 -0.029317902428803343 4.92603949250688
5.080933127961646 1.8747915679586746 0.007226707530977669 -0.02911657085341113 4.955671989401486
0.8632467016170666 5.089206054926989 0.006083908144741081 -0.02937662440932166 4.916602350280945
6.843075823458656 6.848944391042702 0.008680072955263142 -0.028716830143511826 5.0059218300966
0.922942956310283 0.4983168783506301 0.00718650364193312 -0.029126519967282084 4.954291434829516
1.670219785969487 5.6908725592238705 0.006054052700367985 -0.029382791662828214 4.915586157684094
0.025661055258350416 0.40338395589918 0.007352732514174269 -0.029085001711793047 4.9600026210556525
0.46813850458446615 3.572999132744618 0.006213052315437247 -0.02934958229559051 4.921000521719654
0.6887274169019317 3.9622243820177356 0.008243651970350202 -0.028845141743311667 4.990758603104053
0.3010886572191095 0.7481802541401703 0.008166637355590325 -0.028867040622520983 4.988089684137993
0.21497394098791012 6.384230089937625 0.007190287288695197 -0.02912558615214513 4.954421340750823
1.0661378032172082 1.9541197184697174 0.008689578755017796 -0.02871395516226114 5.006252865084795
2.774191271752406 3.533145211937335 0.007583064481473586 -0.02902580116154959 4.9679299168319515
4.302876340695926 0.8068959223083596 0.00786063127750884 -0.028951864809007546 4.977504799532477
0.7924552224808398 0.3393194216165124 0.00877451916320315 -0.02868811275519149 5.0092123524088805
6.8308532663511405 3.8660173707579157 0.0077027753273312995 -0.02899426240235568 4.972056443713601
1.2970033101108103 0.3386270178707979 0.008110776573144018 -0.028882785589006785 4.9861551063673275
3.5190377702036164 5.039119611430689 0.007355996628357922 -0.029084176343908846 4.960114849362441
4.686079370314766 5.732834310024099 0.008993588763466316 -0.02862019149400738 5.0168576155545885
0.8130138559383627 3.6206686511900465 0.005780695920080691 -0.029437791267001714 4.90629162849832
6.427737920610834 5.805318580805555 0.008247369628934848 -0.028844079014656073 4.9908874888310795
6.5072809858846155 6.1932406920023535 0.006851935887798017 -0.029207036388334672 4.942820710033621
3.9366695408194547 6.507992406104461 0.009057851736003686 -0.02859991821541759 5.01910378201058
4.132557634146507 4.190178652769182 0.006092429564548841 -0.029374858331590488 4.916892433844813
1.2848954177011767 1.4513983054266868 0.009037028598582578 -0.028606504751688914 5.0183757820615735
1.1181016541986528 1.9332076904577093 0.009110832487382564 -0.028583084707337912 5.020956805934156
0.8773384645299517 5.569030514741342 0.007504609656503452 -0.02904618449820071 4.965227933204305
4.2740617881084795 5.340831940484379 0.008503353343372584 -0.0287696538372945 4.999773635147749
6.888879352205651 1.7215575190376067 0.00750216653425421 -0.029046815613631663 4.965143822476916
5.804075487550495 2.747604085845999 0.00723798077305621 -0.02911377052751616 4.956059184175562
1.9340370844295 1.4975708679899586 0.008266661784899314 -0.028838555839952967 4.991556395696856
6.605656048784108 4.536963611281405 0.005873634119347327 -0.02941938854279672 4.909449718040614
3.809658525094578 4.266891641363308 0.005989555944585788 -0.02939600686465216 4.91339160007105
4.6982505017796035 2.955094711584682 0.008221975643200808 -0.028851327812123528 4.9900072113361835
6.329658091382618 5.539528021512482 0.00864322824162498 -0.028727941199521698 5.004639042900331
3.9417444389174765 3.5390542043387208 0.007644659938025494 -0.029009639336467937 4.970052600243858
0.18543011937929288 5.534014863062986 0.006810836524304602 -0.029216647751567914 4.941413768403053
0.6919264429455628 2.2725690102725054 0.0063990779646250434 -0.029309585483296246 4.927343094674832
6.153222642430436 5.008526554283571 0.007959311172600868 -0.028924891800276645 4.980914797094597
0.23086356388408372 5.214197973354416 0.007756252623505638 -0.028980002505872248 4.973901306467494
5.042556535640352 4.552474744391598 0.007873933363033445 -0.028948249919373514 4.977964283433433
5.953233626123086 3.4863658817526626 0.0068906782563149405 -0.02919792035690125 4.944147390678328
4.276520875161113 6.508117181636502 0.007127859620311395 -0.02914092684238328 4.952278509773376
3.485313825125532 0.6872205264472474 0.0077117274812747005 -0.02899188264419116 4.9723652124329245
0.7924025116749472 5.604889646074829 0.008111198235727859 -0.02888266717567346 4.9861697054940946
1.2420320422098927 5.373856009090969 0.006723778054314018 -0.02923680571944078 4.938435042581056
6.153750005242748 4.765837834856822 0.008487782685026255 -0.028774251425393648 4.999232460269359
3.7824551946711438 5.365322249872965 0.005836722525012874 -0.02942673393643962 4.908195205833577
3.575314307972969 1.3048442912365525 0.007516246685042604 -0.029043175373391697 4.965628592753979
6.586771844357657 4.240078002915682 0.008385711420254115 -0.028804163656947577 4.9956869942226225
4.855340793952289 4.036777933455917 0.007377858147933288 -0.02907863836476829 4.960866584595867
4.029835930933398 0.26461456510363524 0.007856322599567672 -0.02895303430059658 4.977355980417015
3.034213890328648 3.217927977606335 0.006975122481888969 -0.0291778626078513 4.947040513901156
6.100252357755643 4.759422180965764 0.00809660868390234 -0.028886760424453227 4.985664609559396
3.793364799730761 2.5447818664642434 0.006616638200434439 -0.029261238848082828 4.934772023248564
5.000014423931333 0.051351813991071873 0.008273088868165673 -0.028836712721449945 4.991779267073099
6.503727394929465 6.330891570938836 0.0084211722249466 -0.028793816321526187 4.996918315189969
3.5925308925822237 3.032163962940639 0.0070689363489460305 -0.02915527634742208 4.950256997287988
0.616083611894199 4.88008294006105 0.008239465130194211 -0.028846337971540053 4.9906134572291565
5.427552708721877 3.2332316008025686 0.009141683386038211 -0.02857323266397124 5.0220363329953255
3.455854005169327 6.514323998733859 0.007169564938443825 -0.02913069409735094 4.953709920478584
3.7482509858097335 4.634541379618894 0.007005794815784228 -0.02917051317682174 4.948091865568019
0.4357552033423238 6.352424295131117 0.006647534107377512 -0.029254235424827846 4.935828014145192
6.21488289718425 5.478998868744529 0.008139849857574186 -0.028874605526243113 4.987161844428492
1.2071372105116154 4.720761854425064 0.006325932548269547 -0.02932545954277177 4.924848157444698
6.951365581745267 3.801021427668623 0.008256756646127296 -0.028841393338162994 4.991212943983884
2.604075273109926 5.121280007080793 0.0078896235046498 -0.028943977628426907 4.978506329987756
0.9924029960520083 2.782341876575702 0.007317023536710525 -0.02909400568095126 4.958775065805748
0.05830482369811737 5.557362281121985 0.00805436600010477 -0.028898567236739545 4.9842025541213655
4.71251187947703 6.147893999658336 0.00698034975157432 -0.02917661250634995 4.947219669644092
3.5895541919432987 1.1789940001541952 0.007294217098164551 -0.029099731904690188 4.957991255096054
0.4151035452354107 4.3588878078399915 0.006436333462305119 -0.02930142678372525 4.928614374293509
3.665848358757195 5.755272445669721 0.0085948480477615 -0.02874245269694099 5.002955387050607
1.6264219424216055 4.52409940921394 0.008133425073439435 -0.028876415923288448 4.986939345018196
1.0084551292308548 3.540648376693762 0.007730492221151004 -0.028986884793277178 4.973012509367664
0.09607914934471251 2.5591790892617894 0.008941048190312691 -0.028636648848259217 5.0150223568119685
1.7645350941830777 4.865759106580612 0.008212851337293086 -0.028853926473038694 4.989690973033634
5.114899608114676 6.551591264007999 0.008152737035452927 -0.028870969482003097 4.987608187811961
4.297110960172365 5.9117816046387155 0.00878350150255043 -0.02868536388743734 5.009525470588203
1.413943229303704 0.2054450793411482 0.007332075022362842 -0.029090216153656246 4.959292439239369
6.996817557272753 6.116327991058021 0.00724276965660573 -0.029112579543924842 4.956223676146392
6.993853851055442 2.6760835991804974 0.008661480350763985 -0.02872244345687409 5.005274447123788
1.650983998778853 4.359269325631112 0.008112844041541578 -0.02888220492894584 4.986226688423454
2.494302955846879 3.5598262989612377 0.007598385379434543 -0.02902179421789072 4.968457790467545
1.4139230573263313 3.3988446517495197 0.006504468095584291 -0.02928637729036362 4.930940271419702
4.0388409623094494 2.8019083168818115 0.007307978178674705 -0.02909627905660815 4.958464176865996
3.3339991495424632 0.66828843014115 0.008162107199259541 -0.028868321843636763 4.987932755831736
3.4856569894964933 5.1054209454293 0.00859110601684 -0.028743571410098215 5.0028251978098535
0.30963967603458864 4.391900955135742 0.006502720605005215 -0.02928676535114864 4.930880602755883
5.2009667831084565 2.6432082666984473 0.0078016968712482015 -0.028967801537727298 4.9754697606712845
2.430610881216463 4.154515274197552 0.0058543018415718965 -0.029423241662804047 4.90879263398396
0.11889991905341271 5.5881405885489945 0.006454938694941126 -0.029297333777061552 4.929249378577994
6.516540000406854 3.405277359429851 0.007616394595618014 -0.02901707313572202 4.969078382027188
3.8878262490988718 5.21533670723037 0.007631184219054604 -0.029013187129559755 4.969588103095085
0.38131727894008727 0.5038557165633869 0.006733047288064555 -0.0292346724663829 4.9387520940379535
3.106418572855967 5.908774901266312 0.006102469937464824 -0.029372774139708666 4.917234247545072
4.276869439133563 2.625248054059692 0.008609033585645463 -0.028738206985148333 5.0034489630698955
0.8028472371266446 0.123180099348529 0.008672486373529494 -0.0287191222028276 5.005657654736757
0.8481026393245058 6.268223400984247 0.007498037718094219 -0.02904788168486708 4.965001681581274
3.662337679447593 4.2600913030870355 0.008162472251053543 -0.028868218627944135 4.987945401265321
4.796280291914384 2.3520571465908704 0.007948536226098816 -0.028927854601791588 4.980542301507176
2.674742611828202 2.1326962762473785 0.009085672045210743 -0.02859109238009062 5.020076672915042
4.883634580226327 5.380887784343906 0.007195795304893735 -0.029124225825420135 4.9546104577967025
4.741755420907444 2.382541424191429 0.008463146666151894 -0.028781507057609092 4.998376385464018
0.6615218241563535 5.03568844887092 0.006544996619434744 -0.029277346519990293 4.932324354081922
4.806552617359223 6.083580252162679 0.008623652084689818 -0.02873382370521238 5.003957680042429
3.6050157573788324 2.819358888119276 0.006451812544588971 -0.029298022371646252 4.929142675570976
1.3275675483666263 5.130041006627548 0.007988763818961117 -0.02891677113103843 4.981933185651293
4.41675200785219 3.3921996729399 0.008985405428368997 -0.028622761734113582 5.016571699661712
5.054563026107481 2.772934313156642 0.007091382964338438 -0.029149824830573004 4.951026968142336
0.6608304912687346 4.125977599759281 0.008023404524253283 -0.028907178690425528 4.983131329370464
4.55100257403152 0.1641837291965829 0.008709716448254324 -0.028707853270333678 5.006954260354663
2.9333057384943597 4.612945725203271 0.0071910180523767605 -0.029125405737438086 4.954446430922092
1.7628200747761575 5.211637985638213 0.007125028033641735 -0.02914161930160744 4.952181342204189
2.4692234987164503 4.370892572107719 0.006406144105135909 -0.029308041860626452 4.927584187356226
4.60475531081306 5.25210897288436 0.0056222486662968855 -0.029468463141710033 4.900912000367255
1.7246346665092926 2.876381733648627 0.00783672103148165 -0.028958346007234823 4.97667902997193
2.088959393233983 6.90686582157724 0.006652807765590146 -0.029253036574586635 4.936008287742579
6.107578320678879 5.0340706195574025 0.007262769212304215 -0.02910759666081702 4.956910707901207
3.6927482180606668 2.4303509832925014 0.00780239380313635 -0.028967613828908646 4.9754938195956475
2.9693764292989373 0.5088434201583236 0.008352824787885446 -0.028813717532850325 4.994545451766763
3.188916335906117 4.50349589878576 0.005483887582896727 -0.029494524525378454 4.896218858621305
6.893694084478038 4.848085617390018 0.006593789807130576 -0.02926639601965676 4.93399125046679
1.8513012902938886 6.1189187062575465 0.005761205492660105 -0.029441611900019045 4.905629582836838
5.758807386654952 0.6367064679919022 0.00781983727657617 -0.028962909815277018 4.976096040042325
0.31277350126997094 2.539903969705355 0.008380756278918017 -0.028805605777233297 4.995514969881177
2.9058541186117783 1.3685561834984539 0.008835094279869539 -0.028669515326663904 5.011324542057287
3.0252053824997778 3.532285952484043 0.005641221246047591 -0.02946483705797711 4.9015558665356505
2.6137470431561294 3.951543413086729 0.007329589310187043 -0.02909084255472831 4.959206991767994
0.677880762011016 3.700622778814382 0.008256608190774013 -0.028841435837767222 4.991207796685965
0.39621948158954107 4.705303489120839 0.008266834626396824 -0.02883850629383926 4.9915623891192356
0.6286483591865807 1.4473057532977969 0.00924380610782419 -0.028540358243038088 5.025612455992665
0.9470615061068571 3.666091788332199 0.005840041145445534 -0.029426075501491924 4.908307982792259
6.651686009237873 3.2737191312029448 0.005960737520485582 -0.02940186402614425 4.9124113461483825
6.952716590425395 6.970394647698484 0.00824362718003707 -0.028845148828122797 4.9907577436764825
1.834807119023466 4.2108824273643295 0.00746368845935223 -0.02905672649459557 4.96381935694931
6.471315441294426 3.6532642121639687 0.00789729416809308 -0.02894188564732096 4.978771357162417
0.5568533148310438 5.624360775427098 0.0074338174864902115 -0.029064382972592975 4.962791469818255
6.416164498966864 5.465438935866033 0.0080011589922303 -0.028913343887918812 4.982361861024852
0.12768131329613627 4.288093458896843 0.008704774709141778 -0.02870935208713505 5.006782125919711
1.530742806639396 1.8454783480661214 0.009465617123628074 -0.02846756210968686 5.033394178080152
3.558725272183575 5.699811008440394 0.008532152692178736 -0.02876112602867536 5.000774815610368
0.04631390263175805 6.136172484020126 0.006597238783778476 -0.029265618743327622 4.934109099703925
5.652403080296202 6.931522786714689 0.009094660053787746 -0.028588234616814614 5.020391052568495
1.1904208398478762 4.761629227478711 0.0078910818879548 -0.028943580059101044 4.978556716750057
1.7715476304935238 2.819780129594937 0.00673736940156107 -0.029233676702510557 4.938899938591463
0.5370010039682064 4.646935950310664 0.00796863353960085 -0.028922324932680436 4.981237107049882
1.4084969730980554 1.1224099376224255 0.009309089464203727 -0.0285191313568182 5.027900710877223
0.539017159090264 5.140348196673865 0.00759101991992884 -0.029023721618277067 4.968204008263697
6.696873061264368 1.781032930292392 0.006647980270066193 -0.02925413403826561 4.935843265388485
0.22141015207794795 3.956146442600959 0.007414686074888394 -0.029069269519732623 4.962133282689424
0.687618160832631 2.0032631321320147 0.007818029357748004 -0.028963397883559696 4.976033618703925
5.194661127605753 5.068909070019905 0.007421661195732509 -0.02906748948732515 4.9623732383020105
3.1246130013591453 4.747504751790648 0.005768326832388362 -0.02944021748484118 4.905871468653495
1.4038299373794347 6.795526651485578 0.005978777530999174 -0.029398200952351138 4.913024951250831
2.6854170567031854 5.1069959487330845 0.006397529738193358 -0.0293099234603049 4.927290271767946
6.206340676586891 5.690580612881647 0.008151987834770951 -0.02887118103475759 4.987582237940845
5.7991565554786035 6.526622435568145 0.006763943221148063 -0.029227539617646316 4.939809047892618
1.5765244859072898 1.387665473477952 0.008776169085842778 -0.028687608059521058 5.009269865329529
3.5412565228737125 5.451234747865185 0.005979890709529361 -0.029397974540809512 4.913062816929023
3.0152239959255156 6.791699537526091 0.009263465796121634 -0.028533983273354678 5.0263013710812166
3.2468094638215415 4.471934465164982 0.006947218692365014 -0.0291845190544654 4.946084288791659
0.48551892439724387 6.723553804164257 0.008261524165041502 -0.028840028059459916 4.991378249164923
0.8897871225466021 6.043459462691918 0.008739115291880236 -0.028698917469396384 5.007978489402109
0.2795240075330426 4.122904338281731 0.006978185901427704 -0.029177130111186663 4.947145506443976
1.4318252909133244 0.1468585880931962 0.00866220921399444 -0.02872222365230432 5.005299823308109
3.78508374222657 2.9419240792474395 0.007576623824502903 -0.02902748303628778 4.967708029059941
6.45834005774243 0.9421700273245371 0.00800789998914692 -0.028911477612945012 4.982595013387838
4.727542703369868 3.509811548602073 0.006981362917482834 -0.029176370093183208 4.947254395063883
0.893728600105311 0.013267732028192116 0.007740275477399455 -0.02898427393491113 4.973350030865257
2.8674499408287897 3.0968311582552204 0.005515038994870059 -0.029488715551631992 4.897275138643775
3.4098027406062 2.3951232723390254 0.0070043800859992435 -0.029170852911954034 4.948043367225263
1.0686586666380236 3.8231652289396307 0.006388592922544504 -0.02931187268787196 4.926985374403252
6.109557346078495 3.4237363249242474 0.00772425666018895 -0.028988547032363084 4.972797398906503
6.745933315443565 2.6405720199220197 0.008649857006073614 -0.02872594600312545 5.004869793672541
1.0362752807296969 4.336065629479649 0.006831433010316802 -0.029211838747767213 4.942118783589757