300

5.3782988991374845 0.19281346256667994 -0.022065568221581087 0.020325124822710212 2.39722864911115
3.789243959322625 6.302919599523809 0.017700946827264884 -0.024221405438544254 5.34348691112154
2.4276587334046185 5.05643782294231 0.006208442711691401 -0.029350557730572102 4.920843465748943
3.2726049268987083 0.897520309914938 -0.01924118132249786 0.023016883831543298 2.2670824362326734
5.957904465465469 0.5831642960562685 -0.022344567181171796 -0.020017999837298937 3.872125577097529
1.1166566738128647 0.5761234229960794 0.02653454358413995 0.013997071007227815 0.48540773494151535
0.6527408709732303 3.138577607910772 0.017861522414000342 -0.02410323665100111 5.350132588722298
1.808626150287403 1.35786041654804 0.015160597618945676 0.02588737684348143 1.041005036525031
6.753983081057023 3.8196716756607025 -0.007205518974210532 0.029121821651680584 1.8133516867499369
0.8216604305546724 3.304131989223724 -0.029352494089970076 -0.006199281466288803 3.3497350173506844
5.806169010854959 1.5439390830675987 -0.022495077894053164 0.019848714581566246 2.4186103898237725
0.11625737291947563 4.931953518601514 -0.016592726891145833 0.0249936274741352 2.1568660367843
6.783355268635659 3.788860984424679 -0.022594399591952575 0.019735579724932662 2.423628616936713
1.7300634520202673 5.186600684793161 -0.01742966857500748 -0.024417343290485078 4.092445754341885
4.385435983400192 4.7710742166998354 0.028548102131763477 -0.009219862508432618 5.970800656014604
3.1610218576092057 1.5896934419070412 0.004496479021227537 -0.02966111387678589 4.862838545196577
0.1749305995015453 4.012478242131677 0.009181097410427986 0.028560592611853005 1.259769265475903
6.73255551489201 3.6328849185657552 0.029994324471483595 -5.835233494560434E-4 6.263733302177701
2.9940110553703017 1.8773405111273098 0.022149563321540534 -0.02023355739026299 5.542963201564327
0.7552899744767682 6.417147524160167 0.019090810492895356 0.023141757814054587 0.8810255866272724
5.006440277097759 5.40666616898316 -0.020911098156265233 -0.021511066312459748 3.9411326734171674
3.8343284229776406 6.2360291867247994 -0.027656848169419285 0.011623198756525205 2.743739620820492
1.0885661283562094 5.241817476516367 -0.02417536840403988 0.01776377106722979 2.5078985082837137
6.565134277511885 3.792041156499845 0.020107056607704083 0.022264462144291366 0.8362706397844062
6.226135447829481 2.2972853287538286 -0.027296680611965694 -0.012445530425350947 3.569371709857849
5.1679181786873505 2.896880759780239 0.01693597652121295 0.024762324189641888 0.9709295061692219
1.054311207684271 2.5122477598887176 0.028724481115980083 0.008654720366233885 0.29265011960609955
2.7626974491887 5.664282016409038 -0.019701777730575208 0.022623880176817834 2.2872653048905027
5.829638652367332 0.045112365400421295 0.029956599039130706 0.0016131255402953328 0.053796796431189176
0.9972471717142967 1.929658430265456 0.025769703910124432 0.015359764333625618 0.5375023620103483
5.547720209436807 5.0215406957346715 -0.02061557279882732 -0.0217944524633277 3.9547808539916383
1.232585880774758 2.83496217727377 -0.02715969694866203 0.012741697754100051 2.7029364724742377
6.085397825817928 5.400409036458683 -0.019280486083512505 -0.0229839695523528 4.014394000412635
2.356569061772343 2.7167316349428785 0.020550074094372414 -0.02185622233405864 5.466996069309206
6.001389693536839 4.428986811144711 -0.004396083610104829 -0.02967615960485736 4.565323302611495
4.673185310144134 5.680490877994524 -0.02808950510644399 -0.01053469044989253 3.50039846850714
3.128820688279692 1.7533963739733311 2.451447637794587E-4 -0.02999899838402595 4.720560563452964
2.5787887887301064 6.053430426762567 -0.028015092960379465 0.010731009571391541 2.775788541669476
5.586397005482024 6.381545149113641 0.02040293921190308 0.021993637068829418 0.8229000612246931
6.701941277441567 4.668315160618668 0.019656552717440007 0.02266318457910322 0.8563246076669551
0.26202905794360865 2.4052795918173984 -0.013412665632555255 -0.02683468652004847 4.248880831290923
6.021381246118817 3.8271896247963912 0.010977638001080219 0.027919374346808693 1.196173794200738
4.882675433289636 4.771600902968699 3.6935145595087094E-4 -0.02999772623886662 4.72470100663581
5.2470672218444205 2.4346760475244076 -0.0018902654354056 0.029940389051976445 1.6338469413642882
5.188998278591216 2.5933810788955376 -0.001198544950900388 0.029976048605522894 1.610758460711441
1.2305668719812837 5.350661722252327 -0.02589444269492726 -0.015148525919016945 3.670917691425208
4.229362703414684 5.860194210969437 -0.017017812086379612 0.024706154532680148 2.173971738775201
2.6758122617537112 6.986481308131375 -0.006585137551896565 -0.029268344049887787 4.491082338340254
1.624472807079181 5.565829456181993 0.029875842475453204 0.0027265429360099867 0.09101035053961715
2.2038245706541013 1.6654177100785315 -0.026281698013572972 0.014466248633400245 2.6384189712270283
4.709661254859901 5.1124784285937634 -0.007792913049362661 -0.028970165795263805 4.449611414802462
3.826016048429059 5.048157055831986 0.0025007044644900444 -0.02989559293911528 4.795842631130569
4.237667533647611 3.620704409763808 0.004476752794886609 0.02966409756614003 1.421011781968076
3.1151142638548364 0.5780860885643461 0.025446836572790718 0.015888942961622105 0.5581659911258645
4.558183252645418 4.561761346272488 0.007029850850951446 -0.0291647252175188 4.948916616934971
2.9836060798561546 6.082731215039012 -0.01517245351191315 0.02588042995061779 2.1010456582101926
4.1159172861196325 3.6497316681089162 -0.008986715185988729 0.028622350535305787 1.8750248057033554
2.4301907672423133 2.170861668322098 -0.02667219593147982 -0.013732951765470932 3.617072432984183
3.2701572911752725 0.43547184438854436 0.025764442586950875 -0.015368588034810227 5.745340504217047
6.299464628562089 5.359463191241769 0.029339747362510802 -0.006259331010902064 6.072996692596638
0.7919941156665106 0.5808361896441676 -0.029134894053490554 0.0071524784859432295 2.9008582158398406
1.0891611829292935 3.2995169063949445 0.013838688695505013 -0.02661748852143834 5.191837137237393
4.906827843842562 4.501846448648837 0.018501149263426987 0.02361583104471225 0.9062463042616153
1.8307625549924609 4.238456049837239 -0.0298933532166318 -0.002527337228327283 3.225937196843005
2.962790680735999 0.8669807266033607 0.029879409861199524 -0.002687166974055116 6.193492864429355
5.485217685874294 4.075398829985032 -0.021552959220229387 0.02086791673481397 2.3723417981073442
2.0737305571506117 6.234224037699317 -0.028442702560211773 0.009540056135648392 2.8179714438269112
6.024078062142362 3.1883797331128125 0.021988249735752547 0.02040874502653649 0.7481602749168459
6.5579371981337475 6.535665333265015 -0.020857318548227522 -0.02156321550645367 3.9436297356000907
6.730046833736801 4.584507148253694 -0.019772298140878608 -0.022562274402821367 3.9927986765774954
4.149388606437266 6.45021227692854 -0.029934318436686043 -0.001984081583775738 3.2077770144613993
2.741471384977498 0.6874180239626342 0.028635761197411187 -0.00894389068833244 5.980452668366976
2.607797051436646 4.033829092332094 0.014349014666385607 -0.026345887309101028 5.211107441312496
5.490499068579123 1.186710365532066 0.029971817829737474 -0.001300052299344487 6.239836655694739
5.0729048476474565 4.647626835921907 0.02434839226653472 0.01752586072165793 0.623888292011527
0.37321892716437377 3.545328444780074 -0.015127469876453581 -0.025906749219788062 4.183876898414784
5.979673630525235 3.606451209986331 0.02557107252050719 0.01568822010780579 0.5502973104324678
5.238516547199391 6.386725438715531 -0.029905375184343014 -0.002380868556573614 3.2210384846875875
3.736471369731695 1.8319565231249753 -0.024529666346143765 -0.017271232409612865 3.7550621189988966
2.8901213882415 5.790459924959906 -0.0037532747922549535 -0.02976428948142091 4.5869511257757285
2.7327327034482716 1.6708278624426596 0.012606815930410744 0.02722256769845089 1.137100643296836
2.6367957653507563 1.9839211480339904 -0.026522066689339874 -0.014020698218213253 3.627891030029203
2.084736562041207 1.3289304019210124 0.023743370402320035 -0.018337185223971344 5.625559530804945
2.478309985310791 6.153115249280767 -0.027165694634580146 -0.012728905491861557 3.579777885058075
2.8318345854873 4.076991153400762 0.015507432902188976 0.025681112218595727 1.0275537968258428
4.469158510493686 2.9617921354676886 1.9302720371079028E-4 -0.029999379001883146 4.718823264904873
4.872490383505525 2.052854130433972 0.015814230092086833 -0.02549333494454061 5.267621616017743
6.076308948086831 5.7217068764156185 -0.028361604217743596 -0.009778517586836396 3.4736097073985235
3.5826643291831397 4.625557579680287 0.02074944689698319 0.021667036102551603 0.8070276348451827
4.3669613239057865 5.584610078510437 0.02253283172460882 0.019805844957245883 0.7210781286760015
4.410417791410234 6.698304994943205 -0.029189741347119758 0.006925243684394595 2.9086502457517107
1.3307831343644816 4.347865115670132 -0.017163476418735862 0.024605183950206465 2.179879666369676
3.681418796179794 6.994464903490522 0.009182996266130845 -0.02855998213543256 5.023482527578889
3.9402564300497525 4.970068164443468 0.008502205667565684 -0.0287699930272222 4.999733743494975
1.1918612872729348 5.927869634480736 -0.022049530235118103 0.020342522370901117 2.3964399147368605
6.041007556474978 5.560741310477958 0.02713454343452713 0.012795176927255071 0.44062615640142
5.5844376503132676 1.740566929419146 0.021823983055781586 -0.0205843086738651 5.527010708570654
0.2021241832725515 2.0723044316343855 -0.024185047230634443 -0.01775059127048959 3.774741733422761
4.263780769329088 5.107280505007521 0.029558878532315484 0.005125690188825196 0.1716987229543483
2.24919930736047 0.3175921926852013 0.0044844929674560784 -0.029662928426317535 4.862434457641412
5.447122404536066 2.5195326800890894 -0.02272075789505041 0.01958997602536829 2.4300548639833894
5.618076933595135 5.5441442545471 0.029875357643642738 -0.002731850227307025 6.191997310290691
4.804558845063151 2.56720332277284 0.007168729022111286 0.029130899818020372 1.3295040819795318
4.059868486357098 2.546451715153761 -0.021478289310624007 -0.02094476278903952 3.914415144809437
6.727968893433355 2.960128314160693 -0.027681825004452966 0.011563587869811109 2.74589402244375
4.648384715766326 5.188598797279069 -0.02564170078771659 0.015572513628609045 2.595813992503803
1.0412987505992424 4.500960199936217 6.877389033707582E-4 -0.029992115884025092 4.735315618935319
2.763690402040775 2.034410891272891 0.02996803241092926 -0.0013845697589840262 6.2370165817944025
3.6260636906932215 5.53704192238996 -1.2177148944134692E-4 -0.029999752860721356 4.70832991959049
3.082677442726401 2.8505454024496393 -0.02981916695310263 -0.0032889637004673796 3.251445588440801
1.3622742762825213 2.811794970361148 -0.027525077078598595 0.011931895566807736 2.7325514069709125
4.924659101358873 4.701695606895751 0.023257968753997833 0.01894906038404175 0.6836608046847512
3.668398692651037 1.1013847803036012 -0.029308882531003014 -0.006402296836594385 3.3566565923797955
0.9900096141387367 1.9846423608900603 -0.02748853232550723 0.012015847476959092 2.72949936781575
4.289637534922101 4.04223637897886 0.028297879617856035 0.009961426059221028 0.33847344291164605
2.742324687527685 5.12642832640553 0.007631249731322893 -0.029013169898137365 4.969590361112705
4.229808951056055 6.99123971965833 -0.018940697652106642 0.023264779656198803 2.2540976199662137
1.4706352387234212 1.1130689741894104 -0.0068840580179232395 0.02919948193386086 1.802328006511364
1.032970200769526 1.1960134094332364 -0.013323580773956253 -0.026879028914004004 4.252197852882092
3.395529452435661 3.1325297216640657 -9.158193618641885E-4 -0.02998601798999718 4.68185692484731
5.901889652325731 2.524720125003817 -0.0069004896966116305 -0.029195603126960002 4.4802945245976815
5.800014875945172 6.312133904032659 -0.02697798853412268 -0.013122047654720095 3.5942998100842845
0.963409680757654 5.727903154830084 0.024072701434597197 -0.01790265470930895 5.643734112567649
1.2902369368401043 0.8985323593458303 -0.004413953694752136 -0.02967350691746063 4.5647211059976165
6.785190925746143 4.388303969293495 -0.006979727088632898 -0.02917676146813083 4.4775796322371715
5.69068218179366 5.325240029862737 0.02215288576333072 0.020229919731843207 0.7400578863232445
4.262347967718043 6.721689118160773 -0.029651914912406305 -0.004556746868920466 3.2940744136269777
1.7618270253018256 0.25177170341883204 0.01908006910123377 0.023150614745447783 0.8814896540697008
3.870136876589209 1.114460012915154 -0.02861470979239992 -0.00901101456533792 3.4466702109711926
3.764572930881028 1.4570817430030019 -0.01814996695204278 -0.023886789228352873 4.0626244964855065
2.0764632602798683 2.5304670411274857 0.023410494854344672 0.018760296657427934 0.6755712862981812
1.1341386702587697 1.9994918262337458 -0.02903549878317259 -0.00754584722959476 3.395851591638225
3.1486003762582566 6.540479068914909 -0.027999071778276163 0.010772742434261545 2.7742984594610585
2.3225388709804644 3.0231455423857043 0.02259780435664481 -0.019731681080404802 5.565393806679982
6.562517257050656 0.39401946514852554 -0.003615128316899248 -0.02978138424003077 4.5915911346585805
6.710054734162334 1.2180876007457928 -0.020639736917693503 -0.021771569993190652 3.953671543798708
0.9265085091485679 3.1146808272330033 -0.02968165458962436 -0.004358827918400884 3.2874030396270175
1.437631910843797 5.044550422684459 0.02852208580132305 0.009300033416174703 0.3151942040299467
2.5454430953434257 4.5306350778090465 0.029985342993466627 9.376596206310165E-4 0.031260411787535136
4.543532745400557 5.933101485954022 -0.019585045591386314 0.0227250080128329 2.2821171353970575
5.576457431134409 1.800749154712446 0.025213713844184835 -0.01625634135294783 5.7105152513507615
3.1365791044555595 1.5395441937663084 0.016559670107521733 -0.025015541687719876 5.297136661659619
3.574228769257709 6.274736849503608 -0.027002650706551848 0.01307122239195535 2.690768588828215
1.8147710815696578 3.8192864047686728 -0.02201577789774211 0.02037904618860485 2.3947822020877343
2.9076483503549886 5.387108226987208 0.020100575124973104 0.022270313864993292 0.8365617149066373
3.9278470290803753 5.61535967551216 0.025334585334295712 -0.01606732043432534 5.717994040574637
5.241683752501893 3.975450820274432 -0.0222821975290094 0.02008740085920046 2.407949445641579
3.6703696525448377 4.542103932766957 0.02753127126120787 -0.011917596349171654 5.874663499925856
4.960215787431273 6.543588909255009 -0.013794450537454834 -0.026640441707481356 4.234602102807611
1.8145253622541966 0.9752704705623052 -0.029318606162938275 0.006357620047039444 2.92805280467306
4.088020107920885 2.9629834627333342 -0.017567752326428526 0.024318184105670083 2.1964061943741644
0.987190941890127 2.3627660801856254 -0.02856138805770864 0.009178622566430004 2.830652243467674
0.22639687340426878 5.503476183768779 -0.0025551902748470407 0.02989098530760281 1.6560726540300705
6.4442557415904576 6.559614836213737 -0.017098095412753898 -0.024650661923290497 4.105960390370037
0.7059158559165332 3.2406901516648356 -0.029983380802005813 -9.98436618874373E-4 3.1748800212165706
6.352373300317734 5.9000675604033646 1.911152471596044E-4 0.029999391243195304 1.5644257754660016
6.337933744797512 0.869988879422688 -0.013827281043364774 -0.026623416365068646 4.233369353136808
2.3044826231550313 6.463913552076695 0.028481743530875292 -0.00942285972735684 5.963681704200907
2.382377324776239 0.4031956181345091 -0.0032047122071093407 -0.029828339204012087 4.605361023232007
3.552131714580575 3.493606075137266 -0.009729322877310792 0.02837851786737702 1.901079344955099
1.204260783718479 0.909245894878369 -0.029167201489728276 0.007019569592047117 2.9054175258414054
2.024311318590367 6.5009600819298905 -0.02515755436581055 0.01634311654279215 2.565477177104068
2.9330006029066626 4.333243641906557 -0.029797117689225845 0.0034830701133373894 3.025227882983618
3.4495566435859106 0.40126518696996033 -0.015945500247075212 0.025411434864456676 2.131186430559299
1.9079781555124926 5.4629494723276135 0.02971608914723689 -0.0041175290883574776 6.14549972479542
2.047984701041118 5.272276223072009 -0.023220804054736675 -0.018994584992874278 3.8272123995943446
1.6534532230861 1.3014181129645757 -0.02883550371375543 0.008277301829340085 2.8620562667017615
2.8961732604988395 6.263471040455158 0.00915131224118542 -0.028570150231742388 5.022373339821598
3.5766351976120436 4.376757738130728 0.029951457814713096 0.0017059234371628934 0.0568948045296247
4.260594079265416 5.371398773513036 -0.02998927167157154 8.022372521123709E-4 3.114848223743069
3.7329713891243346 4.279698498038044 0.02925964317802471 0.0066236908966732485 0.22262407464468414
2.0410658278985867 4.431512266427425 -0.006829982500716445 0.02921217792359733 1.8004764754338214
3.7073235104526256 0.33037035424375794 0.010745904579007327 0.02800938297747505 1.2044604827337428
3.129351405186396 6.907494834446728 -0.0012014069728161383 0.029975934035250156 1.6108539378512288
0.7185337849707447 0.7683465209916056 -0.0171237235027092 0.024632866122373264 2.1782649433117705
2.940084784695381 4.909958613955902 0.02615778706502156 0.014689117599808055 0.5116736752294955
4.525589717248354 1.1877391442609986 -0.0026311343487323566 -0.029884396129735005 4.624571672859718
0.6943200865165006 1.323588586175127 -0.02599353228162559 0.014977859644291247 2.618845851245857
1.5622992913124272 3.2560364135944315 0.004141566771063804 0.029712748521145263 1.432301787603277
3.157020544000445 3.9985407309029473 -0.013732174547061755 0.026672596090538864 2.046246966759563
0.8663941260307501 1.9055610923848403 0.015235561112771254 -0.025843329460017574 5.245078489013044
4.1684172557693095 1.242980770905117 0.011608090548586945 -0.027663192762510374 5.109695802149512
5.518117241791198 4.97563183328356 0.029999707305829532 -1.3252005341901334E-4 6.278767957699694
2.6998863645231985 1.431878340806985 -0.026737717189583052 0.013604943200538365 2.6709063034428278
0.764829247336032 5.30841289020816 -0.024454220918450963 0.01737789052996926 2.5237683703925082
0.3193426365154591 2.5856692577626075 -0.029974912233296125 0.0012266362974387435 3.100693375577828
6.8114427788152625 4.1112679894362865 -0.008015206220727574 -0.028909452939120277 4.44193022811632
0.0860829887693765 3.2453078221785354 -0.029406239114085714 0.005939116193948001 2.942305605729887
4.174253958808581 2.963668031548542 -7.355622319914093E-4 0.029990981114376165 1.5953175251759018
6.856361510209154 2.9175635440670606 -0.013222905606813159 -0.026928697839169815 4.255939882354073
1.6597312939018771 2.217325863732736 -0.01332749776730618 -0.02687708695641045 4.252052120874502
2.6500321645748195 4.548705312847005 0.012992372384553856 -0.027040677872810108 5.160295017943861
4.332703873172689 4.418730648544449 0.00427198365041501 -0.029694278164161304 4.85527413385609
5.995394565094455 4.655238773594948 0.00645411463717438 -0.02929751532553932 4.929221251267171
6.909107759747664 2.6047820894047753 0.01589724901803526 -0.025441648406865795 5.270881412996982
4.6221934549579275 0.24395773022524875 0.025308821010671965 0.016107873200698137 0.5667927685824841
0.46691347562867913 1.2680808122636296 0.026393644351062666 0.014260979555052233 0.4953799773730203
3.4703418533786428 4.524503133879629 -0.025328477963917788 0.016076946352816222 2.576021389497586
1.6418494387591842 5.147066219251312 0.003496468416268931 0.029795548469763632 1.4539818933839044
4.430472471294117 5.05469031714982 0.021560710182331837 0.020859908351512288 0.7688793545955817
4.576126014170239 0.781121703721585 0.017840629190802645 0.02411870539801588 0.933919262648689
1.6731055324927868 4.385035897326424 0.0048040482689287465 0.02961285396968355 1.4099689688818269
3.5001620512582976 4.105394143669072 -0.02509908103407719 0.01643277612714378 2.5619091113743924
1.398165990715711 5.127604322719129 -0.029348737785931694 -0.006217040322583172 3.3503400763991937
3.683218725814134 1.5063836215577513 -0.020765145570866027 -0.021651991350006193 3.9478954950072938
2.070963440239811 4.123022689221938 0.027512768370929825 -0.011960249853893663 5.873113704653934
5.006749036553258 2.14958191681084 0.017593746816973885 -0.02429938420907454 5.339068193427721
2.8820154497650425 4.295434843327116 0.016106258143967964 0.025309848845851798 1.004067370901849
5.277901595172353 6.766230884349475 -0.029770322606162986 -0.0037051169920774216 3.2654127000704993
5.4419668614619106 2.1007035371340765 0.0128243135825011 -0.0271207850391112 5.154089193593606
5.891804801108023 0.17482305140906887 0.021372610732621585 -0.021052589163136886 5.50533019604253
1.260300272231295 1.2695856952121627 0.029449576858750763 -0.005720351636091211 6.091332139787807
0.7089649340025915 3.3037979423695187 -0.013040233891430459 0.027017629430740004 2.020473100315222
6.476328133019856 1.842322692912775 0.009907335897448669 -0.02831686238648493 5.0489516084308255
1.7161307170401083 1.4161692293974035 0.02693879783961834 -0.01320231687834276 5.827500630335008
2.528088724497702 2.215764656736484 -0.012783433252767804 -0.027140078007847183 4.272195574097113
4.883491252586028 0.5535016613792201 -0.028260380045124035 -0.01006731939024263 3.4838106674241613
0.4746040228982941 4.659661863643666 0.01286189453039197 -0.02710298266038395 5.155475336367079
1.2095731644455916 0.8164714088232753 0.013182867296012745 0.02694832109530606 1.1158335137971835
2.9886179615300805 5.1537506660205095 -0.007421593609667786 0.029067506743663762 1.820778259570079
2.214446781534205 4.186020381340081 0.029106946569858915 -0.007265374138981298 6.038574085645568
3.3107567811174774 3.539711270012636 -0.015513796821140543 0.02567726831639942 2.1142866807355283
3.4277730325106885 0.9177525298741004 -0.016022324073866927 0.025363066282923764 2.1342125072880425
1.7685962570703058 2.8489392749929707 0.017489051111773287 0.024374845460223567 0.9484190018126124
5.5371517010609255 3.449852198775337 -0.013436958854636678 -0.026822530394032568 4.247975334441899
6.350123819272549 3.52225872926849 -0.02056484813569674 -0.021842321789492303 3.957105711461149
3.868400382788375 0.7525743918148813 -0.02999927653141377 -2.0834488658690256E-4 3.1485375389695176
6.310256396184069 3.1783445171444185 0.028014478097124002 0.010732614636972651 0.36586140543695045
1.3560946881108353 6.300927676789818 0.00993280925337847 0.02830793705546201 1.2333339744420102
5.383993169415585 4.690020184513669 -0.018789190228280895 -0.023387311315443547 4.035582868373664
2.125886551554902 0.5450422871163308 0.029298154742897247 0.006451211410366857 0.21673317732141228
1.6308412757532271 5.910958213821944 -0.020286913152789274 0.02210070484693159 2.313429976514946
0.6416144078621431 0.775732731008429 -0.029810954673010284 -0.0033625855355256425 3.2539148705969456
3.8454110395073218 4.9022100250816365 -0.028996332839147876 0.007694977705058957 2.8821941173926993
4.576861209149703 4.744944506572372 0.003995659904027655 -0.029732721065037854 4.845974598003232
0.8310168338248299 3.629998545836285 -0.0016145976271276187 0.029956519732813987 1.624642263943917
2.0371301762524183 0.9240580117062718 -0.02813344003521913 -0.01041679181824852 3.496204506112113
4.120252924695412 4.815560922441104 0.027129893580608022 0.012805033162974768 0.44098942325365176
3.018942960635683 1.6076060663024603 0.012571423083145955 0.027238930259181345 1.1384003814094321
0.10769016280785272 5.3804434867357 -0.017236281935222378 0.02455423761898395 2.1828416810123388
4.120060182342539 1.4484832998261588 0.02017803454019667 -0.022200155902484787 5.450107222524364
2.6075314376501417 4.457728436181586 0.0034141134572019936 -0.029805097371110065 4.826439856270717
2.661034563505907 0.21349835808149195 -0.024451506782264133 0.017381709239223025 2.5236122042571476
1.5729533384663406 0.3094894424672172 0.02092542003825671 0.021497134604931058 0.7988740128260774
1.5907894559124163 5.058745256538249 0.026377644137381598 0.014290552465235841 0.49650077271211224
2.9634931906883057 4.666548037411035 -0.009291830040345936 0.02852475932416126 1.8857029294420087
5.518333314895401 4.271262058328831 -0.011346941098319175 -0.027771332840021836 4.324503995121635
1.2366108278692791 3.4025216050563705 -0.029168096849933642 0.0070158482133588895 2.9055451116698525
5.895311991693663 5.593524539182052 -0.028389149118780023 -0.009698258210197923 3.4707812225446184
4.083444172744386 6.039967101965356 -9.479296075519296E-4 0.029985020084354226 1.6023992406549035
4.130044234367882 1.2203241920592447 -0.01984849405309624 0.022495272477216253 2.293768787193387
4.13735683980984 4.688413860492619 -0.01782183196722688 -0.024132598395778478 4.0762910546719295
0.7164455027539288 6.545876011836384 0.02974878743590795 -0.0038742284513390707 6.153682682311294
4.161879590116917 6.1156969208139955 -0.013567815788912939 0.026756576289169075 2.0400945884842105
6.757286975282292 4.157477030833188 -0.02999999939255468 6.037111801029195E-6 3.1413914165284007
2.1568609452523217 5.75314469788667 0.001350203267281718 -0.0299696004500731 4.7574109641888045
0.8426809175206038 5.01264705696415 -0.02999466734767573 5.656241705190422E-4 3.1227373973534074
1.5416569275840926 6.637890592445948 -0.01434784040167116 -0.026346526826285334 4.213715089998336
0.01978286413971375 2.892209964843473 0.023400129378808 -0.018773224151835154 5.607061689256252
2.1624691921456862 4.547385571209593 0.01885889155051668 -0.023331142481367056 5.392178978413133
2.1803880320518676 4.2947997606315615 -0.021954226461210098 0.020445340312401316 2.391766779436322
5.366962707538157 2.953989899249829 0.021738942519480393 -0.02067409920975343 5.522888377136432
1.6885397607372215 0.6065320665178406 0.02902683406901686 0.007579109705615969 0.25540468851171866
4.425913589463315 4.355179255796732 0.029999446123855522 1.8229718014778525E-4 0.0060766100681872715
5.222769878109664 1.8767768382995134 0.008378165474841352 0.028806359424199658 1.2877602770901126
2.5836228482636625 5.142311006793073 3.151013125402834E-4 0.029998345140404586 1.5602927565769107
3.0545985876036768 1.4745056636170948 0.027481836271277923 -0.012031154356863397 5.8705351075663454
5.116030570318171 0.19941429570787247 -0.013954726439866377 0.026556837349136553 2.054608904193392
2.5978873253780237 6.984333868221186 0.023113432356622155 -0.019125094632337164 5.591932176255938
4.048892935937391 3.5976785767520796 -0.014843680469431715 0.02607038837688099 2.088388739070142
6.905855456214698 2.558024005719579 -0.005949115820989122 0.02940421774080135 1.770423437544279
5.664633002427299 6.515456181888976 -0.023120540478406025 0.019116500934700065 2.450711270842266
6.265936859538084 1.3006358029507616 -0.020182009552506527 0.02219654230781306 2.308693636858966
0.3785477979760551 5.630595059651878 0.02995366795968235 0.0016666660616629222 0.055584153082932186
5.5134836669042455 3.1110920790979515 0.026290369635858728 0.01445048318949637 0.5025739173492823
1.6263684135593455 4.502141667999384 -0.029971851986252095 -0.0012992646051502691 3.1849150239278043
5.823087601309926 4.360591022485359 0.02992073618987172 0.002179345281523956 0.07270888937723063
3.3176806405772314 5.3740719702453585 0.02782080488987974 -0.011225097562125844 5.89968379576979
6.667499764985065 2.8343723083201757 -0.014059410554986449 0.026501565516896083 2.0585548947860364
0.009924259382090739 6.099723955998193 0.010426895374255118 -0.028129696991868527 5.067359986570736
5.960588904622145 5.447767937210624 0.024250647147567493 -0.017660863878196233 5.65374123419349
4.149035142581597 4.00432982732573 0.023880671784828833 -0.01815801517526847 5.633083848152195
5.976984711297315 5.590429616879899 -0.02479479060412739 -0.016888409010249485 3.739539770191003
3.945247184346793 1.3398074423228032 -8.770201463956019E-4 0.02998717785425658 1.6000344973054923
6.743989440372938 5.982771553544248 -0.012045872403644938 0.027475388223555736 1.9839821446663362
2.684847460136825 4.272802745963009 0.006900937936722834 -0.029195497180104668 4.944498789200116
3.744053234901714 0.8202032188622207 -0.027212160228864437 -0.01262926504902833 3.5761131457421698
3.804236233334271 1.8107863577542254 -0.020930851905601393 -0.021491845860832488 3.940213956662956
2.459638535769548 4.500418452726761 0.014948745628963386 0.026010286505929688 1.049169211926417
3.111067438529081 1.1225332888914925 0.023271078228239057 -0.018932958514061612 5.600216623669959
6.777420463890845 6.35991504603046 -0.019294962810660572 -0.02297181773685368 4.013763971964722
6.659843389348777 5.883540881045816 0.02361377518414393 -0.01850377317069976 5.618524171830443
3.1309621253818047 1.1374738173983083 0.025673138330154832 -0.015520630408612101 5.739428798095208
6.780020938383577 6.930291431315743 -0.02360973613897037 -0.018508926480166173 3.8064720407927934
6.534198200506314 6.54221378245864 0.007741048796598773 0.028984067408296524 1.3098085955716563
1.1434648570635462 3.585660542219686 -0.0293649720898725 -0.0061399034325475355 3.3477125181740717
0.46442494490261005 2.789464149704454 -0.028538694758823823 -0.009248940558933319 3.4549960358649345
0.6399190631334616 0.7514985081331349 -0.028595522712627237 0.00907171873415506 2.834392953249786
1.457624259653277 5.01756717734569 2.7759655632542448E-5 0.029999987156689237 1.569871004808432
1.8015329124168609 6.851926516428809 0.02351099923942682 0.01863418672128385 0.6701959403112618