300

0.12303759419515028 3.493324420676172 0.005124173102428072 -0.029559141564266585 4.884036379346986
4.76206097593992 6.93981439432461 0.00687607214821966 -0.029201363526597142 4.943647175373639
3.4513589854457725 3.104233587311947 0.0060504299396375175 -0.029383537866389368 4.915462863928813
4.797065420992706 2.7550576077029847 0.00830992474423633 -0.028826119245315154 4.993056896693551
1.697821955761929 5.658658850122035 0.008353359813419763 -0.028813562428612393 4.994564020248033
0.3272734516683899 2.457287367594636 0.007114159132844673 -0.029144274563498104 4.951808390879251
1.3810186346426476 3.4739818578757737 0.006511884461284943 -0.029284729139312106 4.9311935145668135
1.1235122266718498 3.6566463847566153 0.00801699366501301 -0.028908957306951442 4.982909562242536
4.6798260960806495 6.4687685558851475 0.0073545020812936035 -0.02908455430527083 4.96006346274811
1.891585433801946 4.700675951668927 0.008294521927177027 -0.028830555076161463 4.992522602377267
1.6149741219474956 3.1106061508208045 0.005484294000372426 -0.029494448957684882 4.896232638060129
2.620545797960523 6.595700358137395 0.0065620508152348525 -0.029273528811851083 4.932906896878119
4.438542033553698 0.8262618994878044 0.006889937474985572 -0.029198095170589286 4.94412201972373
0.5488476668576053 4.920722562136302 0.007034016531425627 -0.02916372080917713 4.949059452232356
5.199270824586998 5.499968811271901 0.008881102941490812 -0.028655296378551787 5.012929733609556
5.12163789110343 5.175873673957503 0.006518062903221267 -0.029283354589077576 4.9314044978027365
1.726335385965017 2.6746443509300852 0.007067105919169354 -0.02915572008932795 4.950194215655434
3.2661745229305716 2.4642089337557582 0.006574389641870932 -0.029270760168414827 4.933328417974995
2.5687748036868774 4.116011940635035 0.007525836603733838 -0.029040691854945535 4.96595880212404
0.5216513982137 3.2915812423467723 0.005874691529350565 -0.029419177409216877 4.909485660792991
1.96455645429882 0.5198692830754101 0.005080651446005964 -0.02956665319044747 4.882564208063966
2.290880587504676 0.5406258326534048 0.006902797207345084 -0.02919505764190694 4.944562473151306
4.284544634758849 4.850291718815327 0.009033311309150006 -0.02860767880817985 5.018245839127984
3.862298515504845 0.6767452333586559 0.007989948212155429 -0.02891644389559467 4.98197414457753
1.926419688438265 0.2668009750940745 0.006532677210021576 -0.029280097822064474 4.9319035908683
6.538493527522803 2.9534819040485965 0.006582414456236462 -0.029268956591008317 4.933602584464329
5.2578676333222765 5.3223337068353445 0.007494945213076225 -0.029048679767813643 4.964895220718953
6.806400395584151 2.7532181846479973 0.005226838983992891 -0.029541160340030858 4.887510668817128
1.0989034201514618 4.378940010138417 0.007938245112511406 -0.028930680333059726 4.98018656787201
1.287101937731441 4.214063149873137 0.007283428158056373 -0.029102434163939473 4.957620514942779
4.413943309823296 2.5550902400876145 0.0064296814570915855 -0.029302887167655212 4.928387360111908
6.2944774783592905 5.613464774466119 0.008306547387875571 -0.02882709264724727 4.9929397356110705
1.3772338525846686 3.172927565957783 0.006766048272200537 -0.029227052379229967 4.939881071354922
2.016828802179575 4.5372078915183 0.006717375103184251 -0.029238277509510035 4.938216044992661
4.387582366946362 4.803453975677809 0.007183611137380956 -0.029127233494221458 4.954192127767639
1.8514784312597925 3.101799026003129 0.006493941663300352 -0.02928871321300497 4.930580854743427
3.3552760795498813 3.2594335321384396 0.007096100654828 -0.029148676736629908 4.951188814171048
5.0348443612201725 2.4045948248851734 0.007200386271668639 -0.029123091139828645 4.954768094817757
1.144798495305648 0.014760900681221236 0.008677573042549975 -0.02871758565916031 5.0058347773190395
1.6718680408178113 5.867119760012521 0.006834441498936698 -0.029211135024124136 4.94222177350701
6.4421102445907765 1.3511497620709152 0.007415671304243653 -0.02906901819992236 4.962167175306281
4.403060293146013 5.7085994606485695 0.006934157695571307 -0.029187625067020256 4.945636780934194
1.8841060126860678 2.586054393689329 0.0065344286299075975 -0.029279707008107916 4.931963407320578
0.11740412276292429 6.325572133655752 0.006831793975351762 -0.029211754330720145 4.942131140413975
2.9146674984871033 2.9192752154970276 0.007417987309305315 -0.029068427275636795 4.962246848743649
3.450284777370603 0.47487208513387297 0.007512009044031745 -0.029044271726493424 4.965482687185223
2.407708037100089 2.725435217131874 0.006554733400396671 -0.029275168147249373 4.932656936924094
4.041559429068931 1.545463948862029 0.008834794212076806 -0.028669607796938106 5.011314075633095
4.448526906060297 4.425031340628964 0.006472055936835725 -0.029293557174752086 4.929833675595143
1.6490372032919938 0.12918284326770083 0.005364783604063291 -0.02951642080065897 4.892182189950939
4.289161200023472 5.5106487199704075 0.008934616854320804 -0.028638656072980915 5.014797780584091
0.3889013723610102 0.5063123021424567 0.0073077564607625 -0.029096334743575245 4.958456556726678
4.081123630036806 2.0710990328392875 0.007057334279827983 -0.02915808692048854 4.949859075840321
3.3034521084280235 5.226058057354284 0.00917755093284712 -0.02856173242075832 5.0232918703722715
1.8600407761280888 6.117517014830065 0.00892879048306359 -0.028640473119513107 5.014594342741399
4.82215259616802 2.9863588781925263 0.008239969156090779 -0.02884619400036463 4.990630930058979
6.882166426059382 2.9234175022852122 0.006751674775510979 -0.02923037611331282 4.9393893119063605
1.5176261685613082 6.409527155979912 0.008671344649326564 -0.028719466951400673 5.00561790013207
0.09034245693426222 5.225862736825174 0.008126746641679077 -0.028878296158567907 4.986708076209475
3.2315752713505472 6.08775769901798 0.00825661418722118 -0.0288414341211282 4.991208004596812
1.0629262766334064 1.8220584993945559 0.006545530506909606 -0.029277227163498863 4.93234258963352
3.6405428973579728 1.4385613633859609 0.006190374760932391 -0.02935437378516549 4.9202279143898995
2.6315808784012127 2.6708127554072387 0.0060940517059995675 -0.029374521848101694 4.916947656264023
1.7750960486548655 3.198719578789686 0.007116426899481837 -0.029143720904927898 4.951886203355656
1.8310548454122288 6.219056966828829 0.007007255647616871 -0.02917016229452523 4.948141944927592
1.3984496034832958 6.940980604633206 0.008032365978748011 -0.028904689875233938 4.98344135063929
3.6467922576881815 4.280149484994455 0.008346058691112896 -0.02881567809933507 4.994310637687343
5.073601416418904 0.1035843321391439 0.007579189910466695 -0.02902681312685014 4.967796432025155
6.742599337056755 5.0613808459107785 0.007061646282604394 -0.02915704291898236 4.950006962084608
1.878733612502965 4.808082817604954 0.006381087789424537 -0.029313507443219023 4.926729337408278
4.231626349890491 1.916110045568705 0.008061832167149575 -0.028896485289887978 4.984460921115662
5.232587601672836 2.634420772076763 0.005975179783925882 -0.029398932404932042 4.912902572935312
5.709155973716879 6.039792997519795 0.008353455360581215 -0.028813534728296994 4.9945673362978145
0.7942054948080454 4.192349417577413 0.006359829501507628 -0.029318126964588874 4.926004190064184
5.7658444873284225 3.853468590713444 0.006356721575244729 -0.02931880097846462 4.925898184297203
1.2881595144716533 3.926735011045677 0.007097517694811676 -0.029148331728794278 4.9512374286718845
2.382726063876378 2.891440265209876 0.005658068895691221 -0.029461606479817277 4.902127686186493
5.235231541880526 5.281648694369048 0.007661535275844279 -0.02900518707433196 4.970634359714216
3.959656888424595 4.7940673302233705 0.006990936262460008 -0.029174077709059144 4.947582527760439
1.9968862256235669 0.7564007283955777 0.007667028456805652 -0.02900373552910956 4.970823750611286
0.9036152830752252 5.326767002058857 0.007429242147642566 -0.029065552826528025 4.962634052171897
1.2820601870192527 5.911044959878807 0.006347922618084398 -0.029320707331761498 4.925598080924994
4.580918837229119 0.3051647426901387 0.00701782136916556 -0.029167622173061746 4.948504170594185
1.4332369700163394 3.268192373850815 0.0071116867222178436 -0.029144877971352536 4.951723558263994
5.4983598884286184 2.084493023953878 0.008280365127956837 -0.028834624210273944 4.992031602466716
3.5768621683185877 6.522089914464639 0.008573938744576267 -0.028748696916630047 5.002227995011872
2.4875566530734274 2.2185691122707594 0.006055204444656812 -0.02938255433302912 4.915625355761436
5.40583716807062 5.950508123624358 0.008586211985034835 -0.028745033723202414 5.002654936876161
4.754090842715696 1.9115617645754615 0.007322976385304407 -0.029092507916305084 4.958979678462706
1.489111653744621 3.9914932899541817 0.007140541288776805 -0.029137821986265095 4.952713717066605
1.9256325809545036 3.837648226799334 0.005857506356476738 -0.029422603883474258 4.908901546172133
5.2526967909470255 4.886099173717627 0.006807385809376113 -0.029217451949858746 4.941295662196502
3.284227505311712 1.0370376794832319 0.008240106270258406 -0.028846154833094273 4.990635683346733
0.9369765646568274 0.436829609209427 0.008278566383315925 -0.028835140690432418 4.991969221611049
1.8433957672428012 0.1659048189393958 0.007271520282280542 -0.029105411743941757 4.9572113647526646
4.7704789140363 3.442321715508497 0.005653776224434125 -0.029462430558323312 4.901981984314547
0.31488305846090825 2.4897944500567704 0.005311005024183535 -0.029526144781076607 4.890360502005042
4.325812270798532 5.37905105084244 0.0068612360170622584 -0.029204853026820177 4.943139142780062
0.6870590334307912 6.071314575600272 0.009399444444724719 -0.028489479534216374 5.031070579549727
4.078670872923141 2.5865904023379414 0.007332184488884309 -0.029090188562829293 4.959296202242463
6.2761118497595705 2.4924847717593224 0.005906397744826959 -0.029412828250270372 4.9105635166998685
5.939858584676131 3.5521550742429775 0.005852509176284511 -0.02942359829017358 4.908731707508102
6.203481286007546 6.806165202047292 0.008100600152258481 -0.02888564136683189 4.985802788628503
5.791169440679625 6.43279938737941 0.008723656638381186 -0.028703620239538215 5.007439884185604
0.2282675696082451 3.963169773986553 0.0063265951189234405 -0.02932531660871224 4.924870751200394
0.846023947488792 6.29143815255874 0.008454467240664579 -0.028784057804217413 4.998074836249922
1.9891951243384818 6.189439566509064 0.007438880662945779 -0.0290630874905343 4.9629656792377395
1.407000545817073 5.343576088248938 0.007866739203153283 -0.02895020577318184 4.977715773874513
4.4838717084820106 4.239744881154907 0.008662355699348015 -0.028722179474022735 5.0053049233821145
1.2411860901920462 2.30078363574193 0.005719980581050473 -0.0294496489308855 4.904229548118808
0.5879268230221018 2.863427382419375 0.007463834134358193 -0.029056689075233424 4.963824370421829
5.372272353335292 1.5370299475539282 0.006994926259841744 -0.029173121304025326 4.947719295161205
6.6222317493123715 5.08352752910729 0.007297208720969306 -0.029098981853023818 4.958094062275421
3.7040680258649368 2.975466280131883 0.006707620381608869 -0.029240516904053274 4.9378824293091395
6.782197821480385 3.276234776488789 0.005087294902554458 -0.02956551082891083 4.8827889066398
0.6678653722196594 5.236234601998734 0.007573430958592629 -0.02902831623631365 4.967598036055037
4.760391141098817 0.04468253155828165 0.007029317802904177 -0.029164853698000516 4.948898339825581
5.815900245847793 5.119518792101497 0.007735084352331457 -0.02898565973136228 4.9731709337117564
6.365939529630004 3.112585587895127 0.004944005220794592 -0.029589809265636636 4.877944392189092
5.585533288506324 4.70825462923731 0.005662269137915188 -0.029460799517491257 4.902270254778041
3.7549374264341435 2.7067871117281097 0.008641244215038174 -0.028728538048708105 5.004569981008201
5.8245505667348265 4.866303737759966 0.007658208820293156 -0.029006065532312098 4.970519676600234
1.3499453388149896 2.2420710002778437 0.006293580825041553 -0.029332419613776653 4.923745092676151
5.371721549399304 5.305503292388643 0.006179588628498139 -0.029356646340863535 4.919860483120957
1.0521742659032807 2.5353918228224726 0.005631961134118357 -0.029466608454041334 4.901241599279093
5.650880878263071 6.545261375229086 0.006345306501901205 -0.02932127359779807 4.9255088576027255
1.4558177884546573 2.764605665218526 0.005800862543860668 -0.029433823974251705 4.906976733634591
0.45197684734323135 4.528911503574512 0.006235606262959243 -0.029344798764573996 4.921769043203468
1.5196056624256882 5.174790308837521 0.006837576457346445 -0.029210401369887774 4.942329095518729
2.2533373710624818 3.3640973333815136 0.00662491738108489 -0.029259365503951026 4.9350549724999215
0.6245575875481925 5.080476624366226 0.007798753480612317 -0.028968594100312103 4.975368153016858
1.0752757342850685 1.2529739502857564 0.0059513676247997084 -0.029403762061928164 4.912092672707425
1.2798152674288656 1.63778037754548 0.006803891172852547 -0.02921826594628742 4.9411760560157205
0.897871062667695 5.424930199664775 0.006163645186772966 -0.029359997922540296 4.919317419342931
0.8020839193460185 4.05862405744126 0.005607384328965965 -0.029471295203761693 4.900407609530473
1.6714719900775024 6.633253494963157 0.007142003098440218 -0.029137463714981614 4.9527638861784515
3.358800499264565 1.206629446996285 0.007800164483188526 -0.028968214201693626 4.9754168613464085
4.91202914155127 5.487259385887151 0.006530674607798545 -0.029280544550384566 4.931835196733909
1.4000297143971268 5.0188409494804365 0.008396538089614429 -0.02880100949810013 4.996062886478121
0.41536138564734687 1.5397417732641452 0.007477823648589172 -0.029053091977973712 4.964305856110027
1.8964905361037177 5.015891165543368 0.008126303832038518 -0.028878420767580005 4.986692742594127
4.097731345501743 2.711169135776336 0.006366383099470789 -0.029316704559530095 4.926227729478062
5.287391067822859 3.411142257211378 0.00770364575177068 -0.028994031146620945 4.972086464408678
1.4113005032984516 1.2981859491843466 0.00592086023313485 -0.029409920334806796 4.911055247819695
0.05010341451566473 3.4889670617958464 0.0072065025638289705 -0.029121578267627023 4.954978115484028
0.1171563086917212 3.873559594767104 0.00690193345591645 -0.029195261851370696 4.944532887718787
4.55475326945728 4.190644751657973 0.008066468984129691 -0.028895191263047106 4.984621387717317
4.713721635878769 1.8629452855668416 0.008806594408094053 -0.028678282635669218 5.010330611324395
1.8933769713399766 6.131060455836916 0.0067363636725632815 -0.02923390847066074 4.9388655356314395
1.730721278510768 6.614025179759554 0.00816952193076372 -0.028866224405397576 4.988189611802558
1.4638213293511868 3.2429921031411197 0.006780891602679169 -0.029223612183861103 4.940388963960438
4.866797139908479 3.016571900103005 0.007116900230046915 -0.029143605321160216 4.951902444641565
0.52250359133848 6.4081461426888655 0.0070965588265165585 -0.02914856519319244 4.951204532639826
6.415956527342718 0.42861457971808864 0.007541326779391345 -0.029036673197982494 4.966492234564582
2.55833913027882 6.181613069704442 0.009608660834943978 -0.028419599521439666 5.03842320064823
0.2053192748961422 2.214786170007037 0.006057711240522875 -0.02938203761699387 4.915710672302616
4.409066834444658 1.9442475959989804 0.008991880418434336 -0.02862072826712446 5.016797925911634
5.3051962088691 0.6347554419335054 0.007495772932017236 -0.02904846619275513 4.964923715025421
6.954774527081175 3.223884224400794 0.005994633694359572 -0.029394971795707662 4.913564339150304
4.541828259522925 1.2170217221789206 0.007183829895541526 -0.02912717954131371 4.9541996382084506
0.7940731661105848 3.2135764890238367 0.0076234108247203725 -0.029015230610793637 4.969320186284997
1.3156373654804647 6.956345673712617 0.0080816911037138 -0.028890937487457087 4.985148231081326
6.7653177576874866 2.689458510879944 0.007191318303325554 -0.029125331604296884 4.954456739837051
0.8283278639881522 2.891066507921633 0.006596824283126855 -0.02926571217957198 4.934094936326976
5.641719321346939 2.2296997262532434 0.006923421299126194 -0.02919017364653396 4.945268956296723
6.557727432360826 1.1658455112364552 0.006075543124110132 -0.02937835556574054 4.916317607759444
4.862557870850928 4.182325725160042 0.008353249793712771 -0.028813594324274043 4.994560201919551
4.093118685380827 5.367145432946768 0.006833456214548278 -0.029211365530626112 4.942188043886437
1.3909046172990531 3.28202079779484 0.00816790696013441 -0.028866681414575313 4.988133665523536
1.8277813584342886 3.047602614728858 0.0074940893908197305 -0.02904890056787697 4.964865759173343
6.7537157662048415 2.444168266213893 0.005262799260140534 -0.02953477516331323 4.888728094200231
4.376787176178402 3.041371615968879 0.006214768474595179 -0.02934921894714028 4.921058995116764
4.168444551425967 5.981540906160308 0.009078665317013247 -0.02859331803169511 5.019831615630654
0.17239737917286294 1.9146977645814642 0.005447658725148945 -0.029501237506489596 4.89499067368239
5.475001968193987 1.7198857920955974 0.006330420968845703 -0.029324490965014185 4.925001215393717
4.643153058055178 4.945585233032205 0.008084122876833098 -0.028890257134755026 4.985232402865373
3.6175319619152857 0.8911214962658442 0.005998292555420232 -0.02939422539240642 4.913688813075139
6.704428490657407 2.4387030955631537 0.007465734331069702 -0.029056200902696953 4.9638897671595075
4.3862738464215365 0.2208718173188102 0.008188677788805653 -0.02886079617874602 4.988853282199713
5.61227197491399 4.732756597504505 0.0055963365218732065 -0.029473395079867334 4.900032756192191
0.11499302512317332 4.011971036785941 0.0050409264439079445 -0.029573451955886204 4.881220788196005
4.18648395854632 0.7085499388504041 0.005763658550916685 -0.029441131773565447 4.9057129029439555
1.2089180444860212 2.5559068185609886 0.005112556299249199 -0.029561153023639104 4.88364339067498
5.999254520164675 0.9040776425047989 0.004835241869647891 -0.029607776614632916 4.874269808938868
4.088976094775203 4.201142108690247 0.008673676135263991 -0.028718762896415853 5.00569908250633
4.339780265833529 2.3099742189382093 0.007401223021845231 -0.029072700214821945 4.961670173067786
1.0436409040688526 4.032102473154791 0.006585222891254152 -0.029268324849100986 4.9336985381863485
6.827307174280444 3.160387506552553 0.00486762818034912 -0.029602469422294334 4.875363751613968
1.7877487212935594 2.3935124081079175 0.005691161293670735 -0.029455231846472096 4.903251045668758
0.5621836453558752 1.4819198811409502 0.0054627439495742655 -0.02949844790054876 4.895502039937735
3.185639504511003 2.794215838772094 0.007323777054371328 -0.02909230636539262 4.959007200044642
1.6003121698510965 0.4621191878982812 0.007831145353140436 -0.028959854323839178 4.976486493660644
0.6631228711516612 3.2366812136275285 0.006608160509719873 -0.029263154557869847 4.934482308476248
5.304098352223107 3.8235324083019866 0.005585296803349807 -0.029475489132811526 4.899658203949455
4.187505669877825 5.8574718945085555 0.006813436250191256 -0.02921604159472292 4.941502750303904
1.0050454612392374 2.0340958115423042 0.007613288682319775 -0.0290178881974492 4.968971346088026
4.254994183766351 3.4303210905895187 0.006345312721879245 -0.029321272251755334 4.92550906973465
2.2066980130005938 2.1968143736805583 0.007257501113295616 -0.02910891062184418 4.956729724903768
1.6338053288453982 1.2249889204525404 0.007014319751333757 -0.029168464450945116 4.948384120792073
0.7379240472192568 0.24780059070403934 0.009147575702803588 -0.028571346813923166 5.022242557865587
2.343819950481865 2.537921171315457 0.006611568374729745 -0.029262384790482703 4.934598765839784
5.700367924361464 4.225984698096631 0.0071814954647995395 -0.029127755198248003 4.954119492869651
4.8731101591066 3.583529057755179 0.0062203705953109536 -0.02934803212580003 4.921249876992707
2.004518851194537 4.880428755660315 0.00803993865251526 -0.028902584425338003 4.983703347898824
0.6081415987397002 3.7968534970530787 0.007437088848064249 -0.02906354605800879 4.962904027125048
0.620514335330774 0.3607072815964848 0.007410233989526544 -0.029070404748136297 4.961980131320442
2.243130274052693 2.0348623076806915 0.007605000906977248 -0.029020061357703488 4.968685747601183
3.0893005000308005 1.236080133023184 0.005836232658936644 -0.029426831095970243 4.908178558887009
2.040669646576566 1.0836879934616184 0.007086254645864989 -0.029151071937305442 4.950851042256302
4.621155607988601 0.47521162108312237 0.006395832060700169 -0.029310293963918543 4.927232350539834
3.949286808200354 5.350014425115366 0.007333204589582659 -0.029089931427339663 4.959331269227489
4.07776182733691 2.7810556692260566 0.008643647221068486 -0.028727815139994808 5.004653627320421
0.9102818289516883 2.0696381025921933 0.00782823768559298 -0.028960640440740634 4.976386091633458
5.788609228213442 0.31805943534972164 0.007341445707346344 -0.029087852703939595 4.959614577291954
3.0175921695110643 1.8288323727433824 0.0076587367080469025 -0.029005926153750288 4.970537875863468
0.7162477119198571 3.2653450316526302 0.007742870998145754 -0.028983580674341695 4.973439581212154
0.114707479969321 1.082537851201572 0.008192082177070946 -0.028859830034220862 4.9889712430911555
4.479805467948901 2.891058105521811 0.008259939415028106 -0.028840481980370317 4.991323299927758
0.972904488259469 5.178994893242324 0.007109285079323897 -0.029145463895105573 4.951641155491401
3.6985026335625943 3.584833647747038 0.007843324052773392 -0.02895655828656414 4.976907054911059
4.850393914387698 0.29642974204031114 0.005577953225399099 -0.029476879716402477 4.89940906797558
1.4073639528310706 4.801784897416083 0.006408668184651732 -0.02930749003410276 4.927670310587823
1.4496241194431037 3.9460941641343776 0.00738748173040782 -0.029076194965691277 4.961197548742286
4.245653238565988 1.9331856233599725 0.0074076196618077985 -0.029071071031972637 4.961890201449145
5.3594348529458085 0.02044956399989311 0.006709645870897331 -0.029240052193646136 4.937951699814501
3.2793981382662634 6.812586393193853 0.008656393535384907 -0.028723976934967525 5.005097349392333
5.479171650269068 3.058046462795121 0.005669981983571048 -0.029459316086867658 4.902532061651049
5.316624953234077 0.0541112067699744 0.006395423202795304 -0.029310383178272295 4.927218401267161
1.2639904629446006 2.714075031033825 0.006958774512012361 -0.029181765835722948 4.946480264636896
5.397139790407238 3.759245914285183 0.005190513978902967 -0.029547564445057278 4.886281161812329
4.191799694040711 0.4939299201801392 0.00822823654030133 -0.028849542863568042 4.990224223558101
1.9094803563820668 2.8030120372031075 0.007698026268490411 -0.02899552364710166 4.971892654220526
5.0239926684230065 1.0720524923249588 0.008291451938228266 -0.028831438131942895 4.992416120142608
5.630768154517248 0.4444730339795588 0.006340482764472716 -0.029322317069314704 4.925344347300313
1.2614694243575117 1.8043011742814157 0.006848550662449149 -0.029207830351189512 4.942704807163888
5.172453004424509 4.847381372390852 0.0055735678604951055 -0.029477709227557967 4.899260297032573
3.5121001457955208 2.2851467262606624 0.006848904876704373 -0.029207747293994706 4.9427169345542
2.322147724855539 2.8791671385808657 0.005802663645374132 -0.02943346895319431 4.907037925560474
3.049584982099556 2.04350497540301 0.007365421861408126 -0.029081790880265457 4.960438930037705
5.205189224995373 2.9302263263615638 0.006109520053645174 -0.029371308529142985 4.917474275674756
2.33100600796521 0.5563830845646711 0.003704506570575667 -0.029770398570871732 4.836188522528543
2.6849107035736353 4.583669727178062 0.007802475139440237 -0.028967591920945328 4.975496627432534
6.717283062995362 2.7142946520553064 0.007018510173157293 -0.029167456436057077 4.948527786024493
4.266058140665232 0.10146880766234267 0.008341146965240458 -0.028817100258427455 4.994140188647734
3.590185508478961 5.192218281894575 0.008541638601653407 -0.02875831027718326 5.001104648793651
3.7675414927828474 2.1756635992964 0.00913837340720206 -0.028574291443018183 5.021920493197043
0.49412692799807956 2.5259656887363993 0.005021880379250415 -0.029576692131752996 4.880576797744483
2.395888846978452 3.786729441568031 0.0073965010046435214 -0.02907390192059379 4.961507755419362
6.36607883015643 5.316744324605424 0.006785463156117519 -0.029222551048068538 4.940545400351682
0.9401662443660844 0.2246291132976385 0.007246927960516304 -0.029111544705410036 4.956366513980609
3.5180287169914526 6.050208554938778 0.008205005299041591 -0.028856158580841965 4.989419060829872
3.6084117157904436 1.2059095587430304 0.007660531028481521 -0.029005452321273526 4.9705997368459585
3.213424244176251 1.6289455915760656 0.007126004795134858 -0.02914138046935517 4.952214860090944
1.2702677665722601 1.376533571502369 0.006577893090115694 -0.029269973052515923 4.93344811064189
0.9866386611704459 2.38079299255796 0.006317860564136274 -0.029327199625810364 4.924572910450044
1.2312794052521143 6.125790508808367 0.0068399393604822055 -0.02920984816025113 4.942409988810129
1.569740402362367 1.3501011180569302 0.008463102332344007 -0.02878152009384274 4.99837484510695
0.26374281149401146 0.9547317509942309 0.007903979517713516 -0.02894006060435197 4.979002356637163
0.5630070478553045 4.650592936180594 0.008317325867710444 -0.02882398463797666 4.993313656800989
2.4117174916375386 1.8826090580107586 0.008436046216720462 -0.02878946203438606 4.997434923200758
0.06960491442885428 1.330806289784809 0.007798556830146009 -0.02896864704067111 4.975361364620917
1.1554959809039371 3.301515297832495 0.007315200144171523 -0.02909446419597228 4.958712393852275
0.02864952519056987 3.146556556923926 0.005656437503938692 -0.029461919739963243 4.902072312998335
0.7109145454545459 1.9618935262035009 0.0072010668941321024 -0.0291229228544498 4.954791465428611
2.13253037871068 6.52365301744316 0.008196839588723111 -0.02885847918301901 4.989136092398279
4.153147736057855 3.3760504795939568 0.00817019548539754 -0.028866033772071795 4.988212945538499
0.6522420780749534 3.8157210996717033 0.008220738724358127 -0.028851680277339805 4.989964339434581
6.22735765233427 4.603587570782509 0.006648787085310349 -0.029253950678399154 4.935870845004122
1.758148723713749 2.431219201652437 0.005343153602193106 -0.029520343995004035 4.891449426190011
2.3721332403084943 0.5017086417808195 0.00242973852110275 -0.029901444291523267 4.793469071725064
1.133495466335957 2.324033747125103 0.005261152295466184 -0.029535068588440943 4.88867233090142
2.044715058230152 5.809303778594993 0.00765546007206612 -0.029006791120098088 4.97042491318455
1.1235943997670028 2.814243282594148 0.00530908374381652 -0.029526490306183414 4.890295431907375
0.32498680810711883 6.466188382226904 0.007978689270834451 -0.028919552512434752 4.981584804309254
0.8117023585034133 1.6314925601734658 0.007518520921856092 -0.029042586715849056 4.965706898925079
1.293278303375681 6.682213339377315 0.008737722101285926 -0.028699341673298004 5.007929944703546
5.810788772764531 2.7508811265787156 0.007070706931115416 -0.029154846998299892 4.95031772712587
3.7072596969159286 2.4205411959073837 0.008879723238522938 -0.02865572395189547 5.012881585698049
1.9957223787783969 4.471074100835767 0.007603289005541825 -0.029020509924848094 4.968626757780887
3.2594735403060064 2.7780391548988916 0.007726679842692345 -0.028987901245321846 4.972880990867514
6.830777305222441 3.3750654002265956 0.005314740746435333 -0.029525472575357363 4.8904870259654025
6.393406780954002 4.204728755217006 0.007562314332449439 -0.029031214269079925 4.967215097167637
2.1807358586732213 6.066491534275038 0.0069186752126175755 -0.029191298931399254 4.945106367506527
4.11611584354238 3.122399393284097 0.006925741493868765 -0.029189623237721042 4.945348442518505
3.654162301299891 4.479865446082823 0.009630287890253393 -0.028412278246399723 5.039184289498885
3.820422431464707 2.1427916724708123 0.007278012470184777 -0.02910378900562322 4.95743442872859
1.0733030063067972 4.397940806148295 0.007930197167345623 -0.028932887392844556 4.979908398190112
1.4825898833066005 3.719401171183874 0.005472487906998754 -0.02949664177678117 4.895832371068315
0.8740506593778644 1.800031799331194 0.0075845280565661225 -0.029025418759410882 4.967980340409413
2.025072487344147 4.822531738677275 0.006055870049935898 -0.02938241715615462 4.915648008891768
4.364787547597257 0.6143168608732544 0.006967418098915 -0.029179703306149492 4.946776473315893
0.07400173308039064 5.62425114882871 0.006384190002369117 -0.029312831968502297 4.9268351674148185
5.321068709673909 1.1863998008302137 0.006081609684951937 -0.02937710032729403 4.916524109801784
1.4836704646107044 4.688537513053958 0.005839295424685932 -0.02942622349101634 4.908282640680826
3.4574544057583716 0.7723732383749607 0.007534165527279574 -0.0290385321565597 4.966245614616128
3.988170147051964 0.06718313699695969 0.006495661385082466 -0.029288331860492643 4.930639571320183
1.680030159984592 1.50428392783073 0.006450204565660422 -0.029298376423637085 4.929087792371284
6.6991826419738105 1.0990073372436426 0.008375411821023875 -0.028807160165977026 4.9953294395463175
0.3679604845094546 0.3237453287149538 0.0069684213418977625 -0.029179463737392157 4.946810854991764
1.6413328771720674 2.015175043249457 0.005986410373388545 -0.029396647612293922 4.913284594486007