300

4.828234605490362 5.31358942652471 0.009736522463345536 -0.028376048532534753 5.042925708033055
2.6965578419866976 1.8163988662213784 0.006910661456425654 -0.029193197122526212 4.944831850924789
1.257516562493346 4.951737520682842 0.008940853505108915 -0.02863670963292015 5.0150155583559695
2.6148598288862663 4.604622042893066 0.007045908486671772 -0.029160850015002078 4.9494672376618345
6.3694374827250755 0.47079358782033104 0.006368960416392589 -0.029316144753606745 4.9263156432312
5.083632747325695 4.291727285777132 0.00734134410712627 -0.029087878346499636 4.959611084418956
6.105881843087536 5.3003603172093525 0.008962575363721689 -0.028629918666486096 5.015774180199653
5.827390468682998 5.477378225300337 0.00894988717920362 -0.028633887606811733 5.0153310317211925
2.524901007352961 1.3244107512665289 0.008216692106579812 -0.02885283297746807 4.989824086357537
6.531458710986257 6.503317986288809 0.009458523217224362 -0.028469919890109063 5.033144995779922
6.38539515959271 4.948868320729936 0.009217252406495952 -0.028548944955548612 5.024682204687233
0.38359592341960547 1.4293110255050407 0.006903792772557855 -0.029194822235348136 4.944596573759657
2.340583798461156 2.6951092235432483 0.006331720697014777 -0.029324210356205582 4.925045537881329
5.173049246241724 6.719436576007665 0.009143700466952587 -0.028572587243206573 5.022106927167107
2.854457415666393 0.30629852297332305 0.007170813790011308 -0.029130386705105437 4.953752791347098
2.7691647409517186 6.980690913003828 0.008221986780873975 -0.028851324638136347 4.990007597372967
6.502499407558653 4.514453049957315 0.0076940837042503 -0.028996570072199745 4.9717566851950545
1.0903038943593297 4.315747281074218 0.006158739498356428 -0.029361027362668775 4.9191503347805865
0.23396253917766005 5.924315970713632 0.010258245082115553 -0.02819163719678678 5.061371144491693
5.245559750025273 5.11756088152819 0.009655065913284732 -0.02840386773328814 5.040056507106512
6.723043563152376 2.3528628093530486 0.00711243313470685 -0.029144695827960258 4.951749168761388
0.03929549851709793 2.3712438431443448 0.008680452719515118 -0.02871671535159031 5.005935054571903
1.9879726014163506 6.669464767624521 0.009321422545378134 -0.02851510269542293 5.028333190814479
1.7417202911446177 2.5397320157411696 0.007807918388918128 -0.028966125222956454 4.975684540438301
6.664381223707245 2.0957511009824903 0.00870937600645874 -0.028707956555249988 5.006942401537497
4.268422028636125 4.78084569814376 0.006843525606604969 -0.029209008152824054 4.942532765815521
2.908082130983933 0.12796660040064442 0.007616437821373441 -0.029017061789801395 4.9690798716937605
4.522088170663336 4.577082747078219 0.009178582548120767 -0.02856140091815058 5.023327989373917
5.7469110927701745 6.184492856776744 0.008837033971480635 -0.02866891749939117 5.011392199700329
5.960587656491829 6.026379021996561 0.010357986970730156 -0.02815514350725608 5.064911427829665
2.2126422992520647 4.400144293476991 0.006122895159989123 -0.029368523198482106 4.917929677255572
3.981979232463565 0.42872044506505674 0.007254001418511887 -0.029109782950414238 4.956609499094332
6.148497284350331 5.011156297730995 0.009726652383260807 -0.02837943328213597 5.042577897401566
6.6516486024655475 6.33868077092739 0.009051313523218247 -0.0286019881040533 5.018875180791577
2.1014332011933616 6.626003261653399 0.007257198000302246 -0.02910898619300248 4.956719311851771
6.628745546411281 4.941388683196751 0.007767615405442105 -0.028976958965929094 4.974293417492721
1.2210654716024476 5.121082999174632 0.008000943657235943 -0.028913403476480175 4.982354413433412
2.8480797581652877 4.252932984085852 0.00834255379759086 -0.02881669301176494 4.994189008351255
5.846808744494627 1.8349845209386628 0.008109297854078521 -0.028883200797588854 4.986103909489799
6.379484306114491 0.6887424839730971 0.006433069313456083 -0.029302143594083174 4.928502976683274
4.223142526892533 3.1906267878611647 0.007641868700942897 -0.029010374743487014 4.96995638389077
2.0924757283583584 0.5229632437343033 0.009322387565524613 -0.02851478721783054 5.0283670334239545
6.6727586102470875 4.428582821763868 0.007703551595852404 -0.02899405616346288 4.972083216985883
4.799912325032304 1.1394289099876638 0.009893496696313129 -0.02832170056899905 5.04846292368538
0.7223225578434049 4.767033910428077 0.006872609747678853 -0.029202178604619718 4.943528607204298
1.3266462574873468 2.3372187175901966 0.008146448340373015 -0.02887274457750135 4.987390373798524
0.2286551297848478 4.576283771030613 0.008708605213655837 -0.02870819038589312 5.006915552198281
1.8880177951411896 3.4018158245010186 0.006166228345488888 -0.02935945551251401 4.9194054024069125
2.1626668970705265 6.246774298733497 0.007964671714667458 -0.02892341619652796 4.981100128083069
6.383773830641233 1.9570181175411492 0.00813309364742459 -0.028876509271763124 4.986927867642333
1.9727542051906013 0.3245657893535293 0.009217720503603042 -0.028548793822462202 5.024698601032066
5.090530382784905 2.326497841656927 0.008222162182126054 -0.028851274652098406 4.990013676865199
1.9310504570231173 3.928344002889328 0.008001736148772582 -0.028913184165799275 4.982381822677806
0.974193783294595 0.035295741270837455 0.008659483292930134 -0.028723045609744518 5.005204918328211
6.585331140920927 0.9421641368327928 0.00808620455573289 -0.02888967455481014 4.985304458294932
2.6405650114117223 4.8365778498362895 0.006116974646963674 -0.029369756913675736 4.91772808766207
4.576265878907565 4.741717525036506 0.0089484212270986 -0.02863434576766878 5.0152798357258455
6.222574488787335 1.2296348809784146 0.007137466324927443 -0.029138575367723914 4.9526081867323315
4.7238435008435555 0.02589762116540709 0.007322684234622816 -0.029092581453009744 4.9589696363476286
0.9671095744878769 0.9131795958745446 0.00692145370739158 -0.0291906402563636 4.945201550873525
5.874494835275717 3.669606497752764 0.006761896903472875 -0.02922801310843424 4.939739035119532
1.4946809503649103 3.2970527318085967 0.005821363344078534 -0.029429776227763247 4.907673286319734
0.47429155310626764 4.527160388161395 0.008113193176430857 -0.02888210685670136 4.98623877667928
6.540858318256413 5.035690913647744 0.008947006306077037 -0.02863478790141491 5.015230422684976
6.563339429343295 1.046250488426458 0.00707936539357037 -0.0291527457647529 4.950614719746591
6.116643695089028 1.7639448799343103 0.008617209801327495 -0.02873575638885995 5.003733482011931
1.3540001618233788 6.100291359091772 0.0070830670175988115 -0.029151846624600027 4.950741695131265
3.016584353501845 1.9822082078572336 0.0077240945075614815 -0.028988590238889826 4.9727918052316475
4.395684808362992 6.866579929104034 0.006798920217635824 -0.029219423058544854 4.941005927617784
6.488266661915785 6.602593817510086 0.009426558775357308 -0.02848051947656036 5.032022460506585
2.088941454071692 3.7752052207899007 0.007876559950607678 -0.028947535358722392 4.978055018451874
3.0270450668897984 4.477705226163291 0.007400636808131565 -0.029072849444698887 4.961650009402051
3.5381045429563622 0.8898140233384242 0.007380822723989222 -0.02907788602902632 4.960968536219843
5.473294975695811 6.006148442245633 0.008174738038047594 -0.02886474766924696 4.988370315749927
3.531088245307415 5.689425270517077 0.0068295014862417925 -0.029212290383491348 4.942052662824141
5.9772715938239465 5.7440460814103425 0.009100797663249357 -0.028586281358242364 5.02060574995013
0.17897377289370275 4.735866757005256 0.008042054126109708 -0.02890199587282376 4.983776541876968
2.885008996864351 0.08733172454354557 0.008722212094486387 -0.028704059228248455 5.007389558378747
1.6646201836038763 6.613919560208535 0.009018487904885391 -0.028612355301677557 5.017727719760752
6.7501482448434595 2.5886620316109776 0.005950858821496345 -0.029403865039933426 4.912075368717163
5.539093583009465 0.12748730976802278 0.008472961256227034 -0.028778619278041737 4.998717405910109
5.975398996670212 0.7287437541678363 0.008366792899785374 -0.028809664638313668 4.995030258839867
2.488346686224135 2.174633508929079 0.006710093425775835 -0.029239949490677302 4.9379670060684555
6.205467414611872 5.106396191634769 0.007435781440327591 -0.02906388058005468 4.962859042930424
3.3441152230756956 3.938787999007867 0.006285838984944452 -0.029334079638798156 4.923481165557581
1.3617701987422748 1.3614907218289662 0.00638853338205989 -0.02931188566479998 4.926983343128345
0.3032463659793573 4.067636995211956 0.006064890281473667 -0.029380556595709453 4.915955012805661
3.211333005053134 0.7956898091373465 0.008831704154021704 -0.02867055984343235 5.011206295758035
2.6220538311928583 3.772841470778983 0.005795357473949113 -0.02943490838696703 4.906789704980339
6.177369493582686 5.80744670035411 0.009473476589064053 -0.02846494759026363 5.033670275706182
6.646121343582337 5.6619098236574175 0.009375245395329398 -0.028497452057637623 5.030221295432656
2.922902103090295 6.695692738141872 0.007197208479599936 -0.02912387663243296 4.954658980397313
1.1431967017992075 2.895914922558756 0.007398177510272172 -0.029073475360309145 4.961565419434717
5.620199121785653 2.25206528256283 0.007758965732995282 -0.02897927622895722 4.973994927697671
6.605087350850071 2.0012536842335096 0.00786188454843631 -0.028951524508168104 4.977548087876806
2.5810726697507445 5.290583524679241 0.00862464564693553 -0.02873352549661799 5.003992258364186
5.072368780054146 4.324444158130491 0.0069246228863992 -0.02918988862399369 4.945310120599265
2.0394958399541867 0.2000558120373343 0.009647885097298725 -0.028406307629632564 5.039803706762141
5.323199668233461 0.8735998407956869 0.010142201584804802 -0.028233592527575777 5.057257972626064
1.8918981774531065 4.435605216270053 0.006527046115757057 -0.029281353606054154 4.93171127684227
3.9814626126794215 4.312443432881745 0.009124413777204144 -0.02857875212850217 5.021431993238057
3.7018546449258483 5.388100266444508 0.008036681991309564 -0.028903490145146146 4.983590672501768
4.119492815225915 1.6777457733530292 0.007123342596707504 -0.02914203133362416 4.952123506536196
3.776091856116658 1.3200166647628242 0.007365998576224534 -0.029081644812064156 4.960458760875053
4.943341743777766 5.786584921302276 0.008898746449100726 -0.028649822192024457 5.013545507819348
5.530899051884106 1.1071662552902524 0.007129610538570497 -0.02914049851269371 4.952338594723184
6.740853696876962 1.0200003786952916 0.006848819263500709 -0.02920776736924446 4.942714003373874
6.050987105036886 0.1479527095130331 0.00795285388288612 -0.028926667888256038 4.980691560600276
2.2016889510289186 6.063267495143969 0.00773071612390927 -0.028986825079879465 4.973020233653681
6.047073593430631 4.147800996905507 0.007881040450599796 -0.028946315852211826 4.978209801728144
5.349696777565011 4.699366646284759 0.00904446627449558 -0.028604154065616273 5.018635792207405
3.2206256826220168 3.390660950886661 0.006985101226601524 -0.029175475332102643 4.947382525000009
4.240562331077039 6.878709220775402 0.007638430081329474 -0.02901128032149979 4.969837855055095
1.5448349245788153 4.831054555846927 0.007230706934112224 -0.029115577913429457 4.955809350059231
4.486271151337636 5.0969512296640564 0.00791393428946416 -0.028937339961752587 4.979346351756332
5.320963008194389 0.04145394213637149 0.009759555797031404 -0.028368134775565185 5.043737538641164
2.689382306065264 1.9195930418355909 0.007273290917629408 -0.029104969321879202 4.957272200477011
3.475098309582384 6.927203304745124 0.007100998185207631 -0.02914748402132983 4.951356836569245
4.086539293564957 4.937844400177082 0.00939935402192902 -0.028489509366966058 5.031067405650104
3.2840491794487257 6.52593149592461 0.008053719661709122 -0.02889874737096056 4.984180188431886
1.5837154871743464 4.5601000773021525 0.007814684657278942 -0.028964300504367255 4.9759181402520465
3.451821214831507 6.664978576938238 0.007694083510067898 -0.028996570123725 4.971756678498318
6.1802028840652365 4.095752003566971 0.008474114233802442 -0.02877827979488119 4.998757469832726
3.0296610341641004 0.11264178963441365 0.006695608319803157 -0.029243269810809165 4.937471646686756
5.819350319042264 4.372977332003065 0.008518890128485276 -0.028765057117600096 5.000313719019804
3.6142385969897464 1.4266127278978225 0.006041798460659149 -0.02938531387208203 4.915169120605233
6.2611247631271825 4.611453201813745 0.008771971953754266 -0.028688891718617302 5.00912356389611
5.137505348381285 6.343771126940258 0.007725251427829463 -0.02898828194938118 4.9728317149482
6.114578766145562 6.966021167811683 0.008713321000679385 -0.028706759432912652 5.007079822550439
0.03761111586434411 5.205684220469708 0.009256274632964297 -0.028536316859734047 5.026049360382044
5.298820836659594 6.892344954228908 0.010021341624664882 -0.028276716783278765 5.052980530957898
5.854044963358688 3.092298535704615 0.006034341318685401 -0.029386846119473353 4.914915356172045
6.073047981111206 3.480858234393564 0.006376483421908547 -0.029314509362602766 4.9265722668554135
5.532667188424472 0.22601703068662535 0.008736914534701776 -0.028699587530369084 5.007901805970114
5.511517879214317 5.880179198261435 0.008736284385747986 -0.028699779356840635 5.007879849318397
6.411049367894706 1.461713263361743 0.006924282393562909 -0.02918996939591055 4.945298455862561
1.2284404428540825 3.0678131164629314 0.007676188601218645 -0.029001312531651408 4.971139590168121
2.5817834033223943 0.29738277803164936 0.00908236044260581 -0.028592144529408583 5.019960848670729
6.032417459263165 6.819432089974782 0.007723742575109228 -0.028988684010031313 4.972779664872971
5.222295316091381 3.386609754409157 0.008194192541616222 -0.02885923090782083 4.989044368485432
6.515415226599782 6.812454382775152 0.009749074045016626 -0.028371738671868228 5.043368071765096
1.9425319768154994 4.567720594257783 0.0074948598119495375 -0.029048701802304757 4.964892280788637
3.050802891755976 5.246606814299062 0.009128508022407632 -0.028577444624823253 5.021575258375664
6.2240814984923105 3.1452246769174717 0.008688150163463741 -0.028714387451887334 5.006203112941908
4.759950749327122 5.311408094493723 0.008293735191116704 -0.028830781407718248 4.992495314211289
4.817978387703458 5.693621982776423 0.009640785151170625 -0.028408718057472568 5.039553774776534
2.2666108332787935 6.0127071082991375 0.007740926852746479 -0.02898409997671876 4.973372504338396
2.5786612311989026 3.7232482557125963 0.005883462073051278 -0.029417424666937912 4.909783793021103
6.642170048851274 0.9610982435642812 0.007450255696236821 -0.02906017360685739 4.963357089937382
6.465862479561607 1.4421342904550614 0.007543184012243094 -0.029036190779050893 4.966556196722599
6.222341977822711 5.078389187646152 0.009568659652845191 -0.02843309255863689 5.0370160139686035
2.6601533953483814 4.860728713817917 0.007274434313934843 -0.02910468356488775 4.957311485930491
5.166264607723283 1.2112602346277106 0.008102325762299098 -0.02888515738647765 4.985862528499764
4.237933519238169 2.278081103396151 0.00819548995171195 -0.028858862494065638 4.989089325275202
0.31261428918040257 1.013246577170969 0.008683815676793976 -0.0287156985861648 5.006052164651192
4.942643299382435 4.0439578309934365 0.008769870532670448 -0.02868953416910422 5.009050316118731
2.2633227627095676 3.8021797252111083 0.007518104804649243 -0.029042694436747944 4.965692571122972
3.209481268283541 2.503381414582729 0.004891027327752143 -0.02959861232691799 4.8761542488648
4.6381341903464754 5.03947193945839 0.008857015102302789 -0.028662750800953846 5.012089236106403
2.396702324602173 3.074466272288719 0.005427332227440418 -0.029504983729752954 4.894301712536306
5.5181421160399475 5.03995322593783 0.007550411042287153 -0.029034312340617062 4.96680510209171
6.020729451421943 1.7764024347919012 0.008117942275571926 -0.028880772379049735 4.9864032109731795
4.450565146578676 4.5055937120262 0.008473209129127326 -0.028778546298485495 4.998726019013198
5.593155985842518 4.727768138401544 0.006948456112738462 -0.029184224465442755 4.946126688894818
3.4523214371339237 4.076521044686094 0.006914407158244211 -0.02919231018008032 4.944960160225726
4.350480052862731 3.0078637909104273 0.009070691343691482 -0.028595848624362947 5.019552752561428
2.605782345866114 6.0133190372193 0.009047484548175775 -0.028603199529956793 5.018741312686424
1.8111749039236003 0.18938919584048394 0.007195063862476161 -0.029124406534981783 4.954585343304297
6.161652907828085 5.120392220737262 0.009223824434821691 -0.02854682228892712 5.024912415388092
6.595620710265954 4.885351057327327 0.0077405122582313995 -0.028984210701348576 4.973358200160467
4.484953366253478 4.270992245345513 0.008932938142670419 -0.028639179739287646 5.014739164135824
2.1724125948010746 4.886252158397592 0.00763792083380691 -0.02901141439737984 4.969820301664132
1.874736285232925 0.8003345027065591 0.007014714541637202 -0.02916836951047047 4.9483976556473825
4.941640426744973 3.7515715780212626 0.009486374857124264 -0.02846065164521221 5.034123438009705
3.3436298760228196 3.5776740079561375 0.005807359331371132 -0.029432542832659506 4.907197463665557
2.330183107131188 6.761257478419684 0.009738216116324878 -0.02837546734190911 5.042985394649447
1.4960056215904702 2.7542046531816355 0.0074240450120436315 -0.029066880734938693 4.962455248868244
4.432254542358273 4.2656408234978205 0.007448015873872307 -0.02906074774575744 4.963280015372448
2.2711694905733517 2.084275823091454 0.007813894653678516 -0.028964513638955067 4.975890865272848
3.280463234396264 6.542385171651483 0.006477294341042777 -0.029292399321658426 4.9300125035773545
4.822209452832669 5.832513668067039 0.007470222187551996 -0.029055047418109745 4.964044224570183
2.052093834532262 2.567737989324323 0.008192429573184423 -0.028859731420933447 4.9889832804699825
5.979024309948013 4.3938012564424085 0.007588021943355294 -0.029024505559736215 4.9681007156493795
3.8874733765465415 2.769341904293782 0.008267606165388457 -0.028838285113612958 4.991589142999705
1.7932249447147046 6.020240335125204 0.008916322495628556 -0.02864435709095158 5.014159044698537
2.16190320260856 4.160746846500125 0.00714737978046479 -0.029136145288520973 4.952948418494238
5.739880232085506 5.850848087447996 0.008388527233738554 -0.0288033437442396 4.995784752782548
4.543089971518253 4.984172459680198 0.007656254119313556 -0.02900658154385818 4.970452287812534
6.574010336130449 4.235640453900115 0.007797866851778394 -0.028968832778728516 4.975337546589144
5.338952922886017 3.321333021322064 0.00648728438870622 -0.02929018848112877 4.930353562173135
1.0007253664640159 4.643365617312961 0.007018281594053325 -0.02916751143766935 4.948519949246235
6.353854557634467 2.2945582519819157 0.0068990904487422995 -0.029195933809009648 4.944435509778851
5.410006481122704 5.068170025773375 0.00868584704105006 -0.02871508420986228 5.006122905955989
3.051688435796162 5.654823755209309 0.00813677318382728 -0.028875472674139018 4.987055293101122
1.8831595633842249 0.6729893802845525 0.008673305078191692 -0.028718874960914017 5.005686162160503
5.8081339740932725 3.8799592022287994 0.007058488035861964 -0.029157807644738885 4.94989864501927
2.069683227919971 5.278524192627653 0.007525534863410689 -0.02904077004866762 4.965948411878572
0.01581932861591667 4.044314908803401 0.007527467831949943 -0.02904026907655917 4.966014972965207
6.406770042970453 3.061919212146001 0.006981287554060654 -0.029176388126146077 4.947251812035266
5.437616677949385 2.066495716489741 0.007211354879606346 -0.029120377071740977 4.955144741612491
0.14346375562971095 4.382957271182543 0.008297558805989222 -0.028829681195967995 4.992627939399997
3.436044844732267 6.053572404170263 0.006065025756734779 -0.02938052862986205 4.9159596238594085
2.6858614989981824 5.431930541970025 0.007695524876338261 -0.028996187626611516 4.971806386990412
6.608679787530572 6.67234609627342 0.010020431850202544 -0.028277039193229662 5.052948357163371
5.308314115107794 5.616140751479903 0.008916200584093606 -0.028644395038893888 5.014154788661168
5.316386842552907 2.17892855358462 0.007313843725237365 -0.029094805205788988 4.958665772922063
0.040317422905506134 3.879312134791453 0.008147908476820877 -0.028872332559967344 4.987440945605504
0.9259913664423283 3.0894872769321537 0.005758084983423187 -0.029442222357078898 4.9055235941805835
6.790037859411843 2.9141186213211157 0.007372651277697877 -0.029079958960381284 4.960687526968586
2.5437739989478376 2.3484756755845986 0.006591846845698669 -0.029266833705798318 4.93392486214548
1.6625916541766643 0.1711582046008863 0.008911171589395368 -0.02864595994035377 5.013979227009049
1.8924679643437223 4.629495664567476 0.008348028079580013 -0.028815107620526834 4.994378982702659
5.695396770607236 3.9115753760871943 0.0066128736606213025 -0.029262089842467864 4.934643372336451
3.734657923116256 2.196379955259042 0.007931371489600334 -0.02893256549796362 4.979948986216158
0.8439498448707361 3.6803251974356597 0.007600860144954399 -0.029021146170626063 4.96854306407711
5.472799307920553 5.099421490209451 0.006927448623390686 -0.029189218139071188 4.945406927047529
4.8832050943436665 2.919515312383584 0.008254696984591582 -0.02884198290153738 4.991141531328485
2.300316380421599 4.741078982613284 0.007905542772613076 -0.028939633609815885 4.979056374023412
5.620766512974195 6.984512119819559 0.007871097507075932 -0.028949021123936176 4.977866321788466
1.5460960341166035 5.440544281326476 0.006958659105576603 -0.029181793355658864 4.946476309893993
2.808268879398453 2.1776315640877133 0.006327729254741321 -0.029325071909181925 4.924909425652393
6.017311237759422 6.596170876050117 0.010342104123053511 -0.028160981557962775 5.06434736745665
6.144344420643535 5.764515278888566 0.009861810496486325 -0.02833274949120526 5.047344346186551
2.0849726124801253 3.7882448707036596 0.007885584634840128 -0.028945078251177234 4.978366791702263
3.335087033910705 1.9053033482248185 0.005388203005069982 -0.02951215458715535 4.892975683597839
1.070532220498775 1.6514060962753896 0.005843145786802532 -0.029425459169130593 4.908413490367261
3.2557962091278987 4.896806416789074 0.006874267679423037 -0.029201788367694877 4.943585381832108
3.281946850235683 1.9368963991135963 0.0078232982994449 -0.0289619751349576 4.976215540421742
6.045522078528316 4.554888800311664 0.008114471295097134 -0.028881747793390977 4.986283029912511
3.1549146192422226 5.593255343054718 0.006673748715048004 -0.02924826624072605 4.936724201664346
2.0695841146519043 2.3559863898604485 0.006730285254660541 -0.029235308453835387 4.938657617065036
6.708133156558106 4.64783709355691 0.008364500785315726 -0.0288103302065848 4.994950699149706
2.930913291312481 2.9410779966555647 0.0054069101181850755 -0.02950873299506212 4.89360959858133
3.582175069136937 2.3248654558593795 0.007434556823389388 -0.029064193861860238 4.962816907802097
6.0663848955341875 3.650096726014473 0.006755479151479548 -0.02922949711223108 4.9395194653176935
2.8352222309759223 6.655948861627208 0.007565701930783429 -0.02903033162563838 4.96733178707928
1.3391811206936934 4.137230328452316 0.007092485214809963 -0.02914955666005406 4.951064781595694
0.13905261966192625 4.728922773604258 0.006284014031570789 -0.029334470638670493 4.923418953235495
0.8819819838706168 3.8967130642086936 0.008453535238245583 -0.028784331536023902 4.998042457285369
2.9789506236514356 4.768039120182317 0.009057211451713036 -0.02860012099133425 5.019081394463316
0.06256901431222263 2.379249393428346 0.0072340957744709035 -0.02911473610262992 4.955925744429143
0.3590375052747444 6.393206365586976 0.009621386534565185 -0.028415293789656435 5.03887101355566
4.426136921970463 4.536401208278897 0.007541557680569008 -0.02903661322796876 4.966500186626256
2.17401105532983 1.9704683051506584 0.008645698370706207 -0.0287271979086504 5.0047250275178286
1.2964106698188425 0.012085808999656302 0.009254039152463167 -0.028537041881818773 5.025971023289246
1.606715870467218 4.030305727654068 0.00575010461311843 -0.02944378197409759 4.9052525494613315
5.26753730848299 4.364940989656778 0.008486696991229921 -0.028774571659349664 4.999194729044357
0.1693392165353177 5.618173471877052 0.008643505743456658 -0.028727857707508082 5.00464870256348
3.977157925287341 0.1106423662303836 0.008798061112401027 -0.02868090167101545 5.010033072378079
5.607029593830989 2.035032794588837 0.006436140554770611 -0.02930146915701049 4.928607790743962
1.1966343465632596 0.8605065403712954 0.007246843763660495 -0.029111565664956856 4.9563636217663225
1.4906501591309163 3.0693879272406717 0.006052637865504871 -0.029383083140968318 4.915538006104029
1.0308820434875843 3.477585233229281 0.006503859534149485 -0.02928651244446926 4.930919491791531
6.065607458266388 3.2198942892214144 0.00648935773909268 -0.029289729191887007 4.930424349243788
5.785375388858306 4.225558656003122 0.009017127147475155 -0.02861278417082592 5.017680161732147
5.9645581465580095 0.9534584525935555 0.006800130937837528 -0.029219141315724267 4.941047363276394
6.36493322882471 3.1920775375777963 0.008266767615140069 -0.02883852550317494 4.991560065447068
5.011538288911227 2.7862292112698057 0.00766428973120652 -0.029004459362589784 4.970729325139084
5.230430969985217 6.460184239675404 0.007936658628038287 -0.028931115599333278 4.980131730843634
0.2344450669753093 3.7331323386217816 0.005846373794745958 -0.029424817985029366 4.908523192754277
4.8257180158944495 3.1647383740548634 0.008975018295820236 -0.028626020446259934 5.016208822687244
5.9162340191275415 5.137563816304169 0.007650094464659413 -0.029008206678141746 4.970239940070871
4.758847396190292 4.974386161776344 0.00815800655298551 -0.028869480928507277 4.987790712107511
5.513973734067028 3.8078189497716073 0.007717239813577985 -0.028990415824194843 4.972555350886635
6.911195774789753 1.3610012428149931 0.008007884187339982 -0.028911481989724257 4.982594466829618
1.9743730821343213 5.226383868011524 0.007638030080439844 -0.029011385635475877 4.969824067309116
5.366906790584274 5.638205678564376 0.010288822064577851 -0.028180492198034014 5.062455970620912
3.901241212727827 6.412586056479071 0.007783287165539876 -0.02897275342280644 4.974834291953343
6.562224895218854 4.27720429661375 0.006166477187374756 -0.029359403248322105 4.919413878112712
0.08815900554584255 2.318967952198527 0.007518273630880412 -0.02904265073320974 4.965698384163445
5.937663770098441 4.170525180945452 0.008326919544514966 -0.02882121459791684 4.993646509383446
6.755081377615956 0.6284463328104325 0.008352124638467209 -0.028813920490337805 4.994521152682427
5.915589360810488 4.65795230740286 0.007520727751848815 -0.02904201532405372 4.965782885672484
4.981440068397338 1.272720307342663 0.009127351901236556 -0.028577813899439426 5.021534802914495
5.606891786828858 3.474889782710955 0.00734572939284811 -0.029086771214540938 4.95976184719094
6.052490701482189 1.5166564650886136 0.00933739297738523 -0.028509877102258382 5.028893311366778
3.5407621089964505 4.577489755610942 0.006190930849175904 -0.02935425650941822 4.920246858393217
1.5418126016637186 4.274659191532655 0.006208514644123644 -0.02935054251481056 4.920845916552486
6.661859679846629 6.280958666369347 0.0084666599641687 -0.0287804737461207 4.9984984555513705
1.0771229515438685 4.627605078991137 0.006310106476840201 -0.029328868990312926 4.924308518804513
4.529790127971792 5.1947396588594685 0.007395112448348578 -0.029074255138804156 4.9614599961655905
4.147550052343131 6.035065618870281 0.0060772273071379645 -0.02937800722066384 4.916374935440992
6.934699140533212 0.8972886339142738 0.007074146702078332 -0.02915401256152357 4.950435711630623
1.9643334115631517 4.980406424284143 0.006600309862199642 -0.029264926272296505 4.934214039045171
1.3290998882958123 6.290955250289309 0.008578634148022195 -0.028747296153801796 5.002391324773991
1.6618168662682873 3.9983090549374367 0.005589419548678017 -0.029474707617020666 4.89979807609743
5.742937952910917 6.209389148073782 0.008664222114072702 -0.028721616513664644 5.005369905672785
6.243526175252486 5.554299772960291 0.009682579252555171 -0.028394500506576763 5.0410253144145765
5.672228361614209 3.6441052483486334 0.006870190833140673 -0.029202747780238587 4.943445774652782
6.627698395583138 6.614940702025715 0.008918521318337551 -0.028643672555982734 5.014235808473499
2.253947275412005 2.4803624933689554 0.00885170689374095 -0.028664390540656868 5.011904046040321
4.697353252539527 0.4217727632812191 0.007652383351703322 -0.029007602952305 4.970318845702192
3.201655976418778 3.0473528152556315 0.005168418194937005 -0.029551437416177308 4.885533406952161
6.1056370243384 6.485671000457354 0.010425384406170857 -0.028130257019507828 5.067306272766292
1.3618427927801637 2.64077343174532 0.00844444865587507 -0.028786998573979358 4.997726793836993
1.8889597746501796 1.9353026478206536 0.0077299736944202845 -0.0289870230738441 4.972994621088271
6.468884392805652 3.3449157637480775 0.0068511431239814185 -0.02920722235842912 4.942793567214947
4.479706104471307 2.9393334695863618 0.0064406152936994044 -0.029300485911304703 4.928760507113744
5.065060323022221 2.1414945277448627 0.009630758690163475 -0.02841211866531323 5.039200859843162
6.444262902536336 3.8597944996150133 0.007253268321104457 -0.029109965624542784 4.956584315288997