300

5.436654575467166 2.9621516851910616 0.006111977704537357 -0.029370797206395984 4.917557951629506
3.2566885966019847 6.452980362045601 0.007907882560715755 -0.0289389943399201 4.979137225563411
1.841062333320854 2.594174020321444 0.007775411300790893 -0.028974868060157463 4.974562464930975
3.1601691602975484 2.2380075196256604 0.0071720831405457305 -0.029130074209055827 4.953796366372572
0.017833998061686215 5.1305365446695665 0.007523085942979595 -0.029041404544108102 4.965864085819955
5.6796171371060264 1.9370858444276904 0.00739341893428718 -0.029074685836000425 4.9614017487054465
6.702436409741787 2.9463011155961008 0.007907999397117914 -0.028938962412899026 4.979141262900205
6.44197379865521 3.128174514096165 0.00841002647404511 -0.028797073717755774 4.996531248737107
3.1331346725171683 5.973082271547194 0.0070404355839867126 -0.029162171846207435 4.949279562109562
0.1655592069458121 4.160200030895519 0.009839993110720641 -0.02834033407673541 5.0465744080319865
6.968886703705732 2.5912962785690463 0.005699682401427479 -0.029453584171079378 4.9035403438849965
1.0269528815454545 6.0882570924087736 0.006011521174174289 -0.029391522811389924 4.914138875171309
2.9076051015612507 0.3335693188261837 0.006741069391139653 -0.029232823734012422 4.939026506439582
5.824832681529677 4.380566081032101 0.0088394480732453 -0.028668173254680875 5.011476407033889
3.4969541680114222 4.965277615672785 0.00754711680136229 -0.029035168812779358 4.966691643495012
3.411061444702321 4.639718055167899 0.006740958807159639 -0.02923284923438317 4.939022723570955
0.07388476831751076 2.1537624852060016 0.0064978699034693764 -0.02928784196074519 4.930714978033931
1.6576259080490123 1.9541598240734408 0.006157609765602532 -0.029361264311581616 4.919111857646213
0.8899513453283617 3.5866682528731997 0.007850550436450103 -0.028954599942750944 4.9771566228306146
5.838584557946483 2.762469830997137 0.007691282907995374 -0.028997313103616657 4.971660095827371
0.33686472084835056 0.0036707478097606147 0.010313823708517342 -0.02817135141432916 5.063343311325184
0.6587613823691512 0.023428706134705456 0.01011159212887693 -0.028244569471302515 5.05617403321134
2.615851420849114 4.324561978637394 0.006081976034776422 -0.02937702448364036 4.916536580409614
2.3126359992139705 0.1790475857545784 0.007273285667465482 -0.029104970633887284 4.957272020089815
0.29221171078365876 6.7497814696566865 0.007997784455286918 -0.02891427750795048 4.982245150814123
4.875049025393689 2.4290725744032797 0.005903980608249341 -0.02941331353277654 4.910481337705871
3.544579682704636 4.785414294606722 0.007542657222256295 -0.029036327626398364 4.966538054234508
5.116727747692595 2.222081832407643 0.008122790950650228 -0.02887940905164153 4.9865711008567235
6.3809948397463865 3.84127718622484 0.008660610675199803 -0.028722705700066197 5.005244168655479
6.582443749199978 3.6792050874510664 0.006304385556392295 -0.029330099262640626 4.924113461830272
2.7772361486311192 2.0378585925087824 0.008056421269152013 -0.028897994330644387 4.9842736749282315
4.603252980101562 5.081411931889236 0.006026542836192883 -0.029388446393838724 4.9146499901614895
6.729825324726539 2.653044064191368 0.008062527516607016 -0.02889629128528356 4.984484984657808
0.28542271658773244 3.995081565791182 0.0088694887381956 -0.028658893375757225 5.012524451665032
2.7177084738825847 4.27822965157903 0.006114089167943505 -0.02937035773780149 4.917629842058194
0.21233740206530238 2.5837696047323946 0.005548532945715822 -0.029482431754356796 4.898411082194961
1.7759793540003246 2.756789983434069 0.006040180506980399 -0.029385646486730456 4.9151140609748145
3.4188534574801643 1.8923680916625274 0.008878488822847167 -0.028656106438638484 5.012838508529962
6.476762116628613 6.48934462043278 0.009073684960109584 -0.028594898867537213 5.01965744139823
0.02317761988331369 5.346904324624432 0.008129664810556108 -0.028877474786899317 4.986809128236892
4.816393269661203 0.8355858098884406 0.006999260446986488 -0.029172081742571104 4.947867865631799
2.7500359529218414 5.186192597821294 0.006152067590937626 -0.029362426063875152 4.918923103342353
0.24025564149896902 2.066811875589277 0.007638605213012327 -0.02901123421021141 4.969843891735313
5.421895769258829 5.7923294512399774 0.0060619525777528644 -0.029381162858965866 4.915855025815981
1.3017498411193469 2.408416521312659 0.006772186865054005 -0.02922563061877006 4.940091107661762
1.907842196519766 6.979262697961014 0.006655205240310111 -0.029252491230822526 4.936090244945892
0.8077448856550793 2.2175573608290824 0.007322532404583601 -0.02909261966863457 4.958964417493478
2.4581017443462856 1.0412671384502292 0.005922814230621229 -0.029409526884830207 4.9111216883449975
2.772055778077192 3.8969977067250143 0.008155233836630232 -0.02887026430550786 4.9876946702444265
0.016622747516625902 6.612555839343924 0.009402520718403697 -0.028488464404737388 5.031178560760116
2.6274852744712134 4.986574219582491 0.007102083897903466 -0.029147219495299036 4.951394085671829
5.713842858007093 6.979056146019873 0.008730326926345282 -0.02870159214676305 5.007672277296152
2.489775098836228 1.5649326266754302 0.007910759414637472 -0.028938208055851084 4.979236637898502
1.6177701623374265 4.695052635138364 0.006917151880302981 -0.029191659936783673 4.945054183364312
0.22753198267194186 5.6006449780061125 0.007439070373902708 -0.02906303893215785 4.96297220680008
3.1851993560327343 2.469746443118313 0.007284229724401051 -0.029102233545247897 4.957648057969006
5.1814008084103 2.3893387689241483 0.00838307278132712 -0.028804931708701763 4.995595389280438
6.873699951892296 5.889843328704774 0.008710205522827074 -0.028707704884753722 5.0069712966628845
5.367595382080149 4.685143851284986 0.006917689394347193 -0.029191532564141545 4.94507259667887
1.6226260613650894 5.5759051747059045 0.007643257512895182 -0.029010008869208764 4.970004257133432
6.444084708822484 1.3085551629852596 0.008645327503610307 -0.028727309521695887 5.00471211757873
2.059222996638161 0.935010987921062 0.006556758935025205 -0.029274714554850353 4.932726126973134
1.0587639576831047 2.1698339100478843 0.007033443092294459 -0.02916385911136342 4.949039789522812
0.12000860138997564 2.6770820113268234 0.007229469301706718 -0.029115885245269122 4.9557668427156685
0.21375905993459088 5.706490682798082 0.008851646623979277 -0.028664409152190738 5.011901943440511
6.754736909350488 6.421318012555774 0.008813962332304892 -0.028676019040388266 5.010587537969999
1.9701842880621747 3.751876305859478 0.006510341330957627 -0.02928507223406534 4.93114082084784
3.581290209365352 6.619909380530851 0.007917327014597311 -0.028936411887860725 4.979463597485902
5.043020253810524 4.526833881640535 0.007453223295022626 -0.02905941263196027 4.963459210374752
0.12048995248416075 4.258522449667652 0.008402822424157574 -0.028799176642884682 4.996281091832627
2.6540246896983555 1.4134808311968106 0.007879302985068877 -0.028946788845560824 4.97814977849949
3.605536625703737 2.1187733945330374 0.007803026399720984 -0.028967443432330323 4.975515657723182
4.12634644168087 5.534287454056361 0.005817843889094779 -0.02943047217565703 4.907553699499256
6.092510992827507 3.6583668156083733 0.0063177166702380804 -0.029327230624022375 4.924568003952868
4.122960027477632 3.3343124255668553 0.007029347278904818 -0.029164846593674264 4.948899350494262
6.601768037682105 3.39686968802291 0.007008204065311483 -0.029169934449342724 4.9481744583359495
0.7760706646852709 2.3817226960921687 0.006504098545815929 -0.02928645936446253 4.930927652950478
3.522206219063126 4.744644282870451 0.008419754304417085 -0.028794230975201437 4.996869071619618
2.2855979206997916 4.267077115829686 0.007228047690111079 -0.02911623819433891 4.955718017032819
0.3664248464181864 0.23995176292932247 0.01030203312492857 -0.028175665271522418 5.062924812383796
6.1817334820838115 4.786864643757872 0.009741193586086353 -0.028374445325299133 5.043090327665863
6.622879111123529 5.388027298984638 0.008801375673366186 -0.02867988469740208 5.010148641259586
3.0515373198371627 6.812157380228837 0.007909239162292627 -0.02893862360019316 4.979184103842957
6.781604951660346 2.7472949572677887 0.006033744333945392 -0.029386968698941744 4.914895041521998
3.917833843030834 1.5786257800232073 0.005972953438444777 -0.029399384810267215 4.9128268447313275
1.970213943485329 6.01113662582796 0.00679347753499641 -0.029220688954600286 4.940819662313486
0.8774049118287526 1.7079113483406265 0.008439277802195146 -0.028788514900518508 4.997547173948121
3.8059754234958123 5.44141552898244 0.00580795481817171 -0.029432425330408567 4.907217695963956
3.1813584324459065 1.4090415361379325 0.007963944540252706 -0.02892361642948162 4.981074986796413
6.798495519773777 3.4599348385639446 0.008918782743747657 -0.028643591157008038 5.014244935298317
0.26072209073284436 3.312218573757425 0.009051721668368365 -0.028601858940257546 5.018889450641288
3.5551458599220673 4.352415652464842 0.007715039240045034 -0.02899100152675939 4.972479444721094
1.711315447250528 0.5348165249707513 0.0066470570420330615 -0.02925434382583138 4.9358117066104485
6.261132136465593 6.9094304820384576 0.00778533623753426 -0.028972202879113902 4.974905016728174
0.21465840297664637 6.6505971804868755 0.009313148605242617 -0.02851780607018477 5.028043044642504
3.1338125274236117 2.9255357978391054 0.008358061383496117 -0.028812198977337895 4.994727196228748
5.662419699408099 1.968283831266301 0.008025208909925472 -0.028906677808977856 4.983193749896644
2.676050497407404 4.858340590647339 0.006609371274196952 -0.029262881118574433 4.934523683719348
5.95698238642095 5.529656232052112 0.009077102700053756 -0.028593814131253576 5.019776966380027
2.4568323755776733 2.0731348739843463 0.006375352003552255 -0.02931475544552269 4.926533671169118
4.5806723366353275 1.9586628712781613 0.006626621651115418 -0.029258979570261304 4.935113219876121
4.2926794280435425 3.032393376217958 0.006940019666685533 -0.02918623180587069 4.945837623277275
4.688367683951538 6.3166768092474745 0.006750620401843603 -0.029230619634044927 4.939353240893413
4.313491424076729 5.951247720248928 0.004910788723052204 -0.029595340074368856 4.876821931753483
5.554931152559535 3.4361427651002057 0.005916569708537659 -0.029410783785611946 4.910909362976806
6.1645943179038225 5.762685100716828 0.008980143090380017 -0.028624413183090756 5.0163878534550905
0.3972061846063496 5.682836832247096 0.00851674801292623 -0.028765691427190085 5.000239250475165
6.690234989233547 4.805602362215453 0.009731937902794292 -0.028377621194458066 5.042764148064745
2.808241499129529 3.7121545964904867 0.006249841500102492 -0.02934177024692949 4.922254170792415
6.606435676641441 1.784204366669634 0.006648413494286665 -0.02925403558500924 4.935858074404841
5.92463788500061 2.3392636381571457 0.007660311114849059 -0.029005510401020698 4.970592155050307
3.7926679453140593 1.030244801943393 0.005458284556102776 -0.02949927337587504 4.895350868219014
4.9118735796701385 4.545699398580578 0.0073367206814522225 -0.02908904483894841 4.95945214078938
2.117309072022094 2.470603236960066 0.008361177295431394 -0.028811294907281806 4.99483534350418
5.088965888771478 2.7438495662042484 0.005929052033789423 -0.02940826995898632 4.911333794322424
5.970334903191535 4.702783242716426 0.007030636374704585 -0.029164535864070952 4.948943551058206
3.2473133637980562 6.555780220670857 0.00551745442773519 -0.029488263710124835 4.897357049684118
4.108212652505742 4.583464572775778 0.005876099313304657 -0.029418896254961375 4.909533513615701
4.678004209000766 2.5820206761881352 0.006516866078959468 -0.029283620959657763 4.931363627525574
3.91780771697658 4.182677089152517 0.00600398230115543 -0.02939306374856851 4.913882383685404
2.1448619126489974 2.196738952268845 0.006894452698166048 -0.029197029335066793 4.944276663564622
4.088833680531824 4.3226512916898026 0.006205516415207934 -0.029351176569612756 4.920743765236993
6.737069293728851 1.7312412429899255 0.005762559027856829 -0.029441347004688246 4.905675556586175
3.6583149894138267 4.76793556865722 0.006535603331049236 -0.029279444822249926 4.932003527476173
6.396240495069185 2.013622440632719 0.007598545888549361 -0.029021752193477388 4.968463321112198
4.17294387911385 6.062880044084975 0.006835377718834431 -0.029210915963743107 4.942253823730576
6.820407160393704 2.247919258191701 0.006028059973107674 -0.029388135241294522 4.914701614018211
5.760536947718988 3.99730109721231 0.007884066218114896 -0.02894549187470096 4.978314333530869
6.769587301238299 4.628006069200857 0.007685386939357279 -0.02899887631602915 4.971456773206461
0.6230201702802309 2.8487338099852066 0.005951720635930829 -0.02940369060971488 4.9121046783670845
5.925770545573825 4.546722597615337 0.00925672530279988 -0.028536170672823366 5.026065153274733
6.436513993181121 0.7344674083403437 0.008997738153540729 -0.02861888726209175 5.0170026000706684
6.63274397886351 1.1173858044476226 0.00730482835101222 -0.029097070003047523 4.958355922994709
6.180731184289026 4.886472151234741 0.008681885902464838 -0.02871628209181304 5.005984962569507
6.122788674885333 3.5301397712074953 0.00796908481972341 -0.02892220059290188 4.981252710259294
0.05840853742914166 6.121253705650683 0.009586219473575767 -0.028427177070620934 5.037633662118597
1.8048922615995013 0.7088368516842419 0.005738535166862844 -0.029446039022908977 4.904859631095785
3.225672951647561 4.9564827839059316 0.005815992887999331 -0.02943083802284164 4.907490805856943
6.677630933823546 4.479027993594326 0.009585015350295142 -0.02842758309696071 5.037591304248231
5.801025236878126 1.0276269849311217 0.008827981750087477 -0.028671706231407336 5.0110764646863375
0.14903339220493972 4.469016325789821 0.009454370604282069 -0.028471299170864807 5.032999139649569
2.50454157776612 2.204904875431192 0.0064502062689937665 -0.029298376048638487 4.9290878505087505
3.6281996599663815 2.887705259295538 0.009481454738639143 -0.028462291124207433 5.03395056857487
6.7954530136332325 0.7850182397420093 0.007502382481050316 -0.02904675983837146 4.965151256923649
5.357680817246338 2.9572534300780036 0.006475137409794992 -0.029292876190710148 4.929938869674366
5.42459709745235 3.341807610406131 0.007175595887700044 -0.02912920911484591 4.953916956498287
2.8679743719744186 3.660357430189835 0.006662569137044722 -0.029250814903077474 4.936341987870604
3.142932780029131 1.361056215640141 0.007900665947485497 -0.028940965387945217 4.97888786073224
0.2907085039036705 5.621971481754572 0.009124473167606596 -0.0285787331667033 5.021434071370156
0.10900191382532662 6.100286457887511 0.00716049440373861 -0.029132925014389268 4.953398558610913
6.820185444798116 2.7243402099928136 0.005859698793335291 -0.029422167324168778 4.908976062116796
3.224549883253671 2.4985136885099624 0.007963862572836143 -0.02892363899859386 4.981072152870553
5.8041139714103736 5.868327304971868 0.007805372097017251 -0.028966811464624556 4.975596635628194
4.83719695188549 6.924582213280614 0.006357659317830498 -0.029318597647200028 4.925930168751073
0.9518006214438063 5.67090815232214 0.008577128032985116 -0.02874774555866565 5.002338933646274
5.5344880391599345 1.688599729656359 0.007283267392479623 -0.02910247439805837 4.957614990818415
2.820437772642244 1.438139518944373 0.007193148145118437 -0.02912487973816165 4.954519566795103
3.760350393136353 0.13794774540680907 0.006640066476845418 -0.02925593131628309 4.935572754900261
5.241013796392873 2.6865870192162977 0.00787824933410749 -0.02894707562828471 4.978113379099628
2.9676857130591277 0.7140902129687603 0.007135980319931472 -0.029138939323069924 4.952557189190534
6.100690779636528 2.6820681135329054 0.006332489515335781 -0.029324044341430162 4.925071755825066
6.668303577831216 6.435987912830491 0.008434944928525598 -0.02878978471702663 4.997396670244811
5.052514798592437 2.1527372071571107 0.0077808739186493656 -0.028973401613584863 4.974750999217608
6.17621662194532 2.3699556052835016 0.0070761168916900815 -0.029153534429553103 4.95050329086222
4.03936371384985 1.719556272957854 0.006025436334367153 -0.029388673276969954 4.914612339394259
4.917275546540336 0.6462805175983339 0.006742595646362447 -0.029232471738627478 4.9390787170787345
3.204171933670342 3.6596193942557456 0.008497204529769167 -0.028771470507766374 4.99955991622411
2.45257496829996 4.848399688484503 0.0079171739563469 -0.028936453765880544 4.979458308020841
6.739885237800456 2.7615918058860314 0.005464369745855726 -0.029498146777053244 4.895557154857162
0.19050689980605126 2.530630188673145 0.005010397923790384 -0.029578639465757665 4.8801885840364125
5.090833597012578 1.9191396278053652 0.007401775413290584 -0.029072559583414856 4.961689173462565
2.738107306628323 2.524273619215839 0.008950053613715599 -0.028633835585048964 5.015336844227879
2.519363086494087 5.4600631596191915 0.007185864085409869 -0.0291266777601912 4.954269477012669
5.531839560779613 1.3956900608097407 0.007625678780711649 -0.02901463463725511 4.969398351415329
3.904935825488478 1.2149655856927732 0.004810265834500007 -0.029611844633548955 4.873426303589101
2.969745079710432 4.419456588754254 0.006256388771968437 -0.029340374904455246 4.922477314367752
2.0779066591502064 0.3967704357722849 0.007800074649910142 -0.028968238390620668 4.975413760249452
5.044515758587443 1.9150560683651758 0.007733502902597861 -0.028986081709253327 4.973116374380127
2.8517498432686454 6.725804009288987 0.006425250173471646 -0.029303859135074727 4.928236139172647
3.905769884846325 4.196887820847851 0.006661384722693956 -0.029251084656406495 4.936301496387095
5.441913639967475 3.4845157626283556 0.006721581999788483 -0.029237310673523295 4.9383599305602175
2.6191822039649244 0.20610436536359986 0.005758854942809975 -0.029442071763849654 4.905549745785123
6.551939649385042 2.033515454830011 0.007495205615593985 -0.029048612579260447 4.964904185078813
4.466230791559387 0.4105252722342572 0.005645764239892238 -0.029463966911255413 4.901710052384663
2.402833515619833 3.670470172018702 0.008555106777304488 -0.028754306599689007 5.00157300430019
2.7132130529929253 1.795146736613702 0.008103695719042443 -0.028884773076712462 4.985909956520954
6.351322991718192 3.5007644115122822 0.008361245285341037 -0.02881127517619382 4.994837703340249
5.145349423006456 2.63102252998148 0.008574167678905228 -0.028748628638841485 5.002235958315444
0.14178736136129733 1.8738739725961695 0.006758660931624171 -0.029228761561368576 4.939628321797981
5.910182401331556 0.9606032027889164 0.008001844965650198 -0.02891315405046116 4.982385586252709
1.5667701967989716 2.2813671557488764 0.005390171632994157 -0.029511795095637016 4.893042389670002
6.969791413612243 6.94556837990417 0.008198003873406764 -0.028858148459171937 4.9891764372601
5.989740153763352 2.709625411407809 0.006145893899270829 -0.02936371890920674 4.918712849744168
3.6483238721084255 3.3010768286995256 0.008490786906561071 -0.028773365074446385 4.999336868469553
2.5355931125137365 5.334664985705447 0.006605204712247509 -0.029263821874616843 4.934381302148909
6.360440161832869 1.5147606449447475 0.006446556806666732 -0.02929917926049156 4.928963290284248
2.6312712468910453 2.9161031003642 0.00853579208318235 -0.028760046131963722 5.000901356529549
0.5850999514951257 1.683168495461485 0.0073083107809602055 -0.02909619551640559 4.958475607975875
6.980960165136005 0.7024722332321746 0.008363236231399604 -0.028810697314327623 4.994906807050925
6.073230869603511 6.7224024299561975 0.007330894412560577 -0.02909051369625308 4.959251855018265
0.7225435187518139 2.024304596920585 0.0066674938212590434 -0.029249692752975585 4.9365103516814495
4.043317321434874 3.7030239024487845 0.009330380381266282 -0.02851217287301831 5.028647350511753
3.263467528873941 3.0731723385093916 0.007390302250521581 -0.029075478201500582 4.961294554381434
0.25044180857821313 4.331685987673619 0.008918340546854404 -0.02864372884053912 5.0142294974355135
5.91912763413483 3.265827125214328 0.0059390923820467866 -0.02940624392331523 4.911675218487892
5.950868301391431 6.834317604434965 0.007196561763031251 -0.029124036443990323 4.954636774741024
0.6108221734460316 1.5187181836969827 0.00731509579359555 -0.029094490432563357 4.958708807241151
1.5020148294642264 0.7302210572483417 0.0068068368292741824 -0.02921757985151468 4.941276872779093
0.3917514101255072 0.561702954256427 0.009700398123807817 -0.02838841799466159 5.041652928180761
3.093478982598792 6.982648253435047 0.006821469027121094 -0.02921416711652118 4.94177770317696
2.2900975332760907 4.826430207468171 0.006885704031217526 -0.029199093821460874 4.943977031794218
2.4491020811913895 2.265796484093752 0.007984494971112262 -0.028917950135794252 4.981785563332119
6.256286278208138 1.5482246856834578 0.007084817347986364 -0.029151421288603947 4.95080173740504
4.283732969485546 6.83036997922279 0.006901850220471965 -0.029195281528599293 4.94453003672821
1.4240262410407134 1.3218012002606963 0.0059472145903389385 -0.029404602337329094 4.911951433123693
6.057330559087163 2.7422931288028067 0.006049020489689781 -0.029383828054140818 4.915414896832606
5.477049362257933 0.5645766624953066 0.008444160329245876 -0.02878708315085066 4.997716777988869
2.8562001023245958 2.3768753414329544 0.008697045357846092 -0.02871169451710518 5.0065129092576655
6.256116888001128 4.641317768386263 0.007629124571674996 -0.029013728789486274 4.969517113715549
2.103936178765132 3.0770564113367525 0.007936553755670579 -0.028931144368713645 4.9801281059465845
3.3498939638311906 6.80980582747074 0.0053750361426167965 -0.02951455550174461 4.892529551254872
6.649718607443759 4.252791049354654 0.008056528313575246 -0.028897964487703286 4.9842773791465
6.75182447453465 3.4130965510480795 0.0089253699810941 -0.028641539251593726 5.014474916002573
2.64097240718254 1.4240422412623661 0.007476471365436214 -0.029053440001518105 4.964259311148328
3.8863421683267196 6.539952214425445 0.0071713373266178194 -0.02913025782494652 4.95377076356868
1.686977699014146 6.303163427560332 0.007866240068069588 -0.02895034140025807 4.9776985327564915
3.8424975344439094 2.5401109918819524 0.007823721132988527 -0.02896186091454119 4.9762301400605935
3.8246238320574335 6.569282845459921 0.006035153520618927 -0.029386679328950404 4.914942994532252
6.606262768749783 2.1917450989660807 0.006499323093213733 -0.02928751951480389 4.93076459581545
3.750551867725041 3.2391221675199127 0.009119444010435858 -0.028580338362946746 5.021258100801594
2.6446944368025616 6.996745873271154 0.007872049978389374 -0.028948762134808802 4.977899223611636
0.28745365112988247 2.289455593933821 0.007494029691317158 -0.029048915969200242 4.96486370403578
3.480755097869185 0.5752331371682711 0.005463897969546119 -0.02949823416712244 4.895541161458853
4.131625025316972 6.9589243787049195 0.006396215013169079 -0.029310210396810706 4.927245416018307
6.627052314151922 1.2870001381380303 0.008879447800379286 -0.02865580930213522 5.012871973735918
3.46478898394346 4.311556945261357 0.00671200660073647 -0.02923951038221519 4.9380324367329695
1.9117607662846496 1.7766876018144324 0.007305260903596305 -0.029096961407170805 4.958370788869219
0.7289599421998911 2.3729018026643054 0.007212080349315091 -0.029120197407212455 4.955169654474879
1.4425609375770727 1.533646158244026 0.006760853642630067 -0.02922825444707459 4.939703341398864
3.5534664543145693 2.4084672466803716 0.008875620320434223 -0.02865699502612748 5.012738409169179
0.7108594261723556 0.03998844995551796 0.011889247745068878 -0.02754352533820561 5.119881329398007
1.0215114572513677 4.058696586946904 0.0065822849225520745 -0.02926898572206327 4.933598158832704
5.040791381258513 2.1866115814963116 0.00841451669766442 -0.02879576199277815 4.996687178673698
2.756361570603612 6.612774848507373 0.005802281351726315 -0.029433544317927617 4.907024937177794
1.927284942585867 4.667449630381573 0.0075288977350818215 -0.029039898396769223 4.966064211911781
2.160788407162971 1.665439060688805 0.006284806205555357 -0.029334300928411654 4.923445958197875
5.839316006185805 2.004435717591402 0.005527234104759572 -0.029486432187553355 4.897688706398438
0.786769335480396 3.2711244398607384 0.006704331981992293 -0.02924127105095186 4.937769970380365
4.6248481511370265 4.770576904348906 0.008476417728864925 -0.028777601402580174 4.998837513609776
6.258167927371102 6.695348578404982 0.009770906408630707 -0.02836422725818173 5.044137684555804
1.849563165391917 5.522830053961528 0.00576106552852388 -0.02944163928819273 4.905624828882754
2.076260598100565 0.7125148599981624 0.00569101906202806 -0.029455259327251446 4.90324621693147
1.6028700465877133 1.1174973437755755 0.007928655699830959 -0.028933309848573115 4.979855121230928
6.653363379375045 0.8637550129853875 0.007668773715569764 -0.02900327412033659 4.970883924675563
6.341142097549332 1.8610770296630192 0.006711433142748578 -0.02923964201508657 4.9380128243424215
6.616078871876555 5.613771414504087 0.007278186403791245 -0.029103745509326942 4.957440405054779
6.914312962319418 0.8266214574798662 0.009032947370974966 -0.028607793724668745 5.018233117458166
5.61076513622993 0.432720067392486 0.009326820595320862 -0.02851333753846958 5.028522501618157
5.873021273205887 4.119132671274063 0.007620048728795568 -0.02901611375375381 4.9692043145622975
0.8158930226284735 1.3752623253436693 0.00918227586542931 -0.02856021375849898 5.023457303551197
5.419068000989102 0.8093136556528512 0.006745441749060757 -0.029231815126844727 4.939176079172713
6.4986212048296945 2.779649769397221 0.006251534682344416 -0.029341409545477613 4.922311876671593
5.350112826568798 2.618480784739824 0.008748862032860554 -0.028695947677851153 5.008318127481635
6.080286118004043 1.4458434429283684 0.0062048420844633585 -0.029351319130609316 4.92072079071993
0.5618974933477126 6.021617775883395 0.009101157117869626 -0.028586166918911166 5.0206183243502505
2.524218658950411 2.860938888514316 0.006658575061214573 -0.029251724362064045 4.9362054441966325
5.965583340751237 3.2850601124415144 0.006809620107242812 -0.02921693128983662 4.941372134223474
4.564916089822926 4.077918308532831 0.007034697830642836 -0.029163556477760887 4.949082813487976
0.13358265988875678 1.9165352379091547 0.005924787160040091 -0.029409129485726434 4.911188773502662
0.742627480374653 6.981034275259842 0.010650490169424364 -0.028045802879414862 5.07532052505852
6.49581421810965 1.8064588801909804 0.007402456809028656 -0.029072386093860016 4.961712611294696
0.4270606469331399 5.295922177536317 0.007609000722706058 -0.02901901287090687 4.968823579424852
6.477500532862489 2.2949886641484203 0.006332627859728993 -0.02932401446579551 4.9250764736075805
5.610119871926154 5.927775116718254 0.008038381325340863 -0.028903017587587825 4.98364946636763
6.176508783639551 1.114175059146638 0.008311573139370898 -0.028825643998857824 4.993114081245813
6.689348422874358 6.173030284696006 0.007487681053825412 -0.029050553048714647 4.964645160301258
4.132078409714928 2.221721233098333 0.007586503181337059 -0.02902490257485049 4.968048389120421
2.0953187138621194 1.9095163511171798 0.006405406208680441 -0.029308203140107344 4.927559010156444
0.28405749333390834 3.934406396823966 0.008219505829524132 -0.02885203153884348 4.989921607527222
1.6511889925129952 2.267760470450064 0.006685137928929786 -0.029245665163767164 4.937113616889631
5.12413371926888 2.8395868484683637 0.007040288404105718 -0.029162207378506427 4.949274515167513
4.746054921896458 3.6820008707267213 0.005887373388987141 -0.029416642136359583 4.909916753944684
0.6077800461450066 5.5642613013459865 0.008331239827867928 -0.02881996604665847 4.993796412050136
2.5197686810286695 2.615979888739012 0.006658989422092793 -0.029251630037939017 4.9362196095682584
1.951480402848706 3.943979980219623 0.007011765983709539 -0.029169078452870152 4.94829656936308
2.2218707751927287 1.635013889866762 0.005761474050630331 -0.02944155934667716 4.905638704559209
6.378941890204645 3.866032700792842 0.006634223101099193 -0.029257256943275488 4.9353730263980005
6.825505390517641 3.196580890701724 0.006175909982618804 -0.029357420456957543 4.919735175981625
6.243062725217916 1.2833748583216655 0.008036738142314107 -0.028903474532171278 4.983592615209012
0.2706667198327061 4.273959967311502 0.007418042346566683 -0.0290684132305935 4.962248742113185
2.8257722089737127 0.11974321335786307 0.005205997825435987 -0.029544840271044887 4.886805217188077
5.327410681489552 5.077388211773856 0.008426811202309594 -0.028792166520785294 4.997114160674118
3.7562226182781195 0.6830957029067869 0.006444313735416656 -0.029299672702600622 4.928886733451687
6.743097420191592 4.14287787688942 0.009641572750817461 -0.028408450765409474 5.039581498778384
1.9442146300353116 0.2831778519274071 0.007765568901403871 -0.028977507478000056 4.974222792943382
2.460911000058271 6.574733581779861 0.006915014437324932 -0.029192166335021932 4.944980962984163
0.029746205433266122 0.9819258139653595 0.008989653567116002 -0.028621427790088295 5.0167201213189845
5.072852391841309 0.5838186555035297 0.008261085790868553 -0.028840153632668283 4.991363048998762
5.72127039742775 6.803065744975835 0.009182723550044142 -0.02856006982140388 5.023472978704987
0.007380292317089143 1.4976655943956272 0.008024755722211584 -0.028906803621272837 4.983178072317552