300

3.355728039517644 3.6297068091702442 0.008305404684329979 -0.028827421893563594 4.992900095920943
1.174196133732518 0.11858782784200562 0.008442370904207797 -0.028787607985308286 4.99765461786253
6.759010834689345 3.2609155995950294 0.0086623714459321 -0.028722174724987316 5.005305471619946
1.1150905648588 2.9141810186073753 0.006818184664076883 -0.02921493381622739 4.941665281011009
4.801955787012665 5.759776763873745 0.008650118011934034 -0.02872586740865477 5.004878879751637
3.605106104882958 2.606621937274441 0.008505892902051242 -0.02876890310628534 4.999861908431332
4.594956111042054 3.606289783993828 0.008410026828166967 -0.02879707361433644 4.996531261034255
4.333794042954611 3.7879778912578517 0.008597026710817768 -0.028741801121945815 5.003031187392805
1.0003439994077492 6.625792629366612 0.0069959958253465815 -0.0291728648303819 4.9477559580261445
5.006592947100183 4.805537138453496 0.007656841455127574 -0.02900642651087927 4.970472536230387
4.881182501105843 3.256461694837963 0.008492165220583122 -0.028772958309258335 4.999384771235212
5.813942878246204 6.717632917584732 0.00977412140286168 -0.02836311955342926 5.044251033563231
0.8103594568353552 0.9943293713645093 0.007837429005199459 -0.02895815440577072 4.976703478055384
3.6662717182630793 5.026561964922239 0.008889524716714827 -0.028652684870896762 5.013223646428671
1.375700584365311 5.621361040073057 0.00879080540261899 -0.02868312640514079 5.009780101658041
1.272808777358498 5.290558359230346 0.007524459411811637 -0.029041048716601115 4.9659113795809695
4.993376146564469 2.82078150035001 0.009176076961457329 -0.02856220600019214 5.02324026428802
6.567689760168704 2.617410262757527 0.008346024320310026 -0.028815688054335847 4.994309444906218
5.682711825026971 4.217486537043332 0.008122248741163081 -0.028879561551150228 4.9865523259553886
3.7625434038415797 3.4312552358330652 0.009182784054507814 -0.02856005036774755 5.023475097204159
5.212081808058322 0.6585528435583142 0.010555708463356574 -0.028081613536914546 5.071943151859312
5.522679055569132 0.6756180678546887 0.009937857402711277 -0.028306165233803336 5.050029668138661
0.4723290158363873 4.973940740875 0.008633694105294082 -0.02873080796107569 5.0043071826916545
0.21534056792616457 0.8402136273015883 0.0077882124343420685 -0.028971429841786536 4.9750042924093965
5.124011142646312 0.3936718160170106 0.008137633759168152 -0.028875230160150183 4.9870850962134154
2.806380967813518 3.1010254262914856 0.008980927929849985 -0.02862416694890596 5.016415272107854
1.415103195479214 5.438579957455382 0.009678354299503818 -0.028395940872830327 5.040876523422961
3.0538244324177186 2.8949973823927424 0.006540949704820429 -0.02927825092041889 4.932186129393429
4.231024873254627 4.4895404451162175 0.006767556146127012 -0.029226703266174558 4.939932663383851
4.444170059468171 4.3307122864809005 0.00720416383203916 -0.02912215691670414 4.954897807042918
0.732321021569109 2.7140331895668055 0.006865203534798221 -0.029203920634493476 4.943274996265118
2.4616377482411296 5.732654528441954 0.008375610435787108 -0.028807102419853584 4.995336334185051
4.6550268742744745 3.3220315781160727 0.007959147228846941 -0.028924936912455627 4.980909129186581
5.098650604784692 4.632234202211299 0.007930578573011073 -0.028932782850899386 4.979921580640565
0.6212343895792064 4.940355898270093 0.00870587798457202 -0.02870901754706601 5.006820555273841
5.128706962710592 3.250053756592044 0.007612670731789502 -0.029018050319229848 4.968950050644339
6.720098761585362 3.4294009812712534 0.006984218228971451 -0.02917568672251097 4.947352260045587
1.365421740435559 2.5669109783921606 0.0060506031830983575 -0.02938350219290886 4.915468759868464
4.303887291913365 0.13154303027925696 0.007174652186466285 -0.029129441566965106 4.953884559550447
4.838068239358047 5.98533268754383 0.007461647486236994 -0.029057250675023145 4.96374911659703
2.7213235199897188 1.4978797253639398 0.006865619632059029 -0.029203822815992524 4.943289244282118
0.6099292677925481 5.8364502716753615 0.007620411116906856 -0.02901601858300553 4.969216803784964
5.186316765561264 2.7412612858288967 0.007963076295120023 -0.028923855481558774 4.981044968366776
3.3175490278576114 6.452704586752526 0.00807300076440339 -0.02889336703567001 4.984847445623524
6.222126424863749 3.075935915499052 0.0068115842192725635 -0.02921647344262748 4.941439359881058
6.828385474085853 0.6453398067082636 0.007212889409341995 -0.0291199970186915 4.955197438036896
5.71667439811317 2.881869853293503 0.009358784357121145 -0.028502862230956813 5.029643718345369
0.37306922760859157 1.7060734329145126 0.006995445066799344 -0.029172996903256147 4.9477370789306665
0.6700382220578666 4.557964162758427 0.00891911603127129 -0.028643487378821723 5.014256570994608
4.8484982312583815 0.25645122522974456 0.009112744093686953 -0.028582475314132147 5.021023685583475
0.4736846631030643 5.633157569443827 0.008436083555106232 -0.028789451093260983 4.9974362201472875
3.5640068289786613 0.6279715070526812 0.008036489579948224 -0.02890354364487828 4.9835840154793
0.4425205192847636 2.2405745978344744 0.007965707030901744 -0.028923131080466416 4.9811359233477095
6.474947795887699 5.343424933720215 0.00857182720470092 -0.028749326572508598 5.002154547621988
5.020669155748208 6.231931855450084 0.008795416371419045 -0.028681712829839397 5.009940861065777
1.1582741782966641 3.1500780810929423 0.007520368052523231 -0.029042108469506615 4.965770500211463
3.1052485419215694 3.0587887362160604 0.007038511228412723 -0.029162636363804763 4.949213574560444
4.662937825769021 6.521184498872768 0.006429382588849129 -0.029302952744155383 4.928377160847026
3.209256322411498 5.3306996869168 0.008133453710965575 -0.028876407857134523 4.986940336745501
6.447133158735673 6.214897672665732 0.007105583145364269 -0.02914636663744411 4.95151414167417
4.365084054725443 1.9756217284707276 0.00851114250963131 -0.02876735047203247 5.000044388423998
6.966123200480636 1.5979557272958 0.006786170747978781 -0.029222386736529188 4.940569614317443
5.967040118685109 2.83367789169161 0.009278634883179019 -0.02852905422029713 5.026833031762679
5.03525714658824 3.3431477446066618 0.0093870165861564 -0.02849357681322625 5.030634384681713
4.998305645152631 6.336345078031839 0.009175927394345766 -0.028562254050646895 5.023235027753218
4.570666379105206 0.05998527708878869 0.009201764766265712 -0.028553940624479676 5.024139757849629
6.875782359214993 4.41469408368129 0.007531722950283486 -0.029039165783475478 4.966161500504127
1.4726904453600664 0.2779119971290417 0.006486901438535765 -0.02929027329552803 4.930340487842246
2.8862396587159256 5.172593424719453 0.010378065496721935 -0.028147748694091854 5.065624660289156
4.958642616472222 4.903098327461952 0.008157790584972515 -0.0288695419563895 4.987783231273849
0.5851828426912229 2.082683390975395 0.008348406014154298 -0.02881499812637218 4.99439209857567
1.5230472873220873 2.785175699282491 0.007513739856088699 -0.029043824014324014 4.965542279844764
2.0477642035904613 6.200852986012654 0.00926296990472956 -0.028534144258135278 5.026283992154887
3.987555735004216 4.319342753584335 0.007055729374883354 -0.029158475320023303 4.949804034703375
2.0481493319723953 4.002991626966394 0.0063970340723417006 -0.029310031645791504 4.927273360603454
4.48000668962824 4.0537838111464115 0.00841561100121686 -0.028795442199698856 4.996725181127984
5.66144228467891 3.039129469555443 0.007856339613190558 -0.02895302968399357 4.977356568045382
1.3904444648990488 5.398083857746858 0.009068218802603343 -0.028596632804372458 5.019466288710767
0.17063078698417977 4.924619863021602 0.009147071244191929 -0.02857150831954234 5.0222249018135585
5.243673394586049 0.895547316625668 0.009231958297442429 -0.028544192859394076 5.025197359088763
4.036582185837165 5.435355411736796 0.007807647302494386 -0.028966198293870947 4.9756751817104865
4.41088949442812 6.019182270995407 0.00835267803686078 -0.028813760074182328 4.9945403586746915
0.9495629357149455 0.47093791582838646 0.008394184067713409 -0.028801695676424093 4.995981153445182
4.711097325341849 3.416877763442283 0.009503795697336018 -0.028454839084825226 5.034735603149433
1.833900683865749 2.244787082219725 0.007358025654224914 -0.029083663085515344 4.960184613888202
6.83828028049501 6.662897871453378 0.008358080971252502 -0.02881219329516562 4.9947278760712805
5.796596981404018 2.374070571285211 0.008259992902988175 -0.028840466661317826 4.991325154542196
1.7264530023856808 6.107341055189648 0.008325815539474963 -0.028821533540091808 4.993608204303431
1.1163544290039662 2.0791439178260833 0.008639677619468765 -0.028729009217716688 5.004515450467183
4.654871455867233 4.110248820590959 0.006821095076562753 -0.029214254430953587 4.941764902880514
5.123542831291291 3.9644230235187363 0.008736007713855392 -0.028699863574997337 5.007870209122798
1.434647695520492 5.008205253289548 0.009350168855429313 -0.02850568964917284 5.029341465390607
6.635954856451181 1.2015215498263911 0.007642856916113227 -0.029010114411353503 4.969990448242333
4.10567940214549 0.5572575715710704 0.008299212455893238 -0.028829205202570995 4.992685299158635
5.077904298672545 0.3029898364505663 0.010046416894500813 -0.028267817524207428 5.053867451983928
1.082805140847086 3.5997010092279917 0.00788686825180553 -0.028944728521419265 4.978411138610182
3.6103575387561557 2.643865473031538 0.009244099918135048 -0.02854026308048921 5.025622750565641
0.5560516288648526 5.513162326284696 0.008603162162360166 -0.02873996521932715 5.0032446620965105
3.8158934838230762 6.180067852380227 0.007594131863909654 -0.02902290752549703 4.968311230475348
0.41978170347393845 2.7525995843775592 0.008725179459812334 -0.028703157376742873 5.00749293790135
2.505420931496412 2.628111999548543 0.008672475067719601 -0.028719125616908706 5.005657261068414
2.2247487403751633 3.7037602071454128 0.007411073574922632 -0.02907019071948245 4.9620090125312135
2.5727736124060465 6.972018716103309 0.007055853285835462 -0.02915844533593595 4.949808284274536
2.2415567619491563 6.617296331752165 0.00847226878124085 -0.02877882314651542 4.998693343861589
3.457033013842504 4.098884273968421 0.006305152601175762 -0.02932993437899046 4.924139614041097
4.007112495542479 6.408683351243469 0.006057406645682132 -0.029382100413837774 4.915700305611265
5.187277184855614 6.312504208223939 0.008892347135727138 -0.028651809060122633 5.01332215245556
4.50319543128894 5.443246845792158 0.007182842196098816 -0.02912742312642748 4.954165728460641
0.7043776791596116 4.372424845176183 0.00852057812054696 -0.02876455715792712 5.000372401563828
4.550821696589096 2.457546907527147 0.008280719226425584 -0.02883452252237074 4.992043882810325
3.8469478060770395 3.007014726303792 0.008596358799133766 -0.028742000894101918 5.003007949135746
1.681155929077249 1.6861905473751264 0.007988538877640628 -0.028916833274071074 4.981925406737189
2.750087536284872 5.1900813450562735 0.00900585097573625 -0.028616335338453636 5.017286090612771
0.05968231897396969 3.1438996731555915 0.006639198897081246 -0.02925612821282056 4.935543100166823
2.9951791870555113 3.4085969774813734 0.008788340724849962 -0.02868388166381851 5.009694174995645
3.811740443801385 5.347468478382399 0.007564137625192512 -0.02903073926008683 4.96727790224503
1.1612576278812397 0.21978844951588333 0.008850884639820795 -0.02866464444385425 5.011875360613458
1.9767968634472932 5.2365907493378145 0.010273908054156929 -0.028185932897364412 5.061926789994407
2.5986127623313653 3.250382797131999 0.007876272989171897 -0.028947613438762808 4.978045105309175
1.7864908359775185 4.8357458245911005 0.008153282964764742 -0.0288708153140239 4.987627097144734
0.08744416859663884 2.8699725303854917 0.007556985793980263 -0.029032601772999617 4.96703155640792
1.9733649832620732 4.980399152972468 0.009399741465111968 -0.028489381537496646 5.031081005184134
4.666513327086734 2.4008321502524135 0.007780392722626662 -0.028973530835604038 4.974734391055542
1.5525070480751966 5.428213338816528 0.007430931460511129 -0.029065120980811106 4.962692173392845
4.313580428561072 2.6801566761909785 0.0076420753027143145 -0.02901032031997654 4.969963505548695
2.080021366147419 6.724778732763331 0.006995091309353486 -0.02917308172911815 4.9477249527534095
4.738918809833564 2.914245757382601 0.00907806846905812 -0.028593507530051167 5.019810742013375
3.6231800207392624 4.64853929269946 0.009161434418283782 -0.028566906017269095 5.022727651984561
4.566582898693254 5.261051818940577 0.007025761570547441 -0.029165710592300314 4.948776406071104
5.519738767100132 3.509446398648034 0.007572063918007309 -0.029028672860150043 4.967550942996773
3.791767722114926 5.199030547118879 0.007636669759051509 -0.02901174374268441 4.969777178373525
4.354114623068038 1.4012101287977652 0.008132094364348105 -0.02887679070203851 4.98689326241365
4.5660392758493895 1.7876618144311867 0.007900528558934413 -0.028941002893636245 4.97888311353531
4.001310591983148 5.525586485623538 0.0071565532655327715 -0.02913389341227142 4.953263279620014
3.9934517503083913 4.183767733547678 0.007949715270311295 -0.028927530608764022 4.980583059829259
4.841917964674952 6.749923704109584 0.006968978688414185 -0.029179330630438198 4.946829955678213
6.697062418771966 1.3664675897435146 0.008168205159293394 -0.02886659703663895 4.9881439957582625
1.1097868819458279 5.614028797290843 0.009510251994925521 -0.02845268189455987 5.03496250804533
4.494480364752418 5.1179153663092825 0.007068300984925355 -0.029155430389320326 4.9502352049257885
3.722959673167987 1.6956672900444818 0.0089948070399755 -0.02861980863516748 5.016900182867875
4.981587160940354 5.111436422964176 0.007641800506672483 -0.02901039270703208 4.969954033205889
0.447344365795944 2.8781349353723735 0.006550630830324809 -0.029276086414082022 4.9325168008981155
1.561685790019063 3.558002376102835 0.008743541262384174 -0.02869756934294236 5.008132713841302
4.744569190315677 1.459863793698595 0.008354810765952491 -0.02881314174235646 4.994614377198107
3.2959455656678034 3.63003490949829 0.008355307070480296 -0.028812997826640357 4.994631602177309
3.349734381999761 4.011737878232161 0.006867680707053206 -0.02920333819456209 4.9433598203881175
0.7607430414289029 4.319798035468803 0.009138980808316505 -0.028574097182329707 5.021941750178352
1.0988569501580607 2.0378510999558737 0.006202935950545414 -0.029351722020921213 4.920655849146891
5.080304955838783 6.251251485167864 0.007888291782619725 -0.02894434059971403 4.978460319943913
4.925061365266315 6.739107233696229 0.008992635756475199 -0.02862049094881784 5.016824317314583
4.724742541500902 3.388101713537807 0.007216196160507203 -0.02911917775235216 4.955310995661112
1.158653116292034 3.1695443249558535 0.006881817854111112 -0.029200009983266058 4.9438439414949675
3.6738685407786473 6.522048825235637 0.007058238143762698 -0.029157868137192976 4.949890074695908
2.7199481385968167 0.5812084010531543 0.006036449727802457 -0.02938641309659472 4.914987103396694
5.753392683132682 6.303905157670779 0.00944923843986426 -0.028473002878280883 5.0328188875709845
3.447511765836371 2.3542670307782587 0.008814121509125118 -0.028675970114755974 5.010593088843564
0.7530271481175571 2.1078067899463 0.00633404188005576 -0.029323709067266706 4.925124694416209
1.6517879489195906 0.7934854818092854 0.005500144798655628 -0.029491497201631207 4.896770081262577
3.14294301400563 3.349217395091022 0.008800126678944495 -0.028680267963087952 5.010105092058144
0.873606776961671 1.375289473068954 0.007902140563491873 -0.028940562788494908 4.978938813637339
4.030489861856431 3.3520908230287296 0.008916070907628778 -0.028644435403235576 5.0141502615495535
4.476269525011016 0.07284348788843448 0.008533252972947073 -0.028760799601187898 5.000813071658168
2.9729054710684144 2.8216562824638705 0.0071742159793615244 -0.029129549002369977 4.953869584793745
4.10084500363977 3.038719097117577 0.009013948061365485 -0.0286137858443619 5.017569056484862
1.9433678652571809 2.3820672826847797 0.009121482877974593 -0.02857968771884704 5.02132943973118
2.8278585859229306 1.3094960339962156 0.006829902026775979 -0.029212196738770627 4.942066374216535
1.1112784859269889 4.323915978462156 0.007777983117825611 -0.028974177790212094 4.974651226255525
0.3082196289567693 5.496940770327963 0.008747764109233764 -0.028696282391438815 5.008279867123906
4.657086052821676 3.4278540856517523 0.008460683457065106 -0.028782231244977252 4.998290803493218
5.103751833675257 3.196372391824814 0.00749877562338199 -0.029047691201714673 4.9650270847316715
3.018604383930643 2.5892265660347413 0.006583492195300295 -0.029268714193049546 4.9336394065328975
0.6725874884950995 3.195496769053165 0.00672873806601503 -0.02923566459034171 4.938604695467717
0.3664570395928863 6.1064925599686255 0.00860755592989769 -0.02873864960142844 5.003397545653035
3.432458341956331 2.0570595841609833 0.007712920390001172 -0.028991565308853266 4.972406358958991
1.785119832641845 1.8660224704043171 0.007712959760194195 -0.028991554834772577 4.972407716947072
0.8122067558768132 5.065880778106574 0.007788825259880496 -0.028971265092692232 4.975025445223883
6.961191657750426 1.0516450885882465 0.007991379513939982 -0.028916048372213312 4.982023642765421
2.9414341942425706 2.5767817947529563 0.009052679620925517 -0.028601555756302483 5.018922943486502
0.752240539838418 0.3873219431635138 0.008545153475675632 -0.028757266074457576 5.001226872171761
1.7984785235386933 4.856574980298609 0.007174222356002976 -0.029129547431888246 4.953869803700039
3.3595939490493256 4.150807769716487 0.00773420934525093 -0.028985893220734686 4.973140746247875
0.5355124120056924 0.870177929458145 0.0066399264753117465 -0.02925596309135035 4.9355679694960255
4.481062548608156 2.702873065574521 0.009391323132550505 -0.02849215768979285 5.030785529399719
2.344277508051972 1.0648259564540108 0.0063368074572426195 -0.029323111554707734 4.925219007361242
0.2784436291542195 4.324607242033265 0.008237171293209033 -0.0288469930683656 4.990533938957543
0.6744955324326322 2.4729374182348636 0.00729917159118589 -0.02909848954984476 4.958161517790877
4.231168661288243 4.15702327636996 0.008202029943849347 -0.028857004432203258 4.989315952456174
3.057278570674417 3.2975549299923474 0.006952957727685691 -0.029183152311513843 4.946280939957206
5.03545877428638 2.5341981633265314 0.007229847551942513 -0.02911579132319214 4.955779833934814
3.8492036454267895 1.6334057158242028 0.007220082383150052 -0.02911821440920659 4.955444457084876
6.475923245829846 2.944759088309323 0.00913157617857861 -0.028576464380584515 5.021682623076397
4.8156473861955575 0.5927636203571491 0.008853480503600604 -0.02866384278097345 5.011965921655749
3.9278594776598865 3.381579008971589 0.008747714686956039 -0.028696297457261166 5.008278144870686
1.5731757748315431 3.969940381683321 0.007333148133579393 -0.02908994565912733 4.9593293284876285
0.39125379028571367 5.98344038988374 0.00696964502838725 -0.029179171478612563 4.946852791767179
4.308831595670343 2.1889723882962255 0.008286755517626724 -0.028832788331881517 4.992253231610873
0.5516675926880739 3.581781067138011 0.006351736135681094 -0.029319881446941132 4.925728145021237
5.5154872412764275 2.352952041537497 0.009186237316764738 -0.028558939825562134 5.023596011885635
4.9137396510528815 1.3728999436809146 0.0070143291100536196 -0.029168462200394697 4.948384441642704
3.8959118663754824 0.36382886977194023 0.008252426151706219 -0.028842632726757713 4.991062798624472
5.656721852959019 2.69541722318979 0.007030308770237492 -0.029164614837078197 4.9489323180996205
1.9502776143993366 4.366152404018586 0.007449621800955425 -0.02906033611338192 4.963335276801729
1.1824329217202267 3.7399942886856836 0.006364064698005791 -0.029317207925032635 4.92614864891306
5.062037850639348 4.967247126821804 0.008241999727001249 -0.028845613886691875 4.990701323793687
3.836385271180896 3.93231099869008 0.00670169242045492 -0.02924187611460005 4.937679702955867
3.791781838628068 0.4812181985265195 0.009460043552628295 -0.0284694147460459 5.033198397717731
5.55176617214179 2.191165990158124 0.008409915107823839 -0.028797106241412455 4.996527381463666
6.4010302623438715 1.3901400688546435 0.0070432027386940575 -0.029161503650903402 4.949374451695367
5.3110973039832805 1.228500271130385 0.00943321837190444 -0.028478314401452282 5.032256299441246
1.0180420225654139 0.6483119592784723 0.007467746085396314 -0.029055683925938623 4.963959004436245
0.1669717566999376 5.481342487132747 0.009161028946231775 -0.028567036049375223 5.022713458248322
0.3935698883405021 2.938744335978563 0.00831534903289425 -0.028824554991554414 4.993245074497669
4.164878178419156 2.2121690698771284 0.009419994317447762 -0.02848269135912637 5.031791979893425
2.1951520508975344 0.4931725519320475 0.00814743662399051 -0.02887246571489969 4.987424602909904
6.338576953934085 1.9866241963888405 0.009445736398548926 -0.02847416484972172 5.0326958949288345
3.951231021365544 3.4025271787001627 0.008941297830432095 -0.028636570903435875 5.01503107432848
3.3599833906054513 1.2213519209154655 0.007218341574658739 -0.029118646000656574 4.955384673350706
0.81163628291695 3.0530404090017513 0.007649024945918647 -0.02900848871238752 4.970203070727195
4.095723872058872 5.2860602507687355 0.0070710589677353795 -0.0291547616192417 4.95032980186375
0.015082060950922516 3.7398429501326387 0.007700734236418537 -0.028994804572889457 4.97198604799874
1.2513464543815658 0.4696356908068657 0.006879347666559781 -0.029200592043357586 4.94375934690299
4.490187906194739 4.897381094275064 0.008979387736731336 -0.028624650144122965 5.016361465122959
4.646638049987367 4.0743365230763855 0.00949230682769747 -0.028458673740862344 5.034331872333601
0.5765225803009705 2.0951899077468084 0.006832229636872972 -0.029211652438522452 4.942146054351567
1.7767646802454993 0.19647276411725997 0.006864502743730244 -0.029204085366285996 4.943250999860655
6.526331454552945 6.94578923359557 0.008005033047315823 -0.028912271545338347 4.9824958519923745
1.77605353519406 3.211170699819567 0.006389567029169669 -0.029311660362042746 4.927018607017336
1.7333807154543746 0.23065663612080417 0.008074037819004697 -0.02889307725558636 4.984883338283607
4.550831186741692 2.8655007177036476 0.007797548917375229 -0.028968918358840055 4.975326571554838
1.6737644644950882 3.907485804467056 0.0073753989383783065 -0.029079262206936546 4.960782014502058
0.5406475604167915 0.6554600352191114 0.006356135231359841 -0.029318928099790177 4.925878185436603
5.206647946082689 2.9560583276138734 0.007621791539828463 -0.029015656010564352 4.969264378594101
1.3664527069069634 1.228631419401706 0.006357540266804279 -0.0293186234628429 4.925926108155295
2.046518256208305 0.6218080989861328 0.006225807867739025 -0.029346879159358644 4.921435149354261
4.562825246566201 1.957392232171538 0.006770770499733095 -0.029225958783929466 4.940042644811218
1.3487620001512286 4.9688201103330725 0.0096956956122152 -0.02839002442047683 5.041487283919247
6.828990860072162 2.4431606960325203 0.007122393297655916 -0.029142263359483698 4.952090931755752
5.648174473670641 3.040009898330541 0.007362298861794042 -0.029082581650699893 4.960331544726898
6.383161151384379 2.205494397096919 0.006862514303705648 -0.029204552683296404 4.943182912670464
1.4911548555122545 3.0801713677891267 0.006525566206474363 -0.029281683450322997 4.931660736113621
5.565362223650977 0.6885788545741134 0.010371568941738116 -0.02815014312018277 5.065393868167263
5.775155493225573 4.676429610829434 0.008745933915887983 -0.02869684024311597 5.008216089679461
2.9358478572739846 2.847853491660117 0.008568597434923272 -0.02875028935503478 5.002042207053372
0.6475795481908906 0.2706208714045009 0.006710917342419881 -0.02923976040297198 4.937995183932042
6.819060081205445 5.3273393610668895 0.008100939146648998 -0.028885546298145198 4.98581452438829
0.10729517956546042 2.3388612914635494 0.00833185883498153 -0.028819787097651157 4.9938178905291295
3.7983304005519773 2.682179300351608 0.007493643402453084 -0.029049015621133725 4.964850406183223
5.627708034360513 3.912346096748567 0.008202355148243218 -0.02885691199733762 4.989327221987475
2.4615357841860437 5.414190442655553 0.010909451361026149 -0.027946088653001237 5.084570412430049
4.064529022336816 0.3319258845936826 0.0069068328804733434 -0.029194103164187322 4.944700706791458
6.694292017611542 6.167758728787161 0.007860896621114595 -0.02895179276508018 4.977513964535756
6.982050039337369 1.3747016496899476 0.008952830112220882 -0.028632967589506175 5.015433811348417
6.533932374614838 1.7862765355748755 0.00886625888885636 -0.02865989276525255 5.01241175390734
4.580949440234599 1.5335019232246894 0.00839814111616763 -0.028800542109358545 4.99611854562299
4.27091047164466 2.5301209593773697 0.008133696658320198 -0.028876339426430607 4.9869487501064595
4.417147932160521 6.24849562179166 0.007842922002489126 -0.028956667185000277 4.976893170335265
4.869684281403098 1.5017706366635966 0.007259137943487539 -0.02910850247466227 4.956785956539783
3.51726780753907 1.0969624148327886 0.008800215492164858 -0.02868024071188144 5.010108188725952
3.705493122695874 4.762834239604755 0.007720387796583251 -0.02898957764905119 4.972663939481204
5.765339241771301 2.050134213014878 0.007130923782769082 -0.029140177178671 4.952383660919921
3.3390602497290116 1.4770004497782672 0.006982147288424551 -0.029176182396652678 4.947281278924423
4.423000415686936 3.448581828768279 0.00802156673038305 -0.02890768872099621 4.983067754239986
3.2837794062714787 3.289533393831579 0.008159953649973793 -0.028868930642306084 4.9878581575717895
4.039777464581916 2.1236308170261102 0.007544925473595324 -0.02903573831673464 4.966616172734376
5.355927118706707 6.653735048845399 0.007625182654816506 -0.02901476502542603 4.969381252293228
0.45717348670480185 3.530471116829142 0.006259030496657949 -0.029339811472501077 4.922567352414692
3.8911574232286443 3.953388325062475 0.009216817597616967 -0.028549085333373785 5.024666974428789
2.4228017191641267 4.727391626440266 0.007940938133703297 -0.02892994126431467 4.980279654365573
5.051325492836177 2.5826641361899347 0.009110249678971494 -0.028583270470448265 5.020936416024418
5.605404408590909 0.6323249969843867 0.009942039918620053 -0.02830469646995999 5.0501774318636885
4.411654860874606 2.471948396643607 0.009126177954535221 -0.028578188814936387 5.021493724230003
5.17510425574583 5.91238042617811 0.007315084132029146 -0.02909449336457563 4.95870840642417
4.395520525980794 2.9610417873851613 0.008548261814077461 -0.028756342256239492 5.001334962708559
3.4958973676367116 6.584899439149202 0.006867266133018631 -0.029203435685862294 4.943345624293828
4.10534583132429 1.783303962557128 0.008590079537248404 -0.028743878192473368 5.0027894863772335
4.530349228127627 6.81890446666563 0.006724349188364685 -0.02923667436616106 4.938454577387256
2.050230273609315 2.888855382542062 0.006990403398089822 -0.02917420539332604 4.947564262805864
0.048018532846996004 2.5855504573331296 0.008796909561435947 -0.02868125489179155 5.00999292218032
5.0935847593004375 4.569942110310435 0.007588301475512862 -0.02902443247880532 4.9681103465631224
6.558114584713883 2.930630220789228 0.006718279092009498 -0.029238069807048957 4.9382469630943095
3.0297804580829317 3.5038309055421726 0.0076890493710733004 -0.028997905437620784 4.971583070963006
2.690969079252304 4.354147312912976 0.008512274551941494 -0.028767015520424936 5.000083740289288
5.350298569891415 6.180366001045164 0.008645105371135754 -0.028727376370318955 5.004704385138075
0.4650621770837664 3.289651899841764 0.00844018455476045 -0.028788249072869698 4.9975786711182515
6.841795502059306 4.602647046489453 0.0076965878568741935 -0.028995905493041887 4.971843046489272
0.15712408617495005 2.3053895403819054 0.008417127588284834 -0.028794998926246453 4.996777849141564
4.209243922231686 4.5089059263365945 0.007186810976913306 -0.02912644413556379 4.95430198656658
4.751133857811873 3.865662590155615 0.008219531978758382 -0.028852024089310757 4.989922513849454
4.192598739450423 1.9583614414583825 0.00886771045478353 -0.028659443666793724 5.012462402292936
5.088980690577359 4.911875924254657 0.008470281096958132 -0.02877940823120784 4.9986242769624045
0.7318596519208393 0.7821055232948635 0.007680858413548883 -0.029000076103883166 4.971300614323921
3.1908449089178736 5.729083701679538 0.008750404898870698 -0.028695477241297444 5.008371893911443
1.6671847822036956 1.3434353811689825 0.007725889826333814 -0.028988111811419377 4.972853737653061
4.552836971352263 4.779352839197032 0.006415672892336029 -0.029305957437670324 4.927909324259705
6.8543764715867175 0.946104119162916 0.00817512315652088 -0.02886463859769798 4.9883836579487
0.3678053366579681 0.23667666374232615 0.008333687145947802 -0.02881925846640514 4.99388133054441
4.984739284536035 1.6583038628125393 0.008147740236722798 -0.028872380037587624 4.987435118575098
2.9574522241882666 1.2416096983808427 0.008327693886557255 -0.02882099086658536 4.993673376573415
3.5487235355070967 0.4455828927799095 0.007490250353810253 -0.029049890699230616 4.964733603687139
4.957218297752016 2.1720907945670027 0.007516379587341102 -0.029043140978534016 4.965633168781754