300

5.7074770711720255 1.9798359017232832 0.00795515847921419 -0.028926034183250675 4.980771231773595
3.4938875850876165 5.4616296005051534 0.006859518118531702 -0.029205256567637533 4.943080320821261
2.066320322282675 1.5997469158089808 0.005841953396079441 -0.02942569592240829 4.9083729681134125
3.3965117113417116 1.246310338698209 0.007652267524229549 -0.029007633508054766 4.970314852700323
0.274084319589589 4.143951920947562 0.007580858635083214 -0.029026377355000473 4.967853921530976
5.937006391324774 0.9505747823286536 0.006177960310962077 -0.029356989055354048 4.919805016702479
6.9518818801234 1.9577579368923501 0.00678198943458131 -0.029223357427051865 4.940426530729402
6.695354029139753 2.1407031107169616 0.006312349143074856 -0.02932838639093399 4.924384985601979
3.362691531942476 4.979789557062913 0.009035266588269713 -0.02860706132546468 5.018314187917628
0.45614313685946406 3.1829850615692568 0.007296647985001429 -0.029099122464139267 4.958074792370519
0.20976572900821538 1.6005112801157781 0.008218131706451373 -0.028852422970270946 4.9898739812881665
1.2518382168203717 5.094029308080732 0.007636070652254352 -0.02901190143706165 4.969756527937129
3.1349142337754214 6.339573130842553 0.007069774854309519 -0.02915507303213924 4.950285757375085
6.104571723487619 3.4001192212041698 0.008315747782145524 -0.028824439956809944 4.99325890819075
3.735789422808101 3.974578786284115 0.0074574953634786775 -0.029058316587574268 4.963606224668178
3.6600174372298278 3.6511058838309114 0.007576840051031221 -0.02902742659694602 4.96771547809499
0.32982921797445636 1.166856406475662 0.006916757236351605 -0.02919175344739294 4.945040664320855
1.880320921941395 0.9593024839408935 0.006270374212468949 -0.029337389236869807 4.922954000568747
1.1687629714839987 2.6059863665937595 0.0065166012534713155 -0.029283679893470627 4.931354584066705
6.102300167210477 1.7775470600028012 0.006063199919232662 -0.02938090547854877 4.915897479783817
0.6086983841802786 6.021382410343926 0.005304376995725215 -0.029527336227421888 4.890136026552714
0.92816195558856 6.040590852164029 0.004890491622521522 -0.029598700844632467 4.876136149893685
2.858016786744864 3.3342009669055637 0.006802248335763174 -0.029218648455714154 4.941119830011806
2.5482049723265656 6.187053626498582 0.006884137832915901 -0.029199463116595412 4.943923393540694
0.5611032538727581 5.76656607002701 0.006959448105832092 -0.029181605200232393 4.94650334739609
5.138494328711825 1.4441135383582395 0.008667773452141555 -0.028720544970148983 5.005493554852153
3.796917247545287 3.7978050548810587 0.008656585651916278 -0.028723919037120217 5.005104037767186
5.392921582233382 1.2406876800471867 0.006417632709172458 -0.029305528325047472 4.927976199098661
6.6520567151230505 2.8583410947325527 0.008146727037417305 -0.028872665941644768 4.987400026411321
6.865264903110421 2.6995154334190663 0.008726919910455511 -0.02870262825729545 5.007553574669
3.0067354668921227 1.0448205527463863 0.006455401830050852 -0.029297231732922754 4.929265186703055
4.8727943059436845 4.098353091292944 0.007768044305456159 -0.02897684399082257 4.97430821893774
6.976615003747189 1.6638574000918591 0.00687002547640051 -0.02920278668130163 4.943440112287333
0.5781919114236606 3.0185314064303475 0.008519033475359714 -0.028765014664444387 5.000318702391803
2.9561488296417213 3.286916796519515 0.007890275547425643 -0.028943799885047868 4.978528857809822
0.46492235395530007 1.595897446122508 0.006831208879898948 -0.029211891161634668 4.942111111008146
2.004652360459952 1.7634541923134421 0.007408034435682892 -0.029070965340004386 4.9619044690565755
3.6392864090920742 0.8970690980474765 0.006094684649384621 -0.029374390530265568 4.916969203671776
6.744407169630733 5.505598405063382 0.008178835166966839 -0.028863587013945206 4.988512260912034
0.2796504811855884 4.360402122609122 0.006639553903804289 -0.02925604764759719 4.9355552346232106
5.08353949456538 6.8517969237883705 0.008128278704985177 -0.028877864971186572 4.986761129018934
2.985209766427202 4.194213118738986 0.008568207576929669 -0.028750405543550944 5.002028646939211
0.4980008652376855 1.0802885307467678 0.007840850433818283 -0.028957228190462078 4.976821630727835
5.694742209345666 4.80997735487271 0.00818958936163567 -0.028860537522502658 4.988884867500034
1.5355887554473862 1.4160911416194633 0.007462797224389152 -0.029056955408088603 4.963788684827571
2.1371646387136867 5.985987081828245 0.00578744078833301 -0.029436465975411167 4.906520756424131
1.0491011175789928 1.2270542601338534 0.007351585525455345 -0.02908529164821827 4.959963185506938
2.690632356142289 0.04856200972248129 0.008362283836346693 -0.02881097376071095 4.994873750215361
3.012108373457646 2.9061107133025263 0.008414886291353145 -0.028795653989857513 4.99670001370067
0.2848808854825063 5.629094212198888 0.006290228932410371 -0.02933313859746119 4.9236308214502476
2.856124451087758 3.9929899221887526 0.006621707623968274 -0.02926009207338009 4.934945273700709
5.991722542739841 5.998249349064693 0.007823212928813703 -0.028961998195401538 4.976212592743042
2.714222229104292 0.5705677884722631 0.00536491606202337 -0.029516396725336302 4.892186677555144
1.8596355715534054 3.704667388090183 0.006796724416925534 -0.02921993390136891 4.940930779607146
0.47587492209279836 4.612153110931061 0.008061422356840658 -0.02889659961975854 4.9844467391314495
3.4336591988422343 1.4808410149398812 0.006833599808606507 -0.029211331939091943 4.942192959580661
5.4532416050141554 1.4068606908345107 0.006500978005874036 -0.029287152216750982 4.930821101899426
0.13423482269632722 4.904405210269013 0.008194291618054721 -0.028859202776207765 4.989047801580622
5.653701251606063 3.706809535558476 0.00802094238636176 -0.028907861962356632 4.983046156451368
1.846839114950666 4.5813106901164 0.006798635794537633 -0.029219489238062182 4.940996193586571
6.710942123748495 0.324500960641234 0.007842226594120273 -0.028956855527603007 4.976869154929665
2.2904547657112233 6.942266605914798 0.0063279286475351245 -0.029325028883731796 4.924916225053966
1.2881542957293683 1.1763941878952875 0.007902654807258332 -0.02894042237074844 4.978956582642653
0.37258269988081877 1.689350102506407 0.0067715874823408235 -0.029225769501742892 4.940070598907073
0.4597579217830131 4.717179407365422 0.0067254473081365925 -0.029236421780126896 4.938492137217132
0.020361192919976782 5.437072850467506 0.00631224527194105 -0.029328408746927576 4.924381443944663
2.208408109306945 2.760998128880102 0.006477897998244721 -0.029292265831176955 4.9300331116050815
3.800393714948731 5.624352690906473 0.007860891940411735 -0.028951794035968995 4.977513802863462
5.319509914594982 3.5457506629746303 0.0067004030476499835 -0.0292421715848711 4.937635609810627
0.41802484493824493 3.2833617149802525 0.007591992124948825 -0.02902346732516146 4.968237505321439
2.8791853797047344 0.41899742178282556 0.0062264751998432665 -0.029346737579937852 4.921457888866368
3.8363344564405444 1.1261640643552386 0.006181844979551618 -0.029356171287291406 4.919937343716089
4.369748446710753 4.544714047785718 0.008338942004890252 -0.028817738395631898 4.994063673803566
6.357370935223184 2.673874578131668 0.007719316048553165 -0.02898986305146248 4.972626969547827
4.373301096046253 2.3461112719976005 0.0077552787370375915 -0.02898026314081452 4.973867701153333
6.867341907889152 2.412575727379038 0.0072973054745901 -0.0290989575897577 4.958097387259836
1.0197290168187645 1.391804381319987 0.007550048895401405 -0.029034406514978878 4.9667926290462265
3.772086886633117 3.756431309762818 0.008559923737656771 -0.028752872997415406 5.001740529829168
2.5278994420347636 3.2766788152889874 0.007858160929530856 -0.028952535412388233 4.977419474480598
0.6391942117353316 6.257931059396847 0.0066571820324332525 -0.029252041422557978 4.936157822346573
6.4657482716773025 3.8077787737414157 0.007084609327558623 -0.029151471844074517 4.950794601552373
6.883505174314292 4.402444785024668 0.007853200589045496 -0.02895388126846236 4.9772481518273395
3.289639164107466 5.8211607143791 0.008800892544464166 -0.028680032957107894 5.0101317957367275
0.03419839207097436 1.7595826438048867 0.008633595001657406 -0.028730837741829877 5.004303733307792
4.129619528344438 0.5819078536814918 0.00783013037684455 -0.028960128768388032 4.976451446126388
2.186610906341672 5.014755352813585 0.006185388561615176 -0.029355424853710434 4.9200580552038415
1.1165901690422375 0.7171174568772241 0.006841195916870219 -0.029209553889558093 4.942453007271248
4.038487973969027 4.448962019847852 0.0077791768176942765 -0.028973857320678722 4.974692425232029
3.3907174930593333 0.41153942208265687 0.0066404604409524256 -0.029255841897510758 4.9355862210485375
0.0703135466465851 2.477393092115632 0.00972152970682352 -0.02838118849095907 5.042397396333629
0.5217016311133494 2.3266040970773543 0.00854576320160702 -0.028757084888807127 5.0012480747384656
3.7953695546222073 3.3619620822270813 0.009244403076468352 -0.028540164886695772 5.025633372712114
1.9337313049298808 6.539872780178939 0.005365928223760143 -0.029516212736349735 4.892220969169419
6.532501673005087 5.927005297361808 0.005349882415963947 -0.02951912529421154 4.891677369083899
0.4807878876265788 5.6664863264379735 0.0072671256121971005 -0.02910650932929864 4.957060376089378
3.38278971889221 1.9368259667158552 0.007228261711321394 -0.02911618506316796 4.9557253676185695
5.930614399172287 0.9846984660361472 0.008712135264129995 -0.028707119311061194 5.007038517675201
2.9069311693688102 3.8653577726623554 0.0072554487119631875 -0.029109422254453482 4.956659217857958
6.237911449776507 4.549693004132034 0.008381621588619543 -0.02880535400832954 4.995545009641135
2.6810166061514487 1.0787663174542645 0.0059476045770629465 -0.029404523458048077 4.911964695919856
4.8555534239284555 0.9770486254824028 0.008117901630900596 -0.028880783803612767 4.986401803647131
4.5466715272248 2.045055570931431 0.007218173404310625 -0.02911868768858416 4.955378898005668
4.917810205344476 5.3231679513776164 0.006976155969675709 -0.029177615527776733 4.947075934321642
4.539671022083982 4.957664765820354 0.009051412036969348 -0.028601956928451702 5.018878625090778
5.823672302004926 2.4529279599065936 0.007002101375259522 -0.029171399972071767 4.947965251944281
6.439396655989351 4.781203733095353 0.006423451610431918 -0.02930425343543902 4.928174763265446
0.6480603460666241 4.694849156081919 0.006506981136314016 -0.029285819033990728 4.931026081441723
6.971730614943291 3.825699898069069 0.006867944368445978 -0.029203276188673268 4.943368848865305
3.0529459758303537 2.7223647125459367 0.00894007116867335 -0.028636953879542695 5.014988239117509
6.8644090459116995 0.7977788054615141 0.007804211228500644 -0.028967124246306267 4.975556560031665
6.175221725273704 1.350929852928427 0.00711846863163197 -0.029143222271061097 4.951956261315056
3.9897449532666016 0.030700436315666716 0.008601943976907271 -0.028740329848805642 5.003202275903076
5.192984335947045 3.5658330210643623 0.007514260857317875 -0.029043689224480078 4.965560218337914
2.335778194636891 1.475055885324272 0.006197573951915825 -0.029352854667144972 4.920473171784505
5.359380263054933 1.7609030881318928 0.006817864262744947 -0.02921500858967502 4.941654313985585
6.242721547654929 3.720364655076042 0.007741905527675651 -0.028983838579466056 4.973406270415074
3.4772719851008884 5.562736748921153 0.00814241880514881 -0.028873881207789834 4.987250814641158
4.364577169047854 3.5972307593706225 0.010494661929086033 -0.028104484891102205 5.069770140671249
4.947739376794801 1.598978621075856 0.006999791427734562 -0.029171954339197323 4.947886067346446
4.169592820694392 3.1952127749463046 0.009446925779520773 -0.028473770268726724 5.032737665748767
2.3724439750679194 1.20316152050957 0.0059773189395364934 -0.029398497551661688 4.9129753365105655
4.351868253901593 3.3377701232430175 0.009531748909864373 -0.028445487563395697 5.035718135655877
6.981875107567355 0.7415203010341316 0.007657410207931413 -0.02900627637094199 4.970492144101614
3.9046964499873065 3.7790380945819684 0.009091182988823093 -0.028589340528660915 5.020269429188996
6.651414414243318 1.0264755358386297 0.006263972855557092 -0.029338756689144888 4.9227358077482934
4.389971883250771 5.067517561671125 0.006716314030364371 -0.029238521266396676 4.9381797546059785
0.07032780522415025 1.2595586361992661 0.006356979510953343 -0.029318745053247407 4.925906981926915
6.028012172441117 3.013758564071031 0.009062165764033013 -0.0285985515658606 5.019254626186575
0.0599573271386541 3.6506440448979456 0.008205152153366091 -0.02885611682364957 4.989424150018383
0.8728128036630005 1.8602424471591161 0.007844498784041882 -0.028956240067162818 4.976947623880327
6.200334505457621 3.565079593984042 0.007965065779002531 -0.028923307679727138 4.981113752513586
6.707664221338284 6.75161531036413 0.006631803519597042 -0.02925780548977418 4.935290326956175
6.901631908632831 0.13416410349847893 0.0075065683823123015 -0.029045678355336602 4.965295368666413
6.464930823397094 3.907410526045122 0.00754658567956044 -0.029035306862181656 4.966673351177077
6.395344196883137 2.547646088147509 0.008006909266980305 -0.028911752004856864 4.982560746115911
0.31445062975586985 5.134688294386635 0.006026850245852315 -0.029388383353190252 4.91466045039423
2.022998646152006 6.713056863409697 0.005858819860535088 -0.02942234235817739 4.908946189056255
3.4635369679125914 3.9654397558080245 0.008035827830741901 -0.02890372763286206 4.983561120463097
6.97069382914529 3.502621321267914 0.0088949628120774 -0.02865099713049722 5.013413445588386
6.065126676429022 0.04291656842200233 0.007420843210528443 -0.029067698327262755 4.962345097506916
0.44184787716304297 3.492414799214288 0.007065103317248987 -0.029156205430690006 4.950125529811098
2.7235406645098355 1.2093866160186544 0.0052029443037526525 -0.029545378159232413 4.886701866015523
3.884239441341895 1.9010565851773786 0.009260327043850125 -0.02853500206835349 5.026191372550507
0.07032494438993644 6.803288514534343 0.006547479131697617 -0.029276791439978255 4.93240914782487
5.623966175863174 1.973324782967803 0.007339313417265643 -0.029088390786757942 4.959541272796792
5.684740702290289 2.356108292840713 0.009272701536780755 -0.028530983267489814 5.0266250632215375
3.1163783566181276 2.6716573680937135 0.007504342394012577 -0.02904625354901085 4.965218731920976
3.3601464545286457 0.3652062625196754 0.006755162050877329 -0.029229570398252296 4.939508616680666
0.5435539608847673 4.634515432788525 0.00512132161899841 -0.029559635736503578 4.883939913095224
0.3622920717031675 5.112872059298107 0.005480274881719247 -0.02949519600241363 4.896096372834268
0.07230894403541813 1.7365167412350584 0.007371368397037833 -0.029080284179408424 4.960643411586993
3.471563423174655 1.509387707206512 0.00823961577268153 -0.02884629494265386 4.990618679472612
6.095773665688563 4.891671281025742 0.005665571046130738 -0.0294601647096761 4.902382334010124
5.060466246589782 5.930177347721433 0.006609316798838509 -0.029262893422431605 4.934521822134128
1.185766961687822 4.678843110362416 0.005607937146001817 -0.029471190016124103 4.90042636737666
5.797371849634233 0.7036684109948217 0.007803807807617461 -0.028967232931396275 4.975542633204723
3.038822181660126 0.44251062962170334 0.0068148690291448015 -0.029215707421104884 4.941551791415197
3.980524827040187 6.143063195784194 0.007361590192171318 -0.029082761042282884 4.960307177308437
5.511800102610614 1.7037120096703733 0.008792987018890577 -0.02868245769256222 5.009856161766375
3.200636857485132 6.721606613807833 0.008507343673935151 -0.028768474127307403 4.999912337281354
6.359843484447819 1.6962277511216113 0.008670383058931983 -0.028719757269367464 5.0055844181201685
6.941282648010317 5.453896683871858 0.006968310908123637 -0.029179490110139435 4.946807070353183
5.32773776719557 1.171025861044492 0.008383289847793572 -0.028804868535160528 4.995602925028367
6.432151022659817 1.3832100945397852 0.006680759251619311 -0.029246665721444264 4.936963898892894
4.2694867553798375 0.726776788919838 0.006569597128019366 -0.02927183618387339 4.9331646905648885
5.176513795862333 6.66045384343959 0.007800728193478983 -0.028968062407614736 4.975436321012214
3.4575247035643644 2.6719999798623295 0.007517809464523232 -0.02904277088803899 4.965682401965357
2.6772842378260404 3.8538927652760013 0.00832321232257817 -0.028822285416553677 4.993517883539049
6.994254682624736 1.7744017164752717 0.008147206189730355 -0.028872530739476567 4.987416621811132
0.4399613012408944 1.5419834173761702 0.007760456807639854 -0.0289788769647265 4.974046381188235
5.36430683125551 0.9369541098575938 0.0076859495160807095 -0.0289987272140737 4.971476173205398
2.9747810282303466 1.5324891210418528 0.008664701851369121 -0.028721471790750564 5.0053866087195935
2.7475572464125597 4.466437575880065 0.007881050755081295 -0.028946313046670252 4.978210157714103
5.799608741242317 0.4121296052745708 0.0056270261786933624 -0.02946755124512893 4.901074125764966
4.100828373930389 0.2151047559644741 0.007196140273116068 -0.029124140591091044 4.954622302531364
3.209399771051388 3.4285087828013867 0.007419164812788122 -0.029068126762498585 4.96228735694033
2.3142793075910655 6.404979110086427 0.006067112065102159 -0.02938009787576433 4.916030634278819
5.312737096302417 0.9314460854924994 0.00859659876752159 -0.028741929121585526 5.003016298195658
3.091375662046205 5.734987056443521 0.0069674382154896715 -0.0291796985027833 4.946777162718939
4.155231092193393 3.2084330069599325 0.008880786587617488 -0.028655394423828705 5.012918693649336
5.697125462440417 2.497732378092008 0.007266780585503439 -0.029106595471166844 4.957048522171094
2.863117445190502 6.216404550814431 0.00938159367557302 -0.028495362782502844 5.030444070188919
6.802788742575853 1.0451859938954087 0.007992833807358688 -0.028915646417259012 4.982073936758143
4.699175440088008 6.418767262821378 0.007490043060212466 -0.02904994414721245 4.9647264679147805
2.6423147427430274 2.6794124352438144 0.007649721148080531 -0.02900830512726673 4.970227070749112
2.9388259366780427 0.8011472626037396 0.008072774089136822 -0.028893430369303003 4.984839600396699
6.608519213412018 2.514230225144532 0.008018329415243369 -0.028908586845237574 4.98295576794877
5.418483303648754 1.6488101826413468 0.006779121986786849 -0.02922402273966168 4.940328410068254
0.4016349114840235 0.8878378490723109 0.007667092031321127 -0.02900371872335084 4.970825942554246
6.173193047607956 6.975627077295861 0.008552420082103503 -0.028755105820344892 5.0014795693271665
1.7913306583271158 1.287173908119932 0.004863345711232354 -0.029603173284177456 4.875219087392331
0.24250686046953993 5.963408303418327 0.005549163655086584 -0.029482313049166715 4.898432474956783
6.249675691513435 1.724016223306483 0.0075652278953353205 -0.029030455161633967 4.967315458142856
3.899631285487046 2.3133152655858833 0.009471034798978921 -0.02846576013101583 5.033584494580973
2.768854383954228 4.342209043355623 0.0077884308764582305 -0.02897137111844436 4.97501183233196
6.626779989319841 0.5305281735851907 0.007635401134045435 -0.029012077649182896 4.969733450643243
2.8588224156811415 1.92241385750129 0.007153986579187458 -0.029134523782358375 4.953175180904887
0.8395937261111279 0.6959971870958439 0.006955296829693759 -0.029182594915648813 4.946361093201803
0.2566545786845129 6.720974849137297 0.005949419984044092 -0.029404156200330878 4.912026435343054
6.341748302031154 5.739155032021657 0.006994553043812751 -0.029173210788620604 4.947706502033836
0.9767171519176391 1.0371630584713003 0.005624561123473358 -0.02946802185706248 4.9009904732241045
4.306001574789405 2.7180772523866925 0.008492459233018198 -0.028772871531627213 4.999394989610231
3.5038997939112524 2.082439125204975 0.008457409423160844 -0.028783193461619755 4.998177053480344
0.5484370453735496 3.356683969102513 0.007250022005827627 -0.029110774309781165 4.956472797803059
6.180604488861881 2.2804818497754042 0.007639439511909806 -0.02901101452800076 4.969872649631313
6.218898565831709 5.85106551750796 0.007746869850115628 -0.02898251209825279 4.973577553318682
0.8716136221203171 0.533159743830602 0.007513065437293224 -0.02904399848049421 4.965519059184513
1.7272182071034816 6.735719524299558 0.0059757934746108325 -0.029398807668828995 4.9129234475704315
0.665541077971702 6.579875653580054 0.005554451174767626 -0.029481317340768927 4.898611823468125
3.327441226428595 5.99043609940709 0.009553418608279216 -0.02843821711878198 5.0364800303843476
2.5167351814952093 3.8324724855695713 0.008356808011320152 -0.028812562535497174 4.994683695062136
2.6806951324707 1.273067121102318 0.006038256528495947 -0.029386041892301113 4.915048588005199
6.514258344499964 0.5619179879863908 0.008759899644536093 -0.02869258019449726 5.008702790129333
4.5131911008048355 5.837528684725494 0.008628965658128205 -0.028732228449440605 5.004142609169245
1.6532557209137375 0.3285127755370552 0.006663191875247564 -0.029250673052660426 4.936363277524066
6.311630070080271 1.75516862616133 0.006693461517624322 -0.029243761264790856 4.9373982354658965
5.74677507470938 6.581483531029862 0.007746283457097943 -0.028982668831601596 4.973557320723588
3.100671392664734 1.3874176653345738 0.006810951484500247 -0.029216620952392556 4.941417703154546
6.533797366947563 3.6603596244165266 0.006935696183429002 -0.0291872595227981 4.9456894915431535
2.3201475852110924 2.081004645764563 0.007893680685366384 -0.0289428714062284 4.97864650623772
3.5712362238998945 5.814920187217885 0.008353592260519628 -0.028813495038696478 4.994572087538299
6.944323714636986 3.2768112977823107 0.006354123553522007 -0.02931936414499088 4.925809572325272
0.013726040202662592 2.427923344903256 0.008840617328453359 -0.02866781270435277 5.011517193119219
2.8706175826195817 0.4306248366969624 0.008083010876836556 -0.028890568273485757 4.98519391258807
4.101282959635518 5.543955241713024 0.006716534733015805 -0.02923847056841709 4.938187302964556
1.9110577300410942 5.308487786456701 0.006989238674187235 -0.029174484447119977 4.947524339924798
4.093357872801258 1.551852547389348 0.0065029240243774915 -0.029286720183953237 4.930887548539301
4.051910547732415 5.576045786503225 0.00830128524106181 -0.02882860841848821 4.992757198699651
6.855927996963117 1.2032293754341876 0.008264879906992595 -0.028839066561228886 4.991494608201741
3.994952799833367 2.2495254011924297 0.007148225880226595 -0.02913593771899677 4.952977458120696
2.880153172302765 6.004850501204755 0.007565400765532552 -0.029030410111758317 4.967321412935173
0.5411141441271842 1.3019807497659068 0.00812409309455191 -0.02887904277137755 4.98661619015051
3.698879038083382 6.579651909414302 0.008980120373238056 -0.028624420309975793 5.0163870598269735
4.359375977010883 5.9655471708126395 0.008696880420656194 -0.02871174447763157 5.006507164663026
6.889459628194574 0.3017715947075265 0.006665273665400699 -0.029250198750868615 4.936434448776326
3.708901370719287 3.3220822760130413 0.009948507069468085 -0.028302424049694814 5.050405924348752
2.142174111435906 0.7837562189578483 0.004973407059485298 -0.02958488164959701 4.878938122306359
0.973210549330666 1.3830716060375177 0.00707367590242387 -0.029154126795832316 4.950419562953623
1.673793149668187 0.5407202767869049 0.006807741049168315 -0.02921736918012073 4.941307820693279
3.800955194760064 1.4195944941800194 0.008059099703180103 -0.028897247480931507 4.984366361936442
0.9872848881962345 6.059284649924548 0.006294796330629095 -0.029332158787854303 4.923786531841674
1.2866552548212324 3.074303464285307 0.009386497416929655 -0.028493747844781193 5.03061616416584
5.306675334677437 1.2023769498401629 0.008041450403609677 -0.028902163853356824 4.983755653328363
2.9841546137768993 5.619129033234093 0.008080709896602492 -0.02889121194354696 4.985114268789481
2.159978261775439 3.6748682965314607 0.008369312852998944 -0.028808932683607468 4.995117728973785
2.382802471695688 0.6703148416086687 0.007728222661108887 -0.028987489965506204 4.972934214084605
6.102212618265666 1.019244317984463 0.007563218531300578 -0.029030978720115373 4.967246243040865
1.0460368183197026 2.2853123918326257 0.007149039262409239 -0.02913573815135857 4.953005375017557
4.912901657994967 3.7931988768208957 0.009354794116742102 -0.02850417209871859 5.029503727187454
6.537478074797908 5.714878862117647 0.007352476662865974 -0.029085066390194318 4.959993824390404
2.0800281345479785 4.5295599718927875 0.007274973291379013 -0.029104548847383324 4.95733000455449
2.3024405733581537 6.7186082944078676 0.006281727854985417 -0.029334960288977727 4.923341019069506
1.8301802331721113 0.12377296131846023 0.007161896128481732 -0.029132580452902526 4.95344667369141
6.918874753135083 6.879525600067134 0.008034505760487967 -0.028904095162877626 4.983515380278126
6.599119915441334 0.8746076311970877 0.008096616526196542 -0.028886758226352102 4.985664881043439
6.865930097743655 4.625629644849963 0.007621947001064335 -0.029015615173781276 4.969269736437647
0.19401648824242598 6.846413583084045 0.005250383389029258 -0.02953698485404706 4.88830772849842
5.882139990196803 6.450035009734319 0.006728552075713734 -0.02923570739633998 4.938598333711699
6.145209656677293 3.136599231850317 0.008641350819041325 -0.028728505983121603 5.004573691745673
1.0672235999452415 0.38770847409269754 0.006816460871457273 -0.029215336061525835 4.941606277599841
5.687736492548732 6.825815958470727 0.006285443970016336 -0.02933416428159809 4.923467699501612
6.761446929114894 1.7946746776548106 0.00861622271841662 -0.028736052374441434 5.0036991318520165
5.620058294407102 1.6353030399460367 0.006174268263175148 -0.029357765776951556 4.919679254522508
6.334473552308557 0.4584866990791263 0.006737147686292219 -0.029233727799462858 4.938892354356427
0.78612159069669 5.02737853423345 0.006054579679154076 -0.029382683078792764 4.915604092663378
2.7592843318785896 1.8689370221929347 0.007045993557587305 -0.0291608294598497 4.949470154961758
6.2297401611117085 2.300439113228546 0.008697356640385703 -0.028711600224820954 5.006523750939286
4.841676325700129 3.097016188275516 0.00874854185549334 -0.028696045292037738 5.008306969919381
0.402774438730482 0.9331411451373013 0.006185734665372825 -0.029355351925153355 4.920069845330855
1.0160649290542128 5.999463832334842 0.005581276239539444 -0.02947625070354017 4.8995218020785245
6.7472815213270305 0.8184907032143154 0.007131794870056467 -0.02913996400017399 4.952413554028267
0.6683214818558908 4.305466347985727 0.005493339105585492 -0.029492765646358856 4.896539318251858
6.72739246502573 1.3065339412501027 0.007053833697339285 -0.0291589339683446 4.949739022297422
5.900899301821481 4.950888212817367 0.00594415824788375 -0.02940522033116085 4.9118474932608
6.445300054176613 0.13076003434971456 0.007842785064227089 -0.02895670427442212 4.976888441262908
6.9445417284946505 5.186269207513344 0.007139893262644166 -0.029137980784502696 4.952691477093862
4.4034259224122945 1.2390622766349415 0.008169213139220475 -0.028866311795689926 4.988178914488234
2.3143798277850993 0.913945561868837 0.005438032518110224 -0.029503013444934327 4.894664385091378
0.5653925972517586 2.954358551244496 0.007894070913233185 -0.02894276497532407 4.9786599889561
1.8774522674667529 1.2737575937301993 0.00716987278979939 -0.029130618328111303 4.9537204884298625
5.398256768677083 1.8576794394344232 0.006856478116991238 -0.02920597041413314 4.942976231190045
5.006517152161418 2.6966239927980524 0.006273542607914396 -0.02933671186664727 4.92306200036364
0.8401752728523941 4.571460841985624 0.0070806632147575295 -0.029152430575154098 4.950659237961556
2.752692845603689 1.623552003707505 0.005857386336201993 -0.029422627777077867 4.908897466987758
2.1851430611387426 2.951743491764357 0.006541538156170682 -0.029278119450390987 4.932206228021349
2.4445682837891143 0.6402631567727867 0.007688254266443364 -0.02899811625493138 4.971555651681245
6.647885451663603 2.8825255442979776 0.008970509660183775 -0.028627433633431926 5.016051325268107
0.08020142322487003 2.209386509120795 0.009152849357007274 -0.02856965783218153 5.02242714174616
6.500041491139871 0.29674734164455413 0.006333403831294141 -0.029323846881160538 4.925102935665951
0.5701437134773468 3.299348402473805 0.008016697302630887 -0.028909039492137932 4.98289931068079
3.055326544780439 6.126333261978898 0.007414949062513509 -0.029069202438325167 4.962142329629128
5.610026920422707 4.097895823321444 0.007526710352019392 -0.02904046541081606 4.96598888927542
3.974242473256377 6.688230508186234 0.009234841251315863 -0.028543260273889436 5.0252983604021075
0.037290763475511905 3.166623949520717 0.008753294152153715 -0.028694596032805053 5.008472582170431
2.1628788893656026 6.287289978269448 0.008253929053129163 -0.028842202675695736 4.991114905956048
2.6871831217950324 5.580737771679474 0.007176521500796884 -0.02912898108668753 4.9539487327375955
0.31405255825067313 0.003025688780759501 0.005332244902052806 -0.02952231637769184 4.891079906932331
5.333207165993939 6.598083448046448 0.00734956335269249 -0.029085802696930327 4.959893660503677
5.995231089612404 5.821537369037431 0.005561919774213581 -0.02947990923366644 4.898865162818065
0.2717430909641551 0.5132283742267283 0.00743525764825145 -0.02906401458340052 4.962841020874932