300

3.9931013532408683 1.2863995862170257 0.0063451848361354285 -0.029321299926764452 4.925504708202095
1.8373044408939134 4.782386885820217 0.010132333989902717 -0.02823713526399344 5.056908496173836
0.40594939030082994 0.9199454655644913 0.007914637479312044 -0.028937147640551393 4.979370652268595
1.783743338819475 0.5789686845916988 0.007026464282033101 -0.029165541306365513 4.948800499896035
5.492057877198449 3.4311957150902486 0.009384844626607457 -0.028494292258879447 5.0305581593522435
4.259304361891181 0.26770746617900143 0.007656542459142954 -0.029006505435356066 4.970462228322319
5.236554172061563 1.263830572333499 0.007273218502712654 -0.029104987418169387 4.957269712417551
4.976137345139339 1.4460035902006354 0.006255657342879068 -0.029340530861054356 4.922452385335735
1.674014935088611 4.292555181959492 0.009779223876994316 -0.028361360693091302 5.044430937340108
5.670966209829929 2.4693944120534996 0.009186258608868373 -0.02855893297675863 5.023596757435236
5.525112981197665 0.9148264045333658 0.00887168325435891 -0.028658214114531413 5.012601026225693
6.520641692678267 4.394108568136014 0.00953077055956276 -0.02844581537838161 5.035683741987569
1.4487598799476193 5.651315012003499 0.009505623150845738 -0.028454228657865697 5.034799826781327
4.315844443397404 2.6864288911618583 0.00701353315483873 -0.029168653597414773 4.948357153519047
2.031353853602341 3.2826229894392993 0.006510648102737406 -0.029285004034186535 4.93115129622364
1.9469515662852732 2.957092769052389 0.008300122610447633 -0.028828943176112717 4.992716869876041
5.6447829583635585 0.48128415488848886 0.00687551842259271 -0.029201493907342963 4.943628213095035
0.21104720392084944 0.27536452886458085 0.009447561164716504 -0.028473559455026703 5.032759980585961
6.328447981055439 1.8764104013097367 0.007990407567946172 -0.028916316966344596 4.981990030237625
4.414329590261462 1.091759851520871 0.006396338676788946 -0.029310183410067803 4.927249635151337
5.903405519961438 5.33053851088783 0.008981296788409912 -0.028624051215690935 5.0164281583974795
6.210317302519076 5.346342456237382 0.009503504492196245 -0.02845493634445183 5.034725369226084
1.1342726822767117 2.6374184933570155 0.007652964886336437 -0.029007449533671542 4.9703388934176775
0.8587528922222573 5.498147177816835 0.008494661937040545 -0.028772221300681574 4.999471545365479
5.8291728052104475 5.06938138694736 0.009703715027104782 -0.028387284383553507 5.04176977053248
3.451553907626424 0.7594532797261314 0.008504817168557485 -0.028769221138734532 4.99982451640621
2.0812501473830403 3.1029314836698703 0.00881821668423571 -0.028674711062360626 5.010735900577254
3.7123035915777 0.5573430451772334 0.007178503538755853 -0.029128492699487037 4.954016776812609
4.886923281521209 2.1509676119399006 0.008669816465391006 -0.02871992831565627 5.005564689824821
5.095267859715004 1.9909397332953997 0.006398748480374019 -0.029309657416710128 4.9273318531700045
1.3809123031314245 0.37345843337913587 0.006832305792883137 -0.029211634626506874 4.942148661394546
3.1239721811263688 3.39574300306419 0.007836724047482202 -0.028958345191043188 4.976679134121545
5.285489103766163 0.9766844462329982 0.008123244432400305 -0.028879281498878695 4.9865868034893746
5.760178112847413 2.2952660398387925 0.007657291820679368 -0.02900630762391099 4.970488062668108
1.2815678718611665 2.6032361806385045 0.006846312973048415 -0.029208354946403076 4.9426281951979325
5.757754350028164 0.9045922263645374 0.007856959822014998 -0.028952861384589294 4.977377989314029
0.3597622655550638 1.0864216820120196 0.006762971973227931 -0.02922776437036082 4.9397758174463196
2.0233317655907688 0.22918798512616576 0.007751277481909781 -0.02898133360282853 4.973729635422012
5.01365080253998 4.8090750297104545 0.009208106335911693 -0.02855189621910501 5.024361856674213
5.5311468435372415 3.65770533801647 0.009801589677648923 -0.028353638916213314 5.045219645782294
3.379429044624446 6.16021487552454 0.009730674880121975 -0.028378054309225697 5.042719640703644
1.2731566921328945 3.500129745905494 0.0070060119200819814 -0.02917046103467803 4.948099308169061
5.814542828686397 0.39510658940926724 0.009628547006075404 -0.02841286825633407 5.039123017886419
3.945236712495456 4.106835944674138 0.007926241084502303 -0.028933971422366957 4.979771667670497
6.847223176349233 0.7290877891198854 0.007301358638262343 -0.029097940855590997 4.958236678657624
0.46108247644441736 5.3004732176411835 0.007828468100931404 -0.02896057815708622 4.976394047796813
6.3554535186408465 0.5384589056535383 0.008183453709000876 -0.028862277896809178 4.9886722772939915
1.0335616230718812 6.369006484087566 0.008137404632883009 -0.028875294731668697 4.987077161176095
1.3279884254296375 2.2201342061625895 0.006362460865045675 -0.029317556032874947 4.926093943040589
5.549506070337362 4.9309688070230795 0.008461263151962533 -0.028782060834367663 4.998310944274125
1.1389426333419037 3.297359426012498 0.009337703286132691 -0.02850977546983046 5.028904195640303
4.231298209683953 5.29282215249728 0.008161179110262309 -0.02886858423148281 4.987900606932175
1.0922312593663834 6.900119090264659 0.008095865843822936 -0.028886968623218687 4.985638894062349
0.12295748020522922 3.0036146629091776 0.00931784561491617 -0.028516271725044763 5.028207753526894
5.73901899627103 3.9122893994009718 0.008652981356270963 -0.028725005024334234 5.004978559502815
1.8164095026490286 0.812529974162342 0.007143149809051838 -0.029137182616125443 4.952803241564839
3.7563343485406917 0.7190235611279132 0.007489772922736996 -0.02905001379631059 4.964717168855537
5.374916757153677 4.199326623287058 0.009703200789142693 -0.02838746016193736 5.041751655507351
3.868960135673937 2.993336132889198 0.007260951544837438 -0.029108050135031763 4.956848261889998
0.10930401045328812 3.879018403090373 0.009456737363345872 -0.028470513139750363 5.033082268688368
5.0334210143553735 6.640999155633272 0.0083852553399138 -0.0288042964309918 4.995671160425308
0.6187739717653923 6.25818530565704 0.008145991953787464 -0.028872873343136977 4.987374567003066
6.593208439676538 0.48715035212634905 0.009332398374686192 -0.028511512421759644 5.028718127888158
5.672789810970996 0.9997864368994883 0.008730352076131586 -0.02870158449679712 5.007673153546833
5.712909850956659 4.015186374730958 0.00982977859774177 -0.02834387857579442 5.046214007405769
5.263562567636912 4.732397207546776 0.008606854033625448 -0.028738859818090646 5.003373122316698
0.5289799738829999 2.075435536950083 0.006683188009591619 -0.029246110818849928 4.937046943607628
2.1499894218387414 4.9457505394027805 0.009300783600079252 -0.02852184118223255 5.027609486387315
3.5517321124695087 2.8368057296779714 0.007363272666343444 -0.029082335113279324 4.960365028985227
5.603766703214259 2.5614556189015065 0.007138170579518855 -0.0291384028522102 4.9526323559536225
1.2514549559229036 6.74715735729223 0.00781116468475692 -0.02896524997764746 4.975796614278225
2.185492397858612 0.4489119171646079 0.006380767168481497 -0.02931357723550008 4.9267183997693085
2.716239658059874 3.865779565543871 0.006856286576858373 -0.02920601537998622 4.942969672942443
4.627000934315281 1.976452098522345 0.006205012666772597 -0.029351283069146937 4.920726602466014
2.6992547351084704 1.663346847274742 0.007935276446319387 -0.028931494737059277 4.980083956237179
5.125245545812994 1.7126234614806721 0.00676063940164331 -0.0292283040028146 4.939696011477554
6.283790695776695 0.6919119705768269 0.00943798415049038 -0.028476735332110883 5.032423651716316
2.0563309575731976 3.062099116125388 0.008081781113181193 -0.02889091230886674 4.985151346574088
0.832530238716734 2.5880038751045 0.008769687013103059 -0.028689590267067452 5.009043919382316
5.924318159733099 5.564550742992974 0.009360322500118203 -0.028502357142765944 5.0296976833336124
4.680628303731104 3.0936854213708243 0.009266717712960022 -0.02853292734418102 5.026415339641971
5.1097760030818895 3.6932245523173672 0.006872052229938573 -0.029202309808455156 4.943509515598313
1.5927638370664092 5.12912335802535 0.01052374533067197 -0.02809360753294528 5.070805172208266
5.350982276687282 1.0738875992393027 0.0076098909583848405 -0.02901877942990526 4.968854257217491
2.4950244891505666 6.907885985197364 0.009200837611559778 -0.028554239391825987 5.024107287730442
0.4848261054198163 4.321929488989392 0.008295449217573978 -0.028830288279492647 4.992554765985807
6.429487538732694 0.02912364970331766 0.006827103785237749 -0.02921285083495947 4.941970585110585
2.387845090479584 3.7703297363353596 0.009334851933335537 -0.028510709205186422 5.028804184115987
1.7829534284079633 6.743955181809249 0.007759692424971919 -0.028979081653320787 4.974020004045696
5.309856048647151 1.7714118077240095 0.008286484636683038 -0.028832866183680316 4.992243836731167
5.7612447264959075 1.6207534437502475 0.0075683235154440165 -0.029029648278364947 4.967422093161478
2.0914895446149098 2.6696369921468848 0.008700244321777803 -0.028710725325936527 5.006624327896487
0.279511340164959 5.859864946602845 0.009825506838334337 -0.028345359679669706 5.046063299457283
4.776924176022123 5.223178090060137 0.009071433669443317 -0.028595613145741258 5.019578711882237
5.776130412188086 4.9766019680299705 0.008366834466755067 -0.028809652566560387 4.995031701653551
1.7358151780977824 1.2605134037904664 0.00790452018235893 -0.02893991293502246 4.9790210389071206
4.255498060046584 0.302456974264077 0.008579986381624542 -0.028746892591915693 5.002438363740245
1.2276286328419892 3.179229219311759 0.006702480614211219 -0.02924169546411635 4.937706657320485
4.458448218033973 3.8384619163435905 0.009373654515118561 -0.02849797538477422 5.03016547059611
1.0717404234757228 0.4128790646954933 0.0077501411284708254 -0.028981637505302988 4.9736904257881
3.155544634149355 0.2882447081485593 0.006782330496557019 -0.0292232782732443 4.940438201614189
2.8864153750895785 1.367050834797748 0.00865405882466882 -0.028724680430932067 5.005016069487046
3.247773894867596 4.63930358897049 0.008855893985922557 -0.028663097210701087 5.0120501222888505
2.9313507886247745 4.288533728042357 0.00871303765277767 -0.028706845435562553 5.007069952140721
4.108784744704921 1.7598374179592726 0.007251589852324818 -0.029110383793651013 4.956526656109829
4.668701251994478 4.072592757409369 0.008955774567129999 -0.028632046764119876 5.015536647432184
5.910185318863807 3.9938950050951902 0.007490180036689782 -0.02904990882977043 4.964731183123866
5.1614369462701815 3.105400730166206 0.007027093264451743 -0.02916538976685717 4.948822065895653
1.3621279511114488 2.0343080505252917 0.006365651213920145 -0.029316863485419394 4.9262027647496645
5.197796320938966 0.11683635405806929 0.009319906211819811 -0.028515598331490127 5.028280014769624
4.503039062080205 0.6689363865328889 0.006993364155866448 -0.029173495810126054 4.947665749504158
2.3781673020865886 6.360846408841218 0.008178489159743186 -0.02886368505690088 4.988500273260055
3.415043415782387 2.8539305815546916 0.006502189064586438 -0.02928688336727506 4.930862453283197
0.7053790212538127 0.8025631465468019 0.008484071721358693 -0.028775345819413562 4.999103494513209
3.6450184086782818 1.068509917117148 0.0076695876446826045 -0.02900305889661523 4.970911988132446
4.4553083389033015 3.0056057813498724 0.007184205478388732 -0.02912708690625084 4.954212532812404
1.830721692271295 4.885555092495436 0.009700508034404275 -0.0283883804376801 5.04165679985368
2.6442050256813308 2.9014391159247244 0.009085160604663054 -0.028591254900536954 5.020058784857906
3.2610334263128555 0.9138823056214276 0.008506106926516824 -0.02876883982635835 4.9998693478773255
2.448475571060779 2.4986816705681045 0.008681153425144961 -0.028716503533840847 5.0059594552808795
0.7329774737519054 0.5286245748338574 0.009670175857533407 -0.028398727064507277 5.040588523080292
2.6256994022352753 2.6408402190792106 0.007759590571984145 -0.02897910892617602 4.974016489340121
5.318542285122059 0.061344922318004355 0.009326925621606369 -0.028513303183760077 5.028526185029426
2.2166364115561596 3.0917685473666467 0.008853116560690925 -0.028663955190497 5.011953224747005
4.967879986515426 0.34119100357772747 0.008534744978083864 -0.028760356885113095 5.00086494840153
2.7687762758804775 4.395701184895027 0.008316004542660637 -0.02882436588108137 4.993267815938669
5.387252494280296 0.5734626878500971 0.007994262354119486 -0.02891525150182007 4.9821233410320485
4.260684711311195 2.3051083200993934 0.009109878276292824 -0.028583388843717042 5.020923422343027
5.2239106883434205 2.922954497363942 0.00699716067642152 -0.029172585460811324 4.947795887483162
6.153872358042854 1.1652545711699611 0.008972121690320679 -0.02862692844812515 5.01610763644084
4.429964365842074 2.8558329465321637 0.006476535502360353 -0.029292567109877307 4.929986598000255
5.024703363081901 6.067313625900798 0.007967550136187487 -0.028922623408455514 4.98119964817251
5.226991770489946 6.450679052244844 0.008118486930523573 -0.028880619279352683 4.986422069762277
4.653955076574544 3.186733855615694 0.008037062587815119 -0.028903384316711814 4.983603840364901
4.6340555351756185 1.8412552922854646 0.007773591401806396 -0.02897535636912446 4.974499655890913
5.562973215827675 4.431075791163719 0.009765162940257354 -0.028366205117185208 5.0439352017573045
0.3467325926315409 6.0264625734854445 0.009742418891919496 -0.028374024637586575 5.0431335114145615
1.7752519938829008 3.278171230322317 0.00901560227395598 -0.028613264679827076 5.017626868745843
5.1437544737402945 2.777295058807379 0.007769202784699444 -0.02897653340360469 4.974348198635049
4.383620575347514 6.35866782865534 0.008420586396850248 -0.028793987649041952 4.996897969628725
5.628955038549715 2.770712526669064 0.008188973173364738 -0.028860712367609925 4.988863517017427
1.100546788593794 0.5388111067360725 0.008352014230725097 -0.02881395249336275 4.994517320934476
2.2156481703539663 1.219344305417955 0.0076024637637681115 -0.029020726123248408 4.968598321385323
5.387082235087639 6.118153675810123 0.007216036887322469 -0.029119217222322465 4.955305525964195
3.934994964914644 1.2874786170646948 0.007168812723671939 -0.029130879220046195 4.953684098492358
3.990091766167375 1.6690511116551825 0.006578626717929185 -0.02926980817337463 4.933473174890443
1.4140267761904248 1.980683311340251 0.006850099218426447 -0.029207467207851372 4.9427578260148275
1.7462621403457035 6.696930750382082 0.008896700385883562 -0.02865045762712734 5.01347409234903
5.807501975000317 3.9341455522469833 0.009853732848816427 -0.028335559795849383 5.0470592610051925
5.624266223269543 4.413474808768862 0.00928903866745852 -0.028525668452018094 5.027197726696836
5.368923819579096 1.0465961025713273 0.00878346090077511 -0.02868537631973049 5.0095240551706866
1.8156368762770594 0.8312934253674378 0.009152108242205477 -0.028569895252222303 5.022401201228192
4.311623476566072 4.178800151632848 0.009960251741432724 -0.02829829297408744 5.050820925161944
3.397111484194874 5.2491110181762 0.009576125121090736 -0.028430579094791842 5.037278588226845
6.475493920461933 3.9853028182659527 0.0079466727784488 -0.028928366558661083 4.980477885006686
4.106209421807791 0.01679541401705813 0.009196540231180581 -0.028555623750432715 5.023956792522272
1.4284265478104532 6.774959562145096 0.00834379098164909 -0.028816334812993675 4.994231941513185
2.363110633718618 5.472232902266474 0.009448206423559577 -0.028473345349252648 5.032782642356438
3.7984156888009184 1.011367529995377 0.008967495808056605 -0.0286283778606558 5.015946048544373
1.5308858287887417 6.037954147658686 0.008215482988194354 -0.02885317728207223 4.989782180206692
4.667702342300491 1.0089310782427081 0.005989338107847028 -0.02939605124893293 4.91338418965727
5.16800167580697 4.745162403704092 0.009938958741707344 -0.028305778546626113 5.05006857650048
3.6300200632450683 0.4831891319377227 0.00869125164498054 -0.028713448849687545 5.0063111261185655
4.74618810881162 0.6973425387466052 0.008501619737984249 -0.028770166176626727 4.999713377559616
2.6208885465513463 0.050269544572998454 0.008288351264606614 -0.02883232965465146 4.99230857692309
3.4886928435954627 5.972481862350795 0.008987491734493695 -0.02862210670657224 5.0166445902519285
1.756982812510815 1.9823173362769244 0.009122318909627941 -0.028579420877810742 5.021358692519539
0.9815988868207842 3.1638065587762423 0.008857578322250589 -0.028662576755504664 5.012108886057717
5.305215512387859 1.0877655550666203 0.009048717523253973 -0.02860280949809575 5.018784419174674
5.737293389509026 0.8518452546870083 0.008330766953745673 -0.02882010274031616 4.993780004223698
3.666337624279833 0.24878899796783124 0.01015418979938306 -0.0282292831917161 5.05768261321496
1.321448579029782 0.8548533904676147 0.007248459146123552 -0.02911116349455957 4.956419111520443
1.0353931892634156 3.771939460361386 0.009262593790035937 -0.028534266352594168 5.026270810967972
4.093594535496698 6.720248776567442 0.008574771974353069 -0.02874844840313733 5.002256978356075
2.4935688873654844 6.545305519940442 0.01054681085590478 -0.02808495648509659 5.071626322564809
1.4942558107015864 2.7343433437938867 0.00771228433242619 -0.028991734518234908 4.972384419622084
0.6013824951177158 5.7089487592056996 0.009490719529056125 -0.02845920313046015 5.034276097286176
3.6129349772362658 0.24294419531499045 0.009811187619487464 -0.028350319178013075 5.045558173887542
1.4004644031600897 5.046850194017881 0.007885259641412033 -0.028945166788041116 4.97835556378544
2.453905252067354 2.51795947784315 0.007160038531535812 -0.02913303705807073 4.953382910634408
4.002703558691624 1.809272703727539 0.006503806075946427 -0.02928652431625307 4.930917666439594
1.1597361134720094 5.52362085855326 0.009156233136231243 -0.028568573551281503 5.022545583606823
5.130257004583755 0.36259453100315986 0.008867260828484252 -0.02865958278481438 5.01244671373969
3.030385638246548 5.735623525242807 0.009926846852543521 -0.02831002846282827 5.04964071404938
0.9331372817979212 1.9858527813057347 0.007949617781333747 -0.028927557400007044 4.980579689720219
1.3372017936960028 0.13637449293760912 0.008452138495692157 -0.02878474170197882 4.99799393322637
4.877288594691033 1.816216478668131 0.007084145539297894 -0.029151584553468887 4.950778691982983
3.709520062272025 0.9580043314479565 0.008746828603158088 -0.02869656755409914 5.008247267032553
5.701370523639432 0.19831401039388522 0.00791682054703789 -0.028936550458304434 4.979446094750984
4.496439981013634 6.292362704473281 0.007854532706946546 -0.028953519923413575 4.977294160381458
0.11577874678305639 0.6016536976990986 0.009097853923139927 -0.028587218367536346 5.020502774266607
5.5219132961024915 5.2688826122975705 0.007418437128355518 -0.029068312482368776 4.962262323262931
4.566733286314898 1.0384311882637085 0.008439292753412502 -0.028788510517604053 4.997547693294761
2.214209095669262 1.6275368491875408 0.005774447927143511 -0.029439017496117426 4.906079388974983
1.042127749881176 3.643937066362362 0.00865062496130967 -0.028725714747918213 5.004896527633787
4.965931007166146 6.850946407514305 0.00992672110202016 -0.028310072556648587 5.049636272145494
1.2018737172072116 1.2418282291352822 0.007050422557235184 -0.029159758945581652 4.949622039562392
6.145776707006974 0.00733649601849274 0.009588476646448503 -0.02842641580643806 5.037713065116977
5.578137426673668 6.037090184629238 0.007180797534416045 -0.029127927265250514 4.954095531932144
4.582674613478383 5.034283276964506 0.008856489585293814 -0.02866291318455928 5.012070901665163
6.279389871406542 0.3477635602015839 0.008278648710593625 -0.02883511705415094 4.991972076714561
2.603073945206989 2.026977127747907 0.007042273343504676 -0.029161728106464533 4.949342581198438
1.8339796884141393 1.4003076049356449 0.008147077267170528 -0.02887256711833489 4.9874121565815415
5.710435476666046 2.6267780749415133 0.00968854387615995 -0.028392465859092327 5.041235384575551
4.476234625725667 1.5902307580043142 0.006041001231218697 -0.02938547777601062 4.915141990480964
4.471684852928783 5.1496218844595 0.008100096959843858 -0.02888578247583278 4.985785368513811
6.187125479817891 6.847210715954171 0.007454623179083954 -0.029059053550621092 4.963507383843634
0.046989494704465715 6.049117684131335 0.00882254215212701 -0.028673380511790757 5.010886750161412
5.98157993824266 5.894875590684472 0.006907406098642181 -0.02919396754448495 4.944720341561434
1.6639967508494893 5.307690400277301 0.009211974681278254 -0.02855064837217341 5.024497344344275
0.8262180771482615 3.1437392137711098 0.008431895584419763 -0.028790677950570085 4.997290754315632
1.0536832683903983 0.6013496443587356 0.007926256071920237 -0.028933967316673796 4.979772185657426
4.8266615870864795 6.8754960695140985 0.0074122238863178515 -0.029069897438056075 4.9620485828666405
2.890518510885405 5.166061735326851 0.009183786907019188 -0.028559727905679753 5.023510211223911
6.9780450490410955 6.643668792954558 0.009449108596024389 -0.0284730459687849 5.032814327330459
4.613840248568544 1.0664098598652019 0.006774840951072038 -0.02922501548481501 4.9401819222615355
4.041299474661917 5.890334767300694 0.009007106608578268 -0.02861594014778661 5.017329969100255
1.458130696806308 0.7120047835314225 0.008948496159235451 -0.02863432235077597 5.015282452589108
4.747777020070393 2.9466722299245074 0.007197215226082516 -0.02912387496521447 4.954659212045141
0.6668844201793163 1.4001423749701591 0.008529736050885871 -0.028761842828689155 5.000690792085872
1.9374932981260184 5.140026930259511 0.009574948740750155 -0.02843097530180783 5.037237211224303
5.134265171311452 2.555550832303785 0.008397446530795643 -0.02880074463902675 4.9960944286141125
5.287104111283532 1.73160015475394 0.00825578025950066 -0.02884167284168585 4.991179090491301
1.231558343179498 6.756103410777388 0.009532759490966982 -0.028445148909565912 5.035753662806394
2.4875388314739335 4.874103260490714 0.00904946860834475 -0.028602571875734933 5.018810678420664
0.1725580002050465 4.605060317183561 0.008189028868055864 -0.02886069656467334 4.9888654467933
2.4384362581346055 0.8749526858273841 0.006834618507264954 -0.029211093609451722 4.942227833129603
2.443462643263783 4.908080269346831 0.009686726773434273 -0.02839308585583525 5.041171385805788
5.202189154416111 0.5258995681716067 0.00747235251498906 -0.02905449961523579 4.964117545652341
2.327570803164878 1.5687142106601806 0.006814529756232453 -0.029215786557979614 4.94154017874233
1.1921534281509092 5.316327543482852 0.00955514978765327 -0.028437635494807045 5.036540906109069
5.826476902359713 0.6077770066272302 0.007024180128768193 -0.029166091502267115 4.94872218378679
2.067619802616689 5.904931680560061 0.01038225548926743 -0.028146203490978603 5.065773521485612
2.7369379683540966 5.293928426621352 0.00941247011495772 -0.028485178713412135 5.031527823889814
5.22141314869819 6.620205670063412 0.008894131013080052 -0.02865125535682804 5.013384413605831
2.0045187346980615 2.63024385318284 0.006985956540808163 -0.029175270542189314 4.947411841307582
0.48884794689369654 0.10560566877725641 0.007748080691250577 -0.028982188419818644 4.973619331888189
6.272095405129168 0.6929393813470147 0.009516071777840548 -0.02845073598202666 5.035167057547343
0.023671938918893697 6.862682530348073 0.0073152424188125285 -0.029094453566857133 4.958713846865757
2.1465752818537833 0.7415003688654322 0.006328933143947672 -0.029324812109533464 4.924950479073941
6.235412186023477 5.354306416561832 0.007233351421425674 -0.029114921040836763 4.955900178314496
6.451016408467885 2.3438346656162783 0.008974386380483782 -0.028626218560854087 5.016186747905633
3.5990492789029473 0.5118154814842957 0.008107325066633286 -0.02888375460815196 4.986035607900054
1.2933984240950664 4.929792015011289 0.007806994956053669 -0.02896637412166308 4.975652660824101
0.46581584499068496 2.9868472640391195 0.00801772588228447 -0.028908754239443554 4.982934890718944
0.7618268935087156 2.8184260178924433E-4 0.009619560993622354 -0.028415911850404856 5.038806769240528
4.438447913670556 0.33953926868779893 0.009147563917538423 -0.028571350587162467 5.022242145380154
6.260255189524811 1.5681310607309653 0.006945704187955331 -0.02918487953261791 4.946032395010123
3.1246416177699143 3.0780256746711334 0.007958763268151672 -0.02892504256248415 4.98089585482767
4.755505050586645 5.00381238466285 0.008940394494565377 -0.028636852939552298 5.014999529650127
0.3538489054802109 3.8307335230803004 0.00908176469584291 -0.028592333762904723 5.019940012710319
0.6127389730767855 6.029625475293766 0.010427438620486812 -0.028129495619651272 5.067379298836215
0.17000049247911278 6.4425961564028285 0.0075282434917606006 -0.029040068008335723 4.966041682858764
5.237513158949612 6.19518748875503 0.008426332532808747 -0.02879230661212347 4.9970975357238565
4.933048414781091 0.19343033783580438 0.009800416219845095 -0.028354044542495117 5.045178259580915
5.10965913613381 3.9209325990815893 0.009087855756764313 -0.028590398348820635 5.02015305118097
5.543955638629218 6.168736509370718 0.008174179335665659 -0.02886490589259519 4.98835095993026
4.169456922312367 5.757325919925827 0.00882251058057347 -0.028673390226055744 5.0108856490862115
4.364513528705069 2.425022493134544 0.009163737589622674 -0.02856616728559392 5.022808276785732
6.39648996904047 6.704550761299203 0.00922186428146015 -0.028547455563926 5.024843751646839
3.991848441821653 6.137864205213492 0.008797345056424488 -0.028681121316263134 5.010008106174336
5.068134659435173 1.107213835033491 0.008617167107862048 -0.028735769191639546 5.003731996286086
3.935766997441399 0.9503880410209785 0.008976911478327479 -0.028625426814464658 5.016274958395497
4.681913673519552 6.7814990855296475 0.009720142744733415 -0.02838166353514195 5.04234852767956
6.071895238071172 4.332757426085739 0.008882447955027937 -0.028654879485459712 5.012976671645135
1.1189664673513307 1.1935359401581092 0.006576190212538468 -0.02927035569118546 4.933389932711793
4.5216620547003465 1.6082540001841419 0.006477001963627268 -0.029292463972209106 4.930002522247739
3.090311832001463 2.3923061019900906 0.008352781342658997 -0.02881373012717596 4.994543943970454
5.69019201722315 0.2394264590912184 0.007210194614264062 -0.02912066437470885 4.955104898048114
6.287049589714591 5.301411696403998 0.008233677219701857 -0.028847990561593068 4.990412816694113
5.067661115365405 0.1334480970734314 0.00708195682887952 -0.029152116346397337 4.950703612343661
5.913865791095594 3.599448950205131 0.007769805079535228 -0.028976371909299282 4.9743689842999785
5.051057569037125 0.6227161548991231 0.009395645226847547 -0.028490732717345424 5.030937227365823
4.1252623372111765 4.239605711051719 0.008143057106346907 -0.028873701199582522 4.987272921235805
4.764853311967245 6.446182400728225 0.009280424153798478 -0.028528472225578323 5.0268957498905165
5.225187884822433 4.492330561701565 0.009064258233720169 -0.028597888430309606 5.019327794016124
2.7167728968583327 0.5536011308740091 0.007473707799007564 -0.029054151024166124 4.964164192201636
0.6916330520679204 0.2435606696517851 0.007929720908244644 -0.028933017926192 4.979891937405533
5.761034698486918 2.234718294995718 0.008615286820405327 -0.028736332977646092 5.003666563236482
0.21261062595647146 0.5917943129690046 0.008449076964836795 -0.028785640490394934 4.997887575382775
3.6883194795586642 1.166344281803279 0.007722090359855548 -0.02898912417570124 4.972722670126017
3.3644824074707227 2.02177191308523 0.0063877372193371935 -0.029312059177353852 4.926956181437852
6.087833400277614 3.866585178199344 0.0073349742347631015 -0.029089485264874686 4.95939210329151
1.1226146973659321 0.9514664899775713 0.006861739915961075 -0.02920473463885105 4.943156396759038
0.4891794053258645 2.2621169011624738 0.007948710155732557 -0.028927806810405694 4.98054831404353
0.8277359180987425 6.971341472220191 0.00790255975978811 -0.028940448324844204 4.978953298397994
4.854494157104597 2.1676024918177736 0.009015251480434793 -0.028613375207139025 5.017614608947893
5.380721943966952 1.5198022579113675 0.008223152831640945 -0.02885099231408645 4.990048013454276
4.844846358931526 6.619223344741971 0.009228956567818124 -0.028545163525005888 5.025092200095505
5.740627486520447 2.572128084236542 0.008109508983001841 -0.028883141519831467 4.986111219245441
1.378934345822256 5.441769434417346 0.008213434695303265 -0.028853760422274055 4.989711190721833
3.84167664290772 3.3893647651423824 0.006609291402640832 -0.02926289915840496 4.934520954270694
2.370389262478891 6.020920385256053 0.010288127549196805 -0.028180745758965602 5.0624313254780375
5.215016681710387 2.4426665359613313 0.009155998190272775 -0.02856864885043956 5.022537359687333
0.48057012985637554 5.599598013904408 0.00803816711881695 -0.02890307716091783 4.983642055158661
0.9991431843254978 4.892226129268422 0.009580796536215571 -0.02842900521881903 5.037442902305842
5.643319197568061 6.320522601288736 0.008278466176492758 -0.02883516945961416 4.991965746449465
3.623266702521643 5.9058574945071625 0.008907437467434514 -0.028647121282316376 5.013848875424673
4.220182834561309 5.111828262094878 0.00992634167338394 -0.028310205597685816 5.049622869574946
5.612635567536133 6.833731497133792 0.009261428410136791 -0.028534644623753613 5.026229969820697