300

5.322950135960678 3.3973253882712147 0.008563682868850328 -0.028751753611245337 5.001871271698471
3.1527753791158606 6.890677950872629 0.006027068295011484 -0.029388338635711737 4.914667869969591
1.7306326715713802 3.0302597491591072 0.006250291642519049 -0.029341674362303463 4.922269512169171
3.0571955418612733 2.675945586678406 0.00527448003111363 -0.029532691384318216 4.8891236002716285
6.888547882316653 5.561379664103732 0.0079005121855579 -0.02894100736335643 4.978882547785211
5.57500173217 2.374535750485297 0.0076750978400127534 -0.029001601216936825 4.971101979602193
6.597704097236076 3.383813427437877 0.008201098170145372 -0.028857269254100225 4.989283663261686
6.340008380587432 3.566235897682383 0.00840150500102269 -0.028799560998699108 4.996235346971242
3.0255586355348 6.409760603261026 0.005450928086962474 -0.029500633603208655 4.8951014959918755
0.03558624061270744 4.590832761224417 0.009426295871368432 -0.028480606491881846 5.032013229509676
6.861256498924295 3.0279901225327217 0.007554514623616112 -0.029033244889291487 4.966946440268066
0.9146784104847269 6.523649625191421 0.009416757650394781 -0.028483761608216904 5.031678345749787
2.807479640251267 0.772081954542222 0.00507362044154104 -0.02956786051805536 4.882326411082446
5.699260892595694 4.812505431173444 0.008820122729195528 -0.028674124834804086 5.010802372544097
3.3799969375431633 5.399628058852098 0.006321200695074101 -0.029326479873530587 4.924686803762884
3.308249727920152 5.0776332018171475 0.006648867616724374 -0.029253932375242715 4.935873597843905
6.977414546265829 2.593139296892942 0.005882452321020895 -0.02941762659853639 4.909749468175333
1.551399463107671 2.3911188876944154 0.007542692898829082 -0.029036318358806327 4.966539282922204
0.766410251971392 4.019152337919023 0.008143630684705652 -0.02887353943095859 4.9872927863705705
5.731273974415479 3.199242288545694 0.007570595888942322 -0.02902905575257882 4.967500371639617
0.20330416574028987 0.4330818623017074 0.007459109622752833 -0.029057902258004725 4.963661777465858
0.5276363704431506 0.453475185165353 0.0071461424564127 -0.02913644878829017 4.952905951737042
2.519086081517777 4.7638626465842755 0.00553890718052188 -0.029484241676623855 4.898084600657226
2.2054822436808554 0.6159210965625661 0.0062177631489536145 -0.029348584657927106 4.921161032132526
0.162074018398042 0.18043071103766115 0.008202606027815936 -0.028856840685571206 4.989335915914349
4.762306888151347 2.864388447756848 0.00814241143186284 -0.028873883287051455 4.987250559279378
3.433331137069244 5.221217648191303 0.005993373452067291 -0.029395228773800262 4.913521466621214
5.010479173829644 2.6592092497319513 0.006077551104128156 -0.029377940237135594 4.916385957201484
6.26436868889982 4.275664911895142 0.00864228623658654 -0.02872822459890111 5.004606252510467
6.461194970843038 4.1123771609349316 0.00786074690423616 -0.02895183341530449 4.977508793292147
2.6718771183212677 2.475193622498403 0.007124933195965573 -0.029141642488937164 4.952178087833268
4.491781170752741 5.517092860209968 0.008242947286421214 -0.02884534312559449 4.990734173289308
6.623153827435015 3.08998006409517 0.006803582088847786 -0.029218337919195703 4.941165477577401
0.15249670985964564 4.424727132327914 0.007113015551616707 -0.029144553689539644 4.951769152443273
2.620739502315067 4.71751612072687 0.005530281671701359 -0.029485860757855517 4.897792062289378
0.10897883064660432 3.021540100855755 0.008154311898789813 -0.028870524717387016 4.987662736567872
1.673760119267884 3.19484261347999 0.007803017778060493 -0.028967445754765328 4.975515360090422
3.304781134643954 2.327445475318895 0.0067047201138931405 -0.029241182058773834 4.937783243828389
6.35013077194359 6.920995125517787 0.009075232260288866 -0.028594407834781472 5.019711552919006
6.897935957761421 5.778899441140861 0.009338708234302317 -0.028509446303191757 5.02893944509262
4.709709417951936 1.2725183038359638 0.007538037899722784 -0.02903752717815935 4.96637896982245
2.6485920549246154 5.624372660041224 0.005524199667087807 -0.029487000831521455 4.897585797766068
0.13663074778941353 2.5045183768799113 0.0075089257218652105 -0.029045069022185347 4.965376529252497
5.29950126578883 6.225068574631109 0.008229648398992732 -0.02884914014713361 4.990273162584694
1.2021732395484188 2.8470576590309546 0.007009273529810913 -0.029169677485092152 4.948211121744013
1.8067609890334746 0.4175953195793267 0.007693740978235578 -0.028996661010533928 4.971744865677214
0.7105135604327307 2.656821254567189 0.006259050578930115 -0.029339807188364316 4.922568036886494
2.360524247432115 1.4803502314246804 0.005485008649575046 -0.02949431606452482 4.896256868070786
2.6744921049731447 4.336170672506957 0.005393396237476836 -0.029511205956815296 4.893151655699244
6.881909636418674 0.04162887638554492 0.006319041088401446 -0.029326945284551785 4.924613164187161
2.5233596832569023 5.424104344662481 0.006902211735245436 -0.02919519606308271 4.94454241939019
5.5965377857170635 0.4132971112443234 0.008662435273196342 -0.0287221554751325 5.0053076938502
2.3829048836845597 2.0017740861401085 0.005782737313622975 -0.029437390325258665 4.906360974986475
1.5218307243212623 5.134587331284836 0.0074586721937073336 -0.029058014541720103 4.963646723791423
0.09638640523390728 6.030901244712378 0.008969138928142875 -0.028627863121226355 5.0160034438626
3.0781048040665855 2.906605160318676 0.0053810465238722785 -0.029513460290313674 4.892733196292031
5.075771887114962 2.8264687838440405 0.008258501646110382 -0.028840893719876158 4.991273447825585
6.748318303171249 6.321926826078784 0.008968975659063074 -0.028627914273085527 5.015997740714822
5.245177888403755 5.11795926735138 0.007824466382038181 -0.028961659583600426 4.976255872234439
1.5188896695659677 6.013602239578097 0.006255029856428563 -0.0293406646396292 4.9224309990485215
6.337026124916592 1.7453902822221303 0.0050584794886473 -0.02957045460020753 4.881814358869507
1.9653352596024976 1.3749762175179838 0.006295166551758646 -0.029332079334503703 4.9237991535390275
0.9549511184320907 2.607524853650877 0.0074803833453103066 -0.029052433030767048 4.9643939612160075
0.020914335132883582 3.1159165635441437 0.006135748756084756 -0.029365840481794563 4.918367362967479
0.08374688203651834 6.137114727474954 0.00891865450086269 -0.02864363108780452 5.014240458108468
6.617058646799038 6.849587066203849 0.007813529359004728 -0.02896461218376609 4.975878253493589
1.875049047994294 4.19153248135121 0.006344690014103299 -0.02932140700281857 4.9254878323770175
3.4809205398489813 0.05833775655321206 0.0059127582428742135 -0.029411550281502045 4.910779770511001
4.92205687868199 4.960090223159588 0.0092882438651399 -0.028525927257526458 5.027169864117054
6.990030133471457 4.688934269130808 0.007497587320539363 -0.029047997940837286 4.964986176262903
2.548111708150443 1.8504610635723515 0.008012982008815657 -0.02891006951438195 4.982770796289131
3.497747860393077 2.5554575403518096 0.008060597060137812 -0.02889682984401745 4.98441817890547
4.020947519353136 5.971484030190906 0.007964547737916425 -0.02892345033585119 4.981095841705657
5.981614259025535 4.094264722772806 0.007995119719613628 -0.028915014450438117 4.982152992131865
4.022783502689202 3.7727439744384332 0.007875909563759498 -0.028947712319689126 4.978032550740819
6.483432418776477 3.8308556905147344 0.008489509567499207 -0.028773741976033274 4.999292475653749
0.6790354527733347 2.8209138940429237 0.007274253121049293 -0.029104728851698732 4.95730526037768
3.4107603365604144 5.180422155601121 0.007097276835848001 -0.029148390376062542 4.95122916546411
2.1914248734795545 4.7069191269617106 0.0065622386735500636 -0.029273486700278184 4.932913314227102
0.237297358539966 0.6706307042733496 0.008805045366218345 -0.028678758273308083 5.0102765973149275
6.04811072089486 5.216350063237811 0.009841951479367209 -0.028339654039486465 5.046643510680412
6.48707675778454 5.816857759222629 0.009348339381265123 -0.02850628967110044 5.02927728680269
2.9541362111722345 0.2512675310150358 0.007920004823333963 -0.028935679076157288 4.979556139804319
6.679980450160884 3.185464940363583 0.006358862975335189 -0.029318336611426497 4.925971223336199
3.8120800611738743 2.015787517257207 0.00618887600427289 -0.029354689809359853 4.920176857310553
1.8675302961784053 6.449169368000722 0.004606734068933864 -0.029644190007792823 4.8665567597055785
0.7708718895545646 2.1448420686200356 0.007219566658291968 -0.029118342282253618 4.955426745706066
3.693647690768635 5.876688535946683 0.007264145798806308 -0.02910725314786135 4.956958001212325
3.074636360671259 1.846034678193879 0.006773126741298277 -0.029225412813958847 4.940123267096016
6.671674658501811 3.8915474328906208 0.007786684364550205 -0.028971840580240486 4.974951548759258
0.14362927523624558 3.746519110916822 0.007668091652673095 -0.02900345445642993 4.970860407993503
3.4529753680925452 4.79048206510407 0.008244830311095852 -0.028844804959320406 4.990799453921668
1.6140906399639217 0.9739586699062476 0.008156211685249892 -0.028869988066249578 4.987728540848707
6.128560687665764 0.3392761789636255 0.007214709051059854 -0.029119546241460476 4.955259926223286
0.08797158983942323 0.08226289184115688 0.009249129627901007 -0.028538633483863304 5.02579898767097
3.0229161035716037 3.361474676731377 0.006103866146048506 -0.029372484029634313 4.917281781886632
5.555386380565536 2.405176130190911 0.005517074069533064 -0.029488334875188964 4.89734415106971
2.5812413278505986 5.29811069197331 0.0071725717082838395 -0.029129953914991458 4.953813138343126
5.828730931673022 5.960777736395945 0.0068753655567731055 -0.02920152989931757 4.943622978235275
2.3555720756861724 2.5114473427704 0.007581137976701753 -0.02902630439753243 4.96786354525929
4.471037927451579 2.394797106287877 0.008753283010385362 -0.02869459943160209 5.008472193882418
4.1857250394952095 3.4693398192921996 0.00644932556853792 -0.029298569926039103 4.929057790906116
4.5912254079651795 6.755915806381642 0.00735763408966404 -0.02908376214664488 4.960171150525872
4.217777907394786 6.390762138761683 0.00621347697238917 -0.029349492396182758 4.921014990668413
5.43837528024362 3.8706020881372827 0.007359650571797553 -0.029083251940954607 4.960240484740954
6.033872083520806 6.193118144485795 0.00837526085223827 -0.02880720405830745 4.995324198881506
0.2661933276825793 6.113167561537965 0.008479065296110741 -0.02877682143156694 4.998929515826585
6.564678625460603 5.237586507102559 0.0072172694101571 -0.029118911762997093 4.955347852970776
2.709477818578698 4.150981739672821 0.005198799053051253 -0.029546107838529144 4.8865615665925315
6.510830218111576 2.223674455869717 0.0072678299316224874 -0.02910633347031213 4.957084574166347
5.8191075374685575 2.7765245720772267 0.007148372741094236 -0.029135901687683888 4.952982498664092
3.69410470970061 1.4690996118616202 0.006629099596960336 -0.029258418250711713 4.93519791078637
4.78683764734417 4.97777464520847 0.009260073897873925 -0.02853508421935905 5.026182501143692
2.008453162625275 2.9070424855849497 0.0048020807330183815 -0.029613173092959383 4.873149896700806
4.97974907256272 3.1802210560814648 0.00637649103225645 -0.029314507707201107 4.926572526465698
5.840759949385883 5.133468413317904 0.008428728050978626 -0.028791605433574664 4.997180736676463
3.146593379237214 6.994202758230071 0.006754166920239295 -0.02922980036219107 4.939474571475423
4.001331881494801 5.020412166120261 0.009122070291335174 -0.028579500233557972 5.021349993324805
4.567329852398508 3.0179895889354853 0.008649873001938422 -0.02872594118650139 5.004870350516383
3.813635051150002 4.620287025550564 0.007694967950113352 -0.028996335427890336 4.971787180161822
2.0368445676078504 2.6334740740589813 0.00624187747340156 -0.029343465466898113 4.921982755791515
3.9801701031607752 4.759014509292071 0.006552026944086609 -0.02927577399359346 4.932564489007488
6.635208726064495 2.1694556596378476 0.007306785860088936 -0.02909657849979623 4.958423198689784
3.5518713204379977 5.204822094436359 0.006601149515000319 -0.029264736887260938 4.934242730575424
6.29528813750037 2.451956632638399 0.007699974700500334 -0.028995006287491208 4.9719598525031214
4.069691447252894 6.500697804624972 0.005941426941338894 -0.029405772322806494 4.911754609042404
6.727083818456392 2.687965839228063 0.007530275437212707 -0.029039541178188594 4.966111653902981
5.644316026454256 4.431833816201327 0.009355654995841506 -0.02850388955210825 5.029533929200097
6.640003140831235 5.058825029458333 0.00945417681182165 -0.028471363522157025 5.032992333067254
0.5190168072530542 3.2863742674183203 0.006021018816207471 -0.029389578636225384 4.914462028079868
5.801529588234165 4.978970508055006 0.008880676266743439 -0.028655428613882216 5.012914843735194
6.326468229620375 1.1705461798268657 0.005203022797121335 -0.029545364336434163 4.8867045227216455
6.52813356006084 1.554902909252412 0.0059055779606810915 -0.029412992859454437 4.910535645124757
6.0452402075468825 5.315470146227015 0.009541959461825419 -0.02844206408875559 5.036077108807467
6.006525616694574 3.964669495356551 0.007803792873336564 -0.028967236954705593 4.975542117647028
6.923533691286825 6.550411008684232 0.006618812175121888 -0.029260747177583455 4.93484631924684
1.7031034849752076 1.1469933225538558 0.007333039223565219 -0.029089973113525798 4.959325584583667
3.114029270432215 5.392203012753348 0.005443273129634348 -0.029502047007558655 4.894842017703569
6.547391508304934 4.90964207615775 0.009498483553974119 -0.02845661276706845 5.034548922150315
5.6888620256196445 1.4631418149423079 0.006633337454349314 -0.02925745775382281 4.93534275549078
0.018812727079991685 4.899530550833787 0.006886550080856719 -0.0291988942938573 4.94400600709513
2.397572697578724 2.6418267939705355 0.0079924886669414 -0.028915741818407722 4.982062000665034
3.5203662994758202 3.324219568468091 0.006110589209624276 -0.029371086113918622 4.917510677186321
6.684451800138715 1.2208130227529483 0.0073605934834698565 -0.02908301331655819 4.960272905996403
5.2443169549201665 3.3925428857529374 0.008279208068100286 -0.028834956455058208 4.991991475250842
5.314287922006215 3.7779060754320026 0.0072850565271498375 -0.029102026585724774 4.957676468355012
2.7702357864686653 4.09937330959463 0.005187102055816807 -0.029548163602202776 4.886165690755618
3.039707243719773 1.7988366195806242 0.007772593165896219 -0.028975624160274153 4.974465204846221
0.1600524203528399 6.052281177825246 0.008187648070687989 -0.028861088320965293 4.9888176035961305
6.9830301374218715 6.532132758538988 0.006529716308854357 -0.029280758271019575 4.931802468672956
6.712082813344374 3.1610286853569605 0.006832203586057298 -0.029211658531460783 4.942145162556314
3.1183849097746097 2.935610809831972 0.005157847955773689 -0.02955328415701242 4.885175728622266
5.676965050478131 6.2997203129035535 0.009103740056325037 -0.028585344444082932 5.020708681886446
4.7368594508717194 0.36292556880361104 0.0069650361322451376 -0.029180271960290563 4.9466948431692845
0.8212446233028391 6.101495489954132 0.009351949656767666 -0.02850510546581582 5.029403937816546
5.428823711750401 2.125902064359646 0.005311943598321089 -0.02952597593997962 4.890392289995923
2.721510245463021 1.8770001633603441 0.007478801338445747 -0.02905284031794589 4.96433950809074
3.656463125239839 0.5756398045630993 0.005533330984703806 -0.029485288674417225 4.897895479401952
5.134402075258412 3.1235913941433266 0.006771838322790534 -0.029225711381076516 4.9400791817674525
2.864541359667488 1.151921433687265 0.007631663268238581 -0.029013061123573602 4.969604614560099
5.992834981676883 3.118726752289896 0.00771698383401946 -0.02899048396466472 4.972546521097534
6.537041482377498 6.866286695262419 0.0078045505101125325 -0.028967032836227844 4.975568272694073
4.940718867538709 2.5884414561100533 0.006680834217765206 -0.02924664859697154 4.936966462130993
6.072063126446969 2.8075725108013163 0.00830350803947474 -0.028827968264142 4.992834303465134
3.930668953642327 2.1559738298506317 0.008059741359464986 -0.028897068522923383 4.984388566759657
4.81363780491592 1.08381784433545 0.005374566448563409 -0.02951464103610234 4.8925136372976805
3.102613709087603 4.097836816822747 0.0056259119276703545 -0.029467763996986543 4.901036313087854
2.3531966331786274 5.28707821901237 0.006688863988642619 -0.02924481319040079 4.937241024283539
6.639102635585716 3.199886616960032 0.007111835939831101 -0.029144841560127355 4.95172867812439
0.09343763337010268 2.969826043393899 0.007347718851108897 -0.029086268713691323 4.959830245138253
4.981572265982867 2.355471359010404 0.008464665118493876 -0.028781060516105954 4.998429143789632
2.6312217595780383 2.9611157470952945 0.006957625130243755 -0.0291820398969469 4.946440877837011
2.415769382952721 5.897731874622037 0.005789881723537126 -0.029435985963229612 4.906603679255517
5.425808570886286 1.8328332615085785 0.007169584797844018 -0.029130689209603742 4.953710602213176
3.809235322567723 1.654391369373578 0.0071428139733250556 -0.029137264946155674 4.952791715561905
2.861897745059921 4.856089364605133 0.0076519268802504375 -0.02900772336842898 4.970303109465516
1.9747057248113644 0.8346274140609082 0.007829434065466242 -0.028960317025449094 4.976427402410263
4.9343244397232136 2.3512208057312423 0.008349400075852139 -0.028814710103927128 4.994426596813758
2.7439560470142523 0.1625566732417233 0.006999695893983077 -0.029171977262293283 4.947882792498527
3.797276900477965 4.633335746345264 0.007881815879604076 -0.028946104719634057 4.978236590347331
5.330319342050006 3.9201549116642065 0.00795141949517595 -0.02892706220845345 4.980641973902669
2.5176751710185927 0.6443905311447353 0.006951405281358273 -0.029183522142029125 4.9462277436309945
6.447828365282265 2.4711014383918095 0.006193980010885848 -0.02935361326352765 4.920350734133181
4.370292710410298 0.8499548254363491 0.006095874391603244 -0.029374143653931355 4.917009706545081
2.304401825759411 4.10922129782218 0.005614517951062491 -0.02946993702363812 4.900649668333525
2.6118145494599427 2.23331910570999 0.007348307130134272 -0.029086120097414465 4.959850470507621
6.238413016990289 3.9361061915800226 0.007313366735778181 -0.029094925107104385 4.958649378638858
5.036782113952586 3.067500127256283 0.006095904099586988 -0.02937413748876107 4.917010717910288
0.041820874099741064 2.312491234231488 0.006749553493289343 -0.029230866009087475 4.939316741357269
5.802620488661405 1.3974727590721558 0.007362987611973615 -0.029082407283887675 4.960355227364587
1.4594103105607454 2.7181019168345144 0.006883910248605736 -0.029199516771500532 4.943915599421324
6.835687583946542 0.3750120138027114 0.00854313472301586 -0.02875786586491426 5.0011566731618355
5.882774039596272 3.146554228616277 0.005945480617335642 -0.02940495298804074 4.911892464032931
3.543345695456808 3.738389652397729 0.005752016957024723 -0.029443408446137822 4.905317498863467
2.431786031508185 5.772348281863575 0.006266485683666346 -0.029338220075123926 4.922821457290798
6.257225081864079 1.9525668213387888 0.006215259619043028 -0.02934911494181542 4.921075729644485
2.5246547390125813 3.353054957482827 0.0072983217829801356 -0.029098702705654723 4.958132313350843
0.47848395485326883 2.120127016066437 0.007116100411023628 -0.029143800626209155 4.951875000667683
6.866273381432223 1.1373016493709227 0.00519360966474872 -0.029547020469926043 4.886385932354246
5.956292025089122 0.15678374739727863 0.008422207328953452 -0.02879351357004078 4.996954264208918
0.6207092958359897 2.4624824044428837 0.006349232588411286 -0.02932042369302081 4.925642758450948
3.9402686383360783 4.140674419332685 0.007262690002356359 -0.029107616424737925 4.9569079866211965
3.153152443389676 3.5093269735671817 0.007357600847666757 -0.029083770556212505 4.960170007551579
0.11349239414170892 4.760214716453223 0.007509791305841118 -0.029044845231860218 4.9654063307761165
5.8080338605419914 3.7017545429742325 0.00797665984635507 -0.028920112338916434 4.98151463016548
5.838049426391402 0.26976835260855325 0.008137321766525514 -0.0288753180842745 4.987074291375985
0.5051084054851385 1.9558744827216799 0.005943527356043862 -0.02940534785660524 4.911826038210822
1.394446562776689 1.1669963159642027 0.007522536216445582 -0.02904154694351292 4.965845156804818
0.26716757789912465 0.9935868182970937 0.006068696702563258 -0.029379770596999186 4.916084570324012
2.9925055397353644 0.42099871762073726 0.005377462244668264 -0.029514113569734178 4.892611752059608
2.191406409501645 5.265308007896477 0.00516058177359308 -0.02955280690151206 4.885268234073683
2.337053838581827 2.7014151948228506 0.005494801264857557 -0.02949249326624861 4.896588895359723
6.151007950590868 1.9854686590651311 0.006957118211759359 -0.029182160752548914 4.946423506966554
4.192938880272141 0.27094124949514475 0.005162801011575604 -0.029552419287003796 4.885343328549235
1.3205355714248395 1.759528849366144 0.008079558740711293 -0.02889153389066416 4.985074424511594
5.954953848074525 3.1803244794166705 0.007642936346669586 -0.029010093484867588 4.969993186273073
5.369383907501406 1.0012918864305462 0.007382774265520935 -0.02907739060067739 4.961035651076622
2.7455749950583423 2.812844217365839 0.006461468490792041 -0.029295894335938977 4.929472264260664
6.1323075236098585 5.073832674307066 0.008744427593185541 -0.028697299281771015 5.008163599208672
2.0048245932812514 3.5156629507909662 0.005796113493628457 -0.02943475952626381 4.906815389503663
3.256455413835887 0.2497889350445601 0.0076492669561571865 -0.029008424897492138 4.970211413474972
6.517373330850595 4.682686280950555 0.009558133293735175 -0.028436632851643863 5.036645821958219
6.635373044322825 3.8474699901542513 0.006514757014002722 -0.029284090237678587 4.9312916061024135
2.538444998099648 1.8619728109845068 0.007152710987231077 -0.02913483697454207 4.9531313983083525
3.786514660000046 6.9785641616128515 0.005311985963717307 -0.02952596831809704 4.890393724847789
1.5858205642836887 6.741188200067055 0.0046125550485709025 -0.02964328483693909 4.866753124271065
3.7338677555171005 2.976635206976439 0.007495369840423997 -0.029048570205007722 4.964909838531258
3.7260492365903697 0.008107031388023857 0.005611766509863361 -0.02947046108629412 4.900556304824443
6.506902886277854 2.630517618352802 0.00560823427147141 -0.02947113347593359 4.900436449282225
3.6447381651995094 3.6762095149532823 0.0059911647582106655 -0.02939567901648088 4.913446329361436
2.5438137518094224 0.4350779651670642 0.007512140990652102 -0.02904423759950611 4.965487230136037
0.18521406136605342 2.7274610179833636 0.0058160031136371675 -0.029430836002094177 4.907491153303326
3.387346504513621 1.0152678315835924 0.0064816534066463585 -0.029291435081199243 4.930161318199681
4.034877035592653 0.39827887245643373 0.005227752667225528 -0.02954099866372693 4.887541598060336
6.519516757757007 1.7237081809128125 0.005853677454651867 -0.02942336588932171 4.908771413154213
3.360948855221152 4.749320877721773 0.006038457519032397 -0.029386000591962853 4.915055427670044
1.80646525848718 2.2140652725937087 0.0068454953208192185 -0.02920854658850115 4.942600201510912
0.6276081901676881 2.8110757965964166 0.008160885882864134 -0.028868667125568313 4.987890449628484
1.338817053898322 1.9712310575678131 0.005632116779834018 -0.029466578705005984 4.9012468813866175
3.4361863154045493 2.8426541403421886 0.006308608439039378 -0.029329191253133473 4.92425744184103
0.5711489075050821 0.4674254049525788 0.009082481294803874 -0.02859210614014885 5.019965075435849
0.9145484847342936 4.495041242288157 0.008761291486951334 -0.028692155225438783 5.008751299280932
4.9283821705843565 2.622141382903169 0.008265641222929264 -0.028838848367676063 4.991521007073391
2.6492021436407978 0.049633748831209204 0.006899625595381421 -0.029195807347007167 4.9444538393106825
1.8264997213337173 5.105882955097963 0.007128253506248264 -0.029140830495211684 4.952292026384915
2.0594591385898044 2.1036578839971334 0.005736961428099053 -0.02944634567433629 4.904806186536815
5.741632713231415 2.4435618009378617 0.007426090465320935 -0.029066358223913593 4.962525620081447
0.670110436186937 3.705403580461596 0.009324634529735854 -0.028514052516028964 5.028445834403269
4.502750512269883 5.203539450490889 0.008712647184975495 -0.028706963946578165 5.007056350263181
6.126495647531318 0.12545858707662758 0.008829802476618144 -0.0286711455687405 5.01113996785972
1.7492696096450622 5.961144700291706 0.007911550395485597 -0.02893799181594486 4.979263971443201
1.9706019651117446 1.1497114884111985 0.007685099190700038 -0.028998952574689686 4.971446850467533
1.5016528290661526 1.555612941301215 0.007139203792495172 -0.029138149721786088 4.952667814913721
6.540847243155139 1.2990135460595293 0.006093051624517608 -0.029374729307705346 4.916913610503024
6.243860812794406 2.300253928053506 0.0065295339610497195 -0.02928079893465167 4.9317962411129885
6.492292494147014 6.046161010252588 0.008305416077829272 -0.028827418611005306 4.992900491152261
6.802983257473199 1.2622594906841376 0.005067667739419993 -0.029568881339726766 4.882125091161397
5.499425658542915 0.8684979801462082 0.006433572056724831 -0.029302033215989114 4.928520133933699
5.751510970164092 4.552266508446318 0.008114126433772222 -0.02888184468168124 4.986271089473555
0.6997166420293628 1.8097502155654825 0.007618106099631101 -0.029016623846594616 4.96913736513878
5.3077368243512355 1.245151791010906 0.006866049220034974 -0.02920372181945406 4.94330395429873
6.396079646226106 3.2176883239305125 0.005305165050979373 -0.029527194648016716 4.890162715622711
5.241438466749395 3.0548437133402992 0.005944405507934753 -0.029405170347359576 4.911855901980693
5.978132169328722 1.8838667263533577 0.006755037137503058 -0.029229599266342235 4.939504343155229
0.43565968432973806 6.453292155185338 0.009311607850158672 -0.028518309193303577 5.0279890172924135
2.416018356174124 3.297501927497859 0.006186506443179595 -0.02935518928619772 4.920096136275916
5.862967216805579 3.722974961388644 0.00752300245463174 -0.029041426171378098 4.965861211016961
4.444442471546803 4.51126490843498 0.007781125182670936 -0.028973334134883476 4.97475967145836
0.03165066964538531 2.354684676968637 0.008229661344972114 -0.028849136454096366 4.990273611332218
0.5979673743008161 0.4069449737350685 0.009282425144770167 -0.028527821217747044 5.026965890828531
6.398507515580429 2.2456557707520206 0.006467202504572348 -0.029294629060031687 4.929667996042175
0.30067203755912986 5.727528095836014 0.007986017799507285 -0.028917529626611482 4.981838224031085
6.378278657495828 2.733763351487328 0.0064795170520297 -0.029291907735285123 4.930088384341249
5.484693733628701 6.359670216683801 0.008829055846011586 -0.02867137549661698 5.011113926779117
6.066083615113642 1.5501626369236727 0.006330116819667818 -0.029324556621530676 4.92499084355682
6.559742079329358 6.6037040993435765 0.009225300006353587 -0.028546345471754744 5.024964105339428
4.017993341951743 2.6568791446074758 0.006346864619140403 -0.029320936368170503 4.925561997388547
1.9879914539595436 2.346310418994399 0.0051520900336489706 -0.029554288492284413 4.884980900046216
0.15643273109614786 4.365827003466524 0.008123753201374102 -0.02887913838609393 4.986604420625536
1.5405333253956537 2.703774838291306 0.0067768881475932605 -0.029224540835315272 4.9402519722892615
5.013460393207706 3.275598429048666 0.0061876306225611775 -0.02935495234672922 4.920134432193799
4.6364623073487925 4.118221874232718 0.007592945341005029 -0.029023217965079437 4.968270348404601
0.4778626620484548 5.994846074955571 0.009307784357537393 -0.028519557330954175 5.027854948721881
2.413981121187323 3.053171749165521 0.007299378278089643 -0.02909843770296531 4.958168620808631
1.848153666142711 4.381837938461186 0.007172977563271583 -0.029129853979668392 4.953827070932416
2.121062834251549 2.0734458890280787 0.006695831893029687 -0.029243218620054228 4.9374792919816795
6.258294473785204 4.299324492063169 0.008382725068762 -0.028805032900893365 4.995583318015771
6.718285726444038 3.6334365622361746 0.00569135835230361 -0.02945519377131415 4.903257735779406
6.13278021242376 1.7193955043352611 0.006991542896827521 -0.02917393233559406 4.947603321421337
0.1371094566627466 4.703517062746693 0.008356800955502723 -0.028812564581968552 4.9946834501753035
2.7260137706345278 0.5583734222721598 0.007605801448092362 -0.02901985155599863 4.968713333483894
5.202173131670662 5.509421245755628 0.009531259160258406 -0.0284456516680492 5.035700918577346
3.663836394675506 1.1233605176767159 0.00759035147077702 -0.02902389643983166 4.968180977201471
6.612865197770239 4.573504852242769 0.008074014383035141 -0.028893083804650235 4.9848825271561985
1.844427145758896 0.7217589054533845 0.006021062972831772 -0.0293895695898595 4.914463530538669
2.359424645379114 0.013043688420668609 0.007670705617670384 -0.02900276323606149 4.970950535055722
6.921524624241263 1.418471117410765 0.00745400251570342 -0.029059212764558626 4.963486025209942
4.96691284236594 1.020985982863354 0.00798893987794544 -0.028916722491087628 4.981939274129553
5.598279420704484 0.23569283752365422 0.0067555694052817755 -0.029229476252755897 4.9395225530832505
6.900157803547048 1.9345027680951974 0.006342507796836228 -0.02932187911521142 4.92541340894646