300

5.772503504879505 1.7178737463177614 0.0073575893164777315 -0.02908377347336574 4.960169611069684
3.566655701332957 5.2016843147014535 0.009059533937986579 -0.02859938539246026 5.019162600977816
2.1289531039920204 1.3372157707461971 0.007381774247099237 -0.029077644487902773 4.9610012596118045
3.4621824862295174 0.9845043538750928 0.007592992744379943 -0.029023205563545068 4.968271981696439
0.3454714722230576 3.883691777295447 0.008727325018560937 -0.028702505082664826 5.007567688671768
6.003556344910808 0.6889833045702981 0.006603049712893295 -0.029264308201101555 4.934307662367475
0.012258296425802978 1.6946542928197337 0.006635115712103041 -0.0292570545251398 4.9354035355497405
6.762608307298642 1.8793740278693685 0.007116769631797335 -0.029143637213085247 4.9518979634465765
3.431892693772946 4.718905774723288 0.006762288161667214 -0.029227922588144634 4.939752421551197
0.5279143788293515 2.9228691468810197 0.0065459308858870965 -0.029277137647611477 4.932356265094906
0.27279685018897737 1.3380137070994498 0.007079791783883853 -0.029152642218105214 4.95062934584988
1.3104605263276905 4.830587585361546 0.007573429291791245 -0.029028316671178823 4.967597978635194
3.2016413302326656 6.078040840990089 0.0070155672390782315 -0.029168164431687713 4.948426889384232
6.170301948110237 3.1383979714807477 0.005711525258139615 -0.029451289941624513 4.903942444958328
3.810809215703125 3.7152790437879717 0.007699499790749206 -0.028995132401357523 4.971943473520009
3.73269977328713 3.3912447913128503 0.006618115764930847 -0.029260904697599042 4.93482251916025
0.39518913324733035 0.9050852228500073 0.008036620213481692 -0.028903507322542318 4.983588535119424
1.9408460097242475 0.6963364464588676 0.00824868502887888 -0.02884370287071945 4.9909330929399855
1.2350666796041077 2.3443134542311928 0.007166456181794462 -0.029131459039917994 4.953603204317954
6.169378016215769 1.5161759970502864 0.00833731180127496 -0.028818210075025847 4.994007104816394
0.661876610993333 5.756774721887538 0.005283275697444665 -0.029531119144129817 4.889421436330201
0.9828701408092652 5.776313164331732 0.00758053601896059 -0.02902646161117888 4.96784280696265
2.928978073655385 3.0737550954777686 0.007794354172064362 -0.02896977809788026 4.975216291362049
2.6138354657483203 5.92534786549641 0.008943309570496077 -0.028635942693165755 5.015101325830878
0.623308725590202 5.503928206377936 0.0073977574056808375 -0.02907358225892871 4.961550969706441
5.199763385568246 1.1812033254029237 0.006837600414112821 -0.02921039576207286 4.942329915663867
3.872393983063277 3.5387206980792336 0.007439490385851752 -0.029062931421293674 4.962986658582872
5.455485838916583 0.9781069181597789 0.007475891205321786 -0.02905358929093258 4.964239342475984
6.721553630668249 2.5974940797259394 0.0067312707355500325 -0.029235081567950648 4.938691325781158
6.930147982325847 2.437469897474069 0.007378164873700063 -0.029078560540310425 4.9608771327574885
3.067524291720988 0.7818741832364531 0.006752944994589204 -0.029230082687191503 4.93943276757209
4.94765952237425 3.839016966781185 0.007983583146939394 -0.028918201882826414 4.981754032044473
0.0397707748411749 1.401475566049059 0.006171113406703961 -0.029358429101734966 4.919571793319525
0.6488013586924168 2.7581124441430616 0.006061425880305938 -0.029381271522818022 4.91583709948422
3.0232403533287635 3.0254643333686544 0.007636678833587761 -0.02901174135402135 4.969777491161915
0.5305950299687867 1.3342258081136098 0.0053919298763892695 -0.02951147390775494 4.893101967644054
2.0656396677986075 1.5004844040584753 0.0055627453000216456 -0.029479753471273927 4.898893165888983
3.7079297334019197 0.6361180969392121 0.006251535857158923 -0.029341409295169447 4.922311916711064
6.8065524958206876 5.242970218799394 0.007936721656196324 -0.028931098308776045 4.98013390940383
0.347108365075639 4.0990114634971 0.007037158373065382 -0.029162962847289635 4.949167184797958
5.140810723267319 6.588114093841828 0.0055369732723168355 -0.029484604914796618 4.898019009813377
3.0577206082914 3.934252931802304 0.007129400063839538 -0.029140550007330415 4.952331371972862
0.5641743138921332 0.8186668242912263 0.006684314192681666 -0.029245853445805176 4.9370854508830835
5.758461708754708 4.547810908422758 0.0066798445170063465 -0.0292468746574505 4.9369326224611045
1.5957846691223634 1.1530443574485074 0.005512319272212423 -0.029489224069839403 4.897182910170785
2.2032009728078643 5.724227649542252 0.006672173930182489 -0.029248625524037758 4.936670360004809
1.110806330004033 0.9643378485812792 0.007058392543405733 -0.02915783076127568 4.94989536999875
2.7548532642208663 6.786340720813245 0.00715912989353252 -0.029133260359381834 4.953351721489276
3.0865473801521786 2.6466582349205487 0.007191513187276371 -0.029125283484924745 4.9544634310608435
0.3508867636945921 5.367348230517362 0.00572666763610955 -0.029448349321915063 4.904456620522921
2.9286867886963095 3.7330465866213305 0.009400566147853078 -0.028489109429742424 5.031109952343916
6.047992805525116 5.734230104327579 0.00680621299321976 -0.0292177251799473 4.941255521438356
2.7734164499389906 0.3072380703339164 0.008116942117984938 -0.028881053489325525 4.986368580572501
1.9334757460070702 3.445033780472997 0.008630596806561742 -0.028731738526628806 5.0041993803432145
0.5366030067674926 4.34918346373702 0.006729778277010294 -0.029235425160963203 4.938640275820317
3.4976495263816836 1.2186132123511522 0.006936709220484606 -0.02918701877873867 4.94572419987994
5.51918496268509 1.1451868794473938 0.006397299382730132 -0.02930997373945805 4.927282412475309
0.19667799031604818 4.641839594115327 0.0069497445565947545 -0.02918391767049245 4.946170837768123
5.719443809395692 3.445064810192074 0.008309568998651262 -0.02882622179642441 4.993044555630599
1.9174336613054561 4.320791040220422 0.008861083448713322 -0.028661493333651315 5.012231177669353
6.767812770440789 0.060667480206675416 0.00681626906232819 -0.0292153808133652 4.941599712247255
2.3539482937510163 6.680061227532166 0.00824861783649596 -0.028843722086225983 4.990930763406887
1.3522990703412303 0.9141948139543262 0.007139393728980687 -0.0291381031843631 4.952674333400276
0.4330625866342937 1.4262774185652867 0.0069849988934403565 -0.02917549983219888 4.947379017495262
0.5199244845487114 4.45408950676094 0.008053215402673359 -0.028898887896909538 4.98416273930846
0.07989915553419644 5.173869550498888 0.005291809301603326 -0.02952959116404195 4.889710413691114
2.2722751891586985 2.49881117600554 0.006245513457612519 -0.029342691792860125 4.9221066686314785
3.865616624632904 5.362381145991709 0.007275710585659801 -0.029104364543375928 4.957355337247983
5.386708258474252 3.284373193560436 0.0080467883611528 -0.02890067814205777 4.983940348659723
0.49207310274125304 3.0237895601339546 0.008329037986185088 -0.02882060246116805 4.993720013022896
2.945520241123091 0.1573514194186997 0.008383041913287639 -0.028804940692180963 4.995594317657183
3.9032735137407077 0.8646498986627676 0.007753045973922758 -0.028980860548407462 4.9737906576810325
4.438325208880731 4.283816450968789 0.005531126138936176 -0.02948570235953651 4.897820702101183
6.425891468451566 2.4128351924724813 0.00669139054701654 -0.029244235201955574 4.937327418521154
4.430946965136387 2.0824128799529467 0.007641927123495386 -0.02901035935384437 4.969958397741625
6.937642918524896 2.152001609105151 0.00801301379700452 -0.02891006070365497 4.982771895843516
1.0829949188328187 1.1294521490547422 0.006118812373714714 -0.029369374101864607 4.917790660148882
3.8494000151298073 3.497904534898907 0.007012164981185272 -0.02916898253756272 4.948310248167927
2.596655333388157 3.01566191306081 0.007606270052313631 -0.029019728735659757 4.968729481230618
0.6977181797106583 5.994430358426222 0.0076214892427299485 -0.029015735415855854 4.969253960194987
6.534032539135655 3.546670107576555 0.00615030820992657 -0.029362794637481454 4.918863184248323
6.95235276031632 4.141445329297124 0.007378061886376396 -0.029078586671308495 4.960873591066447
3.360908514992355 5.56083076810148 0.00733690760121656 -0.02908899769416627 4.959458566573273
0.0973122365549782 1.497167149481998 0.006874083151577062 -0.02920183180598786 4.943579062777042
4.199749251760359 0.3212642321685653 0.008745706343470756 -0.02869690959935887 5.008208159463441
2.260307788548917 4.755095630945851 0.007068503245735224 -0.02915538135344881 4.950242142260524
1.1763678492241179 0.4538851029302622 0.005583056493578597 -0.029475913559879868 4.899582198641089
4.10653237252024 4.187743654235202 0.007747154428471521 -0.028982436030489465 4.973587372299466
3.468214738348274 0.15297152379951087 0.009180940981692936 -0.02856064289701251 5.023410564625547
0.13986943147728795 2.2167969852278 0.008067737785185342 -0.0288948370306789 4.984665298443541
0.5845472995429427 2.0641145895881112 0.006439206130545179 -0.02930079562756529 4.9287124138599125
3.869026743344265 3.102494374212957 0.006327729803282287 -0.0293250717908184 4.9249094443579216
1.9963667020545317 6.27741591703538 0.007198994190854338 -0.02912343528226101 4.954720295201211
6.595374134497564 5.6645328167890465 0.006101682804998764 -0.029372937662875707 4.91720744959023
0.5398555307564088 5.403146900384417 0.006338353941170255 -0.029322777312465673 4.9252717470828875
3.4397634165315356 1.6729785558063464 0.00583273394551848 -0.029427524780735407 4.908059664937294
5.992862517252353 0.7220891820213723 0.006410882391257472 -0.02930700576595065 4.927745862090039
2.976600182891503 3.60458280374772 0.00801355979431384 -0.028909909363796987 4.982790781958769
6.302103751119969 4.287498655252698 0.007335593019405322 -0.029089329230039866 4.959413375111762
2.7438018430252207 0.816352073220922 0.005938971558475668 -0.0294062683254373 4.911671109716934
4.919749191924106 0.7148975020659358 0.008095645983203571 -0.028887030240484047 4.985631283004652
4.605571345034633 1.7817304445362385 0.005207504593629198 -0.029544574728828484 4.886856216785649
4.986910213426722 5.062382267915336 0.006421546107147887 -0.02930467105418134 4.928109738926578
4.6035269483355865 4.695491805575932 0.005429629977959333 -0.02950456097457553 4.8943795897858005
5.890736752363442 2.1914847912474418 0.0058948189343819525 -0.02941515102342417 4.910169866928504
6.499664775571839 4.518113537839242 0.0071069150926595095 -0.029146041890207464 4.951559840499408
0.7035330500128347 4.430698835536606 0.005927377385099611 -0.029408607538178505 4.911276849827557
0.04516746801531441 3.5659286349918884 0.007586535818638174 -0.02902489404412219 4.968049513579179
3.120459082365756 2.4610145399129286 0.007501126136505896 -0.029047084306074993 4.965108004680224
6.926709671800755 0.5352444182034662 0.006261701196385534 -0.029339241607907726 4.922658379777458
6.240004645776033 1.0890145378519496 0.00838315210701192 -0.0288049086225022 4.99559814317402
4.062190481324102 6.770720580227665 0.007757137373820984 -0.028979765695458435 4.973931836276109
5.261788763714527 3.304869145365636 0.0065279379218910515 -0.029281154801133382 4.931741733397434
2.396868217337336 1.2122114614943567 0.005705229797595727 -0.02945251012998087 4.903728690989576
5.422248035544901 1.4984983444015685 0.008269464278439949 -0.02883775234909277 4.9916535757566205
6.313474708951507 3.460086488334097 0.005975408208930008 -0.029398885977816435 4.912910342781555
3.5523848841388506 5.303457726876666 0.008572324019482276 -0.028749178438783378 5.002171828585423
4.438535349980059 3.3376687041107043 0.00920238735138231 -0.028553739983321252 5.024161561750959
5.011812462496496 1.3367387168054967 0.008092774974275886 -0.028887834692405277 4.985531896915956
4.240970690628455 2.9350310463383975 0.008695494143146595 -0.028712164349043823 5.006458882421791
2.4365300987084817 0.9409974169624034 0.006063336880810738 -0.02938087721409625 4.915902141370713
4.430514242172072 3.079544653662596 0.009152603438318353 -0.02856973661588225 5.0224185340704475
0.046346426267866225 0.4794450889518876 0.006747666608385338 -0.029231301636124273 4.939252190726345
3.982956074306266 3.520699153024533 0.007874536022409237 -0.028948085989090527 4.977985102000491
6.716012059950518 0.7643874232406145 0.007319457294731427 -0.02909339349251996 4.958858718213453
4.454750508254517 4.805551389224435 0.005585694785455452 -0.029475413716583108 4.899671706104177
0.13320449564457632 0.9971178014844974 0.0073560712335256715 -0.029084157474599397 4.960117414509588
6.094915905603283 2.752257600896728 0.00816686071186417 -0.028866977432925142 4.988097421561486
0.13295615430455596 3.3908763515850135 0.00636198285779342 -0.029317659765355462 4.926077638598088
0.9332588467219342 1.5971989069885066 0.005388947136047009 -0.02951201871720894 4.893000898045932
6.269313721331733 3.3041029511605795 0.006968992324109449 -0.02917932737378474 4.94683042298489
6.772654594441861 6.489696590184043 0.00663091177795492 -0.029258007604636694 4.935259848301094
6.962493358529602 6.871197491069135 0.007464694652783487 -0.029056468019026428 4.963853985692045
6.533793370902669 3.64644043569633 0.008477327755178501 -0.028777333339475363 4.998869136486862
6.46418854412517 2.2867040151490396 0.006587184003274374 -0.02926788353993172 4.933765543278529
0.3720001903027951 4.871002840155953 0.0068173747415787135 -0.029215122824196454 4.9416375582072085
2.082401626915224 6.449949668539169 0.008076321990138908 -0.028892438857105827 4.984962395157602
3.5386234838061243 3.7062179512887017 0.007514424940751711 -0.029043646771881256 4.965565867880315
0.04317838466845976 3.2426398890456523 0.006530465831371276 -0.02928059111468367 4.931828066529724
6.131638088745928 6.7813340890050275 0.006537807347287883 -0.02927895276627476 4.932078803314597
0.5147688018136786 3.232623792206507 0.008442258599911044 -0.028787640919884838 4.99765071673144
2.7872860884829143 0.9471499334384543 0.007427261645178574 -0.029066058976993412 4.962565913601443
3.946564310303833 1.6385029269784752 0.005082985237464562 -0.029566252063386683 4.882643141830112
0.1271638842263618 6.539578365434412 0.008596476612720427 -0.028741965657326757 5.003012048142608
5.690311067376549 1.7116486247659444 0.006906227960900004 -0.029194246271347424 4.944679986234047
5.7568889970103525 2.0960317103694797 0.007756442535798509 -0.028979951676786065 4.97390785969189
3.1853719916019263 2.4107595289006287 0.007905708143098373 -0.028939588434463752 4.979062088353338
3.4312102387433114 0.1048203272208662 0.008656445263435342 -0.028723961345906796 5.005099150259413
0.599272886912683 4.370422563052221 0.006303925972713258 -0.029330198044516354 4.9240977925036535
0.4251025853085249 4.850399424681582 0.008198641493062046 -0.028857967316986158 4.989198532290116
0.13589546899215713 1.4742748326986395 0.008299617532674494 -0.028829088587940515 4.992699350104461
3.5367035868183807 1.2475262076867593 0.0060528242899406115 -0.029383044738677182 4.915544350726092
6.158954916243621 4.629323663141555 0.007576588031999194 -0.02902749237866348 4.96770679600443
5.128692325129252 5.6690648526723235 0.007652703774712303 -0.029007518420859513 4.970329891891577
1.2472162935130877 4.416080332346212 0.007433099819062091 -0.02906456652145115 4.962766777563042
5.864785009941312 0.4423578239480588 0.007703806769769632 -0.028993988364039387 4.972092017900599
3.107335216830592 0.1814937963981152 0.008893774753714678 -0.028651365947022268 5.013371979292801
4.049225153806647 5.882135568912608 0.006707932893262961 -0.02924044521376993 4.9378931169463725
5.576466615040865 1.441691936112442 0.00868989175227458 -0.028713860439407136 5.006263765630235
3.2687031606343835 6.4603786567302794 0.007042733078751254 -0.02916161708104444 4.9493583462491255
6.4279053888115625 1.4350297528719662 0.008462620660547664 -0.028781661723320837 4.998358109694447
0.0011251085547785422 5.190793520473711 0.005519268005455716 -0.029487924319693187 4.8974185517167355
5.3942337059809295 0.9094753316189383 0.008887608472464925 -0.02865327931738651 5.013156768773741
6.492994611008241 1.1202208805398843 0.005826397897920112 -0.029428779919240824 4.907844359283764
4.339492692176283 0.46618748761788864 0.005554305028918255 -0.029481344875119476 4.898606866234381
5.237734715706365 6.397579203258236 0.006331236401891653 -0.029324314921637333 4.925029022713357
3.523696718354601 2.410340881136767 0.007827697201486792 -0.02896078653147797 4.976367428968036
2.7484552684310106 3.593611987497016 0.008579680529638055 -0.028746983876736524 5.002427724277218
0.05926841093545607 1.5123899801588687 0.008175440629890307 -0.028864548680122105 4.9883946566612885
0.5048126257706343 1.2799755639231651 0.007523633449714436 -0.029041262708676047 4.965882938491871
5.429904061367768 0.6752227021348362 0.007221758704269525 -0.029117798701435302 4.955502026998387
3.0409397257870485 1.2708835994932293 0.008644083218103784 -0.028727683953261817 5.004668804180501
2.823030720285851 4.207292454983572 0.007908131874114922 -0.0289389262112748 4.979145840710493
5.863655877534534 0.14993362122655862 0.007659300177432448 -0.029005777369206693 4.970557301922395
4.1733531228239205 6.955220891198824 0.006994937323406743 -0.02917311865127915 4.947719674399524
3.2786029730142223 3.1676973417512806 0.008302370894038668 -0.02882829577928289 4.992794857779403
2.3796545682475134 6.143090932253817 0.006932590873340228 -0.029187997255428127 4.945583100230901
5.379008432731996 0.669799550317085 0.00718401482114462 -0.029127133931260287 4.954205987115238
3.165295181156076 5.475419146430974 0.007707691943838903 -0.028992955780652665 4.972226019583935
4.227671318296864 2.948489110901596 0.006897224923593136 -0.029196374575507927 4.944371613515793
5.7624844581574735 2.235921035759298 0.006181185214055849 -0.029356310213470925 4.919914869261633
2.9359892041128735 5.956575018968082 0.007295422787591787 -0.029099429656786857 4.9580326883193075
6.863508033863169 0.7822571197322069 0.007122629980132335 -0.02914220551307193 4.952099053386814
4.762187701691506 6.156305162711355 0.006719863596570962 -0.029237705676805083 4.938301156631649
2.711153264998217 2.418431951143032 0.007856320018683876 -0.028953035000911852 4.97735589127666
3.0100501417038688 0.5407662956837576 0.008123753930986905 -0.028879138180852536 4.98660444588989
6.682877547309992 2.2547567273689864 0.0065982170515373 -0.029265398198910646 4.934142527032199
5.486161745573565 1.3875206877945505 0.008015645450756868 -0.0289093311580839 4.982862925986373
0.46421287090841634 0.62529827761806 0.007215960619361519 -0.029119236122189463 4.955302906802573
6.234911908053943 6.712841915191492 0.0057919384729541185 -0.02943558133833123 4.906673551674766
1.8549222399111953 1.02488256132126 0.005738003818828167 -0.02944614256868144 4.904841586322428
0.3000431518788744 5.6997592199839024 0.007212437336679505 -0.02912010899128764 4.955181913591854
6.313679178236459 1.4618200137638337 0.007910857613132299 -0.02893818121141594 4.979240031285549
3.9662579874814337 2.0518026160282687 0.006587714747946427 -0.029267764082684708 4.9337836773453265
2.842010390912951 4.082429026789381 0.008852129238048517 -0.02866426011521816 5.011918780184688
6.686911799466878 0.2674196241682075 0.007030535723212757 -0.029164560127741157 4.948940099899222
2.927339809121507 1.6613719508372353 0.006612119429114952 -0.029262260279327715 4.934617597372535
0.9014734702601122 0.43341825227585073 0.005883013719404644 -0.02941751433376547 4.909768551953321
0.31412271647234485 6.45738308963178 0.005935718979718491 -0.0294069250380554 4.911560502604216
6.40040775276941 5.475659679059335 0.006736369746453601 -0.029233907071054745 4.9388657434001155
1.0395708869709712 0.7747289865627734 0.006927696609080432 -0.029189159283756965 4.945415422853705
4.374493662793638 2.457004981854722 0.007923297005338526 -0.02893477776941087 4.979669917444257
3.567604630617713 1.8202352115329485 0.006088949538382456 -0.029375579883961982 4.916773965752727
0.620297663238914 3.0965577435390355 0.008915385562080587 -0.0286446487197774 5.014126335680999
6.248880453145616 2.0194623908339024 0.006153399581800519 -0.029362146951248252 4.918968467345675
6.277944326419465 5.587693229709787 0.006848283621715541 -0.029207892964685803 4.942695664394837
0.9276688383339206 0.2691108037923616 0.0061280513610139295 -0.029367447735831168 4.91810524942811
1.7927724102297962 6.473944497686625 0.008848449129562714 -0.028665396351725905 5.011790396074002
0.71923502274869 6.315438955567469 0.005870589211699771 -0.029419996300262756 4.909346219078041
3.398460669473808 5.730043467511923 0.007093496638951504 -0.02914931054816192 4.951099479496008
2.5901693302752213 3.572713010998456 0.008232845452739291 -0.02884822794820004 4.990383984060571
2.744174028908043 1.0107428536691458 0.006013329955586971 -0.029391152798848165 4.914200416480661
6.578693323714102 0.29985223934135186 0.0075862132199736925 -0.02902497836314605 4.968038399044345
4.584131481009007 5.577128674887249 0.006295282908963968 -0.029332054362013343 4.92380312043321
1.7109184404069882 0.06484703446145856 0.007139948182249523 -0.0291379673270939 4.952693361905937
6.378186388856402 1.4935798126371425 0.007814905026369093 -0.02896424104700192 4.975925748559947
5.805605843106315 6.318087666952356 0.005448981875293399 -0.029500993144684535 4.895035524533946
3.1627663295352635 1.1247075278455205 0.007749674733831223 -0.028981762222470495 4.973674333059179
6.598817752613135 3.3984200001475844 0.007492445747786038 -0.029049324548369157 4.964809177650244
2.380989513471652 1.8180749571739687 0.005517948770690357 -0.029488171210911615 4.897373813768139
3.6449190830678586 5.555255907201374 0.008706522718602528 -0.02870882202652101 5.006843012894514
0.016525753050153538 3.0167599925545057 0.006689635025168248 -0.029244636828486045 4.937267389261337
0.08669413329005715 2.1682213247194353 0.006471166075562087 -0.02929375376462522 4.929803298325414
2.9391436286454593 0.16951744611029085 0.008192628774217933 -0.028859674872871596 4.988990182863693
4.163177981633748 5.281204201944189 0.006368851048578487 -0.029316168513655063 4.926311912598448
1.9851623618181191 5.049094472395896 0.008052090825957202 -0.028899201257656514 4.984123825332844
4.15686749505943 1.2895404698863602 0.006745256498980491 -0.029231857873952546 4.939169741901352
4.122809095635707 5.315599881310672 0.008551262447411449 -0.02875545010177185 5.00143931116331
6.915149205685407 0.9398813345966657 0.006536419782589784 -0.029279262566290307 4.932031412365609
4.057303441094521 1.9869978573684444 0.007490559672453424 -0.029049810942472835 4.9647442515436495
2.958534206964392 5.746607160100823 0.009579542376221616 -0.028429427849715413 5.037398787126226
0.5999689619628691 1.038617615634099 0.005261306330436838 -0.029535041149409375 4.888677546228473
3.7706089673008307 6.319472357761535 0.007260996605554164 -0.029108038894678747 4.956849809940287
4.427110582456772 5.704330409281428 0.007250083554893206 -0.02911075898095182 4.9564749121089555
6.9490305519244515 0.03845439629460601 0.006782239479162209 -0.029223299397010145 4.940435087064169
3.7876143623264547 3.0639634919141443 0.008976498279297902 -0.028625556390081953 5.0162605237428
2.2019113294382064 0.5205928924044222 0.008061365559698934 -0.028896615464668172 4.984444773601702
1.0383935791278225 1.1211988836502114 0.007875877385504142 -0.028947721074525094 4.978031439141735
1.7365510463275111 0.2781719247808093 0.006892236893842535 -0.02919755247617779 4.944200772814018
3.8688745016512245 1.1583791724256607 0.0066053472466089305 -0.029263789702492667 4.934386172819608
1.0379073015193743 5.794099632660763 0.006389102078169724 -0.029311761711550657 4.927002744722592
1.3514653115906656 2.812368592440632 0.006466427611111442 -0.02929480011794338 4.92964154439478
5.372523955975322 0.940650710507982 0.0066212538242998945 -0.02926019476685338 4.934929764560448
3.0609027729531166 5.360382398724559 0.008561527368708008 -0.028752395536978545 5.001796303190172
2.2298296565070186 3.4141514874261327 0.007436552829536875 -0.029063683214856077 4.962885584184138
2.4500861690261306 0.4089630076514043 0.007951874773699788 -0.028926937058447733 4.980657712780865
6.161735706131199 0.7559980258140674 0.005949037311850564 -0.029404233624806646 4.91201342113897
1.0968319884774684 2.0202219794084217 0.00687530835117638 -0.029201543368052387 4.943621019242588
4.9847972826263325 3.5330850712427138 0.007088919490101748 -0.029150424018577422 4.950942458237701
6.593555333133241 5.450906514608396 0.0056843908456975616 -0.029456539184251597 4.903021195239042
2.153026464462895 4.269722424117307 0.007178223378318706 -0.029128561741544306 4.9540071587349415
2.3624847023133424 6.455512075720211 0.007163285095019218 -0.029132238956995314 4.953494351399889
1.8930201711237802 6.861439864886023 0.009437613312932724 -0.028476858235338305 5.03241062926999
6.980525317403307 6.616790027052191 0.006987507230276418 -0.029174899189317427 4.947464992462926
6.662426823012598 0.6122357383175829 0.007917912747228707 -0.028936251618467676 4.979483839603541
6.930357624296893 4.363514619370387 0.007430177776903999 -0.02906531366085014 4.962666242617968
0.25314162767716303 6.583213125607818 0.006603829637201921 -0.029264132212023876 4.934334313489668
5.943484892397707 6.187214204068775 0.007569945048259326 -0.029029225479959574 4.967477951386411
6.215531041363073 2.8760775329339108 0.006577062392973324 -0.029270159724178752 4.933419730209427
1.1294786711114633 0.12514285475996603 0.008579220279397082 -0.028747121236700934 5.002411713931807
5.753620352589501 6.564077486785263 0.008184230699814277 -0.028862057581749388 4.9886991980305195
6.823461945939037 1.5319345016800396 0.007510480787323464 -0.029044666951838938 4.965430069363562
5.683163289401961 1.3728533654172563 0.006937658678984669 -0.02918679311013645 4.945756730169441
6.399851279363627 0.19658295307153464 0.008237255658613536 -0.028846968977947047 4.990536863541035
0.84391126878214 4.763700318373921 0.007200328754883415 -0.029123105360204963 4.954766119863557
2.8235910968994173 1.6068267641031335 0.007814361968640566 -0.02896438756513011 4.975906999359714
6.297333848509777 2.0392216239854974 0.006631891214024352 -0.029257785612129748 4.9352933242574295
4.904968195039305 2.834694152062553 0.007829974924558818 -0.028960170798542954 4.976446078326605
0.46288087220393137 0.6699743820012569 0.006109813907098461 -0.029371247403210954 4.917484280464252
1.0742015639933586 5.735911739365151 0.006497499188143492 -0.029287924206062722 4.930702320399208
6.808182763965675 0.5555485884565777 0.0077952984011961 -0.02896952403537741 4.975248885097109
0.7282658923452393 4.042366920809114 0.006552723123617491 -0.029275618177336725 4.932588269126287
6.787758453007981 1.0434468744050787 0.00779428054044889 -0.028969797908455965 4.975213749692932
5.9644765227733005 4.688602700753415 0.006786274979184091 -0.029222362531234534 4.940573181146171
6.507928343617111 6.868213934100434 0.006353494094768662 -0.029319500554882236 4.9257881033300395
0.004667026207029856 4.9230823677871705 0.006382751851086468 -0.029313145153794948 4.926786105502234
4.467885592448431 0.9769497258185788 0.0070553442142630984 -0.029158568517989085 4.949790825507748
2.3751201283660244 0.650926445874838 0.006271408831489097 -0.029337168085354123 4.922989266928384
0.6359666699267055 2.6938897531383255 0.007022992036049671 -0.029166377609528112 4.948681448575803
1.9411248872599722 1.0114845951486355 0.007046730217196668 -0.029160651454417943 4.949495416995498
5.462736843157197 1.5955868381045384 0.008611027790254994 -0.028737609510804063 5.003518355893879
5.069876580175311 2.4343622552720054 0.006271715157133689 -0.029337102600423572 4.922999708494713
0.8981812529625212 4.307827775095629 0.006655888687967272 -0.029252335731927273 4.936113608749961
2.8184128258280663 1.3618203245336165 0.00807341216300829 -0.028893252084979806 4.984861684165635
2.2558629821919416 2.6912633175458134 0.0080360427872464 -0.028903667869693374 4.983568557452867
2.5087192296127676 0.3780608230533213 0.007522489166148525 -0.029041559130755668 4.965843536702167
6.7189469119191685 2.6221333065759973 0.00759522107944744 -0.0290226224996005 4.968348760170992
0.14559033767898066 1.9474733987164785 0.006976553562289617 -0.029177520463406482 4.947089560975309
6.566114485555903 0.035047243579326044 0.00649342739341843 -0.029288827233032104 4.930563296140659
0.6422904414919105 3.0392418919445774 0.00830188572072074 -0.028828435501776592 4.992778028059537
3.131977213997186 5.86750982784633 0.008225165795621183 -0.028850418500162928 4.990117785196457
5.679356983597238 3.8370372756433735 0.00725155217016128 -0.029110393180502202 4.956525361652231
4.052714815661718 6.430003828357226 0.008068857851369935 -0.02889452427319726 4.984704062193794
0.10971081472578365 2.9066384758734785 0.006750879344923989 -0.02923055983162619 4.939362099526877
2.2270462672575677 6.025156929234017 0.0073201457772425 -0.029093220272082613 4.958882382849234
2.7646692361309153 5.3222092501383065 0.009973032312838843 -0.028293791306346208 5.051272598619508
0.37151842077776914 6.739392385029597 0.006463676386517158 -0.029295407277769334 4.929547630250607
5.392807243119839 6.334903687168208 0.0071791449794723445 -0.029128334613632085 4.954038797947163
6.047746900340066 5.556875266451621 0.005183841748979866 -0.02954873575504599 4.8860553530942825
0.32989564191156756 0.24973353379459862 0.005891924058605689 -0.02941573101059403 4.910071453453341