300

5.125189008808079 4.151550476257242 0.006039111087617447 -0.02938586628417505 4.915077668535266
2.9737336273455326 0.6494712505629922 0.005595467937756636 -0.029473559991245332 4.900003286167303
1.5446926791655107 3.7872139788257995 0.007958978100328619 -0.028924983450271658 4.980903282038746
2.8971497497737437 3.438930165826219 0.006856784113754983 -0.029205898575756187 4.942986708401921
6.676860681252119 6.311604158713016 0.008529164014117763 -0.02876201246818933 5.000670903406119
5.379948538139728 3.1294827637258273 0.008450717261748618 -0.028785158984483375 4.9979445590247025
6.4035935504535155 4.13891126175313 0.0064668150841905095 -0.02929471458585808 4.929654771098603
6.1448990819645966 4.321194821805407 0.008567320611515656 -0.028750669862448404 5.001997796545277
2.8407196401591164 0.16716198029768214 0.008603055941911979 -0.028739997015663255 5.003240966184264
6.838593599492591 5.3449117031262645 0.006542234327281998 -0.02927796389790337 4.932230005947449
6.675164112950672 3.7850759131326277 0.00835173488360055 -0.0288140334634714 4.9945076260919485
0.6880647890328925 0.26944052478019886 0.007399506238768106 -0.029073137213283876 4.961611122131294
2.6368874851048987 1.5328512097113014 0.0060023947527638715 -0.029393387984919205 4.913828372996058
5.5039397722418 5.567286606141876 0.006407614205428057 -0.029307720487857743 4.927634347935324
3.195634303892832 6.15684129145387 0.007844135859735923 -0.0289563383840914 4.976935090357708
3.1203440451647193 5.833870203288075 0.009278648412642206 -0.028529049820044346 5.026833505997265
6.799968785689633 3.3524552305368207 0.006113769694885026 -0.02937042424136746 4.9176189646729185
1.3761579983826009 3.150936914869465 0.008862756440806632 -0.028660976052307437 5.012289548919258
0.5641179814502065 4.771618482800905 0.010364365110141062 -0.02815279623525327 5.065137972768542
5.544730390575303 3.956142789824527 0.005974277899747058 -0.029399115693785654 4.912871895584349
0.009216968585249678 1.1881111456810676 0.007273797863548206 -0.029104842632116077 4.957289618362476
0.3274079935755716 1.2069188629435583 0.007222952028669262 -0.029117502708706708 4.9555430098514215
2.329565585184717 5.519760960874267 0.007401322448419904 -0.029072674902982622 4.961673592998416
2.0408055700652716 1.378049123847004 0.008098712972046538 -0.02888617053533412 4.985737456413738
6.9606820648267504 0.9334680192270775 0.007975360623583961 -0.028920470655295124 4.981469705902838
4.56822726094873 3.619523756643215 0.006376933955864961 -0.02931441135896364 4.926587635855929
3.2501339667648352 5.978883621173741 0.008467593533246096 -0.02878019909166246 4.99853089329163
4.816378310987136 3.4143546502041704 0.00638425460291071 -0.02931281789874889 4.926837371246818
6.069610876246879 5.030434097406454 0.0056380718894583235 -0.02946543984686636 4.901448982375192
6.266500045998899 4.8672944843716355 0.006977843388071738 -0.029177212026709188 4.947133767356758
2.50190974729347 3.2360595964319168 0.007991280745893977 -0.02891607566804846 4.982020227084339
4.308603086782739 6.274694385242744 0.0060199242651390525 -0.02938980285476563 4.914424785392363
6.437969751507497 3.8473313743620103 0.008333340402552833 -0.0288193587321991 4.9938692989096545
6.958279616960443 5.179808478685728 0.0076021800812391205 -0.029020800437141826 4.968588546227921
2.43954076981441 5.475428630850536 0.007259548595296054 -0.02910840006239668 4.956800064188615
6.921693534500697 3.778318913585044 0.006870624855055898 -0.029202645669546588 4.943460637044406
1.5004906246313667 3.954688234882861 0.00724249001228254 -0.02911264911377849 4.956214070539693
3.131171073111392 3.0873652215708898 0.006589205514347703 -0.029267428494654083 4.933834613075964
6.14587180130531 0.6734160022866666 0.008101253987071406 -0.028885457999432165 4.9858254239884
6.6867214754412645 6.529367424182364 0.00722267503638791 -0.029117571418625192 4.955533496949258
4.5153684924194915 2.027368036269463 0.007138666758116777 -0.029138281296544558 4.952649384328011
2.4496548553118145 6.37810308737248 0.009101845921669283 -0.02858594761098873 5.020642420146087
6.952966381006371 3.2622085666460596 0.007419772275967245 -0.029067971710678195 4.962308254908891
5.123353168292591 6.9844535141674875 0.007861971254392254 -0.028951500962732656 4.977551082744699
1.01216986782278 3.603137400386464 0.008191658098102225 -0.02885995040889357 4.9889565486843
1.6317814384001592 1.1772964168896738 0.006808781103858509 -0.029217126824514064 4.9413434179778015
0.5206058748019541 3.412991236974842 0.008152118308878098 -0.028871144194126674 4.987586757125227
2.186725827153997 2.2403604842919482 0.005540320589550025 -0.02948397611864804 4.8981325386509695
2.501285428109591 5.0960833608500735 0.009121944291132828 -0.02857954045028487 5.021345584566336
6.6788785453219015 0.7943769935309823 0.007822661342734577 -0.028962147184158946 4.976193547625483
2.3286997906907474 6.1791390870045175 0.008719564113940937 -0.028704863728345294 5.007297308588742
5.399899371837519 1.16780875884787 0.007978428194012422 -0.028919624540318423 4.981575776628179
2.213974067252333 2.762842745187462 0.006512405882706635 -0.029284613188821328 4.931211319834927
1.3091118567818523 5.883883781970724 0.009999130573565126 -0.02828457862109307 5.052195151139445
6.872329158722148 6.77756974224297 0.007290259849821929 -0.029100723553239605 4.9578552682449075
2.9205508135636853 3.6702175196945044 0.0072665301623463345 -0.029106657990908384 4.957039918523567
4.8826361009001165 3.5819526387603133 0.007197094807996643 -0.029123904723177278 4.954655077360986
6.52973578662441 0.07018225344525697 0.007091335399333354 -0.029149836401842148 4.951025336400261
5.058834094077617 5.874639087106958 0.006701295619565493 -0.02924196705112692 4.937666133365774
1.3169110319277877 6.766177595225103 0.007612170986267014 -0.029018181419169512 4.968932828798347
6.159925830526159 2.5045482565103843 0.007345726800545015 -0.029086771869214958 4.959761758067845
1.7958571757167443 2.136068433652117 0.00558686570064999 -0.029475191799934068 4.899711431402471
0.7665381498470376 3.3639428387802055 0.008833390349954954 -0.02867004037188163 5.011265109091918
6.832847902133624 3.8724464679550223 0.006981669450624973 -0.02917629674379889 4.947264901289519
6.86414703101226 6.88520683510343 0.009012151362212065 -0.028614351780611405 5.017506265723974
6.405402326190864 0.5999004642448111 0.0068678970656965155 -0.029203287313160433 4.9433672290901765
1.6872519854727341 4.948021511862199 0.007439814777342018 -0.029062848382064056 4.962997820290855
3.3037433850894558 0.8176511222470291 0.006946606965726498 -0.029184664665946054 4.9460633281888375
4.730391148423696 5.715431266595115 0.00548691507994146 -0.029493961465111986 4.89632150567153
6.790154481530018 5.442295662616397 0.007528698356818242 -0.029039950086941307 4.966057346251185
2.373810442201981 2.61022751042446 0.00720202236293096 -0.02912268658423948 4.954824273697182
3.3153572777330815 3.313389439052805 0.006790194548788056 -0.029221452017133043 4.940707312349904
3.8493518108151905 6.731684491420557 0.00921460154820378 -0.02854980067019454 5.024589352970047
5.791139614439236 4.850209975185261 0.007047261203140747 -0.029160523135477304 4.9495136260232755
3.847891679504387 4.532536291712323 0.007090337600984246 -0.029150079120031026 4.950991106561673
6.2945381762381425 4.587368064654683 0.007926497652544325 -0.028933901136283184 4.979780535044764
0.4784448438543652 3.574267936507114 0.007063741445851949 -0.029156535404367807 4.950078820588472
3.225540397419809 5.937697559895042 0.008612247260154037 -0.02873724407680683 5.003560790796198
2.0004338231956926 5.462638246161221 0.008197030215786534 -0.028858425037438937 4.989142697986918
0.041272563823866314 1.4250437307150277 0.007065860723312327 -0.029156021886374554 4.950151507418133
5.855463199602398 5.971344828418591 0.00806836195096357 -0.028894662749861664 4.984686899799516
6.285202262823183 6.569908553074967 0.008217901240342324 -0.028852488613705058 4.989865993541449
2.7786722619936137 1.0109142003637894 0.00643345471725009 -0.029302058978868575 4.928516129453112
6.490674256494697 3.9416628574333292 0.008250544452335222 -0.028843171050355065 4.990997559024878
3.6324851435585166 2.774565629487885 0.007830068747664544 -0.028960145431382884 4.976449318057043
1.6898592544869917 0.20804982386450768 0.0068302561379127895 -0.029212113944227052 4.942078496264109
0.5960756459468141 2.904568275047583 0.007013415949617133 -0.02916868177888154 4.94835313532998
3.514664930864593 6.635342931416366 0.008273540122867119 -0.028836583255221274 4.991794915726216
2.9020665404040185 2.606419290182944 0.007280311708273894 -0.029103213936443 4.957513430840765
6.4788291582283275 4.646972508513465 0.007943854314208713 -0.02892914064804946 4.98038045722682
6.946693952068918 4.500935489451985 0.007168170465767043 -0.02913103726566744 4.9536620512291165
3.2754049611726974 5.549307574534963 0.009245270420059917 -0.028539883932138983 5.025663763141325
1.4435546382734115 1.7347746668583455 0.006620262544286115 -0.029260419064748924 4.934895886583141
5.922993170044939 1.0914130787766807 0.009232220696378834 -0.028544107991201165 5.025206551828168
6.887815319170389 0.8357168918191827 0.007001155599565927 -0.029171626973322325 4.9479328307367085
2.8594501934096894 4.123880903717148 0.007849639781509156 -0.028954846836074764 4.97712517183284
5.371433145571365 3.1628186882138913 0.007938136183045584 -0.02893071022182868 4.980182802685422
2.3952300868203746 6.054778782506921 0.009577989597186023 -0.02842995102486454 5.037344168906121
5.644224517444581 6.718081809580691 0.006749220776680449 -0.029230942833025842 4.939305358999607
2.1732455081859956 3.2695607309158894 0.006425695429012214 -0.029303761503492544 4.928251333631514
4.275978039543427 3.1497554334112556 0.005799569910017399 -0.02943407869899822 4.90693281721208
4.010228827465764 4.229059774379662 0.0061594531183436696 -0.02936087766540582 4.919174639849942
4.416092499035707 0.515557648046011 0.009417479833201577 -0.028483522843764278 5.031703700049671
4.05562775415122 0.15356946994719134 0.00727543113944915 -0.02910443439984934 4.957345735737018
5.246516899618094 4.626252371904783 0.006205367837310298 -0.02935120798201796 4.920738703163321
5.842016798063439 6.948722531449309 0.007423855250259532 -0.029066929201812735 4.962448720420021
0.028126909690830364 6.855536988085357 0.006937455231815743 -0.02918684146848631 4.945749759653713
6.368776347052154 5.991772102373729 0.008110297870442778 -0.028882920012573022 4.9861385324262235
2.524700275604856 4.908416646497771 0.007597558061977698 -0.029022010810673987 4.968429283809293
6.328631562996217 2.981702601624669 0.006774877349988423 -0.02922500704692154 4.940183167732959
5.634678609051968 3.534058850742045 0.00664034244672294 -0.029255868679467535 4.935582187865151
3.509724902588684 2.22661166559777 0.007113582803551881 -0.029144415240265346 4.951788615883632
4.59302167492731 5.732456263160745 0.007338476942451772 -0.029088601825545065 4.959512516590043
1.836596254481871 3.6674892273874162 0.007576582924220172 -0.029027493711865915 4.967706620040938
4.781222738816854 3.9341720546447156 0.007898441118695126 -0.028941572657589048 4.978810986812595
5.652835975933382 5.889895370681533 0.007105278545420427 -0.0291464408940781 4.951503690987138
2.9749909977308557 0.7547473574971937 0.005512052625174223 -0.02948927391200587 4.897173867992794
3.813893794125483 5.776910326049875 0.006550606868938791 -0.02927609177551901 4.932515982435446
4.377290327607088 3.774184868742768 0.008111425238338537 -0.02888260342494846 4.986177564978117
3.631247504582037 5.378136512380212 0.006985343852975578 -0.029175417242186894 4.947390841115268
1.8647216690572233 3.393999652333234 0.007986904876897398 -0.028917284631987707 4.981868900273463
3.7971647015831658 5.516726952807174 0.006887480707249111 -0.029198674790258398 4.9440378791886745
6.457873999963805 2.928743392994685 0.006110022701212048 -0.029371203969035274 4.91749138926236
3.371550039162169 5.963123518344818 0.008268588809127163 -0.028838003382786002 4.99162321744396
6.108981530171991 3.2089893552570197 0.006682554338893624 -0.029246255615167797 4.937025276824881
3.900560646505217 0.2617337938377136 0.007360599583798373 -0.029083011772630892 4.960273115752132
6.5423603555257355 3.445322534443719 0.006866942013343514 -0.02920351190157406 4.943334525625314
5.455778224566689 5.188222956995046 0.005329819071269286 -0.029522754422098462 4.8909977381501015
6.432130729380342 5.810096257796707 0.0063139662937379834 -0.029328038284916716 4.924440125364473
0.32965159506883923 4.042476975130396 0.009349618485573459 -0.028505870170444245 5.029322158083191
5.610624188580062 5.734654469319976 0.005909564056867274 -0.02941219224501605 4.910671168580331
6.148960003333571 1.9297443545956756 0.007198027181173743 -0.029123674299426642 4.954687091504498
6.3551857143319 2.3151327926360774 0.008815875377257757 -0.028675430970303836 5.010654251015678
5.847941252187541 6.069554839192626 0.006128557567197047 -0.0293673421021643 4.918122486441625
5.81774131831675 4.721205067683803 0.005341286037484688 -0.029520681961393964 4.891386162902236
6.706842525849811 0.2993277720290203 0.007431959056877022 -0.02906485824112864 4.962727528518704
1.536453385564784 1.908602921131827 0.005738781879500509 -0.029445990941714233 4.904868009568655
2.9264752243171475 6.148725694341855 0.007504972418690396 -0.02904609076958027 4.965240422375551
6.345653523212861 5.662361470980513 0.0075963687436112065 -0.029022322131612533 4.968388304154397
5.506920288678982 2.221309936358672 0.007994070814004578 -0.028915304456648562 4.982116716848285
6.825321688515928 5.654772066646529 0.007254107112758654 -0.029109756611772352 4.95661312998003
2.2244442374353124 3.402068127656207 0.006319897142833638 -0.029326760818474365 4.924642354309627
3.348677264522071 4.084788347773596 0.008355682812388498 -0.02881288886485969 4.994644642910555
6.512974246313872 1.9810341446288022 0.007377314070246197 -0.02907877640322831 4.960847874077552
5.058403159474523 4.149786718629674 0.008276850627496916 -0.028835633228526537 4.991909719866858
5.124238255877292 4.534118988784418 0.00584104733352508 -0.029425875790662876 4.908342176665439
2.5883943104151683 4.857196456226193 0.00938298047730448 -0.028494906165181924 5.0304927382074
2.867262428148449 2.5591216503751375 0.00623219983142999 -0.029345522405660525 4.921652961660293
6.928943942420057 6.79659643806057 0.006431530301209229 -0.0293024814304971 4.928450454813341
6.7659741193488525 0.28090869712844063 0.008940887339268238 -0.028636699069315107 5.015016739852237
6.521309829020777 3.9169667235548284 0.008460529022538488 -0.02878227664134274 4.998285437877067
2.9498217813756153 3.696719283879467 0.007893869754274183 -0.028942819840204845 4.97865303872973
5.490893082402611 0.05657075594674278 0.008564374449187643 -0.02875154761563457 5.001895325285744
4.542227471468009 1.11780326397467 0.007360924733022878 -0.02908292947890174 4.9602842958075914
0.5986006900464313 6.848625045991003 0.008706025321203958 -0.02870897286749485 5.006825687345893
5.245206372755822 2.883459421796441 0.00848823265213365 -0.02877411869099125 4.999248098144297
2.5515852224240154 2.6378681525960777 0.007520627803593063 -0.029042041206496193 4.965779444168508
3.479059266042664 1.3347373470402963 0.007643154033002605 -0.02901003613282472 4.970000690094055
4.940014822967965 3.878697400216568 0.00706533878729528 -0.02915614837081093 4.950133605974413
2.695891047931008 1.9129589727358627 0.0059186167121611346 -0.029410371915610432 4.910978963908589
5.802688367347198 3.8748423276891146 0.007860595407363218 -0.028951874547975997 4.9775035605746485
6.321353630251723 0.6154823876196525 0.009053331546091272 -0.028601349407266583 5.018945736915048
4.749767691211707 3.3442146758098032 0.006218992623060129 -0.02934832415580698 4.921202924427408
5.881370798708236 3.5635029620723087 0.007936228981589072 -0.02893123346060077 4.980116880203928
3.745304622238175 2.913373060068628 0.006058402318483066 -0.02938189512858895 4.91573419278288
4.632032019630199 1.8418947435276352 0.006730600362135319 -0.029235235910887118 4.93866839539721
2.921918877151683 4.85617615747523 0.008579544031708596 -0.028747024614870553 5.002422976028382
2.1632055893768394 6.042866826206612 0.00897771726931463 -0.028625174106584047 5.016303108003506
6.454592254938477 3.9573444881385993 0.006112892918684674 -0.029370606738109695 4.917589112415112
6.896645052404806 3.72432040096082 0.0078104185058547465 -0.02896545119212545 4.975770853191717
4.793613906916664 3.1120080064306515 0.007932829672481802 -0.028932165722382282 4.979999385927707
2.4569715908393883 3.7209837688477583 0.008377419791755844 -0.02880657629140779 4.995399144129101
2.2318762912544 6.655300105001816 0.008075546141749714 -0.02889265571927356 4.984935542267776
5.238162616463052 2.589438383546344 0.008084489400584784 -0.028890154570923157 4.985245089647654
3.621170200208062 2.4111110324663643 0.009376304478340052 -0.028497103612989516 5.03025845978978
2.671143604084289 5.611731239625087 0.0080735304691238 -0.028893219027379582 4.984865778761246
1.8073940862779125 1.5960203614653332 0.006326006417845082 -0.02932544360792148 4.924850676402517
4.741576871863449 3.1066816989534387 0.006730593418891955 -0.029235237509375022 4.938668157901498
2.568454151377222 0.9222316687809814 0.006091397479028369 -0.029375072370165945 4.916857298977145
3.621441595770632 5.392803661893488 0.007776911010541472 -0.02897446557115625 4.974614224275087
5.136298051959503 4.675105384809839 0.0070170566839098955 -0.029167806148128375 4.948477953755546
2.348614059634517 1.405405617935148 0.007761928603848846 -0.028978482782035932 4.974097170120482
6.26183910223551 3.228204647108119 0.006391586138777133 -0.029311220149127057 4.927087491711813
4.185837025756267 1.6075573905723661 0.006588080735247835 -0.02926768170227796 4.9337961821549
2.1210217427117852 4.866706807109189 0.007493813531040704 -0.029048971733298776 4.964856262791872
2.439529008354225 2.993850007074969 0.00632457671997218 -0.029325751982058123 4.924801923845703
6.05000044706644 4.692726119556649 0.00816381944635164 -0.028867837675298276 4.987992068647339
4.842972777917153 3.8228766185927316 0.00736389456744485 -0.02908217764885491 4.960386413196041
6.857809256489741 3.0701379073857917 0.0062022134191697725 -0.02935187470508605 4.920631232891128
5.626271678548204 2.156908875134134 0.00763689527348876 -0.029011684380293484 4.969784951593569
1.2817642183488702 3.477129061010695 0.007932330778591323 -0.028932302508079315 4.979982142396202
6.641149351317831 1.1299659061708147 0.00780515845485067 -0.02896686903161391 4.975589260223602
5.696443729527971 3.9035376785079645 0.0073752028860076015 -0.029079311931168954 4.960775272508342
3.37156837833691 4.498848978012145 0.009276823199725765 -0.02852964337879164 5.026769529315939
2.2356443767538217 6.526640644201735 0.008440090866757812 -0.028788276540301458 4.997575416736309
6.073020144136527 2.71013506609001 0.006241349819433731 -0.029343577703331517 4.921964773833682
2.3550862590631474 4.113814869282964 0.006722781848771044 -0.029237034805428448 4.938400969035213
0.29328885333683474 2.8772904724803454 0.007463028964134803 -0.029056895888592178 4.963796660198002
6.697090978990981 1.8982534184842057 0.007575231705896758 -0.02902784636520554 4.967660070720191
5.740838718506652 0.9061310369974588 0.006807746284198755 -0.029217367960341294 4.941307999868568
0.4376076285805056 3.2202868355901875 0.00941097906678989 -0.02848567136306326 5.031475479641291
3.7660032664947543 4.900487491354561 0.0069618569335250305 -0.02918103061985867 4.946585894308433
2.9809452573708377 4.269732832194449 0.009243485899540068 -0.028540461951850112 5.025601236522341
6.9182921456552195 5.514638706839031 0.00546883482354233 -0.029497319296383707 4.895708525054747
5.616745696028485 4.4574506563101925 0.008691653060068244 -0.028713327342601836 5.006325106185507
5.627833139797392 1.020650293145928 0.009032638206706436 -0.0286078913418439 5.018222310482136
0.32875351387995827 2.7152002779986453 0.00871774071930702 -0.028705417550541505 5.007233787052436
1.2230712267418418 1.927544092499531 0.006009305272373172 -0.029391975948265675 4.914063483204283
0.07546967431109 1.749257539127981 0.007727681629641691 -0.02898763420203343 4.972915549822132
2.8235114097242877 1.1821927534781778 0.00574961034683313 -0.029443878495530942 4.905235762709019
2.005666408726961 6.021994996237441 0.008230130780148498 -0.028849002536338274 4.9902898834402825
2.170945402039456 3.4630781417001493 0.006933980048350381 -0.029187667270425686 4.945630694550252
5.974935131599622 2.745044584242468 0.0070364575205951055 -0.029163131957333742 4.949143152588273
4.014682688184301 1.0299709925136926 0.007015997222741557 -0.029168061008069814 4.948441630950388
1.14040166776802 2.5181775434853915 0.0063454973289100705 -0.029321232300992997 4.925515365749195
5.764893304549758 3.9362832639087104 0.006136034010023175 -0.029365780878904596 4.918377076778603
5.173670152646033 1.7558561853326287 0.007978594918236553 -0.02891957854344855 4.981581541722275
2.5773703979939206 3.574100103391351 0.007641900869871655 -0.029010366269577755 4.969957492767637
5.933826159467058 5.82747368924203 0.006524848519841228 -0.029281843381063388 4.931636226434237
1.8341247330242592 4.276337352501694 0.0073478657488048925 -0.02908623160427524 4.959835295555381
3.081322472281126 1.0095507991731072 0.0064964531063878535 -0.029288156258742263 4.930666603371123
6.325197816142446 5.4376617825597595 0.007034384520762018 -0.029163632051136288 4.949072070303238
6.452980763718299 4.605677759336942 0.007193881241033277 -0.029124698671229365 4.9545447376524665
2.3707007250571954 2.623356133579685 0.006114636637052554 -0.029370243764681534 4.917648482286418
3.611354801549212 0.7380949156589931 0.006186360182369477 -0.029355220109786154 4.920091153826921
1.3983550991791833 0.49778589516402594 0.008378983690150948 -0.028806121438336406 4.99545343418863
3.5644429017420944 3.7377624877580624 0.0082246342524196 -0.028850570036204243 4.9900993611377
3.5553035812100493 0.7689551260700888 0.007630944275515695 -0.029013250239571128 4.969579832949621
6.32712502881017 3.3890750390630386 0.008042289319281009 -0.028901930428692452 4.983784679496204
3.47062740871269 4.436097599258566 0.007557536463036577 -0.029032458432070002 4.96705052371991
2.37303482345982 1.1956929094365418 0.005840316560165878 -0.029426020840015936 4.908317342347397
6.998314338956483 3.4841338823739987 0.007297495763405174 -0.02909890986932472 4.958103926633988
3.2093503347817154 1.7743138674872572 0.006715095742505536 -0.029238801089801612 4.938138087586712
3.8574792537918903 1.1573537835839705 0.007277146607213948 -0.029104005519122525 4.957404677971742
6.349867756290912 2.484652168775795 0.008295656948411395 -0.028830228507493203 4.992561971291933
3.1790441599171344 5.50733361640857 0.006238199696007637 -0.029344247554720673 4.921857421979725
1.6300714167011978 2.9733829936597367 0.007637822046788891 -0.029011440405150267 4.9698168965570115
0.4328936311203051 3.5660152844662782 0.009508795772257517 -0.02845316859264531 5.0349113279766655
1.1617750593342717 2.7304837369026806 0.008277481014682961 -0.02883545227756213 4.991931581331073
3.268563735131143 3.6041349207887436 0.006937429955436108 -0.029186847476447633 4.945748893634105
0.35228472945387385 1.215560200093147 0.007461402814853321 -0.02905731350339358 4.96374069628494
0.7113179748145897 5.247252664478606 0.008172177649507478 -0.028865472670041113 4.988281613904572
4.734840783897078 3.3773866542770503 0.006073444193606014 -0.02937878955347128 4.916246163495126
2.47561611588105 0.8097580625533015 0.007211091077435952 -0.029120442398303695 4.955135682599489
1.629282954491706 5.85993662185892 0.008045079766816414 -0.028901153809935704 4.983881229622205
1.8881154851538382 2.8642527827651665 0.006785089721760803 -0.029222637756842824 4.940532621391965
5.559196244111444 3.2015227438585256 0.008004315516353219 -0.028912470200843563 4.982471034554686
0.45750363045040315 4.454492832842233 0.007136877883149501 -0.029138719499679656 4.952587992185578
4.31562472109287 5.960193854984077 0.007661046653955165 -0.029005316136286503 4.970617513734194
5.9165641660846875 0.8762426410136372 0.008040881653202105 -0.02890232209078014 4.983735974910736
1.5510399966894548 6.714619804279678 0.008842946655333602 -0.028667094279869458 5.0115984464778265
1.8000896150710644 1.910483596030454 0.007660242345414687 -0.029005528562836353 4.970589784141749
1.3278179568907267 2.3156824833945775 0.007766419783362604 -0.028977279440081914 4.974252156590595
6.365775435961665 2.0586287132442114 0.008466790904058445 -0.028780435225808403 4.998503005162976
6.06225783168264 3.0585500359031004 0.007439776272288144 -0.029062858238967107 4.962996495401883
6.280870742049284 6.796591131561716 0.008096514245004596 -0.028886786894364656 4.985661340281253
6.6422240282259954 2.0252023128041725 0.00826959475207468 -0.02883771493437819 4.991658100163301
5.309728836332986 1.6247685149995816 0.00762523528609474 -0.029014751193689316 4.969383066241772
5.553403536052322 5.306082348140109 0.00524543359521827 -0.02953786428295308 4.8881401514712515
0.5182761733961407 2.568003089278368 0.007484437742029624 -0.029051388808208164 4.9645335181878005
5.119477839265797 2.001789451406329 0.006786654897469973 -0.02922227430065372 4.940586182109355
6.211198343833056 3.9750592684393595 0.006778711809564602 -0.029224117885795445 4.940314374473012
5.053845507191891 3.8117042756878323 0.007191604227048227 -0.029125261005551555 4.954466556860702
5.793012089309268 2.6412672829489 0.006971625605515342 -0.029178698333142326 4.9469206687179215
0.20874821228767051 0.19912980797412372 0.00807543704984493 -0.028892686210423422 4.984931766503848
2.252940427387344 4.059714018468055 0.006418854656764856 -0.02930526070341856 4.928017896117674
5.679020078517769 4.480687386632783 0.007227875874597405 -0.029116280846657128 4.955712116016805
4.252464171527815 5.266388034237071 0.006541993685545669 -0.029278017668863454 4.932221786744906
6.8503228191773395 3.1129302147388556 0.006832323579379597 -0.029211630466419596 4.9421492702785725
0.3825932812546996 1.1562319548498543 0.00815140111400201 -0.02887134669319474 4.987561915977398
6.214952173467444 3.0034716766781497 0.008145246655570775 -0.028873083606014666 4.987348754002259
0.058297611738580515 6.468335127365282 0.009289964848191935 -0.028525366835842062 5.027230195195564
6.200028247917664 3.4926427549720196 0.006538770520701431 -0.029278737679032645 4.932111699878861
5.305250160869771 0.11794187466667957 0.008215948150922933 -0.02885304483033543 4.9897983019596515
5.888490844766219 2.3091432253449726 0.007783499967282008 -0.028972696254565625 4.974841636852496
6.3510043003460765 0.35486109041997427 0.0062501050894672025 -0.02934171410075792 4.92226315421825
3.83223414150423 3.414044248064146 0.0063184824498846645 -0.029327065648143174 4.924594115583054
1.8205984058432814 3.1078664538134277 0.006560624519193103 -0.029273848498585938 4.932858174079355
6.961595916506498 5.1204001065447295 0.005245469300455816 -0.029537857942274277 4.888141360266886
1.3611601319581252 3.462426279889595 0.008857662796966951 -0.028662550650199077 5.012111833271973
4.8254527448704625 4.032191644019151 0.0069732216657030395 -0.029178316942568325 4.946975368574648
4.457768887247422 4.876852214558798 0.006239857973041828 -0.02934389497793819 4.921913933464403
0.24007198726936363 6.737382004284715 0.008541820164269204 -0.028758256349808206 5.001110962196082
2.2380933506066554 3.81260259870725 0.006654757352619308 -0.02925259312570014 4.936074933876924
1.6591829951504553 5.138104784853372 0.006596659791909032 -0.029265749257277023 4.934089315718374
1.9495591542625097 2.8339931633098243 0.008197913320165798 -0.02885817418332366 4.9891732993872475
6.0567987189609696 5.052602903187267 0.006096441111759042 -0.029374026039527747 4.917028999747193
6.533760622420767 4.390745919829231 0.007210541253488253 -0.029120578545622063 4.955116801613587
5.959699733714266 2.4795086739218255 0.008164563581985484 -0.028867627223513128 4.9880178460663
6.940269869482736 5.457833200738615 0.0066860486249318615 -0.029245456976854486 4.937144756521379
2.5468113728905233 1.3172132817272328 0.0077567996174322425 -0.028979856102041 4.973920181390232
5.011556836202576 6.2650462234655615 0.005766087718892762 -0.029440656113918964 4.905795412937685
3.4763219610558136 1.8799510428616424 0.00807511395977774 -0.028892776511380877 4.984920584104263
6.416311052197861 5.327850109868542 0.005438442689097859 -0.029502937838754264 4.894678287790299
1.6697594969741116 1.4817155121211116 0.00863051141674791 -0.028731764176349907 5.004196408376321
2.1846567736800266 0.7728978909229501 0.006261620234480841 -0.029339258887012467 4.922655620269153
6.746024657841515 2.1778229992821863 0.006575807966338769 -0.029270441568070606 4.93337687357295
4.773218990534526 1.7762433264567468 0.008087503858369573 -0.02888931084918533 4.9853494332153945
5.384728523352819 0.9855979191843097 0.006525244697414109 -0.02928175509833502 4.931649756257649
6.715957411685152 2.691699028061185 0.00861919974937587 -0.028735159572905785 5.003802732623802