300

4.913857155081129 0.25453865999855585 0.029154212072746932 0.007073324424716915 0.23801852673905502
3.972818063861355 6.8293348857790965 -0.024748821412735558 0.016955702246752326 2.5409290134094222
2.2702958575880148 4.991312278260985 -0.02604659314542271 -0.014885395040670523 3.660785870866107
2.7841449508448175 1.151164454375179 0.028688333826418187 0.008773796342746389 0.296798176303654
6.720390530476168 0.49833049255304956 -0.014098803877083376 0.02648062932098742 2.0600419345343255
1.2791225437362586 6.839122393110134 0.02999163138734928 7.085525565302116E-4 0.02362061494493345
0.5754618584104723 3.3682010923384085 -0.022593149545936535 0.019737010756316356 2.4235652795169806
1.4964994481504388 1.2300378126308458 0.028076156525033317 0.010570214509735795 0.36007078906967993
0.040003648771720426 3.386538716594695 0.029531102192515618 0.005283370448416357 0.17703566445916125
0.8927882452879362 3.2835804952289487 0.006341691076352408 -0.02932205576510815 4.925385555410184
5.831950199687763 0.9809738715712869 -0.007886758990740409 -0.028944758292685314 4.446370596974665
0.20243818163014637 4.720812131978136 -0.020438353233443337 -0.021960731251599894 3.9628813157553955
6.914954730022232 3.4293063763546785 0.024515394273661624 0.01729148471378091 0.6142953305527494
1.744395052885148 4.950626992991195 -0.013960702267248498 -0.026553696394386272 4.228351369384169
4.483523064061681 4.9404276810058425 -0.025804551352911535 -0.015301147978990052 3.6768219307403482
2.645227050962208 1.4817381678770012 0.022288655861667946 -0.02008023455739835 5.549863668202804
6.930936150189265 3.293806531579678 -0.0299656278351765 0.0014356700330142777 3.0937187007435147
6.75834934249674 3.250685840104831 0.009303392533816398 0.028520990294197874 1.25548434799305
3.1504166096063084 1.8151822927851708 0.01381763827098362 0.02662842227042843 1.0921388568930466
0.8905596746239502 6.876368632214998 0.02911259847881907 -0.007242693546675954 6.039353225748398
5.504966200015369 5.1550125683488695 0.009867278268071725 0.028330845726529934 1.2356479703595455
3.8086216603743392 5.8762284123249655 -0.01898474217206687 -0.023228851987563776 4.027193040345509
0.500703883605911 5.220431238801782 -0.025714962844367972 0.015451235740638176 2.600536949719285
6.449303624001718 3.2745291803170473 -0.01844510736766127 0.02365962836131303 2.2329754841808533
6.182918052552129 2.004519696993029 -0.01362553537337618 -0.026727229295025596 4.240932324713318
5.311935615111549 2.9033522070666518 -0.026062784246085213 0.014857027877136548 2.623488190858316
0.993252548876439 2.9592005890524713 0.007461805145284982 0.0290572101891045 1.319430764771299
2.5903271373327335 5.864296163659623 -0.0181188754776856 0.023910381666216108 2.2192598353689723
5.975866433297649 0.0012996896351562164 -0.029919826643017084 -0.0021917969002179056 3.2147177027731746
0.22343093537306338 1.828194202061688 0.02976843545393193 -0.0037202487316157235 6.1588569619131635
5.712275326182977 5.338276678346946 -0.007909161728836687 0.028938644763483744 1.8375887744718733
1.150799706769007 2.024567495416535 -0.02549841164088738 -0.015806043268062342 3.6965041853383016
6.442242055962964 5.007067686719757 -0.013203250106026278 0.026938340458122455 2.0265156464476464
1.7515409837476816 2.620703414806689 0.009071415020180456 -0.028595619061871077 5.019578059710142
6.504490281553344 3.883712152741132 -0.005400934721760842 0.029509827246720337 1.7518144528812805
4.9177922644994965 5.915384781640981 -0.029585313294529552 0.0049708386882429505 2.9751303246740024
2.6302687224808987 1.7761048301740603 0.00550369871285497 -0.029490834177386686 4.896890589018441
3.0258086306090863 5.710888134463102 0.029649998673447683 0.004569198908402933 0.15290171408407827
5.58862224542598 0.026953089611602365 0.008166775210833074 0.028867001622193505 1.295090847514456
6.707321868803413 4.12179997384879 0.029755497309623832 -0.003822352659942413 6.1554262803891815
0.014510959913234412 1.992220618214243 -0.025725566283916892 -0.015433575067747533 3.681961713193765
6.754109808780339 3.3522563608726212 0.027924750860452787 0.010963954094287392 0.3741324575336875
4.7980138411548126 4.87622661225822 -0.007406276270889755 -0.029071413309284696 4.462933969623528
4.785225892633304 2.3912545707018853 -0.018577830804304418 0.02355555566329603 2.2385975352136844
4.6044277559592 2.4004738733043784 -0.0029163882875480043 -0.02985790815439442 4.615022266471378
1.6796655093140016 5.717878977301917 -0.004804259601578928 -0.029612819684735132 4.551554485950002
3.0996343250440535 6.7520172432562005 -0.005178299570987997 0.029549707503681074 1.7442751420099087
2.14007925045779 6.838101242188371 -0.0191171728112962 -0.023119984941669777 4.021478537560964
1.5038337633046932 5.948656456129249 -0.029976591010921094 -0.0011849014152934781 3.181099643730895
1.621664757714843 1.573782148504297 0.023303266138995585 -0.01889332652698147 5.601918503881167
4.876720648111294 5.4420100326047 -0.023871637163795315 -0.01816989100462923 3.7921915054921005
3.3744249096393006 5.168825186551955 3.685831650844698E-4 0.029997735688721845 1.5585099121764454
3.8250927892342443 4.013571569206734 -0.027686223325571385 -0.01155305318807919 3.5369107518500824
2.7106963928680763 0.11431465902858157 -0.01764751882036375 -0.02426036025051786 4.0834950941793515
4.704621042987283 4.672528991738686 0.0015187731143696565 -0.02996153080580276 4.763036401220108
3.42952576857221 5.733692612623999 -0.029361874358619793 -0.006154700167240113 3.348216435386532
4.438249312683244 3.7535083093100616 0.020312586596588952 0.022077110901476096 0.8270003995618198
2.0051764786743136 2.748004580484963 -0.026321356737662633 -0.014393963300241591 3.6420180055371105
2.6911705190770836 0.3221340205622424 -0.01989841856812174 -0.02245112332351831 3.987195007288501
6.496282656864162 4.362543846245528 0.019567024676483486 0.022740526495881448 0.8602682467575189
0.7157076714868633 0.5808485886374963 0.02653581126959398 0.01399466756534392 0.4853171592561303
0.9189100237010841 3.9255690458082486 -0.0010666270872530456 0.029981032448145244 1.6063580580079555
5.178651308182464 4.587096144255555 -0.023513214109790823 -0.01863139184889668 3.8116697244002244
1.6800373495235745 4.497256418068865 0.016268126549899172 0.025206111531858012 0.9976587883181725
2.0509042904925816 0.59267918041855 0.011854048885656276 -0.027558692367680857 5.118603745442574
4.999866278884624 3.9318745892105746 0.029126051867351024 -0.0071884005606517 6.0412177253538335
2.295873875601738 6.350915809748615 -0.01767849208711832 0.024237799354019228 2.2009675094088443
6.010589160946805 2.9090151025088753 -0.004973356539386745 0.029584890142303033 1.7373437610845421
6.751164263080125 0.03420232526992535 0.002379847434198344 0.02990545646182214 1.491384640762371
6.474853241405391 4.369783643360992 -0.014514847947159647 -0.026254888860378654 4.207365185451294
3.7363081681692956 6.9846526376037925 -0.01868513093072035 -0.023470532207468957 4.040024350041376
2.4033911912585215 0.6738901927584283 -7.231274324507436E-4 -0.029991283512321328 4.688282397871889
3.038011789020606 4.0546256805799565 -0.011268243255666886 -0.027803357601755903 4.327336140093507
5.777686910059896 0.6608830367524086 -0.027660583625189746 0.011614306415532731 2.7440611231255483
4.508016386821114 4.904892726848445 -0.026817452068409842 0.013447091304759575 2.676801212967093
0.28582718440201 3.1948972648290024 0.02257221455887872 0.019760949620601317 0.7190874280552273
5.590274117050009 3.0783360467581007 -0.023148483204315715 0.01908265509145709 2.4521742728471567
5.17018610450059 6.447323156601222 0.022826046004176585 -0.0194671935269369 5.57703899141986
3.6711118260421016 1.8686098672471425 -0.029768166316329423 0.0037224016660417332 3.0171919852696165
2.5384430546737797 5.9303796842307674 -0.02996579408664675 0.0014321957815489129 3.0938346416422973
2.4013564866784534 1.2825967382696342 0.0265050241150681 -0.014052889263765599 5.795672795055584
2.7523878664959853 1.930336436863433 0.006241298083562296 0.029343588707452288 1.3612222964527163
1.8823533913235293 1.3245978056304921 0.020389304396605905 0.022006277882062365 0.823519826734511
2.7503537176093538 5.700424307728589 -0.028051184549529158 -0.010636307882355447 3.5040185637396757
2.898993832268738 4.270071785362119 -0.006544942027827885 -0.029277358723975976 4.492455471323497
3.903377091968103 2.546441034436202 -0.016942627452890217 -0.02475777403145466 4.112253544312916
5.189049724042815 1.9192468018140465 -0.026799903253269215 -0.013482031954249702 3.6076874275952915
5.9108724263383765 6.031073845165772 -0.024845030572043746 -0.01681441214774431 3.736558421509958
3.2935705047733372 4.805271837369831 -0.021941906728165067 -0.020458561267413317 3.8920209021963936
4.693654935016536 5.000853380270042 0.026450062258935442 0.014156066067182602 0.4914092736977167
4.4767809532846705 0.03426913222829758 0.022814377407267706 0.019480867114139266 0.7067455033119543
0.8738510585396254 4.3751273358704195 -0.004588586472625597 -0.02964700447234488 4.55883335252746
3.10808832976375 0.37102030032994826 -0.02888106490882659 0.00811690148592092 2.867614460277808
3.9855371577164265 4.666358246305508 0.0028268337553012486 0.02986651989971194 1.4764285353676385
1.4184790481392562 6.365730473761698 -0.029875768568912317 -0.0027273526388772677 3.2326301064234935
6.2241879192496405 5.176829666888633 -0.011865101819907825 -0.027553935450371148 4.305773111821458
5.284836338194667 1.7944831879296888 -0.009382757258850172 0.02849497966697808 1.8888922510011308
6.56896550453833 1.5317671589058641 0.02823881390127802 0.010127654686500086 0.3443538061920144
4.208659464921169 5.584748799268155 -0.029911227752782318 0.002306177426215251 3.064644158946163
2.634360174258446 6.6946679143994094 0.028342590405737948 0.009833492212463036 0.3339560499894412
5.497570559331269 2.1132767134398676 -0.02984727909898068 -0.003023231778668503 3.242538399141223
5.474783243907661 5.393975504616967 0.020491458944359105 0.021911186876379957 0.8188677201487383
3.9840223847026177 2.551767446470443 0.00480565125459282 0.02961259387522867 1.40991483722991
4.3604994213721975 1.8869240704452832 0.029552306295417295 0.0051634477456288215 0.17297623250786298
6.590674874800088 3.062443405511497 0.020182223821482295 0.022196347483754902 0.8328893634292842
4.913194303502801 5.3905509951793 0.014665572452554572 0.02617099510219037 1.0600225443085316
1.14530085779721 5.445729375088412 -0.029633331114982172 0.004676076029089932 2.9850853051636657
2.803636210334734 2.007068383480077 -0.019848108324955063 0.02249561281496571 2.293751640247348
3.756194036448252 5.2919228396393265 -0.028879272790652624 0.008123275391310513 2.8673937584738507
2.9699183986122497 3.0629001825893942 2.8568337087922037E-5 -0.02999998639749885 4.713341258431546
1.1181298044192007 2.21164616255666 -0.025304767413578476 0.016114240476817292 2.574548281582861
5.328648362908491 5.27733062557184 0.013475372356790867 0.026803252411709975 1.1049500306016449
3.0341122977272663 1.018534680012279 0.016663571401534825 0.02494645041175098 0.9818894380959017
0.5542637090554747 2.460404433527559 0.028859097395215808 -0.008194662746779033 6.006513625981777
4.611001693359011 3.882156390682959 0.007138696739078925 -0.029138273951410776 4.952650413248201
3.376104764496365 5.571060092808463 0.014375240346309767 -0.02633158682999997 5.212103148801741
4.3647167417242 0.5613955651973341 0.0010496105423302626 0.029981633006049373 1.5358021668976585
1.0046133052443134 1.1100164071751737 0.022770123281776373 0.01953257498981395 0.7090141627341484
0.6784932300093304 1.7963171163727476 0.025199876165134714 -0.0162777836716758 5.709664595111799
3.421018155418564 3.4351532742308906 -0.0297068086426842 -0.004183959878744459 3.2815141000998516
5.755112938923104 1.8456789086340526 -0.021553815085624442 0.020867032737183985 2.3723828124325443
6.454165449409423 6.302893109108072 0.027085333561325163 0.012899019570174806 0.4444565788113246
1.3097079509779497 6.20744075644237 0.027151483456925862 -0.012759190651772594 5.843884953098649
1.75768755797459 1.2039367931584342 -0.029133164068670083 0.007159521726201433 2.9006164627953464
6.957687144353313 4.298452722637048 -0.029342418460017748 -0.00624679749289262 3.351354102009285
5.685628131467103 5.499543279527342 -0.01805266701051654 -0.02396040929966364 4.06669160220525
4.158161513500228 0.12004286638471127 -0.015531873910439625 0.025666337737008858 2.1149908419716255
1.441557361085558 6.966685198380008 0.02999988768247889 8.209164787901775E-5 0.002736391677576222
3.530581237576868 0.854865518123458 0.02081749623503695 0.02160166314208752 0.8038822071740648
3.9480398451108747 1.0212670066274092 0.029925778818292694 -0.002108971815512068 6.212828215014483
2.468537574918879 3.014684849585808 0.028032387971892683 -0.010685748667888762 5.918996286353865
1.0682680211108977 1.4313126351416658 0.010577688698930861 -0.028073341478856952 5.072725994066045
3.517364205397256 6.085990438967676 -0.01334434210699889 -0.0268687278026217 4.251425305960012
2.5066722243203454 3.630890312855103 0.027809870327599264 -0.011252160342001619 5.898710851341734
6.6769194353420405 0.33123159066411967 0.02995807666891004 -0.0015854470346586805 6.230312441432844
6.633260799188248 0.8005555069342571 -0.02760680453856178 0.011741564766658854 2.739455943454511
0.49950327110205545 3.028418251410445 0.02804884651714347 -0.010642471943008753 5.92053964454432
1.561100076655888 4.9496644917290675 -0.02968013184269967 0.0043691845692262945 2.995433334296251
2.4744323215907436 4.416450581579733 0.02956089891559193 -0.005114025352122906 6.111881201290947
4.718549387364031 5.573318331572736 0.019195371306694804 0.023055101830139847 0.8764988445043242
5.41121490990951 1.0985126843849575 -0.029511634337835987 0.005391051725763703 2.960909422493789
3.4175197311127894 1.8368585985717851 -0.02904706179577085 0.007501213304037518 2.8888706283884025
3.395589246130944 6.506105735318251 -0.014753376529404498 0.026121597979097994 2.0849282902074497
2.732955521271662 3.7975861749475266 0.02971396351787457 -0.004132840676631387 6.144984443813881
3.2952467932991034 5.7264970454566875 -0.014169581882619397 0.026442824154612233 2.0627166641179535
3.9200576379419196 5.593910922037206 -0.022821708421621085 -0.0194722783648578 3.8479617552439773
5.3018014284536585 3.810022503469942 0.011284617004432932 -0.02779671597623113 5.098030803647981
4.0642605526267594 4.723661386203255 0.029566063378679164 0.005084082639761742 0.170291278283782
4.738053967514649 6.294162534313121 0.00970170193903151 -0.02838797244408611 5.0416988562580265
1.338238736471365 0.46636842694676955 0.029214443620437403 0.006820284740997564 0.22934818490823006
3.846489418987073 2.3175965732846033 -0.02981143869924695 0.0033582916313270325 3.0294144732087576
0.6290810414133536 2.763809831852617 0.029972417039684833 -0.001286163597374063 6.240300043099788
0.04173974723662324 5.668489251768006 -0.017957786922364116 -0.024031601878588292 4.070645592138565
6.173142418874176 0.04889188453328465 -0.007485410496676035 -0.02905113818245771 4.460210958507935
0.356656929427355 3.200663179935007 0.027635950508369853 0.011672799128697968 0.39964713109871924
6.429407649455153 5.324129421512929 0.020257873696226825 0.022127325941191385 0.829475846658569
6.336165528150399 0.15129464953886587 -0.02126769289562378 0.021158573649880885 2.358766458315373
2.6644017333335017 5.804905157822168 -0.02254102531857454 -0.019796519330109053 3.8622569890998433
2.1762234210812648 6.926882940740907 0.022430528714386503 -0.019921630997312506 5.556956950273217
3.5961326261298034 3.426275811413286 0.003524009312170803 -0.0297923036767507 4.830127793277361
0.7067217277811797 0.7706996196794723 -0.02183976048215847 0.020567568210217494 2.3861848450666825
1.885976166510826 6.463318105811559 -0.008255068302603738 -0.02884187662617235 4.433623555197902
3.0680435889501356 3.9467379377824794 -0.005208059029712001 -0.029544476998976228 4.537902977864912
3.277846477690113 1.0364595008356263 -0.029948317236819164 -0.0017601973420159778 3.2002996148413363
1.9490052693898847 5.307461244300731 0.02932003933331947 -0.006351007281730917 6.069871001169737
2.0695034686672993 5.549141224294337 -0.018740101787405112 0.023426663975002836 2.245505269207321
1.5431994772961792 0.9981062493640227 0.019843964641652913 0.022499268150338335 0.8480251979964119
3.683908209541729 5.737633180062144 -0.028139011966453027 0.010401730892107013 2.78751608699322
3.8029728679399746 4.407911304926961 -0.006278122575579275 -0.02933573208437113 4.501559840518884
3.9512641707898464 5.281318301117118 -0.027210764561713358 -0.012632271845040552 3.576223643148207
4.045824671134142 4.654218423100057 0.025614675935675332 -0.015616925968651293 5.735673697658036
1.4662016665345268 4.938701129421861 -0.026784593346308158 0.01351242240580514 2.6743635795450844
4.2079398341127145 1.3037738901781208 -0.0133778077751626 -0.02685208109496914 4.250179395314904
3.1543178778399437 6.970504739509312 0.028800266766123017 0.008399085319256502 0.28376234960738245
0.6485606581946817 0.4236996968951464 -0.011945801959621541 -0.027519044597178553 4.302842452108311
2.5659741803803646 5.304827525171681 -0.014157813347255322 -0.026449127040873748 4.220913645936507
4.475423914296306 1.526712673320256 -0.02994538639292309 0.0018093738636712014 3.081243566117152
0.10408682956360006 1.3580523101424007 0.027083266177916673 0.012903359761554925 0.4446168263123389
2.164740452705173 3.048893863417676 0.024550314054059302 0.017241869963755624 0.6122729513879175
3.275489949905146 4.32571025310929 0.029573202153814673 -0.005042391731074752 6.114303951775476
1.1629020460006843 1.5714801526753321 0.011214741004282252 -0.027824981297511597 5.0955182602767515
3.9095344859516756 0.8436382807546962 0.025694378354544425 -0.01548544222725069 5.740798853652818
5.555652367180296 4.922781793071051 0.029985876318295194 -9.204463177738833E-4 6.252498947498444
2.2423097393359783 1.4510979279084282 -0.02520156734488795 0.016275165232988494 2.5681758448431253
0.8449659902207213 5.839050728094457 0.029778101058603405 0.003642073220516394 0.12170265212743347
0.18377270182982086 2.336319987648409 0.011172146827713518 -0.027842110826228866 5.093987942574453
6.100898872626003 3.7832699579940514 0.005818161090655642 0.02943040946917288 1.375620829671167
6.801417873755758 3.269705072538285 0.009406304804082607 0.028487215201431895 1.2518739148078248
4.050384151903553 2.3521748624972587 0.016780571827813645 0.024867899170046247 0.9771919879789639
6.743763393266095 3.2461883459981595 0.02831362997503397 -0.009916569852366183 5.946296566664686
1.2184472393208925 1.9741743566443999 -0.002397503885264659 -0.029904046132925573 4.63238687143315
2.5210925777037145 4.74073708969427 0.017854911465393444 -0.024108134240603554 5.34985834020195
4.22321418187217 3.823635861282119 0.028900628535157263 -0.00804696652614223 6.011627774165391
6.160545463246538 4.189856296272594 -0.020815788032478716 0.021603309204538918 2.337631372065506
6.495947316968571 2.9061228931791874 0.01552784320938281 0.02566877646606523 1.0267588464708646
4.3464763530940695 0.22078324839417846 -0.013894112605917993 -0.026588599716684414 4.230857457052647
0.18153826220486988 0.9591831443707423 0.0063356173649665205 -0.0293233687117414 4.925178422068807
3.473293009407813 5.017852933123312 0.012448258952392497 -0.027295436414429795 5.140267997130115
1.2543600281935092 5.458185246944442 0.018755734993840836 -0.023414149671530125 5.38776542639657
4.844390798010198 5.297833488213027 0.004442670869253147 -0.02966922101349291 4.86102469609826
4.530257240469652 0.5631887849046832 0.028284350638222044 -0.009999775446184182 5.943356336890617
0.8625678879020462 4.977838076001614 0.029436790675242793 -0.005785789033652959 6.089109643364051
3.677246771029995 4.5419484395121605 -0.0035636698216300394 -0.029787585625599185 4.593318828878752
1.800765127311796 5.268037058800734 0.014837691781660722 -0.026073797241530392 5.229751695420497
3.275962195272905 1.5093019996464307 0.025874062890293325 0.015183308913051394 0.5306688274004048
2.5759653457197755 4.106893136098447 0.02482218451238452 0.01684812025221621 0.596323126058294
4.5850512457617665 2.1660698856960394 0.029942288014743256 -0.0018599431287440703 6.2211474163411715
3.0763494926760493 4.419323987860962 0.028790748949879718 0.008431653153741555 0.28489335348389
4.342161616318284 6.874964914639165 -0.02003552127702267 -0.022328857721745907 3.9810716335262315
4.284500560235237 2.1030321535315273 0.011558736128500459 -0.027683851233376078 5.1079123498296966
6.185542941604672 6.454355928807907 0.01526348707012479 -0.025826845770634346 5.246159420305023
1.345883141152724 1.2738013049072874 0.020448202785118216 0.021951560374121097 0.8208400610498305
0.7448951649892727 3.4648897940804857 0.0289498463062945 -0.007868061949548094 6.017812823009113
6.679278145893601 1.8459073295896433 0.027148138823679193 -0.01276630558972495 5.843622890947466
1.3161866389837402 1.0636194958828495 -0.022465518304619958 -0.01988216505576758 3.866062907767755
2.9022072023206626 1.7412188539414675 0.006016906470770894 -0.029390420829276932 4.914322104790747
5.213929092623383 0.7246768999376177 -0.010819850609011583 0.02798090121491214 1.9397735572350578
0.04384502818590205 4.457509163521529 0.02908391882843317 -0.007357014719375691 6.035424433066643
1.0370217549573262 0.6772544559698987 0.029865208956645194 0.0028406502734267714 0.09483041047892922
2.447284819634711 4.9231232480744005 -0.02999105206240802 7.326637632171762E-4 3.117168099774451
2.0957153165085525 3.9173297461493455 0.00368069179366539 -0.029773352312429384 4.835388614048235
3.984936155394089 3.997409198324698 -0.021910795351787315 0.02049187758728066 2.3896449404176288
3.265802523892296 1.1051045782053166 0.015268491820589045 0.025823887343399816 1.0368320948353462
1.24088378694468 2.423136916973516 -0.003843599719264297 0.029752760228222045 1.6992694413202853
4.842281277144231 3.9001477730449725 0.023915016512288986 0.018112757526587305 0.6482076632994758
6.0097099044978 3.209855559274961 -0.027578775481949685 -0.011807249591509906 3.546109869422688
3.131126958819346 0.36510199755283584 -0.02373349292607244 -0.01834996767103608 3.799756900531349
5.881926002097262 2.8271333869273216 0.029973695247251124 -0.0012560227804125374 6.24130564006919
1.6647878999425412 5.868735183187021 0.019751092503524022 0.022580840217255805 0.8521455078226907
5.271273941606411 4.5383087057719935 0.002876579066801841 -0.029861769754527902 4.808422491700681
1.9888300424767191 0.21070615285398808 0.02824057876189411 0.01012273239759183 0.34417950230297834
0.9235701772785665 6.657814319918459 -0.029942771693288822 0.0018521402008437541 3.0798153595644804
0.8211814032637685 0.13650894105251837 0.02986304945383251 -0.0028632634035229516 6.1875976963530315
4.068233272509315 4.706360701040173 -0.02993225382255774 0.0020149891071610452 3.074375745856962
4.265466524490956 4.525790580376257 -0.027390055296586457 -0.012238662951888824 3.561806201208646
0.43623769463256584 3.60984519856495 0.013693282463181607 -0.026692583527705278 5.186382037810604
1.863996177569839 0.8397067704113188 0.026686868498264706 -0.013704417162226446 5.808775059300765
4.472165778517144 4.934953460416309 -0.008724630431122938 -0.028703324264626972 4.4173041506276025
3.285740094764692 1.2000873109740202 0.024836114485870447 0.01682757906666125 0.5954958248902011
6.681142733560687 5.327429847946597 -0.0197656054904524 -0.022568137707746242 3.9930952681690255
4.357644444210769 1.237423930203139 0.009829444064346816 -0.028343994591198275 5.046202204761702
2.6849584610786876 4.280825934370169 -0.014680681755009722 -0.02616252249321775 4.201037774375902
2.378563012494886 0.3647146147754006 0.016490926769013467 -0.02506091247937782 5.2943911279963585
1.1932067498225019 0.015340221470543636 0.0275979104298514 -0.011762454671789348 5.880291781104022
1.3932101625251492 5.42529353561499 0.029992508288584928 6.704077558951439E-4 0.022348785568055307
3.489676564127514 5.204070115205933 0.029160302391969414 -0.007048174544440778 6.0460293402662515
5.0847421993122275 4.201237829829152 0.02996773850979088 0.0013909164636298921 0.04638050891694245
1.5322026035637306 2.6139383948635677 -0.025355585333665866 -0.016034160170934692 3.7054755695530526
6.02192160080423 5.938493631481454 0.029625436500550977 0.004725834545540273 0.1581867118944611
4.45568975992301 5.671703492750936 0.029887871197619615 0.0025913616641641663 0.08648650043075823
3.3193601408741205 0.9078096309667502 0.029337730345143465 0.006268778046449581 0.2105106132725637
4.380745643029941 4.554624986312479 -0.022384702432767155 -0.01997310934723155 3.870118369048603
0.702719458901792 0.05950787871628869 0.010501857833166952 -0.028101796776219663 5.070026194045646
4.508223615873858 6.373974850162222 -0.017026613023851455 0.024700090059269257 2.174328006993983
6.363045789868129 3.6336729146406435 -0.011136655077546848 -0.027856326277593567 4.332064443374822
1.904742150260316 5.304251581073671 -0.029860224973700035 -0.002892570573040659 3.2381616964441866
1.3570371715851597 5.35828960479787 -0.005574299211510009 -0.02947757093623148 4.525492853371634
2.0869539713887955 6.470837924007607 -0.01133559662931863 0.027775965312791202 1.9582728504686369
6.938655862915462 2.5534638753321457 0.01272764630824707 0.027166284608907503 1.1326574467988708
2.0680272540728937 4.805581088352886 -0.02955194979588134 -0.0051654877080202916 3.3146379153867653
2.141817961854334 4.095123723675786 -0.018784262812878216 -0.02339126911000599 4.035793538100691
4.777505297482432 2.9286368686871804 0.02987436971900244 -0.002742632657201829 6.191636390492269
1.4002554813871302 0.8072796443784563 0.02923051053471591 -0.006751092791531004 6.056204885858165
5.010647180893619 4.189043868644026 0.029667035315060198 -0.0044572430509195885 6.134058418538192
5.514741234724126 1.1274259747398996 -0.02860885764026766 0.00902957720598804 2.8358663201592296
2.1647710523424393 5.028087034839688 0.026593135033321336 0.013885430101352186 0.48120500128346855
2.538126499205502 1.1716052374630392 0.029983197822744313 -0.0010039164916369088 6.2497151753240345
4.543124123360276 6.986812407649486 -0.013039735951885432 0.02701786975883011 2.020454670225652
2.2939253900090075 0.23066654516762572 0.02971873737154397 -0.004098371510880357 6.146144383085375
3.8725765629767577 3.8963473424050687 -0.007876118582298277 -0.028947655450443234 4.446738189466819
6.539800202514882 2.001537244323227 -0.028001277448741122 0.01076700799844701 2.77450325946226
5.251819585943486 6.709095428496425 -0.025243219632813393 -0.016210486191645963 3.712445113876525
6.390825603650309 1.6699143017936458 0.0018981153410346978 -0.029939892420516957 4.775701781616906
0.34946793924447883 5.917075635054765 0.027970055334657122 -0.01084785714213727 5.913206966749042
5.607414202828986 2.579402049254622 0.029720185343746396 0.004087858012867111 0.1366871660709057
1.203714976618668 4.76827210208133 -0.007008632186133033 -0.029169831588123713 4.476588825623747
5.801581163545967 3.6603379783069268 0.017987788999348837 0.024009153398545834 0.9278039126784989
2.8921629670600173 5.348614835929263 -0.022347071501549878 -0.020015204103496352 3.8720004649342097
6.832259924136635 2.449300608953758 0.029147687307343552 -0.007100163704684805 6.04424608048539
6.822768798577951 6.23472672324856 -0.013640242666953574 -0.02671972642050474 4.240381973696715
6.351275085521727 4.98719388272018 -0.02704568133980413 0.012981953661362781 2.6940718785335482
3.7075543308247987 3.9038411039588063 -0.0045547276722978855 0.029652225141314503 1.7232099905197504
6.041613811240488 5.4505077248006115 0.02813896153654178 -0.010401867315295951 5.929103892391778
3.6017497888715466 1.4933132267956775 0.019345108807813836 0.022929604558601605 0.8699863761794189
6.723388242653955 5.7094960004427975 -0.01513883219148032 -0.02590011119432114 4.18343825709378
1.7697536621782985 4.5390817595483695 -0.029067144642974746 0.0074230116734641085 2.8915619353222333
3.6923907862189296 1.013168753303119 0.026051023311406938 -0.014877640418713317 5.764289785745321
3.644592804032468 1.513035424637249 0.02954735887287045 0.005191684084938515 0.17393178232631956
2.776309007971785 4.0500173184778605 0.02252326361172358 -0.0198167251652943 5.561624215754341
3.169117739676358 1.61919631151057 -0.029118275735329248 0.00721983505361001 2.8985456708609787
6.680700722145008 6.141164422795218 0.025591771639251373 0.015654431460912558 0.5489764830806707
6.762569291196871 5.589170358252359 0.016472694915843678 0.025072900155537207 0.9895215067654659
3.452823967490728 0.9711553252707438 0.028835555106418404 0.008277122791447962 0.27953017795426893
0.11360864032467233 0.02985104549006516 -0.029960915385981633 -0.0015308655179502165 3.1926436762200283
6.298295758117815 6.2499041203674714 -0.029996651940832182 -4.4818784071961703E-4 3.156532804068002
1.1439366794508832 3.89639458318071 -0.022035741430119393 -0.020357458083584988 3.887422975297419
6.901541070150315 2.407758073199057 0.01223004445002781 -0.02739390466418294 5.132287892048198
6.93651947882666 1.0323790615676365 0.020748984663910765 -0.02166747875080984 5.476136339081961
1.18942650078681 5.011917761972663 -0.0129915673266191 0.02704106466835067 2.0186725924607494
1.8032804507894364 6.694662965456241 0.02466966579939671 0.017070664584194612 0.6053162362652975