300

5.6732669658566754 2.094823296481544 0.008274681951920423 -0.028836255627153855 4.991834512495694
3.4606814104471835 5.57688280082122 0.008712568745575508 -0.02870698775304753 5.007053617847186
2.040707881455579 1.7169428353654417 0.004379253868439027 -0.029678647805379575 4.858887568752692
3.368559863187546 1.3629601491962484 0.006066893826354547 -0.029380142942125743 4.916023206169452
0.24602833412148728 4.260583633463843 0.005803701987511569 -0.029433264230121575 4.9070732032829225
5.907480807426823 1.0668421857451686 0.007413497480879525 -0.029069572668014798 4.962092394568369
6.925609859262596 2.074843019162847 0.008243849905552013 -0.028845085174683226 4.990765465105206
6.666537756511202 2.257147714344123 0.007284277275209542 -0.029102221643336194 4.957649691892332
3.32987692002196 5.09516113516388 0.0060844508860355044 -0.02937651200220036 4.916620825594011
0.4243977403361933 3.298664071801743 0.008991932562256047 -0.028620711884854287 5.0167997478022635
0.18107809715149287 1.716978959581665 0.0062246648643532266 -0.029347121619104084 4.921396201476438
1.225096677294732 5.210954220215558 0.006269802615835325 -0.02933751140022726 4.922934517054419
3.1066403383699646 6.456183854655581 0.006552958074925255 -0.0292755655875044 4.932596294627828
6.073270484670272 3.515956625676702 0.006689479735541923 -0.029244672350152497 4.937262079243883
3.7004022714246916 4.089191396522021 0.0079943221348986 -0.028915234974031773 4.9821254084806466
3.6266066998097712 3.766338332661989 0.00737613544360735 -0.0290790753965383 4.960807342090822
0.29919020458087425 1.282846387985015 0.008862211076982937 -0.02866114468800925 5.012270520878542
1.8566284222353142 1.0768835919908308 0.006206633628431639 -0.02935094034272874 4.920781829050781
1.13725637554321 2.721722362401956 0.008501848940391061 -0.028770098446038925 4.9997213442385435
6.071486353727337 1.893454432999652 0.008904545792506909 -0.02864802024973362 5.013747935804041
0.5853774956786035 6.13906458594094 0.008203166850312927 -0.02885668126493286 4.989355350614503
0.9049753457843845 6.158271825291969 0.007445184067320002 -0.02906147336601715 4.963182572208856
2.8266884248419037 3.4499918178235087 0.0076590421076951675 -0.029005845514181314 4.970548404748882
2.5171741995728363 6.302948923244889 0.008002098439782774 -0.02891308389916278 4.982394353004327
0.5339535459008682 5.883422634054311 0.007275278608400901 -0.029104472528636283 4.957340494922295
5.103613604894174 1.5589268019692661 0.008792565102891638 -0.028682587033100972 5.009841451902521
3.763544229690684 3.9130468419380837 0.0071630636778646445 -0.02913229340005445 4.953486750990322
5.364547083609911 1.357236540660565 0.00891986179040581 -0.02864325515090871 5.0142826070057875
6.621626224914468 2.974397975493285 0.007533208495693346 -0.029038780445473488 4.966212657458048
6.831108330502802 2.814534921105473 0.008562168808591812 -0.028752204529273535 5.0018186123578925
2.981248867738593 1.1620377744980233 0.007387579621873206 -0.029076170093918555 4.96120091546573
4.838694998105752 4.213358078003046 0.00931828861478445 -0.028516126968639664 5.028223288551842
6.949975466571608 1.7808553872377628 0.006264323394156415 -0.029338681845192442 4.922747755734029
0.5442289945502492 3.133548655608957 0.008275077463042513 -0.028836142130677707 4.991848228281319
2.924953855899837 3.4027884046346237 0.008083481428521281 -0.028890436618278226 4.985210200005902
0.4359781393492029 1.7122937378792655 0.00794194043888256 -0.028929666124330605 4.9803143004761985
1.9780076499707056 1.8803945880876385 0.006642739969100425 -0.029255324399208353 4.935664138762065
3.61404031407288 1.0143441085244225 0.0068992870214172435 -0.029195887357573214 4.944442242662704
6.716063310978337 5.622135829920573 0.007979336279500421 -0.028919373999771302 4.981607177084993
0.2504527380140266 4.4767566899080835 0.007033512932984363 -0.029163842267807265 4.949042184291962
5.049217375057562 6.966772991626603 0.008630043572610544 -0.02873190470426288 5.004180125248338
2.953228085062958 4.309816951152499 0.008574347424554339 -0.028748575029782578 5.002242210642083
0.4694120569407524 1.1967529541026296 0.00733376165471484 -0.029089790992577347 4.9593504190312
5.661429876612762 4.925252000231319 0.007635925826935206 -0.029011939555388982 4.969751536012545
1.5094300138923604 1.5331824037170654 0.005544762256856967 -0.029483141140572766 4.898283187606014
2.110924190818332 6.103024618684841 0.005349125883859023 -0.02951926239387816 4.891651740602685
1.0243590217792462 1.3444006067030065 0.006586980209200298 -0.02926792940615382 4.93375858022245
2.662754302635349 0.16522557797733775 0.005839376987107883 -0.029426207305774808 4.908285412441341
2.981010845158769 3.0219593765304604 0.0062924238155077005 -0.02933266783853851 4.923705648107534
0.2582686515353651 5.746089196235862 0.00684845110867705 -0.029207853694033392 4.942701398703516
2.8266252543417396 4.1092899294917595 0.005966654175996425 -0.029400663903117297 4.912612584282158
5.962227157465668 6.114561283295163 0.006241319107655386 -0.029343584235679454 4.921963727206879
2.6886160501324103 0.6877660114734296 0.004841645892993818 -0.029606730063397004 4.874486108075017
1.8331615675917552 3.8217056889642476 0.007399590725050196 -0.02907311571025285 4.961614028123609
0.4496808401920155 4.729192163249385 0.0067357671408368805 -0.02923404592293756 4.938845130206534
3.4036762483754877 1.5970169829487713 0.0067492764219771705 -0.02923092998485924 4.939307262643608
5.420572628775303 1.5222550117643603 0.007362206422235083 -0.0290826050517556 4.9603283662084685
0.10669994067892387 5.021073395863413 0.00608096601575851 -0.029377233571512312 4.916502199275335
5.622307691559978 3.8225986274350485 0.009148462480656372 -0.028571062882574435 5.022273595333465
1.8239870572633865 4.699086375522397 0.0059004929375196915 -0.02941401337958287 4.910362764555989
6.678075162050216 0.4398902531426163 0.006900878959222864 -0.02919551112054994 4.944496769111692
2.2668482454325023 0.059843873334434694 0.00744675793413782 -0.02906107011571245 4.963236729054828
1.2635983665436832 1.2937738876697222 0.006294545376027384 -0.02933221264257322 4.923777976236437
0.34486582623526285 1.806103984895541 0.006359345300567488 -0.02931823199560557 4.925987674681963
0.4315099560153975 4.833785168502094 0.00613015383865281 -0.02936700893714663 4.918176842076006
6.991210026513446 5.553443064955686 0.007658615490553092 -0.029005958159796414 4.970533696806186
2.1822592705303956 2.87808345335465 0.00728185112674827 -0.029102828800099054 4.957566326327269
3.771745467830752 5.740843686096297 0.008115515010590286 -0.028881454535962758 4.986319167642102
5.287738890405036 3.661380730058143 0.009859684485120984 -0.02833348940483442 5.047269309924898
0.3834753094836863 3.3982436321010514 0.0073182024338619665 -0.029093709167739623 4.9588155862886145
2.8522782974237657 0.5359243383118116 0.007039400925053148 -0.02916242161783484 4.949244082773248
3.811723567350189 1.243610887203011 0.006632297616368605 -0.029257693489540684 4.935307214679263
4.336054079965241 4.659869462341666 0.00924889624171548 -0.02853870912129666 5.025790809778487
6.326625458301158 2.789782737239222 0.007970416797077162 -0.02892183355323224 4.981298764355388
4.338440357621111 2.4609017459991924 0.008273389257571904 -0.028836626539744448 4.991789683997455
6.836555363494368 2.528512082864473 0.0073589477989422225 -0.029083429771820987 4.960216320637566
0.9926471536408319 1.5086241332858639 0.005886265629059812 -0.029416863818975486 4.90987909649391
3.7367098706421262 3.871043837119442 0.008349345720239227 -0.028814725854047665 4.994424710430106
2.495679424360715 3.3922553022013853 0.0062976050508782525 -0.029331555884800124 4.923882288486567
0.614320961870546 6.375316654502058 0.007799618108095347 -0.028968361316579008 4.97539800020081
6.435554776877823 3.923864218927935 0.008630809468511842 -0.028731674645210748 5.004206781990224
6.855507984490116 4.519049490597935 0.007688574745543354 -0.028998031284592288 4.971566703418769
3.254276212459795 5.935812610889643 0.008151988712822661 -0.028871180786833293 4.987582268353585
0.0056056946817415465 1.876071707265616 0.00663882006866021 -0.029256214179144133 4.935530151499737
4.098596476708215 0.6977960158557347 0.008129856541424342 -0.02887742080961975 4.986815767704119
2.1587929407067445 5.131471581622222 0.007691886031686224 -0.028997153123635263 4.971680895180484
1.0927721561556425 0.8346794936338368 0.005715178526079392 -0.029450581223721902 4.904066490862569
4.006485549121724 4.5645591042234015 0.00784779646143682 -0.02895534649593853 4.977061510499122
3.363154152481289 0.5282834172839511 0.006990415994883019 -0.029174202375017617 4.947564694584337
0.03719717142498299 2.5926313978444018 0.008518713361960391 -0.02876510946714365 5.000307573842921
0.48853088089662217 2.4419038876248775 0.007978332904294751 -0.028919650828947565 4.98157248164507
3.7610131382646848 3.476858857720533 0.009014701572685038 -0.028613548461444444 5.017595390450218
1.910928533516531 6.657672410941975 0.005388932094959015 -0.02951202146373441 4.893000388386207
6.508390532244547 6.044545767866726 0.007662416685246596 -0.029004954241330125 4.9706647478285095
0.4523164097582226 5.783058232596272 0.008193413981386288 -0.02885945195823413 4.989017390730874
3.35083216333945 2.052469436404956 0.008002951947916828 -0.02891284766534307 4.982423872913852
5.898927201013658 1.1004149499812432 0.00701267798790704 -0.02916885920700232 4.9483278356105345
2.8751389036498454 3.9810425562308542 0.008756022291592962 -0.028693763671382096 5.008567658574471
6.205021303591911 4.665082395657953 0.006966406325771158 -0.029179944874935172 4.946741799592687
2.65537751697863 1.1959568947330694 0.005750030545391967 -0.029443796438758697 4.90525003389766
4.826475773042635 1.0934153301187453 0.006739485777674172 -0.02923318886903253 4.938972334335325
4.514385881236327 2.1605728911336604 0.008827595179755966 -0.028671825253065927 5.01106298207299
4.888169387527474 5.439420986429239 0.007120686099162387 -0.02914268054721795 4.952032350641021
4.505506593581179 5.072647556684101 0.009102168466841675 -0.028585844909696706 5.020653703513572
5.789061978953637 2.5677547443292803 0.008981375814375083 -0.02862402641979214 5.016430919222591
6.415092741920656 4.898699908892634 0.007054564601146413 -0.029158757145808734 4.949764088578103
0.618317791976629 4.811079043857888 0.007583587464658818 -0.029025664525827305 4.967947934746883
6.941239372687988 3.94168407357256 0.008223336156030676 -0.02885094006206589 4.990054367639731
3.0224091082861984 2.8383438420155866 0.007046622796541248 -0.0291606774126265 4.949491733243516
6.834870552442728 0.914048422622447 0.0071004411263332875 -0.02914761972805798 4.951337724882722
6.1462999425067535 1.4673505221691763 0.007382342120271937 -0.029077500319306317 4.961020789205431
3.9600761506658424 0.14690261206935845 0.009674211614799514 -0.028397352510966197 5.040730637018067
5.15706115498228 3.6802577507186176 0.008989103228821859 -0.028621600639055538 5.0167008931855595
2.312103133340423 1.5926525362570025 0.0046458710615856465 -0.029638081619415266 4.867877120275163
5.326698523061062 1.876318940986205 0.006891320090772362 -0.029197768877202195 4.94416937293304
6.210840892804705 3.836026162274829 0.007800114006694168 -0.028968227793266424 4.975415118868181
3.4439235444432734 5.677979583390857 0.007645155593854503 -0.02900950871603577 4.970069686183436
4.328102786258348 3.711441783277257 0.009887885134530167 -0.028323660207789834 5.048264794070258
4.9177673525888705 1.7151651054652999 0.007439582418650462 -0.02906290786270546 4.962989825257102
4.133296383331355 3.309566446703957 0.008839627844457555 -0.02866811782401298 5.011482677799188
2.3454925070563175 1.3200513764582655 0.005152723350059733 -0.029554178081580094 4.885002329003774
4.315889545344067 3.4522272384023887 0.00876105133943262 -0.028692228554572503 5.008742929494488
6.951854107519207 0.8576515271180057 0.008212716066465977 -0.028853964975573312 4.989686284911309
3.869960037277208 3.89384722102952 0.009646047443406401 -0.028406931701955296 5.039739015717824
6.621941852192347 1.1427179353949923 0.007219839947792776 -0.029118274521823157 4.955436131192923
4.357245698973631 5.182907230636394 0.007349095867873426 -0.02908592081961315 4.959877587924396
0.042148006820146224 1.3761443295524851 0.0073860771063303425 -0.029076551806900053 4.961149240651777
5.9933267310739025 3.128612170348013 0.00679301458018668 -0.02922079658245769 4.940803818951345
0.024725534345543497 3.765343389664084 0.008479110714645332 -0.028776808048996447 4.998931094129639
0.8395730094699098 1.975540623788728 0.007017209607559151 -0.029167769358035927 4.948483196650569
6.169591687230995 3.681046346518774 0.008597869027270912 -0.028741549161273396 5.003060493842375
6.679251643736258 6.86817873841709 0.00820337432272905 -0.02885662228538173 4.989362540375039
6.873908473123439 0.2508969076891458 0.008748059383211182 -0.02869619237856846 5.00829015676479
6.432886025741515 4.022976298541159 0.006663530217158154 -0.029250595977603946 4.936374844517952
6.363609433447206 2.6633323875700743 0.007316361016810087 -0.029094172293978423 4.958752294173315
0.2884550047661424 5.251818675083956 0.008385941757791332 -0.02880409659813915 4.995694990906994
2.001332025047369 6.831078330607276 0.006348175770040907 -0.029320652523309666 4.925606714829703
3.431388682136902 4.081033580379611 0.007126862609001989 -0.029141170692894434 4.952244296477991
6.937421818399209 3.617859965844731 0.007811486470386301 -0.028965163198624858 4.975807723663149
6.039698608957871 0.16015965553396572 0.007444614094780228 -0.029061619379859058 4.963162959606951
0.4099234385479663 3.6080267404043354 0.009202419728056728 -0.028553729548846545 5.02416269563676
2.7012832207586985 1.3272987351495737 0.004392842375957374 -0.02967663956481584 4.859345438906574
3.8501805723662343 2.016074572996887 0.008352515111871253 -0.028813807303200357 4.994534704263202
0.042208007844721146 6.919902354503483 0.00704237021993651 -0.029161704711579386 4.949345903239928
5.592388009708368 2.089033120647262 0.008616512197735373 -0.028735965575325245 5.003709205600219
5.64994827638732 2.4709424846858052 0.007117116905232046 -0.029143552407990006 4.951909879390267
3.0852345769035683 2.787500669345123 0.008433187033334495 -0.02879029969383436 4.9973356111057505
3.3297936162379433 0.48125915734108315 0.007434563061898478 -0.029064192266062626 4.962817122447969
0.5186216871136843 4.75182811931594 0.00813808931068365 -0.028875101772484483 4.987100872798596
0.3354737634607809 5.229770896166755 0.0055556522633182035 -0.029481091023384587 4.898652564292108
0.043406058837056075 1.8529550187140278 0.008479439521584042 -0.02877671116371359 4.99894252025764
3.4408885717734674 1.6253780030905693 0.006457102591619257 -0.02929685693246468 4.929323239029038
6.068573146838032 5.008461212085056 0.00910394245248886 -0.028585279985016258 5.020715762311607
5.032327547266713 6.046783315957576 0.008393146135371328 -0.028801998158987187 4.995945116438773
1.160139627920792 4.796026502722505 0.006303547577643926 -0.029330279370240908 4.924084891310686
5.769898692203281 0.8203978718098719 0.007804629194531141 -0.02896701163627122 4.9755709890388164
3.01231871526225 0.5594858077071025 0.006644874174940957 -0.029254839722671577 4.935737090389244
3.948657214340909 6.258741923732702 0.007063246565141965 -0.02915665529446082 4.95006184738896
5.478705150572795 1.8190340387559942 0.006629150705233006 -0.029258406671028903 4.935199657575358
3.1703987524414567 6.837707704222434 0.007787128578363599 -0.028971721186426477 4.974966881396736
6.327916557243729 1.8118518377648563 0.00705005407443197 -0.029159848037114067 4.9496094028927615
6.9120934612936 5.570281760283013 0.005762114012805412 -0.029441434104055315 4.9056604412997356
5.296068975499732 1.2867193908027017 0.008093269793767911 -0.02888769606675624 4.9855490259491475
6.402880177406156 1.4995572373066506 0.008646672860073559 -0.028726904609631496 5.004758949877575
4.241252429443115 0.843372647564721 0.007938277185046097 -0.028930671532706884 4.980187676471573
5.145081753927285 6.776205843213646 0.008520867532403784 -0.02876447142735682 5.000382462983739
3.4256029092644407 2.7876576488784806 0.0078122221947939195 -0.028964964774347114 4.975833124069926
2.6491003255436625 3.9704939368881074 0.005720300867625088 -0.029449586720085692 4.904240423865193
6.9641070468302795 1.8904795090296607 0.008339894822210318 -0.028817462663365587 4.994096737532068
0.4094727946053373 1.658024185003439 0.006661083074791916 -0.029251153349410353 4.9362911840328225
5.3340345138550145 1.0530325122253366 0.006572512186636693 -0.029271181792959986 4.93326427745725
2.9464895680532797 1.6490369658598087 0.007557730922101975 -0.02903240781108421 4.967057221713997
2.7191900271119356 4.582992529027927 0.006253771311082596 -0.02934093291612726 4.922388105010247
5.771140136521983 0.5286387667273796 0.007239408881400782 -0.029113415448000866 4.956108237150401
4.071295922578464 0.33137023744024247 0.007665900813333125 -0.02900403359396997 4.970784871561482
3.177099733789907 3.5440434613555323 0.007492611976437955 -0.029049281673916454 4.964814899944209
2.287454375464015 6.52188871213911 0.006407789395626584 -0.029307682185073857 4.927640325551805
5.28271819962106 1.0475712636227335 0.00663406613777189 -0.029257292535018825 4.935367661464707
3.0591485980142297 5.85048623728422 0.005814507065538185 -0.02943113160557722 4.9074403208843815
4.119896700447831 3.32308366120834 0.008417736592652358 -0.028794820899889644 4.99679899886453
5.665010357510438 2.613278755918236 0.008447235432817723 -0.02878618094750585 4.99782360200231
2.8298312740706746 6.331639358544914 0.008702097362263773 -0.028710163731641827 5.006688870278737
6.774183108169061 1.1616870496694793 0.006652696179791229 -0.0292530619515187 4.936004473241127
4.665152823640264 6.533800113932002 0.009333879552790577 -0.028511027559419845 5.028770078506442
2.612900577803331 2.7957255499327065 0.00790942218287544 -0.02893857357806424 4.979190428288222
2.9119735267745734 0.9180411373870395 0.006740375026719353 -0.02923298384529328 4.939002753601846
6.578229869536979 2.6302907025139244 0.006925592901857502 -0.029189658493338714 4.94534335194504
5.388893126350241 1.7650583831016229 0.006364854265759375 -0.02931703651762307 4.926175580879559
0.3712583049382251 1.003894070048396 0.008206301098796168 -0.028855790099664515 4.989463966600132
6.143716559533656 0.09188099966191433 0.0064594896982853684 -0.029296330706041415 4.929404719718551
1.7707486812146984 1.405365340799028 0.00486075053655809 -0.029603599514608864 4.875131422601635
0.21435942827837776 6.079967072567846 0.006357548800609675 -0.029318621612345053 4.925926399226453
6.21864853915535 1.8398453279418245 0.0074986402624470485 -0.029047726145335503 4.965022424779438
3.8632991637394083 2.4276306130692293 0.008589186151715549 -0.028744145164731855 5.00275840562404
2.7387646828188332 4.458364002019193 0.007827658809409712 -0.02896079690829433 4.976366103311008
6.596747495720364 0.6466777712392962 0.007949564471369458 -0.02892757205013135 4.9805778468425075
2.8294521126907677 2.0387136706147557 0.007119639390708958 -0.029142936278732542 4.951996434114429
0.8118261748708205 0.8127055782193369 0.0060710996509425914 -0.02937927414059654 4.916166360230186
0.23109740784627564 6.838215556425447 0.00824422693598508 -0.028844977417706155 4.990778536002207
6.312938227887678 5.855628709397731 0.00598578895198496 -0.02939677415333687 4.913263455338637
0.9542214135408444 1.1550016430773589 0.006316377649848725 -0.029327519045846538 4.924522346256035
4.2693450904003365 2.832327493136181 0.00822457470753983 -0.02885058701101411 4.990097297231781
3.473259756094406 2.1984103315855243 0.007823567137954223 -0.028961902514129192 4.976224822897993
0.5152805380596316 3.4719838401400676 0.008683023037319352 -0.028715938273603064 5.006024561764772
6.149753608281097 2.3964147427023805 0.008397296404156625 -0.028800788411096286 4.996089216022327
6.191984515159857 5.967930833314599 0.007132507556250819 -0.02913978956615893 4.952438011447892
0.8427534578366351 0.6496347629009049 0.005991067377459262 -0.029395698863587907 4.913443016605216
1.70090227293028 6.852782468852282 0.0065357208251057165 -0.029279418595598503 4.932007540329211
0.6419287767447185 6.697499703425955 0.006027741914777743 -0.029388200479254112 4.914690791352047
3.294100475769732 6.105660021236397 0.00863844867681599 -0.028729378769093077 5.004472673678775
2.486712393368319 3.948585244408728 0.00659832830979666 -0.029265373114247765 4.934146328733657
2.6533545532736187 1.3898511477333575 0.0068647684432592195 -0.02920402291158587 4.943260097896418
6.4837624573523325 0.6778951916997299 0.00810932277006638 -0.028883193802121034 4.986104772136257
4.4803928221610505 5.952931881421774 0.006685625025550239 -0.029245553816225404 4.937130272265564
1.6280267153638117 0.4458242215516301 0.006554569993873605 -0.029275204733620764 4.932651355182594
6.28284199507727 1.871586845533288 0.007211970481614703 -0.02912022461747708 4.955165881572947
5.71981289286941 6.698385985291461 0.006732076261458911 -0.02923489608686683 4.938718879268986
3.071585449512245 1.5038097640053023 0.007583348380833531 -0.029025726990635558 4.967939697775502
6.5053717373030855 3.776929501266846 0.008487904718434792 -0.028774215427892595 4.999236701334854
2.294830337749975 2.1981175051124597 0.004454283627033725 -0.029667479794716962 4.861416115151701
3.5380324066786577 5.930213388019726 0.006494900108379389 -0.029288500688532577 4.930613578904073
6.9147870969435346 3.393061896126611 0.008965197956722308 -0.028629097533746713 5.015865784742408
6.979118606242433 2.5427917466440717 0.006318385853688992 -0.029327086459515594 4.924590821828318
2.8427674563128233 0.5472783379194619 0.005521682666156653 -0.029487472264239013 4.897500438769285
4.0721303119264105 5.660339296541286 0.007596300493772982 -0.029022339995395 4.968385952522542
1.8852919179321885 5.425674030903493 0.007011425801721037 -0.02916916022491838 4.9482849069613275
4.063943423108922 1.668131954532733 0.006782282454117788 -0.02922328942320775 4.940436557636069
4.018949661035755 5.691418036079338 0.007981918841060623 -0.028918661303987108 4.981696480310627
6.826176058407858 1.3194609093961618 0.008110102836578707 -0.028882974777195612 4.986131779865226
3.9607556518245213 2.364482352277957 0.007304143572093252 -0.029097241908439514 4.958332388773015
2.848085453005944 6.120403910046305 0.007012928924824654 -0.02916879887645972 4.948336438524187
0.5126649919993306 1.4185016792824157 0.0067887213192781735 -0.029221794312621837 4.940656896618332
3.670137850548927 6.696077903744694 0.007970386029608008 -0.028921842032260486 4.981297700540931
4.327780491789376 6.08128164614253 0.0074698178282608515 -0.029055151378242657 4.964030307588327
6.859131542701458 0.4178330384605892 0.00792085985766324 -0.02893544503053753 4.979585689405866
3.6734232292702202 3.4366660110227367 0.009081316105366248 -0.02859247624453705 5.019924323562218
2.118068486179035 0.9011816451396117 0.006999590599057043 -0.029172002527176503 4.947879183045542
0.947228192039685 1.5001991455809291 0.006262245419304476 -0.02933912545234435 4.922676929132056
1.6505282887378576 0.6583862222500667 0.006630138095721855 -0.029258182937968953 4.935233404944961
3.7722075267616595 1.536075473761304 0.007772517102479424 -0.02897564456386889 4.974462579764201
0.9639149503591132 6.176968241657908 0.005562918613090729 -0.02947972076706509 4.898899044946464
1.2519474867495817 3.189126606632253 0.00654003966823994 -0.0292784542135996 4.93215504716029
5.279300286010542 1.3191779339664558 0.00854992029810135 -0.02875584919448762 5.001392636880994
2.9514678563848182 5.734579703557887 0.006942501893747527 -0.02918564146040501 4.945922672014675
2.1313141506057858 3.7912682555653507 0.006942482397876257 -0.029185646097956753 4.9459220040194305
2.3573948893346146 0.78752865183738 0.006354781516407779 -0.029319221542850042 4.925832013619789
6.073290639715016 1.1356935009415912 0.008443509729631322 -0.02878727398427335 4.997694177663068
1.017039809835877 2.4017518073456854 0.008743514919246844 -0.028697577369124868 5.0081317958843385
4.878731615866464 3.9082011792170572 0.009156780628715536 -0.028568398074053432 5.02256474781762
6.50829048388065 5.831255696714753 0.008159584189145948 -0.0288690350697809 4.987845359724713
2.053085729109493 4.646473160167489 0.006038145071013301 -0.029386064794412296 4.915044795135113
2.2771587620705915 6.835890292328244 0.004794860314741733 -0.029614343054711088 4.872906076979483
1.8048031953884998 0.24099912158595835 0.00514986719776352 -0.029554675904929145 4.884905688581862
6.890837254495975 6.996143115303116 0.006416149481148876 -0.029305853098580033 4.927925586811859
6.568624937837624 0.9906124519677576 0.006813445511740447 -0.029216039434847154 4.9415030673061064
6.840563828981702 4.742865901874299 0.00522286597477102 -0.029541863025367564 4.887376179788314
0.16858465478072407 6.963627600464826 0.008355783602674883 -0.028812859635677774 4.994648141009548
5.8550481340937415 6.566929652171035 0.007661300592978221 -0.029005249063299415 4.970626268657445
6.112657643190092 3.2520557254155418 0.008026423410384462 -0.028906340606123637 4.983235764670898
1.040890637034103 0.5047565159951647 0.004995020281490385 -0.029581240210435726 4.879668716787262
5.6589681880108165 6.942253901499711 0.007023391782997294 -0.029166281351288615 4.948695154343882
6.728096973040375 1.9099451198823816 0.008769031468811165 -0.02868979064229991 5.009021069909858
5.590722362892999 1.7516121159117772 0.008863795549490123 -0.028660654710889615 5.012325804296837
6.305883574253143 0.5750257037705407 0.005834706364809741 -0.029427133765225055 4.908126691722913
0.7596847144484843 5.14435494220309 0.00740558995629743 -0.029071588147178792 4.961820383331494
2.7309883738958547 1.985510333612921 0.005141209840254239 -0.029556183132780744 4.884612769223614
6.195080643586534 2.4153235576384966 0.008258260798357467 -0.028840962684804964 4.991265096924005
4.804544442625535 3.2111035090838924 0.00889061267119893 -0.028652347309264505 5.013261617072524
0.3720951385019067 1.04909025109531 0.009110335575049767 -0.02858324309293791 5.020939421143077
0.9926922362963744 6.1171589512556395 0.008797330916352177 -0.028681125653436168 5.010007613164628
6.718689218625476 0.9350108909486132 0.007987786421024311 -0.028917041136535728 4.981899385426186
0.6450140395984627 4.423167871793198 0.00824878039814672 -0.028843675596968398 4.990936399357103
6.699440638418547 1.4231907150416307 0.006817501296420255 -0.029215093292223254 4.941641890035839
5.872425260873509 5.067409470070813 0.00801086456986086 -0.028910656319830374 4.982697554768092
6.413805660539365 0.24654227021554198 0.008076812177966176 -0.028892301830104453 4.984979361153172
6.917710120266151 5.303181982503183 0.006086500807390694 -0.02937608734875413 4.916690607063325
4.373294354734414 1.3551821690624009 0.008804928223184749 -0.02867879423868034 5.010272512655508
2.290137257907196 1.0314137705467001 0.00584656560677351 -0.029424779873529948 4.908529711474354
0.5326927289820171 3.0698084012853704 0.0091120022622064 -0.028582711816298075 5.02099773162381
1.8539351519768434 1.391350389798071 0.006091611765823481 -0.029375027933509795 4.916864593834311
5.367258685211853 1.973564762134003 0.009172842996230257 -0.028563244762570474 5.023127041016066
4.974259446816362 2.8120737511137186 0.009189931715158252 -0.02855775122573079 5.023725375065482
0.8128149646063385 4.688287854759546 0.007094556355582843 -0.02914905264528264 4.9511358344320024
2.7261813796334 1.7405641255890842 0.004618140273369832 -0.029642415225745008 4.866941541537843
2.154645375238513 3.0677571517428652 0.006121677325068473 -0.029368777072390034 4.917888210081736
2.4169101193657654 0.7570015371674518 0.005214819682117131 -0.029543284443050738 4.8871038171743955
6.615556914935001 2.9980656335038463 0.006912685571536795 -0.02919271789657597 4.944901186657891
0.04665931154739078 2.324578509516585 0.006578116462636672 -0.029269922852716717 4.9334557421047585
6.473587273997725 0.41377682919256137 0.006025539412296687 -0.02938865214314633 4.914615846798817
0.536352994246054 3.414455977636884 0.008336316436148952 -0.028818498022561704 4.993972565538952
3.023838008415545 6.242110936940459 0.006842942103431557 -0.02920914485857269 4.9425127890396965
5.577367643300075 4.2133413873376515 0.008918096853983284 -0.028643804714160677 5.014220989725162
3.9388165026035193 6.8028132558206496 0.007096691844708867 -0.02914853280803757 4.951209096098278
2.662431888458272E-4 3.280743874385436 0.00946210238458703 -0.028468730538322082 5.033270715913119
2.135062791578726 6.403970036909309 0.006673990641081311 -0.0292482110379893 4.93673247313793
2.655630285174093 5.696494744918924 0.007359908679501113 -0.029083186624395276 4.960249359539202
0.2843648205794747 0.11918070322538814 0.007676319246410759 -0.029001277951621093 4.971144094973544
5.305642613025012 6.714866398454646 0.008092158409599998 -0.028888007412660708 4.985510553577515
5.971029329420517 5.939061589496716 0.0079031738612954 -0.028940280629567796 4.978974517947863
0.2419911536649589 0.6294511761066766 0.006120691415575858 -0.029368982559756746 4.917854640211223