300

5.485137259459686 0.2131930971715042 0.02926371114216653 -0.0066056952842103115 6.061176221614212
3.5692023975624187 6.558348195873251 -0.029884315333798733 -0.0026320518669056903 3.229440663405338
2.155196445358486 4.807886109300193 -0.020316546929645515 0.022073466444025306 2.3147716552174504
2.9922336622733248 1.2359640688960745 0.02563660313866855 0.015580904322612658 0.5461059220632944
5.818272263476225 0.2689059126007917 0.020674498342726166 -0.021738562930345994 5.472704270863596
0.7843620025326546 0.3486328345215085 -0.029765118296633992 0.0037466962496824057 3.0163758172234556
0.6741153315803797 2.9828548579392185 -0.027853558914791007 -0.011143574641032664 3.5221656048057337
1.473400811246367 1.6621460313307794 -0.026260092781798822 -0.014505430951589043 3.646257808181893
6.86853293148503 3.7733088694847337 0.0034849677135608756 0.0297968958120714 1.454367871932154
0.9839644665547792 3.27908224817251 0.006889023600808261 0.02919831080435145 1.3390945864429078
6.055030254446963 1.006248656911921 -0.029750043800831658 -0.0038645690378873673 3.2707705859165332
0.2573809136494825 4.866083006304446 -0.01341657766380556 -0.026832730829922505 4.248735043345963
6.706528282411262 3.8765645601868592 -0.005535927154980851 0.029484801348063132 1.7563908762212521
1.5469727312884511 5.2498268890468385 0.0280590784460972 -0.010615465922688633 5.9215022899550105
4.157728952342172 4.597592462120196 0.0299995465532975 -1.6494422249978892E-4 6.277687138728162
3.2087648841903706 1.6759622998649284 0.00858252656148789 -0.028746134310918308 5.002526728538501
0.22125983900266158 3.5333556148834777 0.012738728723910712 -0.02716108964122412 5.1509358468024
6.572958331996472 3.4860589628772596 -0.02611862120555762 -0.014758645815947878 3.655926349943278
3.391866276293184 1.8640918902736836 0.012286364043860232 0.027368691210610318 1.1488405523009515
0.8583710245793457 6.832935999962954 -0.028167018093876634 -0.010325652119804652 3.4929668905807025
5.061053925435443 5.177251042050838 0.014598719196787268 -0.026208345957220474 5.220610106876782
3.582922706507669 6.064006817656215 0.007069034926637267 -0.02915525244627428 4.9502603784163455
0.39483091434864914 5.2224567860057185 -0.02906143758986202 -0.0074453237142890465 3.3923910506436616
6.320890122681488 3.960336874143332 -0.015968465642571327 -0.025397009765364482 4.151094877527244
6.328811500716042 1.9304890776720887 0.004661507000490474 -0.02963562640614128 4.868404704563813
5.03664844528632 3.0553747102520923 0.029161815594902902 0.0070419110480662685 0.2369411771708964
0.9957467490663096 2.7803441514203415 0.029767085385814393 -0.0037310357320233644 6.158494590000146
2.761152297047451 5.407894781337197 0.014866194515371432 -0.02605755668958892 5.230845192086946
5.858558465433588 0.5824834672729622 -0.02990307252306203 -0.0024096169157134546 3.221999832391056
0.7887888584146078 2.131690805302337 -0.028504431437687567 -0.009354003870758696 3.458679676647918
5.6299714585736576 5.266094465440985 -0.003698597253742084 -0.029771133306520453 4.58878793218709
1.226890500834056 2.3485676198750918 -0.02139788911835822 0.02102689566432589 2.364939001206307
6.386883468373678 5.237691305284283 -0.029871687979780678 -0.0027716885176055717 3.234114215476885
2.2337705435494573 2.7625163827967922 0.029637589585536347 0.004649008879245916 0.1555940119149839
6.202505970110599 4.217819683866349 -0.022323430644210687 -0.02004156790955027 3.873180832368044
4.70834337810914 5.812581750819637 -0.028808852502375547 0.008369588848705188 2.858854324774546
2.8239784468647815 1.7678473447846024 -0.0058229880640476624 0.029429454803070312 1.7661358397022466
2.9021705998588723 5.838893831764047 0.015452919875012978 -0.02571395083094834 5.253510177933903
5.579415447597274 6.608343215937586 0.005197306696797105 -0.02954637038790768 4.886511057414422
6.823745187060843 4.4570838953811265 0.022383953540015836 -0.01997394863111479 5.5546220974576626
0.09609427400485887 2.1219793713170976 -0.02301272847174917 -0.01924615099923995 3.838094696922039
6.35957496940076 3.8661654176003806 0.029633010592023282 0.004678106802226308 0.15657587882895263
4.951600515193636 4.712010367257211 0.00969639554907571 0.02838978537002111 1.2416733688325392
4.989294356954057 2.627195290602713 0.013391931435558772 0.026845039996716204 1.1080606926638827
5.021361299611296 2.507864117792503 0.019316719379130633 -0.022953525925833683 5.4119614642117995
1.728392816758304 5.455478420148348 0.0299995060800288 1.721480592829234E-4 0.005738300134587981
3.784004056067255 6.122300157429865 0.027535428889028653 0.011907987063196127 0.4081728019255817
2.3902902416748963 6.835990012117216 0.023523631216548678 0.018618237682117404 0.669517757516987
1.6839171755815199 5.7202917441701 0.02524013069013777 0.016215295333257593 0.5710429841551483
1.9640082824498741 1.4562646952074119 -0.006431185466239434 -0.02930255711535822 4.49633927405579
4.794555499696231 5.185748921396308 -0.013745956639537479 0.026665495983835656 2.046763749105275
3.371011927860568 5.179143795646413 -0.024528935474198092 0.0172722703922393 2.5280808721509715
3.9795357457485587 3.651419094411166 0.011150607447282544 -0.027850744219079803 5.093214436553277
3.1985719173776386 0.2752082266218871 0.02994831482717602 0.0017602383396429242 0.05870833019752686
4.610644309642752 4.591996265901477 0.01924861199658445 -0.023010670051194622 5.408997969202108
2.758155520717921 6.158080497887189 0.010727464238575818 -0.028016450721140194 5.078066544557862
4.179025925668882 3.5555454449642188 -0.028388087624438656 -0.009701364905372479 3.470890657076824
2.795827651440371 2.1813008784173906 0.007932452723712761 0.028932269074271755 1.3031989499376468
3.2583234910377468 0.6677821246292044 0.023249149148977185 0.018959880375377196 0.684126109422095
6.330310685182475 5.134045790675834 0.02041862757074605 0.02197907295877534 0.8221865114722458
0.8819334758729785 0.5434390403828242 0.029035405341279283 0.007546206773446539 0.25427132097434635
1.3460568434802491 3.271798187163408 0.010844218702743096 -0.027971466188369116 5.082237240714086
5.165756254593142 4.600909506148379 0.024803053747743147 -0.01687627105691789 5.685727645442711
1.8113749795504634 4.280848440527354 -0.02441390836706429 -0.017434479580549236 3.761732925801307
2.834281515054039 0.6668186351705151 -0.02997408999843347 0.0012465667915560908 3.1000284606454325
5.2821067005243245 3.747025691323252 -0.020617304357667045 -0.0217928144355731 3.9547014014835087
1.8607880794634504 6.51409006743531 9.552665554065593E-4 0.029984787239667413 1.5389487248778353
5.864440816992494 3.1186356029095634 -0.02355726404334129 -0.018575664477813423 3.809301898653258
6.447636090292476 6.915502916771564 -0.022082522004998 -0.020306703865934993 3.885122150590915
0.06578002567589021 4.466990974363473 0.027965987048863786 -0.010858340959040794 5.912832116604697
3.8787816560338872 6.711051483866413 0.028628434760787823 -0.008967314154601442 5.979634584237068
2.5194772826099894 0.6707997983960103 -0.02517520063311484 -0.01631592084690331 3.7166274940863744
2.3992834089783805 3.966323892459765 -0.027010416375868616 -0.013055167835083868 3.591822249002901
5.99266895708637 0.7349767120712152 0.003708934013948531 -0.029769847303608658 4.836337243559156
4.872445760255221 4.733383491543076 -0.01580709740592967 -0.02549775816811061 4.157436106791446
0.43112039142981506 3.310764685051703 -0.017766852042331388 -0.02417310423809704 4.078567386374274
5.9006533945211554 3.4713542048490416 0.004457804638061804 0.029666950935491748 1.4216505084581397
4.967174382554051 6.312824556675484 0.020360824591781512 -0.02203263084478804 5.458372087775842
3.8049795511153497 2.1422721294777043 -0.0022632345209319706 -0.02991450767609692 4.636876085240178
2.3920172656170213 5.938219962934217 -0.01533587733434921 0.02578392651218573 2.1073720034342505
2.6918037186493753 1.7041095743175279 -0.025079780566619962 -0.016462217552024747 3.7224496549297483
2.865278484471439 1.8157583780139586 0.026502300876993547 0.014058024335777306 0.4877062616481074
1.6985970089203708 1.2631603181908868 -0.02999990558058554 7.526723027030618E-5 3.1390837432820065
2.775235402524214 5.88380377390031 0.005220111809208008 0.02954234981682004 1.3959023558673245
2.540282396808896 4.177807541997328 0.011093202308459402 -0.02787365893713258 5.0911541141356285
4.262471067681297 2.7981317594916613 0.006664846974030467 -0.029250295978207757 4.936419861160539
5.085767329918732 1.9714090471765353 0.0046539367135339646 0.02963681617627677 1.4150360429717135
5.805575023486805 5.996295585564595 -0.029985116060285144 9.44888803632427E-4 3.1100911503355437
3.3892989148910866 4.918753803630085 0.02432768700175584 -0.017554590429417597 5.65811657069285
4.5781679752896505 5.418320045576073 -0.004818859620339816 -0.02961044734480481 4.551061435863527
4.16827650874945 6.96603427782513 0.020983548906638394 0.02144039820718623 0.7961664127819077
1.4320955552079695 4.7677039629372935 -0.022727821893575507 -0.019581780102276444 3.8527697752483263
3.8409330445265533 6.776786865807043 -0.010586317575061108 0.028070088710225913 1.931440727325728
3.9768564579569876 4.506569700460661 -0.02416706841535877 0.01777506129967963 2.5074314142360246
1.3133615462682977 6.190113621357654 -0.011088033865621984 -0.02787571532705161 4.333809263704017
6.15394025702221 5.431224599340189 -0.006613027563632145 -0.029262055061848296 4.490129328962291
5.284540421001422 1.5248866608317684 0.029790970698278667 0.0035352602244109158 0.11811646626014416
0.08002811591984804 1.9658105785302473 0.007109021934896509 0.02914552808115098 1.3315531803362997
4.463314667693137 5.189767176380348 0.018238563778950435 -0.023819210551173968 5.365867744477608
2.423206391272875 6.91587891941602 0.01862805491613447 -0.02351585784192187 5.382324141834884
5.373682340924931 1.9735115919886208 -0.028491771545056208 0.009392494568767408 2.8231549899576267
5.580304329413832 5.454534412372205 -0.027446895650814887 0.012110653125792955 2.726047840879213
4.418047023087 2.3966134865775897 -0.029964071667369818 -0.0014677905547881547 3.1905385463578404
4.159800796818868 2.444774030295103 -0.00673930705682628 -0.029233230071167494 4.485811740057947
6.927458208297961 2.880639335843552 0.02999968674742425 1.370950634333167E-4 0.004569851353540599
4.844797678392834 5.247297098580562 0.011872685346115953 -0.027550668642922688 5.119280090056538
1.2045952892639482 4.672235228931746 0.026614631215686656 -0.013844183083627485 5.803530719016987
2.7023723796053076 2.2203867473877477 0.0012748583613234226 -0.029972900029169077 4.754897059507617
3.5520322304951897 5.283221527155007 -0.025543627323969816 0.01573286697122119 2.589548415083916
3.16491526583799 2.6788124806079674 0.010522163421936279 -0.028094200058411813 5.0707488643079195
1.1693585492507532 2.581564146400221 0.027913161550100152 0.010993425866308025 0.37518807612727545
5.122806168858345 4.892377180563084 -0.011665050835004747 -0.02763922193218823 4.313022202772006
3.5786589691958177 0.6523954221349323 -0.01709772862425107 -0.02465091632965123 4.105975269751827
1.050026227852053 2.148158563410958 0.0030972135483146226 0.029839692830793955 1.4673715902889288
4.464966931194869 4.103204578829466 0.027789787844793915 0.011301667644261363 0.38625530452660484
2.882863213479113 5.294160980389088 -0.008819996414718418 0.028674163688665 1.8692053137844078
4.407309959367671 0.31097056799916617 -0.020019883870807394 0.022342879174345142 2.301413570784602
1.288780718894791 1.3506941793772813 -0.01340283306074948 0.026839598840997618 2.033938096657728
0.664444359735836 1.440633472817424 -0.011378000116792669 -0.027758622324284502 4.323385355095985
3.2803984752733313 3.3495159204083866 -0.00905346846070813 -0.028601306068621466 4.405827436852199
5.736788856831986 1.6787078208434958 -0.0169341601897889 -0.024763566355970795 4.112595508522792
6.37808155687804 6.8013565297986265 0.027793427596122584 0.011292713688883268 0.3859331225430829
1.0076612012817032 6.142319960279342 0.003281720803328541 0.029819964932390527 1.461186282706187
1.565000616795092 0.8978910834216786 -0.007850534084423051 0.02895460437632177 1.835563404493741
6.700472506263646 4.388786231593041 0.013328736886649742 -0.026876472480711868 5.172771943608057
5.674022252344873 5.279754139300893 -0.029399451978110176 0.005972622823081453 2.9411660348861437
4.36083682020594 6.795498294061659 -0.009819431197495199 0.02834746498291616 1.9042563104254997
1.8951612096442059 0.2949695083696831 0.006848812414774855 -0.029207768975175522 4.942713768890849
3.8089525122781147 1.1159833186284354 0.028628694161483993 0.008966485967658248 0.3035217942498385
3.816435034237974 1.3003075445723002 -0.009117172807794935 0.0285810629612127 1.8795859809080682
2.5597450801876636 2.5114333695219337 0.0258892504255503 -0.01515739794302253 5.753517612288093
1.119446764863109 1.9165075263024651 0.029553579790912606 -0.0051561537547053435 6.110455885653486
3.415716719189118 6.30054791352754 -0.02874442468598811 0.008588250664224773 2.8512557735152684
2.864513910978982 3.397200097289414 -0.024196012106701588 0.01773564202763323 2.5090615528827627
6.436097391256355 0.3686640615752212 0.007107282120893324 0.029145952392296774 1.3316128739309223
6.6152300341126375 1.0733815673123355 -0.02527629591777426 -0.016158863347312157 3.710401435278115
0.8944739677388116 3.2205768172592397 -0.004460617245913838 0.029666528172090784 1.720036951904903
1.4009662376902572 4.9965684084449995 -0.02120794049033036 0.02121846507546213 2.3559464233392724
2.4528831602084855 4.573552161235809 0.009720678178059283 0.028381480154470486 1.2408179139724655
4.322140024360751 5.870868884817378 0.001031394957089928 0.029982265165302127 1.536409718615793
5.777796598437007 1.618063391813519 -0.02148694257826 0.020935885427623004 2.3691833970205822
3.543049815068499 1.7707712850427813 -0.01991135126812125 0.022439654424199276 2.296566485036034
3.257283778418678 6.273420036116889 -0.029100553791126478 0.007290937460282754 2.896103080657779
2.1818976666551357 4.111580562365365 -0.006020670932200809 -0.0293896499047905 4.510327769660336
3.0697356778729032 5.361284616449535 -0.029157406593446743 -0.007060144527162902 3.3791591298582544
4.027711132270799 5.5305004526095765 -0.006482814734361979 0.029291178076682734 1.7886083121316647
5.050399214633695 3.9227857845205216 -0.007207326497591934 -0.029121374362435386 4.469771552291068
3.4999569449331833 4.507912419175358 -0.02945174543976623 0.005709175995816667 2.950118956121755
4.961181029434098 6.412894473950146 -0.028416211192125906 0.009618676701319072 2.815205984187385
1.5872524284626244 0.9577256498375047 0.026032426489145027 0.014910156641942441 0.5201441414519135
3.9078060474286818 2.822017816905986 0.027151363790411522 -0.012759445298316463 5.843875574343877
1.0653820949349693 2.711168264815241 -0.010823314417238472 0.027979561558852162 1.9398973520734413
0.31702363883233653 5.838826424989128 0.0032801672915397924 0.02982013585716055 1.4612383789222507
6.253475630167257 0.05731285951128472 0.027349621988090156 0.012328754077706934 0.42350516528794135
0.6366832511230152 3.349469872142439 0.002403646256652684 0.029903553044293575 1.490588813464952
6.210912726095154 5.496376419643639 -0.0190570417955841 -0.023169573971080278 4.0240765740643045
6.255404967375499 0.6093873427014704 0.027670158942705678 0.01159147549216255 0.3967062777741539
2.418378032241657 6.364438706578483 0.022808030456276683 0.019488297686189916 0.7070712455221055
2.55174456595667 0.14337077909756651 -0.013208584072393734 -0.026935725473848045 4.256471644626871
3.680693576906501 3.7426475953443816 0.011716491505432688 0.027617455110909902 1.16956766901423
0.9483431775534494 0.9772842500705626 -0.027845171159305435 -0.011164517146253338 3.5229175969680653
2.1503515951166174 6.760411566198111 0.008453690309703048 -0.028784285993361598 4.998047844646195
2.717371528038932 3.9561773819337778 0.02122630973602919 -0.021200089032599657 5.498405171728232
3.1760994619985077 0.8277125894753029 0.010607944911627708 0.0280619226845181 1.2093813379684026
1.733096298278379 5.057534006174559 -0.02982349342100668 0.0032494984485565087 3.033063108604479
2.101431355969827 5.289833222817785 0.006772688462638131 0.029225514383634865 1.3430770365491915
1.2082099820233274 1.0888980718347685 -0.026058108081625914 -0.014865227990390936 3.660011773757877
3.167947008741583 6.09624287803103 -0.029430034224754178 -0.005820058894014532 3.336832635560701
3.579641753965576 4.400227003583225 0.015498253321980546 -0.025686653031637245 5.255274104106226
4.07364441895401 5.252617916171442 -0.028964275152630427 0.007814778620198757 2.878060249626798
4.046513154328768 4.615842244909557 -0.022016509943185283 -0.02037825532084686 3.8883671829176167
1.9087940109987656 4.48922215377057 -5.83475267308906E-4 0.02999432540685719 1.5902467287552988
3.9070107115582378 0.7856887160255929 0.022653526895001695 0.01966768210078236 0.7149629014205914
3.1037254486093966 6.946427933726542 -0.026581472226927826 0.013907743679298396 2.6595483954585104
0.6080935971817569 1.0811043425729217 0.004922454774489469 0.029593401950318347 1.4059691771077358
2.736137064072575 5.129841330776469 0.021538125449440927 -0.020883226573595974 5.513223871387768
4.424057533748106 1.2678583522542572 -0.010392707502621355 0.02814234586463889 1.924552240523235
0.26604480071717873 1.4357032039585258 0.0107527038711241 -0.028006773456789213 5.078967586267296
2.168995114198997 3.522511764792805 -0.02192738329153524 0.020474126647701024 2.3904547796563396
2.774590546352239 4.176556071126496 -0.009766642150093104 -0.02836569585101033 4.38079061163784
1.0910240289135513 1.9554999847015928 0.028265437456994627 -0.0100531112281087 5.941470007413322
4.054203651872782 0.7146466433436552 -0.026013564289008497 -0.014943040954960327 3.6630004585112763
5.7584900548300455 4.967444239663365 0.026555132731754832 -0.013957969966971668 5.799250590568543
2.731025156995109 1.5836429791009665 -0.02516570846678577 -0.016330557778739426 3.717209006485946
0.7065530565260556 5.826781662698895 0.0074374787567332125 0.029063446281250647 1.3202678643021224
0.23986495006194464 2.421340644896503 -0.0289188310206927 -0.007981303928345387 3.4108788900518254
6.065898861574485 4.1250935216207525 -0.02661174217748905 0.013849735675414547 2.6617294248074055
6.875978519459413 2.806413043495832 -0.028661797580679906 -0.008860099290873178 3.441400513772579
4.671709829261269 2.79522677334799 0.029736951223877265 0.003964054983062736 0.13252272566797152
6.858989618967681 2.867472290901624 -0.026929938674385513 -0.013220378322644 3.597947902821743
1.2356860301989394 2.589034697744557 -0.02095787062348613 0.021465499270438997 2.344229282739365
2.796104628024902 4.774575670417138 -0.005042749807143861 0.0295731410976675 1.7396897903378854
4.4922340457339045 4.107085145615178 0.02910369398363867 -0.0072783924397296865 6.038126803141628
5.888496606283527 4.607653668352773 0.028568761492685293 0.009155646715227813 0.31013607650337915
6.873984888463193 2.363925734238692 -0.02828093402679212 -0.010009434078519699 3.4817631277640104
4.661590282548727 0.0640343203551509 -0.015708693167835613 0.025558500718132798 2.121894467652453
0.25800269609369897 1.1288613482256182 -0.019424368329967884 -0.02286250019096207 4.008117321973185
3.484919615482175 4.89641608582358 -0.013303117844975811 0.026889162419136192 2.0302263006307952
1.6528030431330811 5.01796229765809 -0.019683670187908488 0.02263963621469308 2.2864652105476715
4.62156711749583 4.940008768348746 -0.020312955351736186 0.02207677161358454 2.3146089572090403
4.443766733657872 0.7548803669164474 0.0230256032801916 0.019230746048534617 0.6958328205544357
1.526379826261467 4.65435819012937 -0.026008508440318483 -0.014951838974182478 3.6633387002873796
3.526331829012092 4.523865508210339 0.029536042261616446 -0.005255683354237306 6.107087121327429
1.5449975864483312 4.6763678542319305 -0.004642042476136355 -0.029638681509975198 4.557030017097048
3.594023099966576 1.3566192329221194 -0.007074099475019992 -0.02915402402100818 4.474343869054676
2.170783684803922 4.203832733856104 -2.980380604192574E-4 -0.029998519518711943 4.702454214945351
5.007234212882226 1.9783190832518074 -0.006808092325289363 -0.02921728732942769 4.483458117206727
2.851048157026055 4.549498005654102 -0.006048996641314835 0.02938383296361048 1.7738214316272223
5.0040381716943 6.691148126761252 0.024067342079826037 0.017909858883102203 0.6397504952861184
5.073035163682648 2.1916461796606512 -0.014223550533298317 -0.0264138336904492 4.218426567980658
5.969440438559806 0.18633535713711358 -0.02843126507337354 0.009574088276570773 2.816774687620985
1.149882552079362 1.4656799551935993 -0.029968985681758264 -0.0013637804832773398 3.18706767496585
0.8592601402870317 3.4678681693765485 -6.259442672223557E-4 -0.029993469185379863 4.69152265729877
6.663524144909081 1.6472719667192453 -0.02998667022624888 8.942084444909054E-4 3.1117812899900485
1.7046491008739588 1.567695067014353 0.008087721501620716 0.028889249919515424 1.2978283402614395
3.0363123983245157 2.046928837849164 -0.021391374669494284 -0.021033522998996586 3.918556072210462
5.051482811607863 0.545628094892636 0.012179384443578066 0.02741646575646702 1.1527459701269067
0.5652071180444027 4.745103482090643 0.029148575433906858 0.007096516763443991 0.23881410919730806
1.2381396647822174 0.7280715702716445 0.026973783505695004 -0.013130689372150117 5.83015780097166
2.8462827742824954 5.009400909356238 0.02969847589756114 0.0042427030725682565 0.14189915523181318
1.9097269720394625 4.173180657898499 0.0027588543216815046 0.02987287603883729 1.4787044005052004
3.2805437542659455 3.7416230285650594 0.02582206660286692 0.015271570854273787 0.5340834681608722
3.1638429115359856 1.1134342782753062 -0.028041645639571438 -0.0106614309463929 3.5049143310693993
1.6541359163191058 2.828340716697042 -0.011579749517292036 0.0276750682224412 1.967078865240632
5.461297394002193 3.8488740339382366 0.0299433190338883 0.0018432702554922542 0.06148106679862497
6.346151123955051 3.6531174754132265 -0.02421521239055328 -0.017709418084183193 3.7730403716244205
3.7876253816684153 0.6180164405873392 0.029703894993264836 0.004204595370436492 0.14061611900505655
5.757671998942343 3.000576792176169 -0.00948752794177269 -0.028460267278331775 4.390614007438767
1.1829193147079071 5.930956040583874 0.005686928666228326 -0.029456049333629764 4.9031073506972565
5.191452583207443 4.514276709615592 0.029554630429652094 0.005150128169927662 0.17252553835202633
2.191658535011537 0.2413309656781044 -0.014712965548679097 -0.026144380749281135 4.199803375565468
1.3765902923706033 6.017654764541061 0.0016690370657784167 0.029953535939402174 1.5151330178188518
0.7189636969412355 0.7412902699958098 -0.025024396153723115 -0.016546286506087332 3.725805418088539
3.7530020227746967 4.85263476169458 -0.026313414681355774 -0.014408476942654642 3.6425694904834276
4.785640880392024 4.741148206016633 0.028835241601415977 0.008278214891386266 0.27956805154022635
0.852143803677753 3.635997456987308 0.013515274225186474 0.026783154456075747 1.1034607775110512
2.322896721866958 0.8187529701512251 -0.008716926801946344 0.02870566472195879 1.8656127794470623
4.063017979143382 5.091412462472834 -0.013654417522718058 0.02671248550987515 2.0433339068924243
2.945489210801578 1.5362560720817777 -3.6032217927065756E-4 -0.029997836054074394 4.700377952282998
6.821578142228998 5.0825980060190545 0.027103605389413962 -0.012860582214461768 5.84014737025389
4.480554254499122 1.1296036662947897 -0.01761059861387674 0.02428717390848352 2.1981692212543535
2.471404482099904 4.431837328349666 0.025934937040322018 -0.015079092834601583 5.756539562179006
2.9945826606750963 0.07566168460268549 -0.015679997869868335 0.025576115162411282 2.120772124423274
1.4890652957531665 0.031135343213574924 -0.026649409431339303 0.013777117875696776 2.6644562811568067
1.754119625046573 5.131766672796646 0.01677984525932397 0.024868389434644592 0.9772212048147999
3.043632072359653 4.845179465515451 -0.025813199801982177 0.015286553437022591 2.6069288618101427
5.429608826007377 4.233731285826001 -0.029981778176099223 0.0010454555940738186 3.106737076477219
1.2549795177115255 2.9056867974286362 -0.02998163818889089 0.0010494624864373823 3.1066034319118994
5.832913232250852 5.562007829382394 -0.008692873491966908 -0.0287129578840749 4.418410350288369
4.3733542760013515 5.803831698508181 0.002737539540121729 -0.02987483685756744 4.8037674139021185
3.6156901052135195 0.7826363510518528 -0.00663419843303242 -0.02925726253686681 4.489405777514825
4.452892161187882 4.413123412509633 0.005828422860185876 0.029428378938753365 1.3752721385171751
0.5687148552925021 6.85368685139762 0.02582005322409614 0.015274974680988589 0.5342152918242413
4.235891066348874 6.525074282979155 0.02922803621006908 -0.006761797046857487 6.055838668912896
6.503140856797338 4.049285577559074 0.025094147375638906 0.016440309227314275 0.5799837062157094
2.0776206067149414 5.237099491857618 0.025092180849635357 0.016443310500297455 0.5801033114183904
1.2183068316111259 4.820770105901909 0.0139896447990515 -0.02653845960858262 5.197516866526208
1.9656522627756152 6.731920399973457 0.027296240729546235 -0.01244649517071618 5.855370907671365
0.027063107595830083 2.219991611971894 0.028581803685586545 -0.00911485041449344 5.9744769083790485
2.0184964567535264 4.509955734056961 0.004502193283840488 -0.02966024705957355 4.863031199663874
2.137359113743251 4.490946076665512 0.007989544907514447 0.028916555330308794 1.3012251098171892
5.066049188674729 2.79478370101872 0.006386627681587721 -0.02931230094784061 4.926918328990611
1.5549739648889824 0.7058382842269608 -0.012710209930738499 -0.02717444688520001 4.274891842832343
4.711457926066301 4.151731608364021 -0.028776141734210142 -0.008481371757719926 3.42821333995637
5.2015133334492685 1.4202151874150615 0.025905776033694407 0.015129136396108816 0.5285764108033881
2.2869048999371198 5.098024759838415 0.010603183898003792 -0.028063721977405514 5.07363431365921
2.6514546945317563 1.4273711152910984 -0.006644328784243076 -0.029254963596061417 4.48905951309185
4.794567866039819 0.1937149028855841 -0.008372570177411567 -0.028807986195225767 4.429547163465232
2.6065573594559956 0.039176646042578096 0.01887705180784093 -0.023316451596331923 5.392957593334904
3.899147217036636 3.7589808763197126 -0.027393870569324064 0.012230120818337029 2.721690954139816
6.761532283825328 1.6833866452376482 -0.016214160071355056 -0.025240859992886045 4.141390974027599
5.695660959718346 6.7913959983049335 0.022391771210369026 0.019965184248147798 0.7281717305039357
6.4886997152174395 1.1302256445524648 0.007414646348734368 0.029069279652636733 1.32105339109303
0.18812600965011267 6.11559931035592 -0.028388470622770105 0.009700244105182032 2.8123341311923142
5.736984056782956 3.077151134670746 -0.006930075577173515 -0.02918859456182608 4.479281035359133
1.2586870760438031 4.669447984117533 -0.027947320198287065 0.0109062960593602 2.769524125792983
5.69291025335753 3.9385792453177793 -0.009003327207737225 0.02861712947153188 1.8756052449833809
3.0740029205421084 5.306561718079032 7.4091849896245E-4 0.02999084926736646 1.5460965320982167
6.672100759747753 2.5569450520407098 -4.92815077036194E-4 0.029995951948552084 1.5872242349362762
6.945606237323399 6.432995775223462 0.02619338819374151 0.014625539816771303 0.5092447803110565
6.1000790393232815 5.162686640056524 0.013580417210455064 0.026750182586105387 1.1010270434412535
3.799204938236047 3.595018956431556 -0.027424510209716348 -0.012161259793177828 3.558982020936531
6.047895589281383 5.582981210038308 0.01918809330143505 0.023061159456007917 0.876814481765297
3.9650576000021314 1.411807059983604 0.02014201375390082 0.02223284241696662 0.8346994372430425
6.763440841649064 5.8450100013801505 -8.912859380480636E-5 -0.029999867601270616 4.709418022887295
2.490505238750739 4.747488535762569 0.024663197921310547 0.017080007854045703 0.6056950210766668
3.725129097907719 0.954577066579386 0.022133286429941317 0.020251361233511577 0.7410262021171423
3.4871415044286627 1.7231244221972717 -0.029640576524246103 -0.004629926922783001 3.2965428549061677
2.4569370631155323 4.245211189756877 0.015882872053204353 -0.025450626226903337 5.270316417050076
3.153793374842845 1.4234277129368869 -0.001225125497294224 -0.0299749740202703 4.671540104474834
6.717660518469806 6.358847389307682 -0.012370742746034702 -0.027330655387520983 4.28734802698118
6.466018527960569 5.678682821069573 0.02932235893879969 -0.006340289130961917 6.070236543881681
3.359625335828596 0.8518379962770729 0.02926421600766596 -0.006603458295216778 6.061252663378046
6.622826310165329 0.19312564999782736 0.003672912981992719 -0.02977431292619041 4.8351273506856085
6.474107105722195 6.392193398696645 0.0029998905345872827 -0.029849634114683776 4.812552734317617
1.3820413085455787 3.998841522225637 0.015698867553270907 0.025564537107971616 1.0200825768053923
0.2663619536443848 2.6683176511670523 0.023480804580821028 -0.018672220442070998 5.611370628731452
0.4356080992987535 1.060298320994802 -0.016251310662573244 -0.02521695663137273 4.139918433716083
1.5504450746935312 4.749583079462712 -0.02363042815075463 -0.018482501600487505 3.8053532946021367
1.9897411528848048 6.930547653934091 -0.0194024268895077 0.022881123897162667 2.27410866293079