300

0.06368650595788 3.7565153697133002 0.007572155785279343 -0.02902864889662384 4.967554107706039
4.704266276521805 0.20346671911205239 0.007376201152137523 -0.02907905872897548 4.960809601741382
3.392908951795806 3.3677848266022443 0.005441381703854164 -0.02950239592224606 4.89477790640328
4.729694617180981 3.016419520247416 0.007171123904808626 -0.02913031036466797 4.9537634371104655
1.6345333724825615 5.921008380649535 0.007051781746012821 -0.02915943027918413 4.94966865162252
0.2694102727239711 2.720907666622778 0.007676550027236214 -0.029001216865492722 4.971152052590753
1.319883065989565 3.736888871724177 0.006282889489076482 -0.029334711514996226 4.923380618203272
1.0599183608730753 3.918962370049948 0.006858549740959097 -0.02920548399617424 4.943047163303888
4.612677787171678 6.730208027646541 0.007783335934945734 -0.028972740321270653 4.974835975238882
1.82872968241066 4.9631741314736795 0.008054460155861698 -0.028898540994272293 4.984205812269041
1.5530487706284206 3.373238590234892 0.006209467255182596 -0.029350340993024512 4.9208783729995424
2.549960926415055 6.856239510522911 0.00738348058368978 -0.029077211256760438 4.961059942126556
4.375507638891677 1.0887129426372715 0.0062357462019526 -0.029344769027968745 4.921773811989425
0.48050351039203304 5.181874535395923 0.007829416644609082 -0.028960321735179637 4.976426800867961
5.124040914773059 5.759231489366332 0.008863626678179479 -0.02866070693667316 5.012319912206845
5.048058650254126 5.435406972214963 0.008366824620219898 -0.028809655426167147 4.995031359874536
1.665164970732139 2.9375032772893204 0.008160189475764724 -0.028868863983877485 4.987866326425223
3.206623569220885 2.72745017006584 0.005817837883142246 -0.029430473362918833 4.907553495426676
2.5160255301192254 4.380732267278742 0.0037978386205759565 -0.029758636087899956 4.8393242015820155
0.45710017761205884 3.5536313664891406 0.007442514233633624 -0.029062157213155405 4.963090704799408
1.9041115505898614 0.7828557936132743 0.00677006071880193 -0.02922612320961737 4.940018358903619
2.2292243618123293 0.8033689266357129 0.00573602204509633 -0.0294465286765379 4.904774285122153
4.208440943305844 5.109244678629682 0.00787810424642108 -0.02894711511502523 4.978108366932274
3.798643287000291 0.9390432255228358 0.0076429619230441405 -0.02901008674655933 4.969994067910271
1.8687313122443918 0.5304896271759227 0.008513967665763955 -0.02876651446710786 5.000142596883776
6.474123717596438 3.2155695198295255 0.008197352304686026 -0.028858333548437243 4.989153859005222
5.188269470314643 5.5831375111984745 0.009287705153872151 -0.02852610266010302 5.027150979205562
6.744314851324984 3.015744685242529 0.007998967916154873 -0.02891395013270108 4.982286081028175
1.0360156209478522 4.64140623698296 0.007497612660035482 -0.02904799140044068 4.9649870485949315
1.2276964780265696 4.477358780934774 0.005936437710690887 -0.02940677995475001 4.911584943539282
4.35137626894993 2.8176897544829194 0.0073741057575521145 -0.029079590166926985 4.9607375438574985
6.222713454516253 5.873602634571083 0.00925647997496632 -0.028536250252495465 5.026056556203518
1.3131020056996825 3.4350304301522163 0.008316877563660719 -0.028824113994901507 4.9932981036757225
1.9580407844053325 4.800634009568846 0.006768311311739473 -0.02922652839437793 4.939958501668269
4.317641132375689 5.064079197007199 0.009287837820940082 -0.02852605946519629 5.027155629934404
1.7863752050958168 3.3636684685123446 0.006972921474494002 -0.02917838868255991 4.946965080426755
3.297374914102239 3.5230890308819967 0.006071218654241426 -0.02937924954882937 4.916170410818641
4.966769545591176 2.665819819413589 0.007396426308085805 -0.029073920923553744 4.961505186224024
1.0745953205518868 0.2753980459530883 0.008900846450766471 -0.028649169838930375 5.013618807596198
1.6003520202005004 6.127426018040073 0.006329357889356211 -0.02932472043700407 4.924964963261286
6.380788296104791 1.6140107709820974 0.008148721697976048 -0.028872103052755515 4.987469111822612
4.332224271763948 5.969043847740131 0.008030299696511594 -0.028905263997829285 4.983369865294739
1.8171647376624829 2.8475134718495503 0.007033241543639363 -0.029163907718082388 4.949032878623732
0.04678460357306638 6.586039485429862 0.008752752108513031 -0.028694761377765814 5.008453692130008
2.857492154843001 3.1830112011628735 0.007584583228981256 -0.029025404342448984 4.967982241240864
3.3858075372404524 0.7369380341750972 0.0066737153834338725 -0.029248273846176256 4.936723062054581
2.348099685870484 2.9886968902747624 0.007393433659632778 -0.029074682091479676 4.961402255171677
3.9724468023919446 1.806340123531594 0.007284067073299491 -0.029102274256004017 4.9576424690169585
4.37968101248451 4.685947976473472 0.007505984450868069 -0.029045829260383092 4.965275264817565
1.5848296279194907 0.391247575387096 0.006317745220260736 -0.029327224473718487 4.924568977451731
4.211814864050422 5.7692695639924425 0.008733535319022986 -0.028700616035747004 5.007784063681239
0.31954697786047487 0.7670820950288836 0.007727765809283885 -0.028987611760834368 4.972918453807818
4.023668328956638 2.3348228865474123 0.005488209965214902 -0.029493720541459597 4.896365409253741
3.234472448041321 5.486962461864192 0.007222593823993617 -0.029117591563410757 4.955530707830446
1.7939339706777875 6.379195470939062 0.008672857635986114 -0.028719010087848038 5.00567058212286
4.755067972544103 3.2477873332568583 0.006220030441452598 -0.029348104219990137 4.921238286660548
6.818715533627913 3.185736711337413 0.008719890716772313 -0.028704764515451925 5.0073086865698
1.4461672311873268 6.6698371889009165 0.008407293201299244 -0.02879787181420508 4.996436335104719
0.0251660314088311 5.48771295395969 0.008498055148628525 -0.02877121927709822 4.999589481017222
3.155444758127219 6.346662878865331 0.009631731113871412 -0.028411789027621637 5.039235085708553
1.004304130139327 2.0854839391119753 0.006125409297650979 -0.029367998926318608 4.91801528455983
3.5779288512027425 1.701128921253647 0.007996162071685518 -0.028914726215604012 4.982189041128791
2.5771392250318423 2.9352011685904604 0.005617309700568981 -0.02946940501143336 4.900744401305017
1.7099746173861963 3.4606810160825914 0.007264521210006173 -0.029107159455868763 4.956970898746906
1.7625087436533238 6.4800973365643335 0.006776800168879935 -0.029224561236587773 4.94024896185077
1.326676266690241 0.20121890513972682 0.006328139994638834 -0.029324983277203287 4.9249234321148325
3.5760614203845673 4.540554882438657 0.008386796789672591 -0.028803847652852516 4.995724675419861
5.012944227065144 0.3665584565300136 0.006832466645678441 -0.029211597004198377 4.942154167861435
6.668268901353594 5.320751634849798 0.007540715273171856 -0.02903683200986211 4.966471174832875
1.8229169589557592 5.072165331924353 0.006104076521267376 -0.02937244031098731 4.917288944214993
4.173507571870518 2.1796017770315292 0.005564870642468692 -0.029479352345880838 4.898965261366574
5.170104296691925 2.897013308265528 0.008820331853120181 -0.028674060507727774 5.010809665675463
5.641693545933022 6.301088430288815 0.008212238758468283 -0.028854100827679783 4.98966974275239
0.7286479926997427 4.454228615483554 0.007304783814904079 -0.029097081183814905 4.95835439239044
5.702624632039271 4.115778843278893 0.0073579330921636765 -0.02908368650311103 4.960181431275899
1.2262503914982823 4.1894635506424285 0.006657302284561327 -0.029252014055308646 4.936161933245454
2.3234630183048415 3.1547564417692313 0.008098679327947916 -0.028886179967989346 4.985736291700919
5.164505899036121 5.542179542198322 0.008767492318581049 -0.028690261038262135 5.0089674223377605
3.8894693209783804 5.054670699191354 0.00822543314929187 -0.028850342277112247 4.990127052099252
1.93409228083356 1.0188654788201614 0.005642261451206984 -0.029464637885374116 4.901591169927045
0.8436316097652095 5.589918598211976 0.00896388338316509 -0.02862950915913538 5.015819867678304
1.216680715701283 6.17289006980486 0.007131586977168765 -0.029140014879664645 4.952406419746762
4.520937564554036 0.5683684092477608 0.008328513974570696 -0.028820753893251658 4.993701831229561
1.371359825951399 3.5309118547869796 0.0065305759120161296 -0.0292805665631216 4.931831826040268
5.432369069974112 2.346169595849499 0.006791154142397841 -0.02922122901957056 4.940740151144863
3.50121120815788 6.7811465466451395 0.008821345945082323 -0.028673748546661625 5.010845032047039
2.4289557185500166 2.4820422252603667 0.006085911703124072 -0.029376209400495793 4.9166705532339705
5.333849094537263 6.2106442464434055 0.00780530851850988 -0.02896682859635961 4.9755944407546355
4.69036412408538 2.173778691473078 0.007329773710515207 -0.02909079609348359 4.959213330548835
1.4346986531921253 4.255876032344278 0.0053803700283256315 -0.02951358362446511 4.892710274746186
1.8715375844447673 4.101973933086756 0.006755072334169522 -0.02922959113227788 4.939505547300077
5.181047805533497 5.146319764435282 0.008286692917015963 -0.028832806323684092 4.992251060451064
3.2224039810636533 1.2997896334979826 0.00889287742263228 -0.028651644475422997 5.0133406604816
0.8710730817925465 0.6985495618373595 0.008435080122944865 -0.02878974510688659 4.997401366164339
1.7803170760216658 0.4283702973328822 0.007677915294521564 -0.029000855448247587 4.9711991290909765
4.709142659409559 3.7052034439334967 0.00821402221677545 -0.028853593173508205 4.98973155282252
0.25363059377771985 2.7525482826970085 0.005945671017307078 -0.029404914489825584 4.911898939135821
4.251662061197144 5.638463264619514 0.008893660411119796 -0.028651401440273047 5.013367988470016
0.6136483674255443 6.33106615478575 0.006714961682974217 -0.029238831878106688 4.938133502601837
4.014312997335551 2.848650326585952 0.007840112638550552 -0.028957427955791235 4.976796152021173
6.211786461064554 2.7545322336963984 0.009259661530314378 -0.028535218035683835 5.02616804993025
5.876805450897483 3.814539400399622 0.0072214477284710575 -0.029117875827487143 4.955491347091234
6.131715341299383 0.0663521032676433 0.009179975939523476 -0.028560953095962502 5.023376775577724
5.726013269512576 6.694687871356478 0.006621721924695972 -0.029260088837049017 4.934945762445873
0.16919987681140006 4.226551723542063 0.0074731269879653095 -0.02905430042217063 4.964144201614113
0.7763822530240974 6.552198885881356 0.007081764105285437 -0.02915216316428492 4.950697001384888
1.9197376503942665 6.450273894898228 0.007254998427164719 -0.029109534483083673 4.956643749191953
1.3420619056685927 5.60550234102836 0.006637345648243411 -0.02925654871555673 4.9354797549591005
4.412380720095757 4.499944433815611 0.007259445821525343 -0.029108425693677394 4.956796533464657
1.1808895643903126 2.563819072004122 0.007760427727209935 -0.028978884752363248 4.974045377683992
0.5276594282002925 3.126375839290704 0.00750322087384636 -0.029046543280023464 4.965180120587823
5.308238378100948 1.799245731864902 0.007947575280894442 -0.02892811862452371 4.980509082976722
6.545558087352403 5.342285388612293 0.008526044951882542 -0.028762937219249326 5.000562461338838
3.644979605117265 3.2388712121068397 0.006297322644658407 -0.02933161651714873 4.92387266042834
6.717919974127643 3.538300325204684 0.00874725927033637 -0.028696436281488234 5.008262274686779
0.6078137262583021 5.499344819888821 0.007876518134711004 -0.02894754673670238 4.97805357391133
4.699715474134566 0.3076705915971556 0.006400001943193829 -0.029309383738439727 4.92737461957474
5.7477564713799545 5.380681614227288 0.006558194095500015 -0.029274393080058015 4.932775151135329
6.301719193508142 3.3746283204648373 0.007362404691822985 -0.029082554859465544 4.960335183677489
5.520072971263301 4.970071984115156 0.009021164013756628 -0.028611511666406273 5.0178212509746
3.692694530009326 2.96936748846573 0.005543464339518703 -0.02948338520449245 4.8982391654321304
5.754998505980259 5.127108135493953 0.008677795777192474 -0.02871751835464444 5.005842533364627
1.2881979308987768 2.5048475206158938 0.0065313370322279745 -0.029280396796687157 4.931857820155396
5.298333809904042 5.5651289901597325 0.008988032468602756 -0.02862193690761236 5.016663482492061
0.9909930834710527 2.7982433943466942 0.0067940029407517755 -0.029220566798764464 4.94083764295913
5.584292313973839 6.806731383426952 0.006450780475644977 -0.02929824962783677 4.929107449133912
1.3965422797190519 3.027930052264141 0.007378022356161869 -0.029078596701216094 4.960872231639726
0.39015907758639085 4.7916783798647105 0.006789242710250943 -0.029221673179701813 4.940674739193222
1.4556115284535218 5.437004977173983 0.007258729464596876 -0.029108604338920013 4.95677192358923
2.1890352200465384 3.6262500760355585 0.0055226303771946815 -0.029487294784650668 4.897532578312529
0.5602912398171467 5.3426110197467525 0.00677719516733404 -0.029224469638709682 4.940262477847466
1.0175427001799981 1.5166376737510177 0.0057929266889617075 -0.029435386873223106 4.906707123944342
1.2231326599631456 1.901574042252739 0.006910780199949393 -0.02919316901310968 4.944835918433409
0.833759404221871 5.687104471073015 0.007685194969383684 -0.02899892719192487 4.9714501533015
0.7415047673969728 4.321645396960109 0.006722156391862795 -0.02923717861633263 4.938379576463287
1.6074390548867996 6.895424579861235 0.006976462394377384 -0.029177542262154948 4.947086436382241
3.293546020127288 1.4685427780907847 0.007202868721638563 -0.029122477267204464 4.95485333563646
4.836624717000017 5.7463013385333115 0.009576751547660991 -0.02843036809108128 5.037300621858053
1.3334564968153242 5.28040355126555 0.006276393397610811 -0.029336102091423587 4.923159176193529
0.3562763914894896 1.803121961580936 0.0058969828250567 -0.029414717295275613 4.910243431284012
1.8351758177252424 5.278714356628741 0.006523984189015836 -0.029282035965784062 4.931606708894246
4.0357025761403635 2.9738405822167797 0.00528210922763821 -0.029531327808063407 4.889381936788055
5.221029413319716 3.672730677025547 0.008434902406175613 -0.028789797175358716 4.9973951932507585
1.35204755864304 1.5614392742679937 0.007225600723729613 -0.02911684553967407 4.95563397661376
6.985953250837864 3.7511615583775777 0.0062980449883676065 -0.029331461424969906 4.923897287288522
0.05400696877080771 4.135932417926274 0.008388783681759677 -0.02880326905649153 4.995793656205563
4.484477742083635 4.451267609165505 0.006815404005464089 -0.029215582627123902 4.941570102711039
4.647404249244855 2.1244322889152243 0.005246825048090691 -0.02953761715024975 4.888187259098254
1.8266585477090838 6.392583207316248 0.008438907082947282 -0.02878862357330378 4.997534296640992
1.6616113747794863 6.874911191496197 0.006621634387071198 -0.02926010864716596 4.93494277073947
1.4015274308032923 3.5055955381410087 0.007523445458262018 -0.02904131141041252 4.965876465243904
4.801550387755016 3.2784982628884825 0.007633454359741836 -0.029012589931575194 4.9696663490333925
0.4525382112233104 6.668807581982217 0.008039071015533143 -0.028902825765091116 4.98367332866778
6.347892540340057 0.689796003655148 0.009354561377452521 -0.028504248480454162 5.029495562102816
2.484193183079266 6.441105277360379 0.007074478202498111 -0.02915393212179755 4.950447082308206
0.14659860447008408 2.478268198928944 0.008421474211235581 -0.028793727999505275 4.996928803092954
4.341299431603973 2.2054821294653264 0.005320637950518343 -0.02952441043949064 4.890686762315835
5.240947514441489 0.8969333506574646 0.007692223486859404 -0.028997063606996634 4.971692532726163
6.890229052651509 3.4858006817260945 0.007898334596076955 -0.028941601728453347 4.978807306205258
4.477805911643574 1.4792279935895711 0.008521367969832444 -0.028764323178595973 5.000399860790596
0.7256233296376783 3.474737946388911 0.007348956119944485 -0.02908595612915502 4.959872783268391
1.2451986156743016 0.2169215446033506 0.00634370828467065 -0.02932161941637946 4.9254543508365005
6.700043630765623 2.9513552998644297 0.008053715015146215 -0.028898748665899157 4.984180027644197
0.7718011793984382 3.1550482402150566 0.006846136476605378 -0.02920839631584886 4.942622152532456
5.574878562388806 2.4912653051796907 0.00617467145500936 -0.029357680978283902 4.919692988279348
6.497306504824807 1.428844297163281 0.007918829936895463 -0.028936000629501794 4.9795155366476695
4.793419029243654 4.44319496608707 0.006630905940052841 -0.029258008927713654 4.935259648769327
4.018561097156691 5.626468393078916 0.00848856482181964 -0.02877402070037773 4.999259642207737
1.3275829316382068 3.5443948212054908 0.005894603779778283 -0.029415194139754092 4.910162552519483
1.7622820029790387 3.3094242300474415 0.006356417899305866 -0.029318866817961843 4.925887826588574
6.696809426600465 2.7080231599617184 0.008707262736493443 -0.028708597590925138 5.006868789667339
4.312388351950062 3.303400386013305 0.008582853012953763 -0.02874603684263329 5.002538084918311
4.09286517924882 6.24067870699913 0.006600915412183054 -0.02926478969207201 4.934234731097863
0.117328102522071 2.1788857227726157 0.007305528296860606 -0.0290968942724781 4.958379978611372
5.40925788745853 1.9817069130933171 0.007285210389969589 -0.029101988069097254 4.957681755372434
4.567721545357867 5.204787617166088 0.009388808817549945 -0.02849298631220491 5.030697284821488
3.556453733361597 1.1540260547960481 0.008264971285406026 -0.028839040373275494 4.991497776766671
6.645426800580019 2.7020262094597154 0.006073537303337943 -0.029378770304847042 4.91624933278031
4.318921507210421 0.48223894937994827 0.006401395831907277 -0.029309079333940877 4.927422177584287
5.541651304708363 4.9930960867916365 0.009265984502846103 -0.02853316546044297 5.026389642767422
0.05641028467156848 4.275405709745378 0.008251025692093704 -0.028843033388123544 4.991014243768246
4.128739413188022 0.9722246766805528 0.007269832286529072 -0.029105833410602407 4.957153369231472
1.1493221444726365 2.8190844847985157 0.007905071085038793 -0.02893976245825946 4.9790400750429
5.939212094986978 1.1671439692806196 0.0075992256718946756 -0.029021574202438033 4.968486744419837
4.01533270828169 4.4608080750617205 0.008387200686303846 -0.028803730047472397 4.995738697763705
4.273985055204921 2.5717181831962432 0.007964924910875965 -0.028923346472427898 4.981108882115164
0.9850333074212534 4.29555936221871 0.008444502170709772 -0.028786982875752674 4.997728652830704
6.767116036832099 3.423478145180441 0.007786075906367908 -0.028972004107073384 4.974930547108935
1.7270218695810133 2.6564988361007598 0.006165439838465785 -0.029359621107879763 4.91937854547835
0.5055209450289335 1.7457983512896331 0.006083507205312798 -0.02937670744114982 4.916588702053154
3.1284578761645547 3.0579842094970973 0.006191309647752024 -0.029354176616721045 4.92025976279403
1.5353218624725173 0.7241011293157257 0.007278366474443068 -0.02910370047715072 4.957446592258108
0.6014772646586338 3.4994065240798338 0.006394953716379852 -0.029310485614628762 4.927202383544288
5.239931619088895 4.0856397727718194 0.008311710203379842 -0.028825604477530586 4.9931188361821786
4.113668154282812 6.117011111736817 0.007719248686187515 -0.028989880988386143 4.9726246458961185
0.9474057859354272 2.297745248076842 0.005754083215015086 -0.02944300471002716 4.905387676613436
4.189760249059138 3.692212971014225 0.005628202424537237 -0.02946732660877863 4.901114042564204
2.147227562930863 2.460104921804938 0.007915967827728214 -0.028936783742329966 4.979416626280871
1.567849153020341 1.4866546024693057 0.006435956751502959 -0.029301509529250938 4.928601517913749
0.6647929957569464 0.5076092293879888 0.008587335588511135 -0.028744698076172064 5.002694025716584
2.2812735512657607 2.800452391790215 0.00826375346744515 -0.02883938935950774 4.9914555489194035
5.635396436992101 4.487944045494552 0.007957222163114345 -0.028925466555387518 4.980842575952153
4.808005144921397 3.8453838696434355 0.007349897210461078 -0.029085718333843096 4.959905138895944
1.9432003162497697 5.143251127773454 0.006866807126875184 -0.029203543618579856 4.943329906783733
0.5408904907880033 4.058207149970407 0.006095353077334073 -0.029374251834942692 4.916991959191649
0.5526932087575118 0.6219571753525489 0.007593700566461915 -0.029023020375331648 4.968296369917051
2.1786504784680876 2.2969796599094057 0.006592810533200781 -0.029266616635226502 4.933957789898633
3.022743429168633 1.4976461659328615 0.008182679884673003 -0.0288624972915541 4.988645466472284
1.9780351333032835 1.3462855747847775 0.007888699923622533 -0.02894422936467713 4.978474420862386
4.5597790719697056 0.73801569648393 0.006724703727091919 -0.029236592821032276 4.938466703910855
3.875527387532754 5.609649798559928 0.008241289485259387 -0.02884581681319066 4.990676701705684
4.009976156916641 3.042333292905154 0.006131206172860133 -0.029366789250203737 4.918212676101378
0.8523216347601003 2.333224693385573 0.0060655125876552685 -0.029380428129096338 4.915976193736665
5.72194096403048 0.5795565266863623 0.00764298233237147 -0.02901008136953527 4.969994771435545
2.9542880416398494 2.091191646859896 0.006780055830722191 -0.02922380609934801 4.940360364854388
0.6514563929655689 3.52733461593553 0.007686156831478961 -0.028998672265500524 4.971483322332777
0.04764676785305434 1.3439372583823554 0.0069642611587896345 -0.029180456927748302 4.946668285123481
4.41412313392911 3.1528261534206563 0.007176323619703209 -0.029129029838037685 4.953941939471209
0.9079103080366128 5.441035065618524 0.008728041119588976 -0.028702287334196275 5.007592637844054
3.635061361885276 3.8471291706821584 0.005548240426928706 -0.029482486804287625 4.898401160404369
4.787155442861544 0.558718244279292 0.007920726632170472 -0.02893548149968176 4.9795810851770845
1.3458196124269857 5.0645530819733136 0.00586920725765946 -0.02942027202740718 4.90929924600741
1.3883797902149064 4.209020520074775 0.0066523433385060945 -0.029253142192021585 4.935992411570393
4.1824967810155576 2.195516018747426 0.007645298470481965 -0.029009471062003977 4.970074611351993
5.293260130995099 0.2821422127577479 0.008309872751243718 -0.02882613423367998 4.9930550930175635
3.2099669445514203 0.0734045686337523 0.00825676489764341 -0.028841390975905504 4.99121323008367
5.414108581702385 3.32000408514088 0.006685373574505555 -0.029245611297582803 4.937121674350163
5.248768929333871 0.31526336596972326 0.007634152940247005 -0.029012406120225844 4.969690427639257
1.2043964435284398 2.97733302638599 0.007343076457323674 -0.02908744107242675 4.95967064060925
5.331901844081799 4.021108811142582 0.008007264386725785 -0.028911653654557237 4.98257302902251
4.129587323933422 0.7565377961338382 0.0066405941325731336 -0.0292558115520051 4.935590790791924
1.8469809351964572 3.065615772919032 0.00805607112666503 -0.028898091943969483 4.984261558450817
4.9594998224355935 1.3340997056912303 0.0062984813561142 -0.02933136772478709 4.923912164434848
5.56752959068807 0.7068643818841558 0.0069072212321991166 -0.029194011283985244 4.944714009215399
1.1976288697751332 2.066585335268118 0.005605802514353941 -0.029471596125253602 4.900353936743951
5.104272876938219 5.1084443427221915 0.008718086994748285 -0.028705312385549835 5.0072458501438355
3.4473122908000087 2.5471418192633033 0.008143162393381207 -0.028873671505976202 4.9872765677059165
2.269984294369141 3.143989970049737 0.007884872913787318 -0.028945272137836656 4.978342203112006
2.990834466270899 2.3069085043393334 0.006576396166121507 -0.02927030941869632 4.933396968968817
5.1417050081658005 3.192489718196881 0.008816469485540854 -0.028675248312970664 5.0106749694549535
2.2748584164622385 0.82021418114522 0.007001975587209823 -0.02917143016507963 4.947960939913157
2.624941529755547 4.84680244444264 0.007179632688876563 -0.029128214405500643 4.954055541451968
6.657105452940077 2.977362818773946 0.007304088631569944 -0.029097255699845143 4.958330500604011
4.202687173653016 0.36378939359808715 0.007764338806738517 -0.028977837098275196 4.974180343203012
3.5182664485891544 5.452376786845617 0.006968061741649783 -0.02917954961209231 4.946798531265664
3.705284180627214 2.4381972744193763 0.006353255180135885 -0.029319552326324435 4.925779954677528
0.43573787888884447 2.7894305626957934 0.0076167365147322445 -0.02901698338671931 4.9690901654224815
2.3561717552683765 4.053289900749908 0.0028116193669898196 -0.029867956015354778 4.806247371243871
6.2933196531567965 5.576578430269701 0.009011905641604586 -0.028614429169683177 5.017497678415163
0.8691818905104106 0.48502745782571766 0.008493784860038676 -0.02877248023287839 4.999441062037616
3.4406965754847754 6.308839146631627 0.0071819337544963835 -0.029127647133711732 4.954134540047399
3.546420001007596 1.4685533555088321 0.007351000598434567 -0.029085439487857398 4.959943074808333
3.14580881126072 1.8901885958886233 0.007004326458302263 -0.029170865788754483 4.948041528825635
1.2141318335633429 1.6405460589304575 0.006294152238211634 -0.029332297005216203 4.923764573318111
0.9291858962383092 2.6444810941909185 0.0053154696817046595 -0.02952534135387563 4.8905117143725825
1.1664667516199503 6.387813478071562 0.006465273796104705 -0.029295054783041487 4.929602158224306
1.504346513114022 1.6119339876940404 0.007197239766718242 -0.029123868900617744 4.954660054674712
0.20624125293551546 1.2184465529852844 0.007046842447023619 -0.029160624333625408 4.949499265670804
0.49832130100516453 4.912686805829206 0.007133143845270695 -0.029139633815178197 4.952459847251437
2.3480576862204066 2.1448501356941123 0.008149209043346517 -0.028871965502331832 4.987485991318036
0.014120171713393331 1.594884887990192 0.007563442224666344 -0.029030920442075794 4.967253948381854
1.0906896284591596 3.5634823158454747 0.008142433785349346 -0.02887387698337723 4.987251333456121
6.969413355596464 3.409777879008622 0.0071646532803011425 -0.0291319025017775 4.953541316316814
0.6507398477721342 2.225011816387098 0.0075854623941238805 -0.029025174594950024 4.968012530866175
2.0643043215766026 6.784813947572733 0.009443077399651544 -0.028475046781773514 5.032602513516897
4.0858447612783815 3.6374192563676266 0.007685360497882052 -0.028998883323631517 4.971455861396233
0.5913123378215339 4.07867220975531 0.008028842966181457 -0.02890566865900871 4.983319468933259
6.16087728727553 4.865099004625742 0.007422415800734891 -0.029067296807254044 4.9623991988344365
1.7014948517836803 2.695025333765711 0.006865559116817935 -0.02920383704264695 4.943287172114144
2.3424850086242692 0.7698427236134125 0.006719148363411963 -0.02923787005358732 4.938276694002592
1.0719731694909207 2.5867688411561613 0.005430423553565491 -0.029504414924361424 4.894406486561893
1.9700542300176467 6.068704581068978 0.007816931819991602 -0.028963694117318715 4.975995724940631
1.0639186454757712 3.077503464793829 0.00806096956515435 -0.02889672593339348 4.984431069789636
0.2524164077681735 6.726133900558086 0.009893682063248886 -0.02832163581489154 5.04846946874249
0.7556090807802294 1.895508710644121 0.0062622080066150245 -0.02933913343781453 4.92267565395143
1.2225419804351005 6.942741011380943 0.008255120991543713 -0.028841861545589847 4.99115623239275
5.743659706722552 3.012216501040653 0.008388864489040958 -0.028803245521720422 4.995796461696639
3.6451499722174385 2.6830665777541305 0.005288334109134849 -0.02953021372002175 4.889592729846026
1.9377701127312237 4.734644168538552 0.00451002761446206 -0.02965905681097748 4.863295340679187
3.2040296617736606 3.042134343608042 0.006849490284693478 -0.02920761001588267 4.942736977502358
6.770153720964289 3.6380740130990734 0.006503264729524261 -0.029286644530531758 4.930899181989024
6.337272032010915 4.468708238292853 0.005227669519161073 -0.029541013377987462 4.887538783394364
2.109184119036996 6.326710583667463 0.008302168089814125 -0.02882835418487278 4.992787822884914
4.050239597589901 3.38414628932877 0.006104544838218582 -0.029372342983122385 4.917304888335473
3.5871769068065875 4.74126275238677 0.008295522581169317 -0.028830267170203434 4.992557310657629
3.756397030987793 2.404965023706487 0.006748873137861503 -0.0292310230982265 4.9392934661796035
1.0140257893413418 4.661220521823379 0.005878167369648874 -0.029418483107978143 4.909603810979919
1.4212087010851229 3.9821895590016476 0.006311839968696278 -0.029328495975920212 4.924367624489078
0.8180316735400733 2.0640187320918026 0.005362780539224479 -0.029516784799298774 4.892114327641322
1.9670935071632916 5.086145716855236 0.005923322803152421 -0.029409424458320406 4.911138981156908
4.301988064547276 0.8768496710491613 0.008576692764759659 -0.02874787542095797 5.002323792728825
0.007941016824417169 5.885880724179222 0.008464773711200078 -0.028781028578182818 4.998432916853047
5.261686712394216 1.4497176982423496 0.005845330117241635 -0.029425025332537404 4.908487723585783
1.431011865496038 4.953218789461568 0.008285888631311739 -0.02883303746727873 4.992223165751141
3.3927590268749452 1.0343850920985782 0.00739967765337654 -0.02907309358541192 4.961617018114785
3.922564666968157 0.32901297744008795 0.006795267791446306 -0.02922027268254922 4.94088092949319
1.6190771799600023 1.7671976851025093 0.007078389722579786 -0.029152982676482295 4.950581252332099
6.638567731621616 1.3619700651485163 0.006593323099585816 -0.02926650116608523 4.933975303620924
0.2943049994797421 0.5833789839558007 0.006954316864903339 -0.029182828460286726 4.94632751288203
1.5775154862428926 2.277405101699822 0.005906325012083944 -0.029412842855657994 4.910561043876639