300

3.722852655777302 2.331514645862414 0.006832500382939423 -0.029211589113177883 4.942155322788554
1.5201472450396918 5.8142873612514485 0.008025083641919308 -0.028906712586183145 4.983189416367498
0.10532997367066095 1.9567294960189552 0.006377777955321489 -0.02931422774614087 4.926616427227155
1.4799090767373748 1.6149834225651791 0.007836824481061488 -0.028958318011463223 4.976682602331684
5.1902835701350805 4.467718331809919 0.008358006375577848 -0.028812214934395446 4.994725287040801
3.9690426182821987 1.30728338308052 0.008829964110154628 -0.028671095790244593 5.011145605362986
4.96160946607754 2.3077444184258282 0.007991199745170489 -0.028916098053381734 4.982017425850414
4.701464803768285 2.4898726078805713 0.008570812294966234 -0.028749629155946615 5.002119245772703
1.3630768778628402 5.326062285603532 0.0069023280020374085 -0.02919516857550732 4.944546401786694
5.386422929302491 3.5106542679885684 0.008498796913275455 -0.02877100017425358 4.99961526259652
5.243202241545358 1.956688035497906 0.007452107422649886 -0.02905969881057418 4.963420810876036
6.210394215716573 5.427956310617437 0.0101343861372634 -0.028236398807582445 5.056981172601601
1.1471738949982075 6.68759943062382 0.007300557031972131 -0.029098141985750947 4.958209130195562
4.032736678465006 3.728010073655823 0.007122367345857574 -0.029142269702112457 4.95209004123482
1.7445664565327976 4.323397810060365 0.009567440523901658 -0.028433502806049137 5.036973137164197
1.6457039615597324 3.993696704633333 0.0075667280634146294 -0.029030064182056736 4.9673671341559515
5.359326227292939 1.5223363886594086 0.009221489955795423 -0.028547576481991674 5.024830639274315
6.9154635734705865 1.3136955588297563 0.008813146232119191 -0.02867626986710934 5.010559078768067
6.049793282179761 2.919046170775072 0.008180902828467842 -0.0288630010378541 4.988583897278218
4.140749125409263 2.136030959736424 0.006711944551146195 -0.02923952462579272 4.938030314618941
5.590193403869537 6.363711021083775 0.009480340528000366 -0.028462662269597226 5.033911421923982
5.891664116841941 6.377740361573111 0.009138797046865542 -0.02857415595492195 5.021935319134851
0.8391659798381601 3.675733940012227 0.008406796975054257 -0.028798016678587755 4.996419103796793
0.5673740858068111 6.537497364214158 0.008273521678563598 -0.02883658854709305 4.991794276111541
5.510659240235067 6.1008055024731265 0.009868824222360517 -0.028330307242741833 5.047591905222108
3.1786643447831215 1.803994319032655 0.008067954137557945 -0.028894776621982417 4.984672786030286
1.7896047046280081 4.142262664935185 0.007052971261632431 -0.029159142586547136 4.94970944533749
3.4308440996258676 1.5994921905143364 0.007650344872660003 -0.02900814063895452 4.970248572396488
4.603674641245888 3.192747952091431 0.008997398427658999 -0.028618994069218424 5.016990729404815
4.820813620859946 3.0350292906476373 0.009682899227873921 -0.028394391392365475 5.041036583354964
1.0842845025256111 1.4113342797781532 0.006589855406551753 -0.02926728217174838 4.93385681843742
2.8237889014446993 4.432751801851876 0.00809926813688152 -0.02888601487998813 4.985756675518259
5.002494652605108 2.0182777592452945 0.007516593671412445 -0.0290430855726261 4.965640540032533
5.476616594616088 3.3368722403135638 0.00801507897647135 -0.028909488217554576 4.982843331179989
0.9848803402248871 3.6409896514213087 0.007517459553731409 -0.02904286146126122 4.96567035386404
5.4854247431996574 1.9490220418078885 0.007813768874766615 -0.0289645475706376 4.975886522757735
0.0667035736045352 2.125343447018876 0.008757169931422549 -0.02869341343918825 5.008607654959977
1.7174264374348056 1.264389362129768 0.009601868604182145 -0.028421895068908073 5.038184212184663
4.685630487992015 5.837546665002386 0.009197359905010506 -0.028555359755704446 5.023985497117414
5.216794454410769 4.690491428039272 0.009003020116967025 -0.028617226084536686 5.017187167578923
3.0812111468105514 0.19761400731475656 0.007325064158480256 -0.02909198231599469 4.959051442369775
0.9799379406578664 4.538844975463431 0.007394785318284055 -0.02907433834322787 4.961448744644446
5.537961450929664 1.4385178661064368 0.006591412551560928 -0.029266931519637055 4.933910023047531
3.6574384638768684 5.147250798057268 0.008948455909471699 -0.028634334929176213 5.0152810469419125
6.570062842066754 1.7722407954587511 0.007179208823677946 -0.029128318878130003 4.954040989772535
0.17350714853701812 6.340756058768714 0.008739625302874646 -0.02869876216085553 5.007996260538422
6.08311001548388 1.5831286724584681 0.008645349153682537 -0.028727303006215545 5.004712871219606
0.7267467248784633 0.404011528336496 0.008641727016625621 -0.028728392822608834 5.00458678669483
1.030917599342857 3.257909281159888 0.008725307519635118 -0.02870311844883407 5.0074973994282805
5.231420878635349 5.962724715537515 0.009607551470028964 -0.02841997457336555 5.038384165700044
0.8393638638142517 4.334149145794501 0.007248165548469477 -0.02911123659657865 4.956409026135656
3.9274062351211976 6.328655495341836 0.006585224166615293 -0.029268324562151244 4.93369858176114
0.7964069603346436 0.9383320982720884 0.006414326391021435 -0.029306252181905586 4.927863378156561
6.830494536873871 4.042352942859886 0.008806539916663157 -0.028678299368969186 5.010328711231015
5.4180765374686075 4.94309479909141 0.01016236199776372 -0.028226342282102506 5.057972121948767
1.5072071614452172 1.846737340466377 0.007586701678733024 -0.02902485069105282 4.9680552279917265
3.478289749585101 1.7621500329761426 0.007100541830563569 -0.02914759519604348 4.951341179856871
5.054006410743247 5.230109961680814 0.008218893636110296 -0.02885220593643241 4.9899003892097955
3.580174259184768 4.033355895090883 0.008040041457151492 -0.028902555827595683 4.983706904836348
6.824709981110305 4.92003443555728 0.010006070371292542 -0.028282124314215534 5.052440518018987
4.730217992005887 0.6769970343648699 0.008285037741139008 -0.028833281978087443 4.992193654931624
0.3232104041553857 0.29651030753186813 0.007191184241971199 -0.029125364704978802 4.954452136927117
6.315041313862407 1.53002788538676 0.0066224847073231095 -0.029259916204618076 4.934971831569639
5.392846200710873 2.04228709040881 0.007455153156972211 -0.029058917588342604 4.963525621847399
5.398153052367913 5.047785805270724 0.007784404494003489 -0.02897245323878767 4.974872856953896
4.947324133393381 5.764497759481112 0.009254615151523413 -0.028536855089466205 5.02599120761486
0.23824330098092691 3.1149755953925475 0.00880718916148227 -0.02867809999065261 5.010351350198116
1.833991241466277 5.977791314529552 0.007927144239495532 -0.028933723994782154 4.979802882149893
3.257851405709207 3.8755370108271885 0.006987667900000903 -0.029174860707795965 4.947470499588397
5.328190520891889 3.6052814139250686 0.007499231923259132 -0.02904757340228562 4.965042793408799
0.9409823630247272 0.7810582725977615 0.007237161375493395 -0.029113974225877623 4.956031039600627
1.8783997448122938 1.483539463619587 0.008084473037380902 -0.028890159149922677 4.985244523253917
2.4190766906401002 4.903422551393857 0.009346066319443541 -0.028507034997567935 5.029197548887611
4.351691808705506 3.0201569946740014 0.008737992828201167 -0.028699259247135716 5.007939377927037
2.4031557568920485 2.70115162082034 0.008647701999078862 -0.02872659482317957 5.00479477498885
4.852427178882731 2.7568762736100725 0.00959204585022738 -0.028425211633462566 5.037838627178607
6.017483372977289 1.7377335082459087 0.008648837985361866 -0.028726252827387035 5.004834319983722
1.7626558281823628 4.100923760864164 0.007738402445443812 -0.028984774064883603 4.9732854090707095
0.5295408666529962 3.624056829046491 0.007792195431184693 -0.02897035882349793 4.97514177511154
5.606796124537797 6.596230877743231 0.006909447588202486 -0.029193484444750385 4.944790270612622
4.4110514252094815 4.138988473601772 0.007340033886873994 -0.029088208995047143 4.959566041161084
4.810876794060574 4.730564805913317 0.008279963200180644 -0.028834739627811006 4.99201766342701
1.2873827012418342 6.164462036957052 0.00882500680362845 -0.028672622044659805 5.010972707382145
5.075509201670619 2.1176319890054667 0.00679694457789618 -0.029219882689788604 4.940938314229378
2.1933447367193235 0.9443396325728917 0.008875048970620213 -0.028657171977867827 5.0127184716966875
0.19510927738736966 5.3616520487447 0.0077747736358764925 -0.028975039170135383 4.9745404574785095
6.147095854836429 1.070997686464029 0.008929977098588945 -0.028640103160056475 5.014635774430891
2.092772527038263 4.808874951228255 0.010026307188358695 -0.028274956483868664 5.053156142514345
1.4719378576489064 0.7776210869701145 0.0071526223701595705 -0.02913485873022028 4.953128356690564
5.028055878903203 2.8135339895724143 0.009041514638070899 -0.02860508718828785 5.0185326048076995
5.478982830527026 2.662741211170126 0.007042101337291725 -0.029161769643753 4.9493366828480445
1.79103856085419 3.706596416240682 0.008189188342145954 -0.02886065131449498 4.988870972447011
6.992618684667718 6.900264285862429 0.008925050215910744 -0.028641638895905933 5.014463751636569
4.471584218686952 6.258584648413818 0.008302597176965009 -0.02882823061023782 4.992802707122419
5.4667677380488655 6.0108716401898805 0.008825472292954835 -0.028672478769828855 5.010988942049789
1.4295214012214916 2.295490826165596 0.008424859916718784 -0.028792737545840705 4.99704638994074
3.968396404478727 1.343204361362257 0.006963000780131828 -0.0291807577032517 4.946625092785365
0.928108172546449 4.21612914307424 0.009274544981683161 -0.028530384073523013 5.026689675935452
4.159028714223415 4.87533881841418 0.008297730183102819 -0.0288296318708447 4.992633883872953
0.7767165542660701 1.4514144078519242 0.008193836760350735 -0.02885933192478171 4.989032040345298
2.875534362645318 1.3308270285162285 0.007015084463774526 -0.02916828054524485 4.948410337970998
2.5885107131838865 2.4044917186923787 0.006489509439850744 -0.0292896955810416 4.93042952856259
2.933920999145786 5.6719274953418415 0.008645364343271752 -0.028727298434974444 5.004713399970614
2.620543411252614 5.322395834101675 0.007816605075339714 -0.028963782299557723 4.975984443777629
3.8408575433293253 2.8056765233449 0.0067478997282882066 -0.029231247822441107 4.9392601657430015
4.369196606235076 5.109499122359869 0.0072928173656575555 -0.02910008272962748 4.957943154169427
5.593175749201563 5.025905520780833 0.008975370716561827 -0.02862590995060741 5.016221133913753
4.882050543246385 4.148247743947107 0.009884946816754274 -0.028324685813437358 5.048161055197735
1.063085050640792 3.0715265103921072 0.009116270915299263 -0.02858135064336304 5.021147079059988
4.907560130825306 1.1565924266211567 0.007041639729351202 -0.02916188111082724 4.949320853662644
4.22979725343548 1.7133621116468085 0.008494508167024907 -0.02877226669903411 4.999466200978171
2.0436635120457303 0.3871032548674296 0.009949999070184725 -0.02830189955644891 5.050458641195142
3.1232838979651616 3.8932758480653167 0.007934165810124402 -0.028931799337363256 4.980045567956227
0.4090924833526576 1.840553077558935 0.00833789895682656 -0.028818040200293816 4.994027479339329
3.3727955488076082 2.1133215103573018 0.006429597218339485 -0.029302905651315898 4.928384485353355
4.182918573584572 4.050136528761345 0.009301791080122053 -0.02852151262997392 5.027644809697582
1.515739229084553 5.917795025368822 0.0071265966655163614 -0.02914123573164067 4.952235170448304
2.3580961086433097 3.9423260659213444 0.00918807697914174 -0.028558348016392083 5.02366042889302
2.97653319220292 1.955087631308019 0.006928068897458468 -0.029189070923070996 4.94542817721014
2.1532227295958037 3.5371144021253538 0.00937099817889778 -0.028498848979056933 5.030072260623502
0.4354016312384502 1.566255644420025 0.006620840631636759 -0.02926028826465091 4.934915643259949
2.3334995621446244 3.6800250906163576 0.006679553068228983 -0.02924694122141173 4.936922657346913
5.029605630416512 1.101444596575444 0.007927654475844516 -0.028933584197461993 4.979820516851244
1.9194476493915822 4.1296338731906665 0.008309582052631185 -0.028826218033425572 4.993045008481509
4.6778007602129135 1.3809773976781237 0.008202751755794203 -0.028856799261747917 4.989340965950299
2.4571660642335353 5.429272638126429 0.009058671634111453 -0.028599658533369668 5.019132449988713
5.100339348630031 1.6142267108013926 0.00825079626017581 -0.02884309901992275 4.991006289276991
3.984813309678437 3.34864696097127 0.007867378245332199 -0.02895003211647396 4.977737847779636
4.9477210860763075 3.9666484209238018 0.008834214928140927 -0.028669786302018576 5.011293870189875
5.879654334511712 2.20920082066497 0.00880387419323777 -0.028679117824466673 5.010235759924839
4.160996983447284 3.901167180799861 0.009013293693395482 -0.02861399197589524 5.0175461875916465
4.706027041285529 0.09871317247319311 0.008884537668730924 -0.02865423163187073 5.013049599445316
4.928336294585567 0.4880154352382437 0.008666937686485963 -0.028720797188423745 5.005464455056636
4.374440469678855 4.229347743294465 0.009020334895246356 -0.028611773072943256 5.017792272613291
4.357467585716954 2.8846225483485974 0.008933197319298838 -0.02863909889738977 5.014748213871067
5.236693100737816 5.459920003053548 0.00990712340727424 -0.02831693673039227 5.0489441044251695
0.05756485629266212 0.06633308092923952 0.006868595324327562 -0.029203123091043285 4.94339113943242
1.4732378632353003 4.314625570292444 0.008565698612743512 -0.02875115314688515 5.001941380985323
4.865115453821427 3.8203933352705852 0.009687837066636168 -0.028392707038433482 5.04121049041788
4.083739662723103 0.39569270107113225 0.00681179847020851 -0.029216423490928265 4.941446693111043
5.349794851387494 3.813380858826645 0.007339621038300561 -0.029088313168936692 4.959551848199453
0.8027836861464686 1.576323753733609 0.008151480049730094 -0.028871324406733616 4.987564650029238
1.9119148518718572 2.254989212556614 0.007002726408653139 -0.029171249936290902 4.947986678238582
5.091495662827928 0.1562306859006009 0.006299543713963495 -0.02933113957888208 4.923948383747591
3.6676365544950804 2.333240139682926 0.006639844219335127 -0.029255981760025793 4.935565157899972
3.7175234910361263 2.713546478757631 0.007041639582554026 -0.029161881146273952 4.949320848628772
1.1156782547069082 3.0180160588855407 0.008948311631663083 -0.028634380016732387 5.015276008316242
1.4469454007172555 0.7343212724905026 0.009867540023458451 -0.028330754559055527 5.047546576071506
5.4893024224550215 4.965709471958802 0.008290486322848185 -0.02883171580968894 4.99238262855174
5.309512224930082 5.446107565131613 0.008617856298930101 -0.028735562510780795 5.003755980107153
5.086100084518501 2.088338899574842 0.008153547371078857 -0.02887074064286493 4.987636255412458
1.512618363441549 1.8673452931810859 0.009306431294077822 -0.028519998887948945 5.0278075057349785
4.014507277851574 5.216575393843835 0.0069722522368968155 -0.02917854860586947 4.946942144418518
3.0861298959727788 6.2828971685763575 0.010231193260380274 -0.028201465998574423 5.060411742787319
6.1686716774760555 5.020351447500172 0.009868482570679975 -0.028330426254332734 5.047579845664829
3.8132790976154056 1.0557474105567772 0.006598102787230579 -0.029265423960864467 4.9341386226173105
1.1132580240743637 0.8074662234542254 0.008042831049333798 -0.028901779680702573 4.98380342327759
2.02525039411076 6.497449613671666 0.010426206222645748 -0.02812995243157839 5.067335487605086
3.529993904938834 2.056835349110853 0.007380393004406626 -0.02907799510111565 4.960953758021173
1.2184316914739604 0.07098621050858443 0.006771034558173573 -0.029225897608320246 4.940051679885783
4.397297475559322 2.0540004368569877 0.00831316953491594 -0.02882518364700814 4.993169462776654
4.844789480163401 5.77503893519704 0.008609238390931868 -0.028738145631339973 5.0034560896629054
3.3427320910819094 1.5239237178424434 0.007865963598683953 -0.028950416519701042 4.9776889829890765
4.4616998241851125 1.7387966349011066 0.007298525812775804 -0.029098651531647396 4.958139325002776
2.311399414396796 1.0841103895964033 0.008685557581914216 -0.02871517176496168 5.0061128255852525
3.193723952295845 0.010929708129900528 0.007663735327234111 -0.029004605855520667 4.970710210748246
1.465456364527525 3.0218953598425506 0.007403289950508115 -0.02907217394535031 4.961741268884635
0.6786269676078386 4.199737681374356 0.00880387155535671 -0.02867911863423946 5.010235667945684
5.01725656728051 2.1277908705604567 0.008554869637674878 -0.02875437715344202 5.001564757210737
5.454632475378036 1.8936264462933243 0.009216998456377811 -0.028549026944103176 5.0246733094459595
3.387745450623385 1.2915438948887885 0.009094767103142169 -0.028588200561413493 5.020394797095557
1.0272438776991517 1.893443252969993 0.008653591804347788 -0.02872482112883777 5.004999811023235
0.7304818703189631 4.807305901667735 0.00736431031096834 -0.029082072375327127 4.960400708696225
3.7955922468464496 0.7577614625183687 0.0074605685970881895 -0.02905752770295748 4.9637119870000905
2.141301012614324 0.5653483561896061 0.008586809893062371 -0.02874485511983677 5.002675737334799
1.1882403775535741 3.7696755440703447 0.0068767692902482755 -0.029201199361134092 4.943671049052947
0.32172789702100957 6.751649375807497 0.006827104494011505 -0.029212850669317565 4.941970609372981
3.3164223887707167 1.28085647321607 0.007350760950799922 -0.029085500054910438 4.959934835380312
1.088099156430207 6.080139681858875 0.008631176942185216 -0.028731564255930972 5.004219571860074
2.1660133618348127 3.55821850202505 0.006833651299933968 -0.029211319893337764 4.942194722298574
3.732296202503972 2.854197843804084 0.006619064539640213 -0.02926069009131667 4.934854943933113
0.8590706188384241 6.560062770227859 0.00861144238856312 -0.02873748527600246 5.0035327829534495
4.8423024108867825 1.4031831846545504 0.006771172376996772 -0.029225865678213808 4.9400563955287495
2.717872420034694 6.768920396650666 0.01035808650798153 -0.02815510688832793 5.0649149631451955
0.639586423446531 3.02453219876045 0.008489340487144123 -0.028773791861576664 4.999286599455629
1.0297470337460486 1.171282062767718 0.00868318993147134 -0.028715887808215063 5.006030373669542
4.598982799480407 2.8590197191996642 0.008022561417279063 -0.028907412687855436 4.983102163481575
3.431886375295791 2.00127135434747 0.00880576428388341 -0.028678537539014837 5.010301665360931
5.4080298372679305 1.2372554419387463 0.008470577369390438 -0.02877932103141369 4.998634571575788
4.2106391951541156 0.33332077756994305 0.0065845406582158645 -0.02926847833967974 4.9336752286442795
6.826274002194147 1.6416148929407253 0.007588613083127528 -0.029024351008671765 4.968121082623241
5.202055576635333 6.299943877695887 0.009110365647933133 -0.028583233507791937 5.020940473259112
4.289854345996655 2.0818277877946687 0.00875560312165726 -0.028693891579498684 5.008553050208477
1.926253326026634 2.6678973671460042 0.007954865117510743 -0.028926114861180557 4.980761089999839
0.7515079875826386 4.683076959709638 0.00679580600694693 -0.029220147513589728 4.9408993487824
4.665713928765311 0.8879174517701328 0.0085491404089579 -0.028756081065888013 5.001365515929224
0.9043154562420658 2.279316512298156 0.008584318390691178 -0.028745599276536943 5.002589061993796
5.864993621811017 1.0497047566321502 0.00839208935635054 -0.028802306092308442 4.995908425464569
5.268245547605838 0.07109730914039974 0.006548458761277932 -0.029276572337824013 4.932442608911204
4.261808857669494 6.065071818368916 0.009304363443519379 -0.028520673570427823 5.0277350013107345
6.006815119798411 1.3922878820670899 0.008506870095910795 -0.02876861416841796 4.999895875620246
2.3118471484334973 3.066383538245006 0.008287164123747198 -0.028832670892341507 4.99226740321814
1.5336088470443576 2.4372979547463873 0.006536627622441883 -0.02927921616651528 4.932038510905618
5.432822941120861 3.6700406529215126 0.009735363196802214 -0.028376446279024244 5.0428848546204605
4.209780019557127 2.636047384576376 0.00842682102006401 -0.028792163647350422 4.997114501661133
4.161780665306527 6.183654597101028 0.008944104746727074 -0.02863569433905129 5.015129094418338
5.904066145928786 0.8887462666536982 0.008446942649389591 -0.028786266862480158 4.997813431045914
6.762632023350618 0.09026941459132959 0.0077067301761411374 -0.028993211446684472 4.9721928472691
5.66979806647955 6.928301268140382 0.008387809835313693 -0.02880355266571495 4.99575984609708
1.3492782089906457 6.3401856443291695 0.006919689367163899 -0.029191058546444645 4.945141109322035
0.5319482687203875 4.182191103213195 0.007252411648409151 -0.029110179066471217 4.956554886550893
0.7471230005068977 1.6364841141900557 0.006432857953815839 -0.02930218999573288 4.928495763577099
4.524846197309196 0.9119243987403618 0.008815860595325681 -0.028675435514805767 5.010653735524528
2.5772777161824196 6.199277772241126 0.008027925081388988 -0.02890592359513194 4.9832877145823895
6.688848948472004 0.6837183499426422 0.007508310077122817 -0.029045228175825645 4.9653553331226075
4.337644660452864 2.109858152852883 0.008975304560613144 -0.028625930693066327 5.016218822863211
3.721689240795224 6.921495141329752 0.007494690623678452 -0.029048745454069894 4.964886456495864
1.1613690151607468 1.7498005511012649 0.009337579640431968 -0.028509815966761172 5.028899858685316
4.477610134253872 3.991872896900157 0.009208088458500534 -0.02855190198463894 5.0243612305368375
0.3697676039036155 2.4378430928338015 0.007669428504089479 -0.02900310097938942 4.9709065011085345
1.619366299383489 6.171634759882371 0.008135902763622799 -0.028875717934293426 4.98702514929992
4.858887231054322 3.5994821379176436 0.009493661774834856 -0.028458221766390103 5.034379483754606
5.013788638975384 2.7758365571599635 0.008449960662506927 -0.028785381095307483 4.997918274774438
0.9298820294462189 0.7926967468343751 0.007246662545996505 -0.029111610775504185 4.956357396834085
2.1716059627086897 5.906508882746161 0.009401491500153122 -0.02848880407410161 5.031142433431518
6.881152941100198 5.6446147850404875 0.008676784811514121 -0.02871782382658334 5.005807329755147
2.138225297729847 1.9113549565314796 0.008374597127249302 -0.028807397018062352 4.995301158715419
2.1220725893540173 5.9386734681631665 0.00792753535894986 -0.028933616834619893 4.979816399945897
4.91265377201561 1.5659228221653756 0.009497736609887163 -0.02845686207734804 5.034522673741166
2.0288211610981413 2.6059385636581642 0.007956459074859772 -0.02892567646555706 4.9808161948569944
0.8815526354595035 6.349801920805301 0.007594179839988792 -0.029022894972037295 4.9683128835175
5.553799612236827 1.6523050113059943 0.008405803456826687 -0.028798306690588606 4.996384604434009
1.7263268928971445 6.92863870700587 0.00964821911597279 -0.028406194181730456 5.039815465394956
2.4206875509944283 6.325890065321468 0.008731439165909875 -0.02870125380696835 5.007711029366575
4.911427044998872 0.6541841545674564 0.006865868744801151 -0.029203764250164098 4.94329777443221
1.714614614009714 3.670074080770133 0.007995834557323438 -0.02891481678537687 4.982177714241354
0.19010870995784818 1.1430020537776964 0.00837377448144605 -0.02880763615664921 4.995272602078101
5.998664655854895 1.7369654408306883 0.007095940103357992 -0.029148715821619924 4.9511833061555794
6.736417988237439 0.9032158945928939 0.00898575392902635 -0.02862265232865374 5.016583875332481
1.8452211631051625 1.778146932230794 0.007684808513863294 -0.028999029606268795 4.971436826779611
5.933734375575088 6.390658489251313 0.010237760851266363 -0.028199082480681488 5.060644633815278
6.153573927405472 3.3811041143989145 0.009176461818758735 -0.028562082355613763 5.023253738672121
3.316639060064549 1.5537846872540213 0.006338453184825133 -0.029322755859976395 4.925275131608512
0.9864286599764364 5.964527812392092 0.008069329674676877 -0.028894392511374573 4.98472039139092
0.17522106472136564 4.026226724822993 0.009537628296522292 -0.02844351677408012 5.03592483242287
0.45495051790924146 1.0350731843768304 0.00676040259526241 -0.029228358776194896 4.939687909530927
4.152460215785301 1.3804397021160997 0.008271685881276473 -0.028837115193470573 4.991730614610114
5.981198590303441 2.6107243913570493 0.00862726982705881 -0.028732737692936966 5.004083587779945
2.8286752497620067 4.11596305013611 0.007804527163461471 -0.02896703912647601 4.975567466720998
4.43128556494281 6.033466186247025 0.009515329365340152 -0.028450984289987144 5.035140962993547
0.06075690079580296 4.869307877656986 0.0073765070855329315 -0.029078981124122667 4.9608201225015796
0.32850867149716884 0.07055807261338443 0.008141790362590842 -0.028874058420866693 4.987229049620207
6.886251104405818 0.48376441754302923 0.007950133159819992 -0.028927415763270844 4.9805975059409535
4.931195405083993 0.23041212800789973 0.007027860704815229 -0.029165204849507124 4.948848379372088
4.641930186705622 1.232761270388313 0.009302417079438607 -0.02852130846367622 5.027666758097206
4.796651231511137 4.953897145783722 0.009381586343012189 -0.028495365196617627 5.030443812864224
5.239144333550672 0.2044252585243417 0.006691303207697979 -0.029244255185978847 4.9373244319739555
3.871151541414158 6.794965260957736 0.0074979177979593425 -0.029047912639207734 4.964997553222715
4.082307419420039 3.4671065373817083 0.00801461610598888 -0.028909616543178564 4.982827320192467
6.115918523463586 0.7470610340648607 0.00843437125060053 -0.028789952789246516 4.997376743862722
3.692827362825465 0.1748227002367424 0.009014578751328408 -0.028613587156036523 5.017591098033507
4.787276175795941 2.1494099928327546 0.00812894972616056 -0.02887767608983718 4.986784365617987
3.6554578128743946 1.9929272631480652 0.007054328360335509 -0.02915881430004598 4.949755986704002
4.392536279604374 0.82145071104673 0.008539453169930489 -0.02875895929199393 5.0010286566007585
5.756972943795993 5.365366259703126 0.008679253883234532 -0.02871707770700839 5.0058933078504495
0.8142031093922968 2.229213896735695 0.007726373205086987 -0.02898798297736001 4.97287041275872
4.259394036274092 2.6555108799370437 0.007589667374037926 -0.029024075336717692 4.968157407153522
2.8005195419805125 3.432304535431958 0.008389503161265605 -0.028803059502544418 4.995818635388368
5.400016090904836 1.2791090697002998 0.006758754578049978 -0.02922873990704506 4.939631525712739
5.975865047875701 6.334888418254747 0.008420523748198256 -0.028794005970097826 4.996895793874785
4.773885667621436 1.1722801774749245 0.008382355207062825 -0.02880514053398502 4.995570477863517
5.593574723753017 4.630143017799931 0.00891390325027243 -0.028645110033734947 5.0140745878000486
4.754069829854402 1.6606276295669113 0.0066908359364388865 -0.02924436209719162 4.937308453779196
3.8356566415629247 5.279457395776621 0.007034302566723437 -0.029163651818655836 4.94906926015906
4.462988789855506 0.48245326582584885 0.007064500487340962 -0.029156351501248564 4.950104853993068
4.905827182942179 5.523588552792168 0.007701746770825586 -0.028994535634806737 4.9720209693964765
2.41343816778011 1.589372206676016 0.006450648521101959 -0.02929827868078951 4.929102945299066
0.39345057677245787 1.2810176290709476 0.006836337153547802 -0.029210691438632908 4.9422866689313825
5.481540667382116 3.2773981959199703 0.0076782435949398166 -0.029000768529416004 4.971210449478088
6.906661998097833 1.626920835602614 0.006065125926422983 -0.02938050795164426 4.91596303325087
3.408025118720741 2.208813583668695 0.005893127664101706 -0.029415489904718553 4.910112370690044
3.083430181569482 3.0638846315329786 0.006435692430335945 -0.029301567585064737 4.928592497187192
5.764327791570196 4.896184793090893 0.00874972580160971 -0.028695684316577038 5.008348228341954
0.8162235717987779 1.9866071400137035 0.00898783197141032 -0.028621999868172984 5.016656477481444
0.19542884685732795 3.300677538943901 0.00791506987323883 -0.02893702937244504 4.979385594819802
0.5174444629762087 1.00519293405332 0.009507114373506017 -0.02845373044592001 5.034852235009752
4.5771190169432225 3.2107959586266217 0.007876882680165002 -0.028947447542795834 4.9780661672437425
5.105439277819067 2.56364390015152 0.00802708564453401 -0.02890615671540089 4.9832586743938885
4.543588119655626 0.6559542882120372 0.006157861949294704 -0.029361211422784115 4.919120446646898
5.45841433242744 3.614023361299277 0.008004702375305045 -0.028912363097519125 4.982484414928818
1.0736273187114023 6.4768892338469835 0.006660643052109475 -0.02925125354805133 4.93627614114123
3.5533969907572467 4.4293690091502 0.009568412010641581 -0.028433175897085605 5.037007304334216
2.022144860653025 0.04272409040649444 0.010479977476894163 -0.02810996392889523 5.069247696631821
4.937922632829192 3.4859051254177857 0.008405473140227087 -0.02879840310310488 4.996373134452449
0.20251890140223122 6.642269166367996 0.007170463169608913 -0.02913047301252216 4.953740755122295
0.7039833486630553 5.930161409977774 0.008840450532277331 -0.02866786414064287 5.011511374885783
5.348443073277075 0.35890114550559743 0.007502355462907169 -0.029046766816776474 4.9651503267634505
3.31766898787153 6.941177331345024 0.007632345271273054 -0.029012881719334187 4.969628121391734
3.914651366491295 6.147068558797866 0.008936442221662686 -0.02863808653557155 5.014861519101966
5.31204202457453 0.8704477531568648 0.008354232728434809 -0.028813309346882535 4.99459431566363