300

1.8098023283845568 3.801893568302351 -0.029890874651091266 0.0025564844205958944 3.056273030754598
5.14674316884431 4.9503028715351745 -0.016700034309948927 0.024922055574260495 2.1611655774072935
4.230771223690841 4.0221644492659525 -0.00979255766203914 0.028356759589833927 1.9033084609964115
2.682749734501592 1.1931503904865455 -0.008477843752121465 0.028777181330259135 1.8572944136170446
4.297147996336843 6.337805673004142 -0.012647371281425731 -0.027203749735464182 4.277203012574879
6.631787115779178 2.5297492977905187 -0.029828108487558385 -0.0032068589077861366 3.2486925795156405
5.275869913106675 5.445445891842165 -0.014249002344681808 0.026400112351678585 2.0657225683130362
0.8181198106160035 1.0220198749449378 -0.012176271428113354 -0.027417848458785206 4.29445216632249
5.062673774702385 1.467479867042484 -0.024628977106614783 0.01712931658537038 2.533896961418801
2.644593179711592 1.0952543287865455 -0.008477843752121465 0.028777181330259135 1.8572944136170446
5.447196101129995 2.4435174382346427 -0.010444706139727054 -0.028123088622246807 4.356784733917924
5.9601640291096825 2.8419226702051885 -0.015973790358530447 -0.025393661051170222 4.150885204535964
5.819243795021968 2.164794883303004 -0.010250016136857372 -0.02819463014820665 4.363698693913403
6.340187003381858 6.070219925734729 -0.010934627120538729 0.02793624759581678 1.943878786230995
2.7057804135215915 1.1257445219265454 -0.008477843752121472 0.028777181330259135 1.8572944136170448
3.9106173514981624 6.72947144876502 -0.01536314927076026 -0.025767686052192162 4.174755259873949
4.470261459905729 4.5266904556400664 -0.012146617272503265 0.02743099868461455 1.9876518363533493
4.105616703916576 3.784849110035097 -0.012438129157334827 0.027300053902244537 1.998304258130788
2.689591086864687 3.1354224001912776 -0.018226060982941356 0.023828778840849205 2.2237502924280417
4.7011283865160145 6.698586418854263 -0.018557048709837126 0.023571931256915122 2.237715583109793
6.877705028056552 6.940232105482972 -0.015102842268638146 0.02592111408502028 2.098358047148813
4.645718359575104 2.1528123319253436 -0.02931235143404013 0.0063863959638692505 2.927071210112825
5.901631616684689 6.918564750245133 -0.013032843088903618 0.027021195403238864 2.0201995635570316
0.7698931264786141 1.7060523423076228 -0.010470146046638875 -0.02811362733199066 4.355879990291102
5.214308460198082 1.2369471983743394 -0.0137299786612537 0.026673726510585617 2.0461646410921226
5.415013703830109 3.569851071507396 -0.029254957872259433 0.006644353986079152 2.918262324841821
3.6720810260741956 4.601914337188185 -0.02644252830152139 0.014170133980426583 2.6496514372224818
6.53414010265115 3.3041226675881177 -0.029098825723102576 0.007297831289945242 2.8958661767702196
4.203065435873263 2.364492579526961 -0.0251494281572646 0.01635561870925666 2.5649801420771157
3.5576280423451565 1.0100340724306565 -0.015926597340097447 0.025423286513871508 2.130442729970647
3.937458738215368 4.84862376510148 -0.01776342472821471 0.024175622885978555 2.2044761460652182
4.210029416205624 0.5322734675805189 -0.02243249612475837 0.019919415594155884 2.4154630596697704
6.820288921050171 0.5421927963986055 -0.021329765091618144 0.021095997751620753 2.3617044671170473
2.266738196707124 3.057979631318345 -0.026410505862882044 0.014229728741851447 2.6473963259649675
2.1749882985926097 0.8468574001211449 -0.011420311958834023 0.02774124140630539 1.9613247065964872
2.9518027206732 3.5420198900810456 -0.010720998087517348 0.028018925746849208 1.9362431027968328
0.6036949923244165 0.9829517628443791 -0.012985124569211533 -0.02704415907219263 4.2647509593605895
3.0168973291208117 1.2231582207799134 -0.01205862132035936 0.02746979526411099 1.9844462041407573
5.692357041365507 4.701357793574766 -0.017513411007978878 0.02435734868300744 2.1941733972064563
1.2278175474463016 0.37082553040521204 -0.026358328883339187 0.014326147370375861 2.6437419522541727
3.489514546957925 2.174447337075625 -0.025761176924911183 0.015374061384143869 2.6035353990598633
1.3589216688815682 6.6644601003296895 -0.02739515920852087 0.012227234026540678 2.721796332599898
3.7373488129398718 6.832606795583 -0.01536314927076026 -0.025767686052192162 4.174755259873949
2.962103171864342 4.957037256471055 -0.028587023059983903 -0.009098467594488006 3.449727914178841
0.5552695192610275 3.4420808786001666 -0.02984705633276484 -0.00302543026175819 3.2426120571549286
6.233622071502268 3.736131910265067 -0.02978476348172451 0.00358718055549618 3.0217331851273213
4.805455514508809 2.3057549133042308 -0.029283515616313174 0.006517339422582076 2.9226018423114675
0.08543132695456553 6.254892477424488 -0.01579854651805925 0.02550305722686435 2.125413876816387
3.487839328180863 1.284745914608048 -0.01644182754643452 0.025093152590563564 2.150840539119554
5.607030307320536 6.8360171673768635 -0.012818149829718756 0.027123698769579364 2.0122692817713426
5.340240479511534 5.925196797793229 -0.010954676303699017 0.027928391773984682 1.9445965634340943
4.941340816011325 3.363098061449076 -0.01997389642988509 0.022384000120805568 2.299357204436596
0.3851731047721845 2.7246686668674713 -0.026112955176080546 -0.014768668591718357 3.6563101321816016
1.0419157860994555 1.9102244906379666 -0.014442546287795526 -0.02629473058855868 4.210116931876836
4.200020955269068 1.439973026107444 -0.026980740955847165 0.01311638736365587 2.689095297848469
1.0854049236694556 1.8735836683779665 -0.014442546287795526 -0.02629473058855868 4.210116931876836
2.997363906774342 4.754548989391054 -0.028587023059983903 -0.009098467594488006 3.449727914178841
3.409635971560863 1.1405117043680482 -0.016441827546434508 0.02509315259056357 2.1508405391195535
3.569258511110258 0.025710862782073022 -0.019924727254705774 0.02242777839701438 2.297162729810793
0.22646074551703485 0.1016240649441372 -0.023742763904336623 0.01833797050338259 2.483933803164268
5.739380144068918 0.5434405796320609 -0.013970218540194777 0.026548691002367668 2.055192350036785
5.848582253059055 5.705730142116429 -0.010738645446068005 0.028012166891971117 1.9368730158374685
2.500645503009293 6.169514650374448 -0.014883251056646334 -0.02604781829606533 4.193278074587234
3.361987157651416 1.7555851123687105 -0.019807121762571652 0.02253170937773387 2.2919311211017552
2.7308547763297666 5.110550343055566 -0.025786934562131145 -0.015330818826415182 3.677972153248099
3.4708252727975397 5.812574559848601 -0.004369066402204821 -0.02968014923771653 4.5662336424409435
1.746225519308841 0.9492799797063822 -0.015548958083194425 0.02565599155220984 2.1156566017826233
3.2102813480494006 1.671891576586458 -0.0151556823262448 0.025890254792603935 2.100397755438002
0.1546244932200831 5.425056742625069 -0.011232553810145807 0.027817795291902248 1.9545658624882285
3.8737767140175303 2.1963864124028087 -0.02923026590921664 0.00675215187006981 2.9145760001618854
1.9500329287964169 6.173995338490059 -0.018223308462844392 -0.02383088392544481 4.059550522077201
1.2428896010115682 6.867867588199689 -0.02739515920852087 0.012227234026540678 2.721796332599898
4.0232264798968815 2.8772361335745047 -0.01754826650540544 0.024332249025835355 2.1956051400473333
1.6898107777788411 0.7315745603343823 -0.015548958083194425 0.02565599155220984 2.1156566017826233
3.6998526950487958 3.4333052393488237 -0.010844947434510996 0.027971183656447098 1.940670639939806
3.0116527596700844 5.0511311713720595 -0.028996055231537452 -0.0076960237142065435 3.401027263802194
0.8692883487258435 1.8216576217340832 -0.010470146046638875 -0.02811362733199066 4.355879990291102
2.284608693149775 1.442545923272559 -0.0136789820142435 0.026699914813609477 2.0442537116435604
6.54003409408331 1.176795958521506 -0.02450257513775981 0.01730964504599776 2.526556356750434
3.6655423897000095 4.587253551145883 -0.02152343690937901 0.02089836509414029 2.370928107223653
4.782904294148284 6.866992473115085 -0.01855704870983712 0.02357193125691513 2.2377155831097926
0.8660852201304508 4.029344114268981 -0.0293791048898238 0.006071918631926095 2.9377873975163626
2.2723255730494274 3.3676595578725688 -0.02548918829716556 0.015820912740788323 2.586097863467778
5.117271183674002 4.23167628940192 -0.01719734797593566 0.024581521974739107 2.1812569308645724
3.8455920012234914 0.4322129354312907 -0.029562461774705413 0.005104983233966712 2.9705944206413966
1.631856234463172 1.5583393679479705 -0.029345185503769966 0.00623378598841258 2.9322746209306336
6.983701283534389 0.6268246151830658 -0.029278154744452174 0.006541380187690707 2.9217808013947715
3.8516279265892432 5.655246905427304 -0.003494794617823572 -0.029795744840148422 4.595630722913233
6.063573919553565 6.725213440828174 -0.013113701763632635 0.026982046365212894 2.023194147276671
0.3045682461682295 5.713789437024262 -0.012688591832003396 0.027184547767450846 2.007498081808124
4.504406287481365 1.3087091984700305 -0.022116392935177132 0.02026980916379942 2.399732640720405
5.526275242211534 6.03889736208323 -0.010954676303699017 0.027928391773984682 1.9445965634340943
2.7385502529993744 3.566159256363479 -0.016395467463114707 0.025123468046150534 2.148994135695306
2.7047178109481513 5.701176555762435 -0.009247734668777796 -0.028539085540638567 4.399027852386046
6.0230484840499106 2.813076221334725 -0.013244908686180857 -0.02691788241847287 4.255122631637769
4.363444400662003 2.4443746577722107 -0.02533113040908813 0.01607276678726381 2.576186395334669
6.14277808285722 5.658249238993317 -0.011077514358029252 0.02787989733925962 1.9489987000310314
5.130384647982776 6.776302564956643 -0.012207185957132669 0.02740409843450397 1.9898609565402068
3.9730986174682363 0.8656493132014711 -0.02236959137934425 0.01999003205403051 2.4123106886384327
1.1223310541659313 2.872944679297748 -0.025021811048772984 -0.01655019552269707 3.7259616343862487
2.9616655333092585 1.1177478047318563 -0.012025388562725423 0.027484359732682012 1.983236732224221
6.752516464718833 5.610620524586075 -0.010401669366052363 0.028139034709799976 1.9248707068886224
2.8544901503032567 0.292229279182798 -0.010506467210626296 0.028100073785526515 1.9285975697809605
2.7121291493001096 5.965087276291918 -0.009247734668777796 -0.028539085540638567 4.399027852386046
5.919553228797386 1.9189850981199534 -0.010250016136857372 -0.02819463014820665 4.363698693913403
0.8386586582056634 3.3112134037954033 -0.029749353901586235 -0.0038698762820244823 3.2709489824828175
0.18063998334374057 1.9099023473629704 -0.0266684929850964 -0.013740141262150988 3.6173420019298623
2.8447075743932566 0.248598081900798 -0.010506467210626296 0.028100073785526515 1.9285975697809605
0.2626278208056848 6.541519666897525 -0.01579854651805925 0.02550305722686435 2.125413876816387
1.7813176153406545 1.407127161711422 -0.013007413504614845 0.027033445838811655 2.0192586792285643
6.812484279926476 0.03912882094091161 -0.021077130624959594 0.021348408948172 2.3498003552240263
0.06874256038489537 2.6310115325207954 -0.027785785255552736 -0.01131150466261267 3.5282019632197126
6.821177939530819 1.0329649068395723 -0.02450257513775981 0.01730964504599776 2.526556356750434
4.447086077876858 3.732326553327536 -0.011232577048516136 0.027817785908464183 1.9545666978662304
2.6961535962081515 5.697672276832436 -0.009247734668777796 -0.028539085540638567 4.399027852386046
1.9548900039264598 4.736925825899052 -0.028748260012008083 -0.008575403563796689 3.4314826211472997
1.0068458114227448 4.024183313588233 -0.02995249872447901 0.0016875485652517784 3.085311326780052
5.149606141516548 6.166449359494151 -0.010856595447559035 0.02796666471512183 1.9410871026111018
2.044581559054946 2.898996582728717 -0.026342013978145243 0.014356124113952222 2.6426043224508087
3.0651484187366504 4.587197185140039 -0.02502068064998465 0.016551904416455644 2.5571553750847347
4.21477304617419 3.0400694459108304 -0.01816751088142118 0.023873448606630817 2.2212954774120277
2.8844683451632567 0.22101488526779797 -0.010506467210626296 0.028100073785526515 1.9285975697809605
4.850303048808967 4.017476837629799 -0.016902175830334765 0.02478540804990806 2.1692987787963354
6.555604221413712 0.05503118106498331 -0.021077130624959594 0.021348408948172 2.3498003552240263
3.7061876881742077 2.3720635463206534 -0.022744773915712016 0.01956208729975271 2.431281671237457
2.1290889606822105 6.568319921723433 -0.02544099548219715 -0.01589829389824028 3.700126156403042
6.9635006410041305 1.57508177839116 -0.023589274218072692 0.018534997757339248 2.4756085282016356
3.937190003520739 1.2585809683426874 -0.023375038632325863 0.01880445609256682 2.464133628978753
6.788792367126042 0.3429567397645096 -0.021077130624959594 0.021348408948172 2.3498003552240263
2.8421637320632565 0.393313640482798 -0.010506467210626296 0.028100073785526515 1.9285975697809605
0.9887545504238552 3.03466298128287 -0.02408200371021796 -0.017890139666896076 3.7805240633917747
4.046796437134495 0.7735730883928212 -0.02243249612475837 0.019919415594155884 2.4154630596697704
5.896686965475622 1.8362829997484027 -0.01985351012846067 0.022490845595021753 2.2939917926696802
2.894191955706746 5.196459297740137 -0.020128002551077457 -0.02224552793942682 3.9769221140215287
0.9565462744563773 5.407962217590262 -0.026014531087039893 0.014941357780383777 2.6202495511935053
3.9999208963861235 3.0858913142197495 -0.015527434735682131 0.025669023560103175 2.1148178939438234
6.612689292391027 1.7994304748240135 -0.023589274218072692 0.018534997757339248 2.4756085282016356
5.303376627645136 0.19872568557949064 -0.014585838039757461 0.026215516944702123 2.0785260298756816
5.887247613097386 2.0944802891699528 -0.010250016136857372 -0.02819463014820665 4.363698693913403
1.150048571230432 2.2554171553310107 -0.01582707852338939 -0.025485360217475175 4.156652274139798
1.5060989638824556 4.387872305458919 -0.02999168320810183 7.063556787218607E-4 3.1180452882751006
5.861550855589065 2.6538717593705496 -0.0076512305408777915 -0.02900790704636132 4.454498856537199
2.54095153318475 2.8236734691731398 -0.00900747767390991 0.028615823349224367 1.8757502826220436
3.6335589787694773 3.3373407219862123 -0.010844947434510996 0.027971183656447098 1.940670639939806
6.087511039232593 5.647041870330695 -0.010890209664299188 0.027953592496629202 1.942289322141825
0.9199142196150127 6.8679775782691 -0.02739515920852087 0.012227234026540678 2.721796332599898
2.014136900375032 0.7922416233085072 -0.0110211678541915 0.027902219609374015 1.9469784653122417
6.047094844288503 3.8996778385836897 -0.025827102074376048 0.015263053378657904 2.6078390058599874
6.54613270430151 4.46828510277869 -0.018621891592362133 0.023520738796268974 2.24046942320733
2.4897331958202655 5.922326197113132 -0.009247734668777796 -0.028539085540638567 4.399027852386046
2.7366616668707575 3.1968086882787974 -0.013391838387176837 0.026845086414681862 2.0335284947995236
1.0079230929063718 6.831566171201998 -0.02739515920852087 0.012227234026540678 2.721796332599898
0.2340814788270253 5.725912154592455 -0.012688294712702847 0.027184686448138352 2.007487152123171
0.19759983608542883 4.814043012202562 -0.014316485375761159 0.026363578028894653 2.0682805013839554
2.0186916962025903 3.6590958137076597 -0.026240783609702036 0.014540332717953635 2.6355979302886743
5.2992047112423855 5.694249831093618 -0.011024969618522298 0.02790071764149912 1.947114722094132
5.755560397825539 6.362960357291618 -0.011276503006375088 0.027800008632142787 1.9561462624314472
3.3727818583306686 6.14500485801395 -0.0016848830024999248 -0.029952648785506214 4.656196646353061
5.696339203818981 5.292162703453962 -0.015514580202736765 0.02567679499339527 2.1143171897759303
5.563662240832134 3.8746483860190057 -0.02290199139258299 0.01937779116034783 2.439356510134377
0.9835914881809678 6.732943033594984 -0.02739515920852087 0.012227234026540678 2.721796332599898
5.009376982277897 3.3609055231797873 -0.02286231634765781 0.019424584711638455 2.4373115306604647
1.671201508562565 2.750492995861689 -0.026009535136929655 -0.01495005290829506 3.6632700292738662
1.2258480441737003 2.5131185933279125 -0.015919017797124124 -0.025428033199106168 4.153040683254563
5.571058846362512 1.1557765955820398 -0.0137299786612537 0.026673726510585617 2.0461646410921226
3.7413633080720454 1.415319343546541 -0.023715616018693552 0.018373066071123944 2.4824547993971446
5.600496509835011 1.4118703099547518 -0.01357491011176095 0.02675297769328884 2.040359749461212
6.267583338839117 0.4139321886966311 -0.014142592791614892 0.026457268739054726 2.06169628448584
1.5753214908657345 4.249440967027742 -0.02999168320810183 7.063556787218607E-4 3.1180452882751006
4.672721579666406 3.876608923736082 -0.016902175830334765 0.02478540804990806 2.1692987787963354
1.527831065872282 4.024183102384321 -0.029834183535234295 0.0031498401206973884 3.036404111480969
3.203899937741066 0.08006666906744085 -0.011138996843199854 0.027855389951088164 1.951204931064226
6.625552386346505 0.6224785396160807 -0.02175497406248105 0.02065722884466299 2.382071480966075
6.55863872463264 3.2371065605137543 -0.029991423246878354 7.17308599282397E-4 3.1176800881017144
1.3554336791903552 5.194022521437518 -0.026014531087039893 0.014941357780383777 2.6202495511935053
0.6882090962993501 1.5997747013955592 -0.009309057019536512 -0.0285191419472434 4.396878387537647
6.965879721204752 6.206327768534618 -0.013259722798290654 0.026910588089309587 2.0286130947380547
6.9855806027468175 1.8237221450148466 -0.015550118109273347 -0.025655288476016967 4.167483490150799
4.403500961176164 5.718470592002324 -0.01025958842597366 -0.028191148350672546 4.36335916542664
5.9048342376448835 0.5517371521410643 -0.013767557291161492 0.026654349855785003 2.0475739783961586
6.04169627707576 6.2652505995744 -0.011276503006375088 0.027800008632142787 1.9561462624314472
6.151083575234911 5.484847444957166 -0.012641849346138916 0.027206316272320424 2.0057793198365066
6.355146348187664 1.6996700355642829 -0.020177252422113913 0.022200866755473718 2.3084793392017477
5.730894159002565 2.2517161577390077 -0.011309211953109442 -0.02778671850002527 4.325862183124989
5.694672521550224 0.6444490099289111 -0.013767557291161492 0.026654349855785003 2.0475739783961586
6.499528468101387 0.16939564209894725 -0.014125678178953296 0.026466303406117043 2.0610570754755613
1.8371637531865286 4.6426354155290275 -0.02992369954561136 -0.0021382716160437687 3.212928861997575
1.3828913021330087 5.878663958059564 -0.024441630817638754 -0.01739559378044485 3.7601410575078944
6.594464753774842 4.471508076539081 -0.018621891592362133 0.023520738796268974 2.24046942320733
0.4487546174103586 1.2660432510383852 -0.01218214800964533 -0.02741523791381527 4.294237821958594
0.7167470404825094 1.1268164109119734 -0.01235226653149456 -0.027339010800226833 4.28802394893663
0.35015340180965737 3.4702973121029137 -0.029520646847637385 0.005341480103592718 2.962588897165055
3.710430474237433 2.7734680624766153 -0.024277407927112235 0.017624059246966573 2.5136654196410886
2.210490472549037 1.0104747238879448 -0.007467964295118258 0.02905562784189732 1.8223738609065525
5.878380767629064 2.39665487231055 -0.0076512305408777915 -0.02900790704636132 4.454498856537199
4.456658034614386 2.2192582701318493 -0.028500770325109785 0.009365153008645483 2.8241144684131294
2.3399075860768446 0.9323259927541934 -0.009159590038788305 0.02856749744589697 1.8810704355610626
0.5704794984408094 5.027158974484869 -0.021842688024316232 0.020564459143687496 2.386327193613115
6.769692102714752 6.227858594004618 -0.013259722798290654 0.026910588089309587 2.0286130947380547
6.844877278221694 5.559251030890318 -0.010372578797766421 0.028149771030758428 1.9238370887361935
0.4425013273152675 4.6587026596963765 -0.02695936654799703 0.013160264257633227 2.6874684236603987
0.8853953321931914 2.1999167595828926 -0.00956307746490581 -0.02843497053629932 4.387958267463645
3.3109420923681254 3.8156370051444948 -0.01056483009018427 0.028078183081630067 1.9306753437033246
0.04787690988395625 0.8228351924704483 -0.027573204268928637 -0.011820254072731923 3.5465814565185547
0.7618485928726492 6.387144478218978 -0.02409463470801945 0.01787312446907659 2.5033676109263525
5.976930838330842 2.579962693741 -0.0076512305408777915 -0.02900790704636132 4.454498856537199
3.2296354303595725 4.095491132343436 -0.014769478675059088 0.026112497001760954 2.0855448279363196
4.580088124923728 2.984666546170256 -0.017683686569827974 0.02423400976520571 2.2011818394610607
5.696197435425538 6.221670349521618 -0.011276503006375088 0.027800008632142787 1.9561462624314472
6.396891039407882 6.382727433487133 -0.012369830861472834 0.027331068117776774 1.9958039155511433
1.4025331379557757 1.8691321731387405 -0.028533431076554077 -0.009265166539223024 3.4555646489878917
1.2623979432968289 4.182924215622192 -0.02997946313400805 0.0011098604401690803 3.104588861399614
3.243829873399628 2.012350359127246 -0.021055749475348582 0.021369497280735405 2.3487993160948624
5.576025237182385 5.964607821993618 -0.011024969618522298 0.02790071764149912 1.947114722094132
1.4679123487172514 6.89760478627806 -0.02862349822936846 -0.008983059006448779 3.4456933964400442
5.091970041423954 5.49338246848427 -0.01556678571917094 0.025645178540486233 2.1163516204430812
1.7948617566674363 5.245061706097897 -0.02953279967365988 -0.005273873665103744 3.318306741487613
2.63808039689286 0.47002131574837214 -0.013909025335969426 0.02658080160949554 2.052888801700154
1.2919313227656133 2.879188317148154 -0.02408200371021796 -0.017890139666896076 3.7805240633917747
5.806302300708127 0.4503768370551671 -0.014160470049659757 0.02644770477702534 2.0623721096938046
6.920633030551694 5.510410872680318 -0.010372578797766416 0.028149771030758428 1.9238370887361933
1.1661684500906024 1.6854658833174756 -0.025992299347409285 -0.014979999153360018 3.664421767171254
5.257641157550463 4.839135311139834 -0.017756589678442684 0.02418064356032367 2.20419345055422
0.09246783673267243 5.68650303758294 -0.013228190754724646 0.026926102008211612 2.0274416988033015
4.4210946479138835 1.6503477479122688 -0.0275948537972633 0.011769623779359443 2.7384393431881437
0.6453049230208106 6.878415681661482 -0.02517338696452207 0.016318718967321857 2.566446663186167
0.3690461008116574 3.651889107542914 -0.029520646847637385 0.005341480103592718 2.962588897165055
5.23790944660622 3.1392912545164453 -0.007586273971776547 -0.029024962484474386 4.456737468637531
4.696748598694619 1.4851674851511294 -0.01648977078173723 0.02506167311984108 2.1527523480041775
5.752208008480442 5.094872458022643 -0.019917151554923244 0.0224345063225875 2.2968249984733067
4.730982699345117 4.123137514665614 -0.014519179549406784 0.026252493695115665 2.0759851119459154
4.0873654732458675 3.220647631247638 -0.015906500329243855 0.025435865373046873 2.129652429343839
6.895030415380906 2.901858680306341 -0.029991423246878354 7.17308599282397E-4 3.1176800881017144
5.6504894154102585 1.1472946968135882 -0.01357491011176095 0.02675297769328884 2.040359749461212
1.4122242561161071 3.874553411858255 -0.02992483479857233 0.0021223247343784314 3.0707893531792645
0.4125938812009851 4.520316609297138 -0.023146504460308796 0.019085055181185747 2.452070586040114
0.2803822873665716 3.1328819001055472 -0.029751141651127452 -0.003856108200575944 3.2704861936917355
4.479474558310338 6.276273312333258 -0.01797404648614772 -0.02401944322655712 4.069968830035787
0.5067021312696904 3.411919417826534 -0.028847760144301758 -0.00823448448033238 3.41964447326439
1.2404191440702206 4.73515775852791 -0.027112843084705244 0.012841095742348119 2.6992735564930777
1.6919904598034652 3.1057738690563723 -0.02994088675543406 -0.0018823656122744737 3.2043794186343115
0.5611363957482858 4.919077589084008 -0.022394572494902034 0.01996204204911354 2.4135612426015465
0.33187787664357243 5.7480513693629405 -0.013228190754724646 0.026926102008211612 2.0274416988033015
2.4389449989292427 6.564968715091346 -0.02130077284588962 -0.02112527103181901 3.922854187761795
3.9574571806692216 5.859892076306361 -0.004212653798325201 -0.029702753205308362 4.5715015642072245
3.2752977462077246 3.084418279045519 -0.01557159458276528 0.02564225891277902 2.1165391464267933
5.555544797380499 2.953508506854744 -0.007586273971776547 -0.029024962484474386 4.456737468637531
4.460112859469373 5.954644852035357 -0.01428776592246042 -0.026379153605545776 4.215993844970217
0.23258613868744699 0.3188940692381677 -0.025275639181298996 0.0161598905929707 2.572743230701233
1.4502796489802805 2.599482249856092 -0.026224227210886974 -0.014570171831237103 3.6487248629830495
6.189396779832924 2.9871322145804555 -0.029957243581024376 -0.0016011111851379105 3.1949883956245033
1.2796847851067101 3.7660014069873546 -0.02997946313400805 0.0011098604401690668 3.1045888613996144
1.710463783909964 3.5034488426245507 -0.028796290508172995 0.008412707826194 2.857357272005218
6.958763106431621 1.7212602657193525 -0.024867055493190862 0.016781822043466146 2.547938039643997
1.2336178719257171 2.5237460506500407 -0.016488816938955573 -0.025062300691548887 4.130471018519431
5.472008470325322 6.498041277627689 -0.011135331761202683 0.027856855288563184 1.9510733591996883
4.63311262211965 4.856106598290594 -0.014985972717871818 0.02598885572123562 2.093855276149634
6.52159591652142 2.210015321868039 -0.027356533501037634 0.012313410364582413 2.7186484384393634
2.8858697378832083 2.855850261704965 -0.012822261034871933 0.0271217555101731 2.0124208596390143
2.6088121132780535 1.7904853549824449 -0.010361905658752047 0.028153701552711005 1.9234579597625514
2.4289103786318793 0.4972283657691972 -0.009134050426949902 0.028575673619320615 1.8801765541169022
5.658042436843998 5.74419509765442 -0.010864335110464961 0.02796365896315284 1.9413638634931252
6.894531643141694 5.598360102890318 -0.010372578797766421 0.028149771030758428 1.9238370887361935
5.910652215326457 2.602577885106181 -0.008267714102164484 -0.028838254169156467 4.433185074938452
5.513491088173096 6.102418508675991 -0.01130282954554597 0.027789315289591665 1.9570934420459973
2.4478095915210374 2.981546058179021 -0.01055970897926739 0.02808010944197297 1.930492962413846
4.366302712715861 3.481545452859098 -0.011002882869107913 0.027909435117334274 1.9463232263834223
4.695293880022327 3.8733817530977332 -0.0177670762044955 0.024172939480825446 2.2046271940424527
1.1917724423163014 0.317360359079212 -0.026358328883339187 0.014326147370375861 2.6437419522541727
2.797715908079802 1.137536550250864 -0.01331413429040788 0.0268837093440802 2.0306360405206956
4.260536635320876 6.055787330114902 -0.022222985362892227 -0.020152888665416622 3.878178788842019
6.654268587238237 3.8695671213406975 -0.02629268821154671 0.014446264105656956 2.6391792093663837
3.264737395734776 3.6435735187200966 -0.010465735350560746 0.02811526958028365 1.9271484332819648
3.9928295181919706 4.965016974586408 -0.016316596067607502 0.02517476301311564 2.145857988391445
6.325875626586938 4.69336498187654 -0.01930447888660534 0.022963821435392856 2.269835657339477
5.5123546022187995 1.328989544790599 -0.013617022165428304 0.02673156761857101 2.0419344864144517
2.1434510429206597 1.5850795712638777 -0.006848415783993504 0.029207861976692995 1.8011075356897468
1.0085177971086061 1.8611686438452053 -0.0183614348571988 -0.023724622441354988 4.053741478436028
3.107832371962286 4.700134036332182 -0.029627525030357028 -0.004712723265328416 3.299336812752404
4.161912866146124 4.3520379862627845 -0.011082050290874562 0.027878094650648687 1.9491614007551221
4.259064997145076 4.131835922234041 -0.008837892090127506 0.028668652975039857 1.8698294782698412
1.5059118763012584 0.20348688056413708 -0.02962933199245612 0.004701349346816952 2.984232379734073
0.8143266698317249 5.296241737869043 -0.021935651374856133 0.02046526810869509 2.3908586978509137
0.7137251963812222 3.9683860262734982 -0.029991983867284234 6.934722089328895E-4 3.118474854195926
3.9667109739676736 2.2861012573276187 -0.029360762696556512 0.006160001126338814 2.9347883295234922
6.515261552309233 1.4844955371869923 -0.02500000251851178 0.016583120154977007 2.5559072620046344
4.528298981457668 3.152924985451134 -0.019611785197372368 0.022701935630516753 2.2832943928021656
3.723470211586383 5.900164214907645 -0.0033683672611635952 -0.029810301944024672 4.59987281491191
4.720487610990376 6.807223205189463 -0.011200653512513129 0.02783065505683665 1.9534193689582742
6.991438604246956 0.5212943741384484 -0.027573204268928637 -0.011820254072731923 3.5465814565185547
6.695882436960757 3.696278001697149 -0.029176025112606724 0.00698280449594156 2.9066778295092086
0.644027006589008 2.0003383297746846 -0.00956307746490581 -0.02843497053629932 4.387958267463645
2.049444948036779 5.389613221344514 -0.013276376690300325 -0.026902375768270915 4.253953257814834
5.696944604144673 6.644301101353834 -0.013149555173465223 0.026964591573765656 2.0245233646634624
3.338423793655959 3.675472700635117 -0.010465735350560746 0.02811526958028365 1.9271484332819648
5.5153387024649545 3.403703320656774 -0.015809678478503047 -0.025496157875381096 4.157334876183112
3.2468535317534037 1.4654382987236256 -0.014582591137601643 0.02621732319886113 2.0784021799319143
2.0788316980946204 6.5766338020157065 -0.02169412126883189 -0.02072112695712315 3.9040551103027146
2.884633739081396 5.508994661406729 -0.01971071491470901 -0.022616094215205856 3.9955249010920713
0.4321444554532564 0.16639851288552726 -0.020378661707874977 0.022016133788564922 2.317589314565987