300

0.7089733675962183 5.508773203566204 0.008594123237540557 -0.02874266942679412 5.002930169735444
6.442870821016077 5.161602197324212 0.010490195823524215 -0.028106152201682017 5.0696112346070805
5.056125497420043 3.498041000924632 0.010064248640280321 -0.028261473763882442 5.054498337133263
6.015660434033774 6.805561258291177 0.010756389138172355 -0.028005358285660403 5.079099174440368
1.0887140781227724 6.01594185446669 0.010064141858369046 -0.028261511789970186 5.054494558779724
4.133158141242515 0.13310201384729697 0.007279305836842485 -0.029103465541644877 4.957478868778805
3.501708326652367 1.851209171230067 0.009153419467545127 -0.02856947517983426 5.022447096915509
4.969411050955052 0.5953681055803746 0.010401661274765108 -0.028139037700764608 5.066463072931707
2.593544231144025 2.4023320005251767 0.00889762270170512 -0.028650171208181318 5.01350628452005
3.881415264203439 2.055628428736528 0.008760970301979372 -0.028692253298892988 5.008740105126274
1.1841274189117668 6.74781217292037 0.009399570251485488 -0.02848943802687917 5.031074995455334
2.4483372588848105 3.3665472448216884 0.0089609152851247 -0.028630438300047356 5.015716196677214
2.643792455149691 2.355948868681212 0.010143131720287052 -0.028233258382710746 5.057290917104716
4.157364894606536 3.4934338184534277 0.010071448645834976 -0.028258908722282764 5.054753112674369
0.11488858395582226 3.5627330934686103 0.00845872741595125 -0.028782806161016243 4.998222844148406
6.156454891356544 0.5740164716371701 0.009085057672720102 -0.028591287607999567 5.020055184740163
2.7767866769685976 2.658077666155403 0.00955841901265924 -0.028436536814078366 5.036655869540436
2.694223121547163 2.347186348505206 0.007437455938403454 -0.029063452120563847 4.962916657756276
5.983388888653357 0.7665987880973523 0.009695566645733745 -0.028390068464484816 5.041482741253855
3.114896366914894 4.8595178429797645 0.009734676261240735 -0.0283766819429058 5.042860646772084
0.6242224622726061 4.169074879186171 0.008443991736500133 -0.02878713260388949 4.997710921452448
6.592785889314791 4.754334487911412 0.010364810279274415 -0.028152632343613045 5.065153785422654
3.434471874416184 3.6855865301752027 0.009213083614317668 -0.028550290546955757 5.024536185493309
2.265426490436383 2.2629065088321543 0.007103272214557491 -0.029146929921449623 4.9514348553430825
2.133470201284821 0.9952908915061672 0.008560831667743426 -0.02875260268491465 5.001772106999022
0.6516366548314579 1.6501107172987155 0.00856050932654059 -0.028752698657173236 5.001760896164706
4.2517273938310165 1.4558339391825375 0.00868854774933399 -0.028714267150800544 5.006216959195942
5.223425753925742 4.082984537903426 0.009055113467047904 -0.028600785305632564 5.019008039518438
1.0098138798911476 5.5599394474541155 0.009936987112290014 -0.028306470764300203 5.0499989226909054
4.095854688536069 1.133196530482339 0.007082558929221651 -0.029151970070890623 4.950724266139273
1.0131423577191934 3.6953882621692413 0.008785920693933634 -0.028684623015823456 5.009609807068386
4.482589111615965 1.6859855718584145 0.008905161217440673 -0.028647828952494646 5.013769418160697
1.4157579757726082 3.8796332983991992 0.008028553246728604 -0.028905749129964502 4.98330944601862
5.42400115333095 1.7041542928749784 0.009368841487819399 -0.02849955805229467 5.029996585137478
1.6825514443200897 2.90267188953087 0.009119001395355264 -0.028580479589249527 5.021242614141451
0.4022711677436514 4.2839570962413145 0.0083187139299234 -0.028823584068468973 4.993361813635487
5.9196219041789035 0.8297383622358443 0.010921084690256572 -0.027941544502554677 5.084986723817938
5.558661300269509 5.272713066583916 0.009005789934051624 -0.028616354548819358 5.017283957507207
0.7669764803427982 4.871391308485508 0.009944529532598586 -0.028303821868703075 5.050265390851134
2.4816903022776793 3.0975256557711806 0.008572684034824229 -0.028749071088281612 5.002184351239414
3.322927003013392 1.1347526058363673 0.007576583814674725 -0.029027493479444774 4.967706650717185
1.701744938345646 2.3993326126258365 0.009749616387402177 -0.02837155230681781 5.043387187412997
0.6178181058611762 3.3716821989660435 0.008575958402778805 -0.028748094501615362 5.002298247913013
0.7291816169286384 1.041489396722204 0.008485846556279967 -0.028774822470751603 4.99916517408682
0.6298604414763043 1.2224667156558073 0.009046192505608315 -0.02860360818413432 5.018696141748947
3.5457072356182806 3.7271398991314397 0.007624825692449176 -0.029014858834048578 4.969368949529791
6.77666196465552 4.573061627809337 0.009916395331111983 -0.02831369109877941 5.049271557046139
5.759009334878073 6.214511458296347 0.010675339849632173 -0.028036353527070085 5.076206713471156
3.8592346551549475 4.037899296292329 0.010240090076012934 -0.02819823673982367 5.060727234363583
5.4437467987992205 0.46407773536008495 0.009478846610954309 -0.02846315981977405 5.033858935477906
0.5623709713760774 3.76400564505635 0.00881038157341847 -0.0286771193903915 5.010462670910245
6.562819197337891 3.862722197022023 0.008669811065863486 -0.028719929945635853 5.005564501818524
0.1634470777568377 2.38027348957353 0.008221488295428306 -0.02885146669076176 4.989990319683823
6.031611412891181 6.596577806982349 0.010311775454743155 -0.02817210121682365 5.0632706053166725
0.36720871916634445 3.3226674130577147 0.010293712753410027 -0.02817870610497018 5.062629524857563
5.842513465934606 5.144053756679349 0.010371608118921348 -0.028150128685807543 5.065395259889966
0.2291864227003328 2.3541681860447716 0.009677421613854148 -0.02839625874842861 5.040843677868262
5.405252719639468 1.317887808229656 0.01047877129282131 -0.028110413589855696 5.069204787490122
6.114398920569182 6.6757450842342045 0.008179575572177945 -0.028863377201204812 4.98853791288321
1.4498612039657162 3.9294319000759375 0.008022993995229379 -0.028907292632699335 4.983117127769567
4.122617035109746 0.16452753755652993 0.007937571627557784 -0.028930865121136448 4.980163288682064
4.117695690904978 1.8944676457696192 0.008635418488558323 -0.028730289722302925 5.004367201846639
0.7181269298241368 3.1853239514854494 0.00840846635184997 -0.02879752929696933 4.996477072751404
4.380571512151172 2.620888634279199 0.007479307447295952 -0.029052710030371062 4.96435692841796
5.776544977302968 6.9707462479246525 0.009926057247974678 -0.028310305323502417 5.049612822847898
1.1965328975880385 2.5425960372993672 0.00798122699220801 -0.028918852254175828 4.981672556431124
5.00884575179806 5.4876367862522555 0.010581519186814391 -0.02807189789984067 5.07286244331517
1.9033908868693266 1.7925371237685175 0.007843709127627899 -0.028956453980437016 4.976920353299087
1.563484793050613 5.081656771109322 0.007210573969799996 -0.02912057044472245 4.955117925091139
2.451069264604417 3.2554460635063203 0.009593971408290165 -0.028424561784078758 5.037906369157028
6.87192265113308 5.028439267162607 0.009916989699137643 -0.02831348292434539 5.049292549371322
5.702058394917147 6.94461467450057 0.010588684505598436 -0.028069195935061974 5.073117704417356
5.288591215672037 2.614493009677963 0.007627688090297388 -0.02901410647249257 4.969467603635746
0.5634884751048911 6.489974289959928 0.010309467560392594 -0.028172945863384837 5.063188685273337
0.6729954014230547 3.400857112812407 0.010269288313438969 -0.028187616386198138 5.061762892536598
3.2236849985951173 2.257822968827719 0.009231989721722206 -0.028544182695919244 5.025198459988183
1.6948187804264194 2.308133693757147 0.009732366782485718 -0.02837747410907406 5.0427792614105735
0.5701291987829016 4.838564311166729 0.008505367903779888 -0.028769058323507058 4.999843659669704
6.529385406027109 0.7538039216888236 0.008476593545456422 -0.02877754961537077 4.998843623109565
5.697028183484909 4.886605019366891 0.009724409239239494 -0.028380201989200035 5.042498857287604
5.585925503579155 0.5756488698405288 0.009101625001044793 -0.02858601795179518 5.020634691860998
5.562066400688322 0.9117550884629353 0.010381808390213397 -0.028146368407822964 5.0657576366525365
5.37318349972439 0.49578683255712475 0.008883973695805958 -0.02865440649136233 5.013029917493575
5.520547188434752 5.348592293419523 0.00959861009504842 -0.02842299569438863 5.038069566555604
5.342187258065858 2.5896818294765387 0.010012571765114948 -0.0282798233135998 5.052670403801441
6.864021740453751 1.2948255022537123 0.010324887630015031 -0.0281672983338403 5.063736076199916
0.38981486488943384 0.5844471955123399 0.010106527801292016 -0.028246381994898238 5.055994736264132
1.3605318225789196 4.124079442084989 0.009187580112056871 -0.028558507868663884 5.023643030628456
6.403889353891509 3.2478237977076163 0.009370996223090941 -0.028498849622165718 5.030072191995929
0.07799953007957097 4.148474382584972 0.009998692254828799 -0.028284733571190424 5.052179654442762
6.941155775741693 5.182197856342261 0.010037210879186175 -0.028271087665081913 5.053541799578651
3.88647897332136 2.8505022927282586 0.008991743012392136 -0.028620771436128293 5.016793124987727
6.428838345554332 5.9998091899014385 0.009987488805684574 -0.028288691510148102 5.051783586890491
6.812277145023489 3.7939695147638735 0.010246844486005973 -0.028195782983978453 5.0609667778468745
3.6264208635018695 4.451001857434196 0.00803260361312629 -0.028904623837621383 4.9834495719573795
1.2560316694219968 4.19610475386769 0.007525260018682501 -0.029040841269688082 4.965938947790991
0.8131274176085298 0.2093066795031673 0.009335546182908107 -0.028510481887663523 5.02882853469721
3.204852671439695 1.0479113851382484 0.008135987995164497 -0.028875693919671246 4.987028100969463
0.017929690609423808 3.77923655798947 0.007826674083194438 -0.02896106304670898 4.976332101425849
5.2619387277494365 6.583160708947978 0.008231909113453457 -0.028848495148756752 4.9903515267827405
0.891573168276854 1.1315340581352036 0.009737015097163551 -0.028375879492935702 5.042943068987481
0.9671562660047164 4.1509525669247695 0.009380024498876571 -0.02849587935825942 5.030389002896573
0.43930912350781265 0.9475666107579734 0.01105881445228265 -0.027887320109863268 5.0899207121256556
6.871337537457577 1.3671653639779235 0.009494137583207381 -0.028458063032313515 5.034396203341071
2.8128939727318767 1.5422965036225122 0.009193328993856855 -0.028556657752802774 5.023844339045162
0.23232750396424345 3.912277003283618 0.008257895670815443 -0.028841067232159207 4.991252436913857
3.5936681079698043 2.9378075245571136 0.008196684087271882 -0.02885852335053656 4.9891307039877795
5.621062865307136 0.85164828722852 0.008631548128523141 -0.028731452746162844 5.004232490998584
6.2385182680114655 4.509189519168398 0.00922435002864713 -0.028546652457845167 5.02493082708322
6.090193666351736 1.4441558783130655 0.008623517770980577 -0.028733864015366643 5.003953005634442
4.56564568320522 1.6253041282143121 0.007803347829180669 -0.02896735684622988 4.975526753971314
0.5983156153935919 3.265173906620422 0.010296787171284474 -0.028177582826588787 5.062738631327478
6.510720712576894 0.13081150516293316 0.01145481592025913 -0.027727011960054008 5.104161457661167
4.30857167329709 1.1504693479023254 0.008491088119092114 -0.02877327618735504 4.9993473369356325
0.22799439526999826 2.8822885324513696 0.009047536290524863 -0.028603183163271102 5.0187431216576135
5.136466677200563 3.835143500070408 0.007891879498274891 -0.02894336258945578 4.978584274271099
6.880386555979066 5.526820558117745 0.009022966634694443 -0.02861094324046641 5.017884254945336
4.661317608134868 0.37639396000345793 0.009546815767134054 -0.028440434397322426 5.036247857470978
4.267467191431684 0.7014921284256677 0.007193678336542145 -0.029124748788450762 4.9545377709085745
6.410848051668625 1.964941138721913 0.010537679405014351 -0.028088383947054277 5.071301205676985
1.3927733968802851 1.2677114774034013 0.009736136135901623 -0.02837618108807439 5.042912093503847
0.7274033018514672 5.036931912288756 0.010296310320692592 -0.028177757075040576 5.06272170833162
3.130646706638139 4.14137437692782 0.009273606397950579 -0.028530689167559378 5.026656778421291
4.5700905732168 0.3659019828189253 0.009471970012149274 -0.02846544895287873 5.033617348728472
2.3958692565740902 3.052900516375095 0.009176729250576585 -0.028561996433401012 5.023263101862689
0.9982128397091681 3.8425417765360192 0.010277753528594976 -0.02818453090625163 5.062063225786225
6.780724505525994 5.44205257315822 0.010342971577293051 -0.028160662970734694 5.064378171040129
4.812768845938002 6.573471789091589 0.011020283114960262 -0.02790256905853154 5.088539410539642
6.687058228695193 0.17706407902960208 0.010368798376146751 -0.028151163745657418 5.065295448938887
6.614199923181079 0.5433744843803141 0.010925445610602226 -0.027939839623909304 5.085142801567441
5.273313714647174 1.410438821702149 0.0104318511887998 -0.028127859512851953 5.067536169641589
4.269249647951566 1.2229490715531253 0.006883817405146536 -0.029199538659585043 4.943912419799376
5.983832787886572 5.6775733378826 0.010546252598190179 -0.028085166122620082 5.071606445174885
5.224029417541917 1.8839602376801432 0.009363269287407798 -0.0285013892337108 5.0298010725834175
1.4034611195492048 5.961422383156806 0.010594321821929797 -0.028067068695062942 5.073318548429674
3.0374271310913548 0.5369362174329654 0.007768157694631027 -0.02897681359348099 4.97431213203588
3.8590345697729838 2.057963894388705 0.007201667984296206 -0.02912277421956849 4.954812105242169
3.866734284192514 3.569110760210378 0.008470821896269513 -0.02877924905903003 4.998643068203785
4.964918396418948 2.913937470627169 0.010088215851323268 -0.02825292729854926 5.055346517744065
0.3250590155914142 4.317592393527528 0.009399875015645077 -0.02848933747369797 5.031085692917921
0.7953233509494754 0.1286566822798626 0.010725907341461768 -0.028017046805514256 5.078010974329967
5.960193430961908 0.5406230297942948 0.008147875322217966 -0.028872341916332166 4.987439797288254
6.235027207201003 5.183362522568575 0.008159541211628804 -0.02886904721697152 4.987843871018631
4.559314473979015 2.43505250874048 0.009147681718774035 -0.02857131287099015 5.0222462684373745
5.279162888904732 3.7770104870095342 0.010115847749864511 -0.0282430455918189 5.056324707690154
6.687193379465112 4.418187166160045 0.00917714175091311 -0.028561863897225745 5.0232775441757305
0.7209179764478341 2.3699578533764107 0.007463772659254029 -0.02905670486636384 4.963822254726978
6.435724024882003 3.0321228653063264 0.008172337779207 -0.028865427334833375 4.988287161356613
0.23128030218833995 5.0948958477954776 0.008161934194591724 -0.02886837075768486 4.987926762947141
4.920397479816598 0.22947216146769822 0.008217393373123105 -0.02885263326199798 4.9898483913875085
6.939760920553448 1.7386800967514513 0.009238348934058114 -0.02854212516566675 5.02542125289765
4.071212476522801 1.341926080685117 0.008934970062830434 -0.028638545877476457 5.014810113885915
2.21496154886791 4.032788059622261 0.008541716692291194 -0.02875828708300677 5.001107364205945
1.3736950918835664 5.132146886656127 0.009328505465029165 -0.028512786356105588 5.0285815927712205
3.487549608217713 2.1401336566097644 0.006563504940723842 -0.02927320281235201 4.9329565708888925
1.5583621867772997 4.42320942341874 0.0090767068463089 -0.028593939791958876 5.019763122376103
2.7498693104363805 0.2267637292470429 0.007432086379375883 -0.029064825684140882 4.962731909154904
5.282487905782268 5.800960224664137 0.009961634733271283 -0.028297806159504366 5.050869797499772
5.351475124056135 6.706472821131073 0.008944436317259444 -0.02863559077383406 5.015140673363414
6.43700352502139 2.0482127424811427 0.00806289649074925 -0.028896188333056374 4.984497753590536
4.245590264262624 0.38874765843261155 0.007830143876778009 -0.028960125118323573 4.976451912282268
5.109490635217078 5.889530994517692 0.011183750768426775 -0.02783745172873612 5.094404754058337
5.768002894035445 2.700136525105989 0.008391581784043903 -0.028802453978119685 4.995890802882477
6.09575146361868 6.317861116472136 0.010412999981337556 -0.02813484372426234 5.066866055847825
4.569390271373106 3.8173181494285466 0.00917964215380227 -0.028561060378216638 5.023365088814569
4.664519114839972 3.7646180531185807 0.007961975084877665 -0.02892415863508889 4.981006895832774
4.860190304427441 0.571145219343335 0.008036956344621704 -0.02890341385917319 4.983600164562166
5.658225159934092 5.56608091808017 0.00984825617362242 -0.0283374637245239 5.046865988268474
6.459616185945628 3.1200962295058225 0.00901066739516864 -0.028614819116912913 5.017454405212288
0.17041351212333578 4.152050623763684 0.010336253099240527 -0.028163129653297418 5.064139604789256
6.685918463712173 2.9704318414087854 0.00912544948351863 -0.028578421435127406 5.021468233879425
4.324525371630238 2.841870019872263 0.00928462179526943 -0.028527106374793918 5.027042892082966
6.385260358563292 6.244147433254963 0.00863780586055922 -0.02872957204546021 5.004450298879108
5.80587724643636 6.065623432817121 0.010196162563774749 -0.028214150155074284 5.059169863517299
3.981994655758372 0.13020352675639243 0.008058810173328644 -0.028897328225811026 4.984356342662214
5.380791806358814 3.3702610758664484 0.008611800300032054 -0.028737378022226867 5.003545237492647
0.1520052426338699 0.12174031738700572 0.00882697896360175 -0.028672014968887903 5.011041490099247
3.8101042032621795 0.7439951870504552 0.008547962094676368 -0.028756431350707896 5.001324540001313
4.652181969111905 1.9193064880069295 0.007878456258785993 -0.02894701931077526 4.97812052748596
5.847369344982515 2.41175738103814 0.007926861099118413 -0.028933801566943862 4.979793096337406
4.11065004157961 1.1703422290074903 0.008419365265071888 -0.028794344731792404 4.996855560629273
6.849319929379463 0.33270532677147535 0.010087774555715563 -0.02825308486719738 5.055330898322669
0.7976463133020764 3.5113725826934776 0.009489327070743651 -0.028459667456673693 5.03422716945968
5.5563957313086565 0.4095096580371242 0.010444183364202378 -0.028123282771663025 5.06797463807811
3.1894281254204127 3.7320907949771867 0.0084043819055323 -0.02879872158249323 4.996335242467368
3.5957471953398867 1.562485387215935 0.009163536028164648 -0.028566231943687084 5.022801220843368
2.6921307308241382 2.79380708034781 0.008401175587925754 -0.028799657094153747 4.996223908861218
3.067736693484443 1.9985562867065358 0.007360201167638237 -0.029083112604600916 4.9602594165014295
6.8791702984869385 1.6156669723420725 0.008393513128313343 -0.02880189121159983 4.995957858388875
2.8861491642303925 1.5640658676445165 0.007889430028476058 -0.028944030365962863 4.978499645488481
4.828833302545751 1.352621988069481 0.009209025810067528 -0.028551599668486354 5.024394060452334
5.1816449162243705 2.8953890597914866 0.007734685106997079 -0.028985766270630098 4.973157159845496
0.11446733376809463 3.3541003286315494 0.007678440614712794 -0.029000716365743952 4.971217243089435
1.529481993682794 3.359643768235253 0.008580368171028353 -0.02874677863778137 5.002451644833473
2.846539851946704 1.2889351181312447 0.0068032722666935665 -0.02921841006052927 4.9411548739019775
6.996451215026339 5.675180952417857 0.00895612961127573 -0.028631935707982267 5.015549047692536
3.7050974152510956 0.7375704122343603 0.009249057230255054 -0.028538656947226276 5.02579645084256
6.3955117720625285 3.024831652760693 0.009307284199535174 -0.028519720560150705 5.027837411403013
4.098593635514028 3.5303374249728567 0.009003002164054752 -0.02861723173254229 5.017186540232638
0.1661884822049318 3.7681347275879897 0.007652862848383907 -0.029007476453904522 4.970335375772837
0.029871262707597525 6.329636879533264 0.009623428707273007 -0.028414602230473575 5.0389428832175795
4.323580405408816 2.926592979226199 0.008210159785989105 -0.028854692448344123 4.989597692294904
6.515076504589004 2.6631003485125015 0.0074615779557058275 -0.02905726852976592 4.963746723717174
3.9164870919415624 3.8587015781686222 0.008277397371304123 -0.028835476288029776 4.991928680619019
6.514961241314127 0.5848268878806687 0.011009820231740547 -0.027906699168206123 5.088164459086968
4.73175483676862 2.668974873139692 0.009472734372416513 -0.028465194598134028 5.033644201060346
0.29584762810236903 0.7204747596027793 0.008740490456497444 -0.02869849868163624 5.008026406702544
5.766775587404025 2.7157378153719707 0.009093135556143087 -0.02858871955435581 5.020337726970222
0.4022365423448829 5.1914179960925715 0.010994852424748538 -0.027912599666781328 5.087628164044012
0.6769929973294853 0.4629131274772026 0.009312193101582942 -0.02851811809427177 5.02800953931499
0.927611029962367 5.744823012970201 0.010047765597109085 -0.02826733815741325 5.053915163981595
4.556039175476503 0.6230190223826548 0.009175509613726153 -0.02856238826373626 5.023220400769041
3.4512131510631407 2.249002646103837 0.008385217279210114 -0.02880430751086434 4.995669839070473
2.5054510409611574 0.8713675913495034 0.006564772348116309 -0.029272918611190912 4.93299986692154
4.844790272837621 0.83825849917488 0.0096040811648498 -0.028421147495816868 5.038262060257768
5.545493020649558 1.1969325051400768 0.009064315517314254 -0.02859787027389585 5.019329797087519
0.24337395042558674 5.955001995603799 0.010800745678524092 -0.02798828134751834 5.080683516210751
2.9729587354010385 3.089611636838277 0.008141629134110134 -0.028874103882936507 4.9872234657721926
4.343208154760032 0.2889167261985478 0.008386649829402038 -0.028803890442768154 4.995719573318116
5.584015075087576 4.263620757520874 0.009105727593553 -0.028584711385494302 5.020778212594378
4.752950736140801 2.654972434806412 0.00929130407485072 -0.028524930650023716 5.02727714417629
6.155675850838548 2.3595459183052108 0.00825718373103857 -0.02884127106824302 4.991227752069317
6.279650077131508 6.815355042692665 0.009950651545921882 -0.028301670159403002 5.050481695420888
4.763644742166129 1.6108345968052324 0.009208537106072516 -0.028551757290333032 5.024376943980693
1.4128369921385717 2.0856882024198637 0.010228074750200494 -0.028202597165940427 5.06030116528628
2.2825335017307657 2.2952291233053033 0.007661821286127738 -0.029005111525030203 4.970644220386903
6.67170210465656 6.7337553282330305 0.010579644154520377 -0.028072604609542782 5.072795650229132
2.1115028656427897 1.8029171284267085 0.009480894036094825 -0.028462477901200756 5.033930868800803
3.9282968399110842 5.277860453262096 0.011587019027981538 -0.02767202540554619 5.108934206902054
0.9825429291917578 3.200607411210977 0.007938202775036481 -0.02893069194994138 4.980185104461335
5.158924825550453 6.92666379711304 0.008885522031876448 -0.02865392640147312 5.013083952779263
4.207368684907544 4.4014711823432355 0.009535452244496596 -0.028444246351290885 5.035848329079968
3.946603478212955 0.4080991760318294 0.009678002330351175 -0.02839606083409664 5.0408641283975335
6.594225623879364 3.793686368233647 0.009067037731500296 -0.02859700730453363 5.019424987926252
0.3012075780843474 3.607236993510001 0.01044288756624757 -0.028123763960016302 5.06792856284288
3.526591054364257 2.235235317678766 0.006289797681750297 -0.029333231071988108 4.923616119648773
5.175921810812435 0.11441908757815861 0.009501890294027777 -0.028455475410547274 5.03466864153362
6.945423806940578 3.5632846949310615 0.008573787642697641 -0.02874874198044021 5.00222273906025
5.668847640720144 0.3977841102959266 0.010397195160280145 -0.028140688207630014 5.0663043616230246
2.21623151022012 3.862517660062355 0.009858908660030929 -0.028333759369931252 5.047241928144177
6.819401006352711 0.4195630905540585 0.009118658359689714 -0.028580589037303986 5.021230611718341
5.211039406594232 2.9834461849615512 0.007776224047324094 -0.028974649947252483 4.974590515087771
5.513840655312531 6.353863848668457 0.008536595395291238 -0.02875980770201867 5.000929288175938
4.691484851504685 6.621106341669248 0.00968048864486182 -0.0283952133219087 5.040951688134341
3.8300467795100945 3.4847502769127603 0.01026006187386054 -0.02819097604455286 5.061435589597725
5.848761896970186 3.2383655070087407 0.009674580864534148 -0.028397226714867593 5.040743640010241
0.9334858289690473 2.9472774097854892 0.007977236179742178 -0.02891995337016663 4.981534558683196
4.051477404868114 2.0843748851002646 0.008696745896075338 -0.02871178522521887 5.006502479316042
1.116166440941528 4.211593077505253 0.00945700899794563 -0.028470422912432746 5.033091809613354
6.697120155298276 4.756709651965952 0.008952343641499865 -0.028633119692490668 5.015416821512229
6.779047822283586 0.10416497718497136 0.01058445792634578 -0.02807078998541751 5.072967131552923
0.011389840417508576 3.4201174501113614 0.00844655505663928 -0.028786380593523068 4.997799966570423
2.5978872424020185 5.190648001304953 0.009612896387080964 -0.028418167130398218 5.038572240710099
6.818161866636124 4.67617809950184 0.00946823147375583 -0.02846669269092178 5.033486015591158
2.597036922354461 2.810659829454511 0.009195044233957636 -0.02855610550364952 5.023904404081503
4.740365478595748 4.211897243174782 0.007965959991511812 -0.028923061411504022 4.981144669320407
3.2396380237799267 3.4634519931375203 0.008170562542878795 -0.02886592987819561 4.988225661457308
4.42551422212517 5.889741404997061 0.01081660883508551 -0.02798215455086956 5.081250356753693
2.948784565064883 1.7412327206121374 0.009052078592198032 -0.028601745980982876 5.018901929709003
4.804962564953534 3.069829766170281 0.00785327898656535 -0.028953860004482496 4.9772508594970954
4.977406977784053 2.844722162795065 0.009446842227521861 -0.02847379798917436 5.032734731400507
0.7954570876953759 1.504891736729948 0.010609721023504905 -0.028061251215927598 5.073867262562331
4.886993168011995 6.82143629342406 0.009071418924147324 -0.028595617823411714 5.019578196233395
0.30241783874797784 2.949262663553118 0.009347259820559799 -0.028506643679096076 5.029239416072603
0.38434646309276393 0.06654842614061689 0.009617012874406947 -0.02841677433090341 5.038717098335107
4.866610985692111 3.6464773929300467 0.009822767129902703 -0.028346309211460016 5.045966646510454
6.0124141625482554 0.5670065431596097 0.008694584483311521 -0.028712439824274048 5.006427200537411
0.28654795708852243 5.699339206826264 0.010724310288078145 -0.02801765816132785 5.0779539720352584
5.287138352644033 6.152032696730162 0.00962315276767547 -0.028414695683923484 5.038933172043672
6.926282396425767 2.362887473020626 0.008145827038008336 -0.028872919870821037 4.987368855218017
2.876279738263256 1.3479166865239784 0.008593226491802728 -0.028742937540560808 5.002898970769822
0.7640419970704928 5.053918343913949 0.008636277256348458 -0.02873003158980996 5.004397092657218
2.5036924524706197 0.608784425509965 0.0064659851140435815 -0.029294897789631673 4.929626439450271
2.57021074932579 3.973412444068195 0.00721226560871541 -0.02912015152414803 4.955176016366719
0.9839941179465713 1.7114338045720645 0.009940210903240059 -0.02830533884621605 5.050112813801921
3.946336297946593 2.857974846275058 0.008032678163165012 -0.028904603120039753 4.983452151131765
1.4072215904822551 2.948605588566281 0.008098272077130556 -0.02888629414384558 4.9857221932630855
5.921566172274574 4.2747732627887345 0.009693174521237793 -0.028390885292657334 5.041398483264644
2.655206616071585 1.598072245428303 0.009053897069646771 -0.02860117039304933 5.018965509594904
2.180256342681716 4.7835493943009615 0.0069956659678231245 -0.029172943932120415 4.947744651043503
1.2131490403384817 4.0161404712240705 0.008051663237002005 -0.028899320391973064 4.984109029488834
0.21535869621983483 2.8018656281298044 0.008189965901986465 -0.02886043067115075 4.988897914417388
1.3043432408658526 4.123172800854364 0.008138850424512421 -0.02887488725116366 4.987127231724082
6.603813246254744 0.1859800129968501 0.010990807609554362 -0.027914192592474563 5.0874832581655465
1.6388969163196612 4.491870556031243 0.008995103214936047 -0.02861971554982067 5.016910531485015
5.364667766717113 2.6283283021182853 0.009375204217263615 -0.028497465604586707 5.030219850459403
6.502380579816615 6.768028417716313 0.009232181073027779 -0.028544120806828638 5.02520516368382
6.495347232551341 0.7135369895424326 0.010549456924124812 -0.028083962658535834 5.071720540800033
4.915959961884395 2.8660100739982073 0.00910531409468977 -0.028584843103243433 5.020763746892592
6.030058590155331 0.1513942275784106 0.010133913330153439 -0.028236568499322618 5.0569644280552275
1.8889775999076872 5.015512701627228 0.007837119316867104 -0.02895823822011948 4.976692783731435
1.654504954485053 4.5336555493615 0.009361760593603918 -0.028501884825183836 5.029748138999218
6.016513362117326 0.12977040337530527 0.008901882647086665 -0.028648847888484055 5.0136549762582625
1.6244219890368676 5.653513427710377 0.008157732026002567 -0.02886955850358526 4.987781202874741
1.2195990772213396 5.151314053028274 0.010150535939512473 -0.028230597233155828 5.057553181135473
4.074986308621384 2.233400153192653 0.007913116345331641 -0.028937563644945045 4.979318085821307
3.297392987096059 1.7139658417401875 0.008895487489936712 -0.028650834234213482 5.013431758366417
3.87497064378717 0.2994662312806718 0.008526860501099996 -0.02876269545774145 5.000590815628202
3.851528689559309 3.4489089154734205 0.00798590676499174 -0.028917560290260644 4.981834384337373
4.829148905842497 6.024686236340048 0.011589971022310028 -0.02767078914129508 5.109040887212763