300

1.8141470722879003 3.7926731913331078 -0.02966861155586616 0.004446739068927347 2.9928198179481202
5.1118653645627665 4.953066795952519 -0.0296777080182575 0.004385618175702758 2.9948796212199302
4.175295621548667 4.026893323659577 -0.02961560653178276 0.004787050214341423 2.9813392783187416
2.6411138661699174 1.2102337729025414 -0.029627785541626827 0.0047110852146154455 2.9839037823227903
4.338698010054269 6.328958062192541 -0.029646472683486108 0.004592021061287931 2.9879211752605306
6.631332876930889 2.539743275681758 -0.029654112388911382 0.004542424289497006 2.989593899405361
5.235667298730277 5.448858478556664 -0.029683232314420903 0.004348070763927201 2.996144675531997
0.891722530876189 1.046892173632882 -0.029651681058953577 0.00455826835301451 2.9890595818549355
5.038690737228512 1.4699859164175582 -0.02961535739796861 0.004788591253237833 2.9812872434101796
2.602957311379918 1.1123377112025412 -0.029627785541626827 0.0047110852146154455 2.9839037823227903
5.5164798674647075 2.4786188291212623 -0.029629350219247997 0.004701234474597977 2.984236256709216
6.017018478226772 2.861200856807089 -0.02963895889848068 0.0046402710496449345 2.9862934574075455
5.852951246357936 2.1723809141998602 -0.02963297776032121 0.0046783147666984186 2.9850097567568254
6.291443686744952 6.094417171980976 -0.029692389851799166 0.004285088667550984 2.9982661546999316
2.664144545189917 1.1428279043425411 -0.029627785541626827 0.0047110852146154455 2.9839037823227903
3.9505820646657797 6.720507089302757 -0.02963339339039092 0.004675681358939651 2.9850986236034336
4.430796668243314 4.541682942579951 -0.02961735923885772 0.0047761942712214985 2.98170582903445
4.074503319081252 3.80767213154186 -0.02961454742257654 0.004793597913463875 2.981118184883772
2.656976158282498 3.1433855566873112 -0.02962788339392146 0.004710469785084402 2.9839245543279698
4.688283713575236 6.729776952488101 -0.029665250369859057 0.004469107348629805 2.9920658377446814
6.851045173991803 6.955936862652186 -0.02969143614537284 0.004291691930375138 2.9980437620640226
4.620764327371059 2.142725399945441 -0.029606435146469903 0.0048434489692647355 2.9794346247041337
5.86230486089934 6.937473026736738 -0.02967814501666098 0.004382659965140001 2.9949792983506276
0.8222591242247783 1.7312350473101357 -0.02964863443958221 0.004578042798840954 2.9883926563950203
5.185758624103889 1.2610230161339844 -0.029637474466659035 0.004649742706659566 2.9859738816032566
5.427636960830881 3.5741351109749417 -0.029628498829625323 0.004706597189359925 2.98405526077928
3.6563169593462246 4.601351948082102 -0.029620523274296946 0.004756532450938682 2.9823696549082537
6.542136530769532 3.330882484204876 -0.029667275404344887 0.0044556447437775724 2.9925196395825613
4.175908850660075 2.3526405222397337 -0.02960554055420453 0.004848914156112772 2.979250027356457
3.5330300001169843 1.0215570136020007 -0.02960954352244271 0.004824410056428766 2.980077657635714
3.9098554614940846 4.865062898982752 -0.02961996499728113 0.004760007726867729 2.982252327181003
4.196135136472572 0.534708104762086 -0.029609457465960894 0.004824938193537058 2.9800598208907685
6.805087563624519 0.5422930135670128 -0.029675696218908015 0.004399210602265881 2.9944216044810354
2.2473926042985357 3.0558981471361597 -0.02963975999677318 0.004635151274088503 2.9864661931089613
2.1342467033447017 0.8551321540628695 -0.02963988500124127 0.004634351854703383 2.986493164234888
2.9122414351282253 3.5603108410167827 -0.029616959496120934 0.004778672431244046 2.9816221559181204
0.646579936083252 0.9939565237125153 -0.029654356093851805 0.00454083303580238 2.989647559657765
2.9826889472513747 1.2434898075521457 -0.02961791353864365 0.004772755767628286 2.9818219255231844
5.645487131325505 4.742952422535595 -0.029697589483878326 0.004248903252256904 2.9994847242707974
1.2294227299336193 0.3613595858752372 -0.02968385831850011 0.0043437950374311946 2.996288719191305
3.46797676573008 2.175154665854571 -0.029605636770129815 0.004848326663410537 2.979269871336218
1.3515215498246957 6.669271823491922 -0.029693227065071798 0.004279283405207887 2.9984616654187217
3.760549542075193 6.824909765537123 -0.02963339339039092 0.004675681358939651 2.9850986236034336
2.989200716084072 4.950116441442147 -0.029626278442016738 0.0047205535349251525 2.9835841984970553
0.5667109477507093 3.4450664451259 -0.0296724098052857 0.004421322918220847 2.9936764310824864
6.215977666220279 3.768943904539152 -0.029679807707395586 0.004371385873155275 2.99535916629862
4.7932147191257855 2.304262909640683 -0.029610859697493858 0.004816325152575743 2.9803507021731774
0.05068089716310039 6.2715032525840115 -0.029709436910876137 0.004165256107212443 3.002300791488509
3.4632944542583575 1.2952703804696226 -0.02960887162919326 0.004828531955569376 2.9799384475902104
5.563745823224648 6.853424719576705 -0.029672867007255223 0.00441825345241131 2.9937798753992597
5.304191004837985 5.9373394631767304 -0.029680159085088628 0.004368999506046078 2.995439569548044
4.9330112505982955 3.371366930155056 -0.02962035403361639 0.004757586249688527 2.982334078164707
0.4270029922105804 2.7424620845963745 -0.02965821881655735 0.004515535032441165 2.9905005997378953
1.090143333533763 1.9227248264220484 -0.02964791422917238 0.004582704644599934 2.9882354180445923
4.176165713863704 1.426297817468059 -0.029607206267061224 0.004838733001488161 2.979593911235211
1.1337598161995532 1.88639458249562 -0.02964791422917238 0.004582704644599934 2.9882354180445923
3.0262554252203415 4.738147999887191 -0.029626278442016738 0.0047205535349251525 2.9835841984970553
3.385091097638357 1.151036170229623 -0.02960887162919326 0.004828531955569376 2.9799384475902104
3.564901765036757 0.04771119411396997 -0.029631691349186317 0.004686455780924099 2.9847350226092533
0.21475811466644584 0.1069993033423702 -0.02968485987228795 0.004336945280105415 2.996519472271517
5.706401914195165 0.5668397726552664 -0.02965242470588507 0.004553428275685992 2.9892228109351264
5.806618855951657 5.718223537575407 -0.029685601281319376 0.004331867561056027 2.9966905243044084
2.5280960261162155 6.206809846241478 -0.029672412092641768 0.004421307567275373 2.993676948429914
3.3373783430197346 1.7629335114762958 -0.02960752556786827 0.00483677886077363 2.979659913078106
2.7832727323198467 5.116904432821524 -0.029627657206241755 0.004711892238732867 2.9838765435045502
3.531130964531121 5.869001921172846 -0.02963598757888021 0.004659210257592784 2.9856544283259896
1.7115831080604444 0.9586863531960232 -0.029640138133050307 0.004632732611936187 2.986547794536335
3.1785438121818643 1.687127211257302 -0.02961181141064347 0.004810470349195089 2.980548423864956
0.12266388660422453 5.44081980509616 -0.02971077295053631 0.004155715423567866 3.0026219173675606
3.8588403134488694 2.189686880622174 -0.029604147388532055 0.004857412623822539 2.978962963940091
1.9802824836672979 6.2076126144502695 -0.029673757944731923 0.004412265794063071 2.9939816613755563
1.2337102719874309 6.87252372946213 -0.029693227065071798 0.004279283405207887 2.9984616654187217
3.9888584558224687 2.894075863965429 -0.029607649017109185 0.004836023126461813 2.979685438099929
1.6618149062611154 0.7251246592855523 -0.029649935731214664 0.004569607328298553 2.988677164789108
3.663848055471623 3.45092650367422 -0.029610971767845874 0.00481563609130036 2.980373972688739
3.034001424228392 5.04179069638296 -0.029626278442016738 0.0047205535349251525 2.9835841984970553
0.9454557364390961 1.8505862997459077 -0.029647030807461918 0.00458841631735873 2.9880427651046966
2.243818091695922 1.4543924367411307 -0.02963130563224631 0.004688893955764831 2.9846527393983613
6.51406781930464 1.1845874614400478 -0.02965656140982844 0.004526407554018373 2.990133995616159
3.639911285441972 4.595356252844655 -0.02961836038762194 0.0047699819652643706 2.9819155776784614
4.752601189340739 6.886222620430758 -0.02966404249580505 0.004477117689660603 2.991795807862469
0.867218839751472 4.0319994134962975 -0.029679856270416752 0.004371056138669846 2.995370276013983
2.2461980738611502 3.3715803917816123 -0.029642374099332815 0.004618404243372687 2.98703118728556
5.081097231803962 4.270823382682756 -0.029632977111182287 0.004678318878416319 2.985009618002024
3.8512257305544577 0.42672807643108773 -0.029618136638247403 0.004771371089960061 2.9818686767047313
1.610856555860823 1.562992540851307 -0.02964114585054773 0.004626280651512289 2.9867654672979507
6.964179135303 0.631017709916816 -0.02967726432771447 0.004388619603356661 2.9947784863854685
3.934144220162004 5.683261760004573 -0.029641086166732646 0.004626663036825858 2.9867525667946953
6.016543589944601 6.740507717665303 -0.02967862059481962 0.004379438273197672 2.9950878518375292
0.26978901790083887 5.729052261534884 -0.02971113814374721 0.004153103683171125 3.0027098223287765
4.483686104842512 1.3145651381514947 -0.029609468572994027 0.004824870031915779 2.9800621229122957
5.490225767537985 6.051040027466731 -0.029680159085088628 0.004368999506046091 2.9954395695480436
2.704085954492086 3.578571189947983 -0.02962423831555961 0.004733339647957869 2.9831526035158147
2.7338313132694654 5.754535505007752 -0.02965517556854069 0.004535478144476877 2.9898281340498016
6.089413637691157 2.831317786383655 -0.02964797965492287 0.004582281351169895 2.9882496953714797
4.338425123883983 2.4456677645462417 -0.029605786256884592 0.004847413754948445 2.9793007068883917
6.087833310758025 5.674559502969891 -0.02969959765799008 0.00423484343907896 2.9999581410634737
5.097911617073566 6.794837903696831 -0.029665250369859057 0.004469107348629805 2.9920658377446814
3.9562882635428775 0.8682771316569482 -0.029609457465960894 0.004824938193537058 2.9800598208907685
1.1511053348594127 2.885433607304007 -0.029658143030755608 0.004516032768619196 2.990483817313535
2.927647538869158 1.1383168077202623 -0.029618531441944693 0.004768919712317825 2.9819514422525004
6.71289411497398 5.636537761178452 -0.029710627649888216 0.004156754100220236 3.0025869576849624
2.816882879958267 0.3114798102783313 -0.02964161304016286 0.004623286317896294 2.9868664859978047
2.742250261885604 6.025931485538001 -0.02965517556854069 0.004535478144476877 2.9898281340498016
5.95427182103664 1.8782450367815102 -0.02963297776032121 0.0046783147666984186 2.9850097567568254
0.8520748776270503 3.3219668028700937 -0.029671911744554393 0.004424664215889731 2.993563823925539
0.21427524774112144 1.9174868884902074 -0.029646283040231886 0.004593245246931543 2.9878798823360073
2.8076474446353026 0.26818497580436135 -0.02964161304016286 0.004623286317896294 2.9868664859978047
0.23395631666928238 6.544460083468263 -0.029696063706621617 0.0042595540062628934 2.9991260747074286
1.756805192445567 1.399936978362831 -0.029640522028307165 0.004630275789781606 2.986630682349881
6.7936817283135875 0.034548766201213166 -0.029683108682711744 0.004348914684185317 2.996116244598108
0.09215987081637403 2.642567201868771 -0.029656180458282198 0.004528902805956535 2.990049856800178
6.811624341005209 1.0429357068304341 -0.02965656140982844 0.004526407554018373 2.990133995616159
4.414930677088013 3.7462112976054023 -0.029615302115544195 0.004788933138502071 2.981275699211042
2.721108941826888 5.749670669317348 -0.02965517556854069 0.004535478144476877 2.9898281340498016
1.9806746815847118 4.717577876138359 -0.02968123667366558 0.004361672789406542 2.995686420772099
1.011112384435104 4.025901840630568 -0.02967480705683649 0.00440520443788108 2.9942196235284233
5.142263758093879 6.1819151568361494 -0.029677814997704492 0.004384894179113815 2.9949040164759104
2.0258762481072945 2.8969057558072118 -0.02963928796625689 0.00463816869608032 2.9863643891126794
3.0436497372945914 4.593341493655012 -0.029619057695184088 0.004765650139210402 2.9820618307119813
4.16715321380894 3.0503562431774918 -0.029607320406767126 0.004838034552484171 2.979617501696646
2.8497694681495904 0.23993122358857372 -0.02964161304016286 0.004623286317896294 2.9868664859978047
4.834628310417861 4.028490701715208 -0.029621854496719707 0.004748235058963121 2.9826497716838962
6.516037776845818 0.03949424721934358 -0.029683108682711744 0.004348914684185317 2.996116244598108
3.6839537903134634 2.362981273987985 -0.02960626261347386 0.004844503489731428 2.979399006652382
2.1565401662697825 6.603351589937205 -0.029680929814827933 0.004363760457135348 2.9956160841300443
6.969120683649268 1.5914373956813448 -0.029644569530986552 0.0046042911856770665 2.9875072805555063
3.9187508360018666 1.2592264544131513 -0.029607298514044617 0.004838168527475186 2.9796129766319424
6.770050028378966 0.3519159436310719 -0.029683108682711744 0.004348914684185317 2.996116244598108
2.806431472428971 0.410438631783186 -0.02964161304016286 0.004623286317896294 2.9868664859978047
1.0215580321611326 3.0378706217764897 -0.029656496099378454 0.004526835440741194 2.9901195675377297
4.030293441983396 0.7759952082595658 -0.029610105424844962 0.004820960146025565 2.980194169991347
5.88339813980814 1.8530315834856639 -0.02963349060570301 0.0046750651890333575 2.9851194166623807
2.957665094228343 5.181995418203179 -0.029632842558719348 0.004679171068699172 2.984980859763716
0.9137420260040411 5.4024105140831065 -0.02970068972780941 0.0042271775089764915 3.000216251937925
3.966879938852596 3.1023422204079627 -0.029607926772897065 0.004834322311427447 2.9797428829532877
6.602682449887747 1.8125873447890426 -0.029644569530986552 0.0046042911856770665 2.9875072805555063
5.264010976528941 0.2198616842960033 -0.02966502239527015 0.004470620347124139 2.992014835164599
5.917432666773948 2.1004281314298607 -0.02963297776032121 0.0046783147666984186 2.9850097567568254
1.1980427675760243 2.270435851599284 -0.02964825890958115 0.004580474170917452 2.9883106496679286
1.5140845377613958 4.394006869065566 -0.029678108486526023 0.0043829073298430575 2.994970963434306
5.915751874994884 2.6779019651928646 -0.029635186917808212 0.004664300199019025 2.9854826773371843
2.5089558704286072 2.833455400561129 -0.029624036155260144 0.004734604721815713 2.9831098993571215
3.5967213887061225 3.3552137628566907 -0.029611063209460407 0.0048150737902279556 2.980392962278428
6.020701509080675 5.656543829441862 -0.029687974175311042 0.004315575206859969 2.9972393325465205
0.8991192860678455 6.872835701939219 -0.02969401925428925 0.004273782929197408 2.998646906403467
1.9701204952088431 0.8014325074299304 -0.029637496223522034 0.004649604026228147 2.9859785608272125
6.046687840810029 3.9001319485517825 -0.029679807707395586 0.004371385873155275 2.99535916629862
6.520106272732657 4.482324077388579 -0.029698380200317738 0.0042433728892680754 2.999670944413418
2.5130330689602736 5.9781217413651095 -0.02965517556854069 0.004535478144476877 2.9898281340498016
2.7022463942221506 3.2095501276697123 -0.02962280687460002 0.004742289834051671 2.9828504724644858
1.000410079066325 6.837157824924745 -0.029692988677710065 0.00428093720876421 2.9984059688724707
0.19979101248966816 5.74044307672189 -0.02971121929938521 0.004152523057592775 3.0027293646560524
0.17427213206353315 4.825694418370596 -0.02970465356527284 0.004199232854596608 3.001157064692118
1.99409330407586 3.666351901429796 -0.029642374099332815 0.004618404243372687 2.98703118728556
5.2615502852884095 5.70503343667044 -0.029680585796936283 0.004366099718364683 2.995537270063253
5.711521159126536 6.373945624251443 -0.029685306112386352 0.004333889824847578 2.9966224012495473
3.4536996923051513 6.19975212726359 -0.029635721060791837 0.004660905191799023 2.9855972363116314
5.655715847766755 5.285861067408188 -0.029694568224010322 0.004269966977576813 2.9987754143130627
5.55896100534361 3.883884163831337 -0.029628719605311323 0.004705207173955296 2.9841021754148667
0.9760784743409207 6.738534687317731 -0.029692988677710065 0.00428093720876421 2.9984059688724707
5.004126842846654 3.3668695305386103 -0.02962164861685052 0.004749519261971436 2.982606418305361
1.6955881050823822 2.7510896006922505 -0.02965042409102325 0.004566437476027461 2.988784073154507
1.275032272256545 2.5314607448346407 -0.02965135057097281 0.004560417669169153 2.9889870959770763
5.541181414593434 1.1822461523048964 -0.029637474466659035 0.004649742706659566 2.9859738816032566
3.708664471018056 1.4061255596373858 -0.029605534097598557 0.0048489535774153434 2.9792486958047903
5.584326655135067 1.3986463510077243 -0.02964226155269207 0.004619126545332302 2.987006820029132
6.2456569399537765 0.4257604842628028 -0.029674181706421512 0.00440941493333059 2.994077734154057
1.585266514765835 4.239614793986516 -0.029678108486526023 0.0043829073298430575 2.994970963434306
4.631725042228791 3.885682078883156 -0.029615302115544195 0.004788933138502071 2.981275699211042
1.5259967215593413 4.030876280394691 -0.0296646756661753 0.00447292048002497 2.9919372978443417
3.1744019426426617 0.09849403913137197 -0.02964161304016286 0.004623286317896294 2.9868664859978047
6.608530686112551 0.6300614962904085 -0.029679625290037093 0.004372624228422854 2.995317442339853
6.5658409657991506 3.246347127755666 -0.029662564569537087 0.0044868990581517455 2.991466061433797
1.3416547905959035 5.18792208519091 -0.02970068972780941 0.0042271775089764915 3.000216251937925
0.7431590451754603 1.6260821879510083 -0.029648866103613055 0.004576542228585314 2.9884432679803847
6.927021242847832 6.224936210837073 -0.029710045191778126 0.004160915128009859 3.0024469044817983
6.989792767713065 1.8442751647902165 -0.02964721157644512 0.004587248166548039 2.9880821669340674
4.466607721199321 5.721782344040749 -0.029645715987579657 0.0045969036952892535 2.987756477883027
5.877144785252046 0.5739119506143365 -0.02965579603070985 0.004531419400688263 2.989964997219392
5.999841512277767 6.2782716167986035 -0.029685306112386352 0.004333889824847578 2.9966224012495473
6.116096969314144 5.4994157051495955 -0.029707150357436474 0.004181532929520203 3.0017529033431636
6.3420381667667 1.7186896400974778 -0.029642159057015147 0.0046197842415652765 2.9869846322021725
5.769535682035242 2.257984621620489 -0.02963208056185209 0.00468399419042204 2.9848180949626073
5.665252377587562 0.6660078090212042 -0.02965579603070985 0.004531419400688263 2.989964997219392
6.481389627433487 0.17910342819560238 -0.029678567849517116 0.004379795703181708 2.9950758084778824
1.851920382202182 4.651150295743745 -0.029673187381003836 0.004416101295468061 2.993852404465075
1.33417486597675 5.879486961891358 -0.02970081408520059 0.004226303665894139 3.0002456735190703
6.569765930869626 4.486441060991445 -0.029698380200317738 0.0042433728892680754 2.999670944413418
0.5012214410572269 1.2824109398245347 -0.029655027686512705 0.004536444964084188 2.9897955319154583
0.7649063886449632 1.1401296104319871 -0.029652617435244135 0.004552173023848655 2.98926514297948
0.353561465867338 3.475325331208912 -0.02967451596666098 0.004407164864670101 2.9941535595301016
3.6836006025489874 2.7746676321775627 -0.02960626261347386 0.004844503489731428 2.979399006652382
2.167390789507908 1.0260754366195173 -0.029632145537575417 0.004683583119786518 2.984831967433829
5.9417531432257755 2.4039440722810035 -0.029635622275386457 0.004661533261773195 2.985576043271663
4.43877323289731 2.2123535958118796 -0.029607968640379286 0.004834065886013227 2.9797515436486104
2.292184337730951 0.9487677863511919 -0.029632145537575417 0.004683583119786518 2.984831967433829
0.557181830323327 5.032695124970777 -0.029700799319730145 0.004226407430562894 3.0002421798540735
6.730833624357833 6.246467036307073 -0.029710045191778126 0.004160915128009859 3.0024469044817983
6.806463417809319 5.577977339336774 -0.029712287220995327 0.0041448749193525435 3.00298677586067
0.4389847553632722 4.665228476227353 -0.029688260555025027 0.004313604666279132 2.997305707269979
0.9546954576579327 2.2273415105587353 -0.029647843816277483 0.0045831601592805915 2.9882200538871664
3.274278489047096 3.8338760612808493 -0.029613199990251193 0.004801914861530408 2.9808373385448457
0.066450869886413 0.8201363925054431 -0.029668406445820483 0.004448107346456198 2.9927736990977065
0.7408201847567596 6.3890390381300985 -0.029700395485707232 0.0042292443760773065 3.000146661724462
6.041014771338338 2.6071999156772736 -0.029648996751182058 0.00457569575566335 2.9884718178431
3.194190935552013 4.1105072053153044 -0.029615219131252004 0.004789446294502649 2.981258371793023
4.554976192710314 3.0019031469496644 -0.029608866532942344 0.0048285632060072236 2.9799373921484182
5.6521581967265355 6.232655616481444 -0.029685306112386352 0.004333889824847578 2.9966224012495473
6.3565662229437505 6.402612725933938 -0.029698967254537297 0.004239262201600793 2.9998093575862907
1.436193581052632 1.8662244968819812 -0.029640985207062834 0.004627309796705024 2.9867307470483824
1.2679868648803758 4.185247648517004 -0.029673167311134275 0.004416236149192227 2.993847859831294
3.2134578101874114 2.018871832834288 -0.029608558686191788 0.0048304505510704384 2.979873649253296
5.538370811228409 5.97539142757044 -0.029680585796936283 0.004366099718364683 2.995537270063253
1.494831408940342 6.907271162196778 -0.029681460098181196 0.004360152112034344 2.995737654205031
5.065962740240591 5.496967995362997 -0.029666073883343563 0.004463637569068642 2.9922502185794095
1.7878956286797147 5.274169054055115 -0.029685086060948846 0.004335396816216512 2.996571635495324
2.5872957074302647 0.4933990231359277 -0.029636034330629113 0.004658912872524301 2.985664462910905
1.322375490194498 2.8908383406630147 -0.029656496099378454 0.004526835440741194 2.9901195675377297
5.78301145060867 0.46698482522486273 -0.02967501462628483 0.004403805959596942 2.994266750149674
6.882218477831221 5.529357817580992 -0.029712287220995327 0.0041448749193525435 3.00298677586067
1.1721316185686994 1.6993845361608693 -0.029645649458955658 0.004597332721994586 2.9877420060724322
5.212507583788568 4.849213659099542 -0.029689173054121772 0.004307319742300263 2.99751740129491
0.061704974222769104 5.699197923683183 -0.029710989731907386 0.00415416527722404 3.0026740917317496
4.401542992433089 1.648054514616776 -0.029608802320303978 0.004828956942980725 2.9799240941925507
0.6284566720387602 6.88466043427617 -0.02969401925428925 0.004273782929197408 2.998646906403467
0.37245416486933797 3.656917126648912 -0.02967451596666098 0.004407164864670101 2.9941535595301016
5.302991652470938 3.1850798333872117 -0.029635589830536966 0.0046617395247025425 2.9855690833016535
4.661053519849153 1.5016996604840047 -0.029626347015172104 0.004720123148457351 2.9835987256665932
5.713461652473315 5.11141670055618 -0.029701994720214137 0.004217998297815139 3.0005253023175027
4.710200638826809 4.139238610262286 -0.029619764409730055 0.004761255749493895 2.9822101925312174
4.055003181380547 3.2390437988734333 -0.029607718296683672 0.004835598956098713 2.9796997644608836
6.89818396765003 2.90899229327268 -0.029664119038687604 0.004476610510036769 2.9918129052951454
5.621563188993889 1.1673560541245054 -0.02964226155269207 0.004619126545332302 2.987006820029132
1.423880514760334 3.8826340186867596 -0.02966322756460323 0.004482513853917568 2.9916138960962075
0.4006875096242415 4.5294985361825795 -0.029693592493678988 0.004276746990333972 2.998547085547
0.2951873915349694 3.1421106593416805 -0.02966823134328332 0.004449275105162756 2.9927343386367866
4.510577031735928 6.272796507422975 -0.029649672115181276 0.004571317475547044 2.9886194865915576
0.5260537083901258 3.413831003496994 -0.029670642838162772 0.004433165186430588 2.9932773188856907
1.2407122452105528 4.723033759817762 -0.029692648230192895 0.004283297920764183 2.9983264643955754
1.6948201519865942 3.100177254976426 -0.029648092827477414 0.004581549049533618 2.988274395207593
0.5499265332764992 4.922709585732658 -0.029701203171614045 0.0042235684152744386 3.0003377663719424
0.3011150141336691 5.760746255463183 -0.02971098973190739 0.004154165277224027 3.00267409173175
2.5040394661863785 6.604415308484631 -0.02968177875159724 0.0043579823475124735 2.9958107554900333
4.038311142908409 5.890821668330935 -0.02964201853636722 0.004620685781316665 2.9869542180246325
3.2303608368596457 3.0919065060768363 -0.029611186068307323 0.0048143181893267354 2.9804184797456097
5.627498313672172 2.9906156882412946 -0.029641530524624496 0.004623815324789055 2.986848639208281
4.513037429931113 5.9502325696618 -0.02964732233676593 0.004586532269580142 2.988106314082906
0.2184463370069304 0.32656044628394026 -0.02969064518916384 0.004297160487017226 2.997859580017731
1.4695543595241298 2.5926343726982655 -0.029647988477004627 0.004582224270744596 2.9882516206432004
6.189652756788721 2.9948383787786557 -0.029655130007568236 0.004535776034398731 2.989818088917882
1.286410071855659 3.7635874025720444 -0.029673167311134275 0.004416236149192227 2.993847859831294
1.694745120969304 3.5011812952279704 -0.029646160207407915 0.004594037979458094 2.9878531425869572
6.967988033842373 1.7359793578887348 -0.02964545947718548 0.00459855764197356 2.9877006872305087
1.2803949815332578 2.5398445151467492 -0.029650501906101086 0.00456593218481132 2.9888011147506583
5.431256260013529 6.513929214084571 -0.02967738387018993 0.004387811142402394 2.994805728092016
4.596908137602658 4.86242350628788 -0.02962940442872138 0.004700892808740261 2.984247788030107
6.521771276299821 2.22616328432082 -0.029644858884466704 0.004602427807153033 2.987570137579877
2.8506715442701394 2.857212676796943 -0.029611136602512522 0.004814622426249328 2.980408205345388
2.569087601539758 1.808186817269097 -0.02961958908748169 0.004762346300799175 2.9821733740569845
2.378029364952793 0.5223744457052707 -0.029636034330629113 0.004658912872524301 2.985664462910905
5.601110975683162 5.75030095138179 -0.02969224228572176 0.004286111063189646 2.9982317216959116
6.856519047868381 5.619597514829482 -0.02971266266216576 0.004142182700502304 3.003077384901273
5.960891713672797 2.620733594652559 -0.02963543365046044 0.004662732283667665 2.98553558433684
5.4734996123720725 6.118015373270685 -0.02967971957394294 0.004371984219105586 2.995339006234088
2.414054411396175 2.995844180381566 -0.02962093343666096 0.004753977528438749 2.9824559094549916
4.338869342324802 3.4988598603403935 -0.029612643477374564 0.004805345594429789 2.980721485981347
4.651423417533402 3.879080578744068 -0.02962078232595143 0.004754918968668464 2.9824241264379903
1.193377624803619 0.3078944145492372 -0.029683858318500112 0.0043437950374311815 2.9962887191913055
2.748427387870268 1.1555577953997016 -0.029624844790764653 0.00472954237988248 2.983280783324551
4.32373213054393 6.050806481041236 -0.02964732233676593 0.004586532269580142 2.988106314082906
6.6485128613587205 3.8687211364304006 -0.029673285365681926 0.004415442855117329 2.9938745941697107
3.2162844987502663 3.6592796473468017 -0.02961241504895247 0.004806753058830168 2.9806739566268767
3.9558641262995224 4.980335605278454 -0.029620055320640618 0.004759445640217922 2.9822713037663173
6.29697188209922 4.725458319199283 -0.02970717113402423 0.0041813853223300924 3.0017578720842484
5.480679832043857 1.3578629149805095 -0.02963914573350561 0.004639077514766935 2.986333726403501
2.1010294072318114 1.6026800378042578 -0.029627996276738355 0.004709759720577921 2.983948520371859
1.0300342054327336 1.8661111728318935 -0.0296447087934802 0.004603394459500249 2.9875375297405897
3.1034195533614324 4.673354561486842 -0.02962517148096075 0.004727495608001115 2.983349872651756
4.1301570960550364 4.366688028440124 -0.02961629223255837 0.004782806121483781 2.9814825826172333
4.215754493438467 4.148526665178816 -0.029615548465373568 0.004787409434663927 2.9813271488803568
1.4902365166216567 0.14995305008446877 -0.029667906667902408 0.004451439536221035 2.9926613837351073
0.7971627300837102 5.2911485845116575 -0.029702534736593254 0.0042141938993680685 3.000653386774249
0.720479235689199 3.968848371996027 -0.029676729256724304 0.0043922364033694575 2.994656614215126
3.952354242231378 2.277499791963944 -0.029604012254002405 0.0048582361474999785 2.978935146028426
6.497683043799726 1.500856974548999 -0.029644540623265478 0.004604477303186837 2.9875010022521455
4.508242645136168 3.1697527215735506 -0.02960860944286213 0.004830139424494454 2.9798841572389296
3.808437133364775 5.932640092084068 -0.02964201853636722 0.004620685781316665 2.9869542180246325
4.705848178333804 6.833237975027885 -0.029666859988796385 0.004458409851634557 2.9924264349597363
6.975723044907259 0.5181760936997672 -0.029673685537885526 0.004412752723491685 2.993965251926386
6.691865567937482 3.7042741900893152 -0.029670025605960482 0.004437294281614543 2.9931381531066203
0.6999830522877989 2.0260277435629095 -0.029648820627876174 0.004576836830828056 2.9884333315980744
2.0749443570642274 5.422714605882857 -0.029666923487329952 0.004457987303359029 2.992440678051977
5.658723843723994 6.6611050566243835 -0.02968278532319621 0.004351121172416083 2.9960419093836994
3.304117250896751 3.6964834789183123 -0.029610649008795547 0.004817620292002593 2.9803069633541255
5.569864239189743 3.423727879165165 -0.029637132672781768 0.004651920779197702 2.985900390688942
3.216363363932031 1.478318472199479 -0.029609921679863125 0.004822088563306531 2.9801560606781297
2.1089595194773376 6.604392198314399 -0.02968154435315971 0.004359578513046063 2.995756979338372
2.936680444242824 5.525900368512113 -0.029629268418968884 0.0047017499887481344 2.9842188579185596
0.41542779920269807 0.17822956442645516 -0.029693375692761457 0.004278251975810107 2.9984964015157463