300

2.6403738544857807 6.231749750803372 0.008234293513929567 -0.028847814654258605 4.990434180265533
0.4481789434621634 2.7172371900400414 0.008090548645645772 -0.028888458294142997 4.985454829713685
6.052439654004109 5.865767005174987 0.006302214456137824 -0.02933056584774401 4.924039439476472
0.3992283627835929 5.516318447364072 0.007018756416588271 -0.02916739718186388 4.948536228436385
4.169109429110681 1.3830554019337877 0.006922940317234021 -0.02919028772321396 4.945252478801312
2.8845329433311466 5.207392887810066 0.006643400901184031 -0.029255174319531018 4.93568673067627
3.884941436987555 6.209722787804217 0.006165670661460037 -0.029359572634737225 4.919386407404903
3.612708014942035 6.388303014336546 0.006411559448522982 -0.02930685765205911 4.927768964381068
0.27761490622319346 2.225525250604788 0.00582510715026052 -0.029429035435908933 4.907800499427546
4.334515097920196 0.4184037838384548 0.004853701237526143 -0.029604756109396294 4.874893304217014
4.162936830222615 5.857587097345537 0.007156712439711448 -0.029133854311698605 4.953268743163223
5.167544610481235 2.3368761487456626 0.006953377091083095 -0.029183052393970045 4.94629531003316
0.062399066170944324 3.5875976461758974 0.007555463042507722 -0.029032998092055527 4.966979107058366
2.987808875784966 0.6380579589169508 0.007357691238856816 -0.0290837476889353 4.960173115512612
0.6882740119860234 1.2305164815830136 0.007653777821187212 -0.029007235046862062 4.970366918558437
0.5794373382637478 0.8986255172483324 0.006429034434719985 -0.0293030291307432 4.928365279666369
4.272737426980743 5.421328945043982 0.006711822889478085 -0.02923955255301076 4.938026153757519
5.850202448998774 5.2189379236645514 0.00812049152017635 -0.028880055704079657 4.986491479950179
4.951493070388533 6.814147277935581 0.007042507433222919 -0.029161671575082933 4.949350608498613
3.0573672052600602 6.036247089709508 0.006432930938211485 -0.029302173973004143 4.928498254326617
4.483937090795267 3.256569779605411 0.007230442372320812 -0.02911564361473996 4.955800263463262
4.800767660938244 3.275480712441122 0.007315976846417189 -0.02909426889926412 4.95873908981915
6.789848763362196 0.5840486450524041 0.006499867119536534 -0.029287398782212936 4.930783171217298
6.4677734261755315 3.433119384966905 0.009434393078943497 -0.028477925262068916 5.032297548900334
4.416805252909816 2.9976939646092 0.007624465687432933 -0.0290149534375149 4.969356541941273
2.0864078635566154 5.701682811833147 0.005578868311156694 -0.029476706538668317 4.899440112253483
0.7235428123417845 1.0467576109351833 0.007518595228728397 -0.029042567479245746 4.96570945747462
2.349685112692032 5.500009048490964 0.008687524502338832 -0.028714576751560566 5.006181323897526
3.5338135205263312 0.09605375905017298 0.007574892319541527 -0.029027934930810198 4.967648378986908
3.7461334133330406 6.937154809610931 0.005524993371606812 -0.029486852125035334 4.897612714932885
0.014110476232416236 5.315711243823794 0.007273862053732483 -0.029104826589816175 4.957291823844319
1.7569720921777034 1.3371020060940857 0.006707851352256738 -0.029240463919644424 4.937890328309622
3.933111385337016 5.92218418635605 0.006528249145612844 -0.02928108541520968 4.931752362216299
4.405830427396779 0.2400476400522913 0.007252571672809625 -0.029110139198065668 4.95656038375205
6.916436876303048 0.5445969695028398 0.006248285171511582 -0.029342101704129313 4.922201129691382
4.406173961058163 5.84995202902621 0.006519243846972649 -0.02928309170261414 4.931444826141776
6.004610300617584 6.031480055752845 0.00644412583991371 -0.02929971402862759 4.928880320568774
0.6267491414031445 5.162255443363914 0.007224693614536467 -0.029117070631780182 4.955602822631589
3.6267851324451867 2.7439399115523586 0.008414323814735001 -0.028795818355115094 4.996680480370639
4.20328572292586 1.6074009458445329 0.0075485918508259265 -0.029034785362899523 4.966742445996383
2.0099846847389413 4.100448052974665 0.008802475343333102 -0.028679547204061864 5.01018698438574
6.915547286406464 1.4437071008198392 0.005999750712677057 -0.02939392779785871 4.9137384202554095
4.456502275239623 5.339343379528707 0.00719998232980711 -0.029123191007347827 4.95475422468402
2.674272802483982 2.0735832502939724 0.006891970471532143 -0.029197615365291887 4.944191648007283
5.509793803968434 5.679186584706273 0.008185455464116911 -0.028861710255024018 4.988741633385949
6.081014010290322 3.2379683024775856 0.00966697639253931 -0.02839981632733014 5.040475862973196
4.996628259665703 5.482921786467434 0.006388797863513203 -0.02931182801974604 4.926992366147759
6.632181575252759 4.3007861569281856 0.008816450454275317 -0.028675254164301812 5.010674305772346
6.970480156460949 0.16422319018376058 0.006422153583856104 -0.029304537930930834 4.928130468662355
4.14816676821633 2.8626595199273046 0.007327015966700984 -0.02909149080098352 4.959118533868973
6.783319967293146 1.242077949539563 0.006409662304146816 -0.02930727263234843 4.927704231035497
2.8839003590996573 3.239273734150645 0.006638879937655953 -0.02925620059360732 4.935532197868733
6.719512525608561 4.840616057798043 0.008790789716468555 -0.02868313121262793 5.009779554780797
5.80493017910043 0.9563302588074597 0.006008143698727695 -0.029392213412661503 4.914023963270167
4.373616372888893 1.851308266436301 0.008756606560034876 -0.02869358537291487 5.008588020847746
0.4442255418449518 5.752455830357131 0.006272693782987247 -0.029336893371740523 4.923033066572248
2.385978521833218 5.659773969544522 0.006961039716642728 -0.02918122557507348 4.946557889329341
4.014916458847378 2.1406453669583807 0.008506496915492037 -0.02876872451511753 4.999882903855222
2.5298957098902854 0.9418630524457553 0.00631197031108767 -0.02932846792438957 4.924372068714716
5.774535405813003 1.826652393560665 0.006428577172881266 -0.02930312944946853 4.928349675100234
3.6368630338411383 4.574114690815164 0.006642397305072077 -0.029255402202697046 4.935652425900228
6.216112129538714 4.190169109272951 0.007769592441096844 -0.028976428925926168 4.974361645968256
5.238705270939483 5.431940365176139 0.007761916270214224 -0.028978486085615023 4.974096744506967
4.324225790969291 5.946098517748738 0.008155315684054873 -0.028870241185231002 4.987697505253367
4.362264711286573 1.9583458950964583 0.009254054472213977 -0.02853703691390009 5.025971560126674
3.8933902928680837 2.672049161706369 0.008348859638108485 -0.028814866696605816 4.99440784124505
6.187731121764227 0.023869045687267023 0.005779902321375005 -0.02943794709478505 4.906264670069339
0.72366643568597 2.8698684761877806 0.0074840839409918555 -0.029051479954800716 4.964521339751682
2.162392387431406 0.7715702032395013 0.006457882603373204 -0.029296685004980505 4.929349863524779
4.293950853119852 0.518095307958084 0.004855517435596533 -0.02960445828642399 4.874954652711107
6.850018030498627 4.679172829389515 0.0072227362761968245 -0.029117556227893 4.955535600140626
0.7709026075556519 5.376825215711655 0.006928720940485709 -0.02918891615200665 4.9454505158709905
1.3310534943161283 1.8022842958987917 0.005598009980774181 -0.02947307727834256 4.900089535125131
3.2985142334285773 6.9279481771049305 0.006844188783997794 -0.02920885276571127 4.942555470426144
1.3484504681581875 6.608974849012519 0.008437809198313901 -0.02878894537722508 4.9974961607956185
3.7582299163140145 6.6533181127769385 0.00750280141118566 -0.02904665163120029 4.965165679562112
4.939659048018839 5.639521547537677 0.006861737302627925 -0.02920473525286138 4.943156307275839
0.6884937187215754 1.0033716739041623 0.0058301414682981785 -0.02942803850853179 4.907971568686957
6.458106149381913 0.5267518292387251 0.005700626944702239 -0.02945340137297108 4.9035724128583436
4.534535274767812 3.4991690582337647 0.00787754363067254 -0.028947267683614813 4.978089000087982
3.363785026990496 1.0484897489122573 0.005550883749992922 -0.02948198924079012 4.898490818559236
3.771054870075316 1.6409195401466143 0.007737103586283923 -0.028985120805253034 4.973240597564234
0.20521698098973182 3.0647188541639667 0.007247515426052612 -0.029111398457462145 4.956386693844573
3.9858987473009115 6.01597243815156 0.006053407633763523 -0.029382924565459673 4.915564203842778
1.0773551464607183 4.834506209594419 0.0076516091519796565 -0.029007807179884194 4.970292156251169
6.141279451739478 2.268338845888412 0.004735794827470878 -0.029623845924391722 4.870911908396177
5.067936452623162 4.972776638376221 0.006291740835940228 -0.029332814342530485 4.923682364243086
1.0119137772705744 1.7088014483968925 0.006626211317901076 -0.029259072500175388 4.935099195717769
0.3739739514147179 4.6732479073684585 0.008797216289442527 -0.028681160812574637 5.010003616569767
3.9654282244933543 6.718972551139184 0.006677052934586126 -0.029247512101181098 4.936837174587461
4.406352845374354 6.565958934159128 0.0047786548065679715 -0.02961696233984277 4.872358882969104
0.7427413321108516 0.616453877173612 0.005567567889552511 -0.029478843053878892 4.899056758301433
5.893052397788772 3.7955805652441366 0.009820879528138027 -0.028346963246418465 5.045900056536648
3.40951453784078 3.164672201342065 0.007736812852347787 -0.028985198410356725 4.973230567123137
4.360407542667236 2.904050342635502 0.006472595363794469 -0.029293437989703193 4.929852090158212
0.38608377971504637 6.206652186157187 0.006304005493736255 -0.029330180952986687 4.924100503738199
2.9014118272189244 5.247889877136873 0.005928904309432466 -0.029408299741562637 4.9113287710999645
6.852974344062955 1.1180214226689296 0.005550479607283594 -0.02948206533011432 4.89847711045479
3.1932059581060788 1.8061930627583316 0.0067579214018785375 -0.029228932555364247 4.9396030204323775
6.708159004338037 5.355820521754455 0.0085957551930063 -0.028742181417942256 5.002986948362902
1.7813941337669799 5.228081708060336 0.006332077528498379 -0.029324133306426733 4.925057706391513
1.501997392090776 6.303897084835537 0.005576240225993783 -0.02947720381823908 4.899350954972982
1.8473541826037456 2.571017064936543 0.007838735739616217 -0.028957800710766406 4.9767486032515045
1.508540163615639 2.21412809372384 0.007430052777433228 -0.029065345615088712 4.962661941979636
2.7550858039415873 6.704181934112543 0.0070766023052923005 -0.029153416606166962 4.950519941144685
3.3815038234756574 2.0341410615423463 0.00722358603217173 -0.02911734542907051 4.9555647838758325
4.541551957252709 1.9325416832776872 0.00757487811903628 -0.02902793863645411 4.967647889785579
3.8427080110864686 1.0592822446286865 0.006048639531939421 -0.02938390647638022 4.915401931971755
6.996104843176772 6.976203942152224 0.007197861641465771 -0.029123715212697635 4.954681407482969
3.8307616343607234 5.058483653458738 0.007750660733859704 -0.028981498549740404 4.973708354610598
3.1402548794122693 5.611671432793958 0.00782528662506841 -0.028961437969056807 4.976284194028847
0.9306852814530483 4.277481182082477 0.007181059621430462 -0.02912786265268121 4.9541045297335575
2.0441963233425713 0.7939004436682661 0.004611691924008384 -0.029643419127995944 4.866724007302007
6.344053756883427 5.745908555126904 0.0062886943665688665 -0.029333467629380012 4.923578506651767
2.292258764960204 6.014228637091587 0.008052060308244478 -0.028899209760690582 4.984122769327595
3.129416172947001 0.9579403198658124 0.00692613389455105 -0.029189530131106103 4.94536188569675
0.4264210483938958 2.816404174861928 0.007941553253505984 -0.02892977241392902 4.980300916821385
1.263245478964143 0.8379687649163852 0.006836141088616504 -0.029210737324082203 4.942279956841814
1.8915191323997322 5.8547416417332805 0.006256407717999595 -0.02934037086449582 4.9224779601002115
1.091425646346842 0.4432171933007704 0.007198461520271203 -0.029123566947425496 4.9547020051412005
6.376104832975407 5.4729246046645414 0.008385028731696265 -0.028804362398231073 4.995663293267068
1.2525666908587283 0.5802716975347239 0.007659865467194809 -0.029005628092225077 4.970576790840405
3.9424649970173555 5.000794343215991 0.007937167322707238 -0.02893097604456767 4.980149313846753
0.8470137853361112 1.0327171188004207 0.006726090288410438 -0.029236273863680898 4.938514129713518
3.5972426259597228 5.282225936302994 0.008993421117223578 -0.028620244174504816 5.016851757938699
1.3351345225175968 2.317572902975953 0.006963202367544818 -0.029180709600498376 4.9466320010219915
4.019293887563679 5.515179504406501 0.006553236729821989 -0.029275503212804248 4.932605812981718
2.922166213986092 0.2535073074073984 0.007468164008500588 -0.029055576510235284 4.963973387986047
3.913748470957786 0.8792437731402878 0.006399652013777228 -0.02930946014689723 4.927362680430486
4.772664272832107 6.102812689221634 0.006407478989889424 -0.02930775005001451 4.927629734288538
3.1095712513263765 0.8094367950329077 0.007194301178944489 -0.029124594942189976 4.954559156296373
3.6079520010938992 3.9946305776607485 0.008191345999309095 -0.02886003899372977 4.988945734448318
3.820528437374425 4.381328116345756 0.00701312386880785 -0.029168752006226758 4.948343121834688
3.32883830042076 1.138803446024522 0.007367461354671888 -0.029081274270351638 4.960509060222821
3.291933132146153 6.7889647100013235 0.005899930512403492 -0.02941412619726804 4.910343643600601
4.182284934251487 2.36619045468164 0.008363514318624352 -0.028810616589066005 4.994916459285694
5.942610307981436 3.957671688284666 0.009019954593091118 -0.02861189296671184 5.017778980834503
0.41238214939659673 1.2208676926865332 0.006927456543750559 -0.02918921625933878 4.94540719839293
3.818637397385283 0.7298860898631175 0.006953462253382698 -0.029183032102418384 4.9462982282450065
3.000630670230845 4.295551984361008 0.007132082824460937 -0.02913989352391373 4.952423435809613
4.302251370081796 0.7231735581477883 0.0068748183427137744 -0.029201658732933067 4.943604239050922
6.721969711760317 5.477578633552672 0.009004703992641399 -0.02861669628040435 5.017246009454661
0.8581033127145078 6.163446136862171 0.007345996629523005 -0.029086703723850124 4.959771034769134
4.0086103025048345 4.056089929723859 0.008729345307886745 -0.028701890712907324 5.007638076637601
2.591362395687557 6.234925636353733 0.007543636837693001 -0.02903607313775403 4.966571791962714
2.6376949555522606 6.614839216649733 0.00574624706225714 -0.029444535056602626 4.905121537027957
0.04281726972195974 6.921083142103714 0.008013021246459551 -0.02891005863888532 4.982772153520433
0.3597226925293378 4.632681573348917 0.008861978803751986 -0.028661216507361486 5.012262416773055
4.457130738780355 1.876737081157988 0.00868553519698562 -0.028715178535783543 5.0061120460347714
4.277214634936945 2.358294455048534 0.007603648628893263 -0.029020415702197124 4.968639149842094
4.008453905452542 5.990075644047814 0.007704512054401917 -0.02899380095819752 4.972116343181507
0.42493854939292613 5.766627461248018 0.006541261719904279 -0.029278181212495334 4.932196786295582
3.0411983079873175 2.145315377986177 0.007967502165391669 -0.028922636623317715 4.9811979895821334
2.0221684713245542 3.187573223830732 0.008975215170941641 -0.02862595871993284 5.016215700182984
5.134671908396838 1.9297053854327255 0.009176905649804406 -0.028561939757211656 5.023269277880645
2.723741465869784 4.954175639514362 0.006223632097415161 -0.029347340654921762 4.921361010185882
0.020264019206811302 4.7048548332041475 0.0076443141360163685 -0.02900973046048343 4.97004068001755
0.8974070326343548 3.383244740533323 0.00908021332854822 -0.02859282647637437 5.019885755022212
2.4469800336662035 5.9566622209513715 0.007357022113792747 -0.029083916957954002 4.96015010874182
0.1209679631043857 3.9665900928894793 0.00903378816432106 -0.028607528229509318 5.018262507954184
3.307318847744403 5.951656873678515 0.006216111340504089 -0.029348934559919826 4.921104750079346
3.7837582121938236 2.6807924279231234 0.008028699163798862 -0.02890570860119529 4.983314494051518
2.265316768619215 5.4259668951045175 0.0066164225361125765 -0.02926128761390417 4.93476465294742
3.3883209426370544 5.64175162195764 0.0065005937376831895 -0.029287237511544068 4.930807981209902
1.1937480540633527 4.974405512397818 0.006549517477950412 -0.02927633550849597 4.93247877164714
2.11345841478468 3.9117222711172026 0.006025369005698313 -0.029388687081003978 4.914610048421394
0.42021600779043233 6.932490339860497 0.00836348070431233 -0.02881062634703722 4.994915292552374
6.610058396831422 1.1027221984406308 0.006045709070922763 -0.029384509555712552 4.915302202858326
3.9469608567182486 6.031039984056194 0.008746824608058177 -0.028696568771821272 5.008247127813819
4.384378848263072 5.797480071624271 0.006941694254069796 -0.029185833564985157 4.9458949996052555
2.308594362301949 5.192708013640254 0.00854781427896355 -0.028756475289095265 5.001319399739016
6.9631893583675275 5.799179123270657 0.008440314385930717 -0.028788211008443212 4.997583180988086
6.682475580819348 1.7160810927263748 0.005522679813916549 -0.029487285525679686 4.897534254855935
2.706844067784831 4.65619146659804 0.00840992621556584 -0.028797102997501996 4.9965277671879305
1.035664948766104 4.4569544561271135 0.010507266909773084 -0.02809977476932489 5.070218682491811
0.1114897494575515 0.6710883308166188 0.008242340229571786 -0.028845516593397704 4.990713128123666
6.215415373453819 3.6450541155365226 0.007115639259797006 -0.029143913222565626 4.951859177393921
2.2283000308383754 5.179652041138362 0.007399209968042102 -0.02907321261657931 4.961600931612822
0.005246090636251033 2.980595149145689 0.008185975742221324 -0.02886156269413983 4.988759660018115
1.0932472488029168 0.46102666696714334 0.005299443482298829 -0.029528222072754743 4.889968946143793
2.680411812794476 6.761933570283879 0.007304514846362705 -0.029097148706690605 4.95834514856878
6.790467533497857 3.4638092095855573 0.008877801278379461 -0.028656319450718087 5.012814515671275
3.7665714462393662 5.3052228987379015 0.006432387046549531 -0.029302293372420216 4.928479692886284
1.6219559728571094 3.664948432634304 0.006483511954206238 -0.029291023757111404 4.930224768850135
6.574287550107901 6.9294169089960125 0.005877514008621017 -0.029418613649838492 4.9095816018274006
6.960632973455348 5.075385612826683 0.008797486935290673 -0.02868107779745018 5.010013052946544
3.5141564072094 6.758122374397232 0.006059794386789671 -0.029381608056568864 4.915781571452662
2.352121925977279 5.9025675127781065 0.006437762409987375 -0.029301112865428056 4.92866314172545
4.2938688868768216 5.128756244191928 0.007361315760521116 -0.029082830506570425 4.960297741088744
3.1206527237116917 4.231856625470117 0.0069347406411006144 -0.029187486569430186 4.945656753333832
5.766637028646839 5.5484740201162825 0.006538832429673535 -0.029278723852938837 4.932113814347982
4.1084712255050615 3.1972568938886075 0.007302649969321878 -0.029097616799758072 4.958281057682806
3.216301675991305 5.984836076958669 0.007529030637072772 -0.0290398639402119 4.966068788445348
0.8877701050864434 6.580219122477315 0.008792713966031878 -0.02868254139910806 5.009846641924554
6.70435307406709 1.5916489467869552 0.005271357884027142 -0.029533248823292446 4.88901788293021
3.5759892906156714 4.786042577333528 0.007841743546530989 -0.028956986344411594 4.976852473335986
6.8325515370310095 6.182646074460194 0.008496765114549557 -0.028771600278541573 4.999544643656497
4.782505014974455 4.950130372612919 0.008409347127936109 -0.028797272108341664 4.996507658014816
4.172844500604674 3.9681695180618295 0.006860849832594903 -0.029204943752292736 4.94312591950285
3.2297492446869063 2.978931954599293 0.008566151224634855 -0.02875101829843052 5.0019571234131295
4.933815626150742 5.295296922029059 0.00785761539153623 -0.028952683474225544 4.977400632034093
1.2537826471437195 6.972767548239998 0.006868744443915134 -0.029203088017608427 4.943396245724534
0.48818611252795113 6.347794055973155 0.007816162951266607 -0.028963901614237803 4.9759691790874765
4.383667279578743 0.5784690849111401 0.004522866105687848 -0.02965710171594689 4.863728224107384
3.1203418247675847 6.533617157166036 0.007877502143853115 -0.028947278973568302 4.978087566902239
3.1139601124740026 3.093194053233421 0.006666724570237709 -0.02924986809379811 4.936484052303808
4.818710007276378 4.788416001077575 0.008804125806415675 -0.028679040583408737 5.0102445333298755
5.652434326458617 3.9823935537210677 0.007521452368265775 -0.02904182766755407 4.96580783637752
4.56718183610211 3.8224022900492396 0.008558047954114202 -0.0287534313641882 5.001675292336941
0.2762083702039078 3.2427742481637156 0.008868105065181472 -0.028659321564770208 5.01247617127056
6.466084269943171 1.0861267396263818 0.005733513565136801 -0.029447017203757534 4.904689098199867
6.667405507728702 5.537889732171932 0.007768941711112095 -0.02897660340152625 4.974339188817747
3.443708996033983 4.812900127044905 0.006935209307285157 -0.02918737521368006 4.9456728104574035
1.463484602688701 3.0897345876226776 0.0067196614115784875 -0.029237752145364098 4.938294241423115
5.589808554755889 4.579312064417895 0.009877732331922282 -0.028327202544178223 5.047906359899762
3.2220976768663787 6.000855187051139 0.00663235851257138 -0.029257679685182177 4.935309296053763
2.6440554884668783 3.8226196295367947 0.00613798975999999 -0.029365372153373693 4.918443676866464
0.1073175162168379 5.65783694041418 0.007309940205214001 -0.02909578619312762 4.958531609651897
3.415372143266965 0.8968952235562214 0.005170714123341681 -0.029551035776342507 4.8856111000935645
6.302713598119469 6.342549029490247 0.008932088322339308 -0.02863944479562985 5.0147094909256875
0.5177406198268621 3.0665936645119287 0.00939968155945512 -0.028489401302604436 5.031078902448559
3.8127155339028667 0.5089817031066244 0.004698060252192208 -0.029629853692969384 4.869638247159116
3.9316251729956884 6.6760393515479635 0.006218870728940519 -0.02934834998525005 4.921198771070462
6.851504934365379 4.69446363845442 0.007051662493769875 -0.02915945911833687 4.949664561961549
1.041007289470425 2.7915817316687876 0.007298415484135473 -0.029098679204062363 4.958135533466671
5.823485435412049 2.5489394415869264 0.009121146303009408 -0.02857979513780842 5.0213176630338285
1.0290216058326216 5.8043693150922255 0.00648266150244249 -0.029291211990027828 4.930195734391042
0.9974609643368094 2.82643278997957 0.007409856315613236 -0.029070501017044177 4.961967139644157
3.83230444452271 5.466753077884241 0.006856094208353714 -0.02920606053897339 4.942963086341928
0.9602808312750306 6.509870907362333 0.0068304346560391594 -0.02921207220327889 4.942084607367683
6.7960365215330825 3.2493432722893925 0.008715390791797277 -0.028706131110727118 5.007151924515604
4.469893372222722 5.55241556172922 0.006481900459248394 -0.029291380411929982 4.930169752502469
0.5998338487211992 3.815166910207315 0.008651062911408103 -0.028725582857495845 5.004911773593989
1.31966162608069 3.219193602571687 0.007700397610546887 -0.028994893975310267 4.971974438148022
3.816750559815329 4.5508018123576175 0.007817405341988605 -0.028963566315615346 4.976012073788944
0.6389677269850673 0.5718314796552382 0.004739912209147078 -0.029623187408676643 4.871050898702964
6.0918970622682584 5.039351906158171 0.00677104378382338 -0.02922589547092692 4.940051995552739
4.925813305954898 5.640211068153184 0.007069392830953563 -0.029155165665824337 4.950272654243818
5.655910551849276 4.804268154632886 0.007838458032798519 -0.028957875883221414 4.976739013211845
0.7491140174509191 5.674544946497733 0.00716734868275125 -0.02913123946659091 4.953633841448729
4.837825039837853 3.2859558477427466 0.0056161512209136075 -0.02946962581139826 4.900705090185067
5.030047617900201 0.26863667491375354 0.00689507379954569 -0.029196882664058822 4.944297936377433
2.22254293775654 5.450251097337374 0.006356238043053113 -0.02931890581075706 4.925881692104105
6.923633756734638 2.8702242538683174 0.008157633823335873 -0.028869586252739516 4.98777780127719
6.117944273071055 0.9322866767001236 0.0044670572788174535 -0.02966555914301573 4.861846689813477
6.38735816474009 4.939699215818219 0.00758109286572135 -0.029026316179655124 4.967861991118238
3.0850600513274977 5.284877537673475 0.008713744858324967 -0.028706630776599597 5.0070945876651285
4.890477587425192 6.507817832385405 0.0054711128346983506 -0.029496896859669816 4.895785753342648
1.750173284287274 1.0159141913469512 0.006206590388378786 -0.029350949486360474 4.9207803558425764
3.3937495910627935 2.945802430722653 0.007721423809794855 -0.028989301722351524 4.972699677088509
5.993883268596891 1.7723609557053461 0.005941262385575257 -0.02940580557076695 4.911749013009461
6.221778942794354 3.9637844382856318 0.008693330430859415 -0.028712819541450357 5.006383524550023
5.789681158781685 4.379640381870227 0.009343853653571115 -0.028507760327683505 5.0291199316355035
3.843562634833847 4.129722320742417 0.007625345120865819 -0.029014722328288577 4.969386851724025
3.5480511053798383 5.130388965115471 0.007489683528789427 -0.029050036844014162 4.964714091613897
3.7596412855163424 1.8656674063454157 0.00696871981983739 -0.029179392455508827 4.946821084045555
4.1328290114871615 4.097681924259256 0.00681214352387717 -0.02921634303964304 4.941458503391102
2.8043579192415358 3.699461692912816 0.007401340215124264 -0.02907267037992871 4.961674204111972
3.007105795952382 0.36880583428709734 0.006169096747684753 -0.02935885292918825 4.919503102843786
5.0293536435635104 4.645817245196854 0.006257355046076884 -0.029340168844560796 4.922510247740439
2.6163461115952824 4.076599418207671 0.00645911609404642 -0.029296413078799093 4.929391967141532
3.701862360639471 6.048997407736882 0.0057247341205742775 -0.029448725256770156 4.904390963084129
2.556660261365634 5.888163261676269 0.006239193119097889 -0.029344036348508726 4.921891276201524
3.2877375552600996 4.715639413843471 0.007285977314360973 -0.02910179607128428 4.957708108449047
4.7226308874329 2.276174366639957 0.007513295995123328 -0.02904393883910486 4.965526997418878
6.754398706800246 6.135707751679849 0.006309191133586719 -0.02932906591147885 4.924277309275745
3.174522398795496 6.5543485044936505 0.00625555892831931 -0.029340551843725172 4.922449031118149
1.7118591334844997 0.3296441297949998 0.007111136900138982 -0.02914501212879284 4.9517046931716795
4.325219370525031 5.181648615184507 0.0074928655127908085 -0.029049216278709312 4.964823627755144
4.847689774354371 3.2207988373425414 0.006795605052798429 -0.029220194249292397 4.940892471541699
3.693238180688273 5.073145885703147 0.006613926846234373 -0.029261851815506484 4.934679363952297
4.546279773352161 1.5356918738483865 0.0074957406241981635 -0.02904847452956429 4.9649226028216225
3.666250601175355 5.559160522429358 0.006801088625506306 -0.029218918417833483 4.941080139438815
2.8593713583368343 2.2071561893049187 0.0062331400133062145 -0.02934532272057203 4.921685000111064
3.368271379377659 4.379109692796445 0.007149535295649623 -0.029135616435151328 4.953022399960392
3.866421007910765 2.434554442014247 0.008798484102640329 -0.028680771912477972 5.010047820561417
1.2991756638566012 5.4810380648194466 0.006310120976293517 -0.02932886587075164 4.924309013179325
6.3194912886404735 5.183885852415801 0.00725291414615391 -0.029110053871274792 4.956572148513596
4.401363760199723 0.17758420475225004 0.005782333911440731 -0.02943746956748495 4.90634727127039
5.838046349204725 5.531017328110562 0.007334410361258387 -0.02908962744093959 4.95937271923842
2.31436508044901 6.105450492445869 0.006298750600664342 -0.029331309907173093 4.923921343850483
2.006602397422577 6.963422895150986 0.007219007312107468 -0.029118480960169245 4.9554075363414976
4.726325815217364 1.804918071372359 0.005684141347176803 -0.029456587330261373 4.9030127251904965
6.743873431798828 5.889914268156436 0.006755948166813484 -0.029229388710120666 4.93953551130719
6.144351781353468 0.20840018842891644 0.0059592021102135755 -0.02940217526322884 4.91235912489657
6.4382406556600955 4.906376052730781 0.008924583826376562 -0.028641784223856895 5.014447468058921
3.523615167022807 0.11819360712970442 0.006005889250330318 -0.0293926741606266 4.913947261638528
4.043426258959246 6.469361120086365 0.006172390199337864 -0.02935816069216731 4.919615283332762
3.4583212421621763 4.554875515584683 0.007723042989301294 -0.02898887039857545 4.972755531885126
4.400345699076382 0.5210260882859138 0.006432034598247517 -0.02930237073901951 4.9284676648913335
6.970982492356403 3.3713421061215127 0.007279324339003706 -0.02910346091391174 4.957479504516245
2.509129175177147 1.3396349325564822 0.006674622031427215 -0.029248066957280893 4.936754060506136
0.9058931838835941 3.930156623776585 0.008773843669650134 -0.028688319352317245 5.009188806380374
3.8726340493196867 0.39013871277611806 0.006554365304734906 -0.02927525056173025 4.932644363293713
6.104062025366271 3.538118493046861 0.008527168988299189 -0.028762604003201596 5.000601540898721
6.624133061408032 2.830494320928173 0.008610611557185389 -0.02873773422890652 5.003503872011139
4.236442855485723 4.251257581659868 0.006748226635679985 -0.029231172355441017 4.939271349248261
2.2306129349952037 3.839576783757178 0.007566568157637315 -0.029030105861257705 4.967361625877998
2.8802614098260744 3.0598315219279373 0.007231194485923002 -0.02911545682806225 4.955826095487607
4.217504286810419 4.767120698069777 0.007185296868117838 -0.02912681769292718 4.954250002909438