300

5.082327141051031 4.326326960350145 0.007179951213288041 -0.029128135892549038 4.954066476720307
2.9372409866227343 0.8257031890170441 0.008014804512378078 -0.02890956431059389 4.9828338372820005
1.50063319891675 3.9617036872347726 0.008284452226410102 -0.028833450215129106 4.992173348085489
2.8554339396581643 3.6140013981425683 0.006686028060171897 -0.029245461678328723 4.937144053343503
6.630541247789496 6.485500117848496 0.006219197057719746 -0.0293482808347823 4.9212098902360655
5.336161701299271 3.303986145243631 0.005944710000406343 -0.029405108791008897 4.911866257057256
6.362864447722084 4.314213072589876 0.006209531446903862 -0.02935032741231198 4.920880560086095
6.104419535558974 4.496489458874078 0.008227860101975893 -0.028849650225649413 4.990211175253427
2.7930882582872214 0.3406909850791806 0.00795171213438944 -0.02892698176671399 4.980652090367945
6.801260838442431 5.5209294910950755 0.007083040214032332 -0.029151853137088915 4.950740775684761
6.631737551985942 3.9596326437268723 0.007016405612566537 -0.02916796277219142 4.948455632241477
0.6467133971519476 0.4445820564509683 0.009893362307198072 -0.028321747514207386 5.048458178595892
2.593089626261721 1.7073643608353783 0.007081270765841138 -0.029152283003923442 4.950680078509302
5.462034398615516 5.7423154133470655 0.007905189125400391 -0.028939730214562323 4.9790441538748365
3.1399887231991968 6.32790955127247 0.00863443944921501 -0.028730583972447193 5.0043331251165
3.068517973865596 6.006129735520161 0.008163412589476832 -0.028867952731254965 4.987977974898143
6.755939550233215 3.526883536167517 0.0059826492249914496 -0.02939741329183078 4.913156651345693
1.328397287532397 3.3243897626991585 0.006447924133585239 -0.029298878380708174 4.929009958278829
0.5129003618167494 4.944027101122738 0.006953558548625365 -0.029183009157913088 4.946301527946018
5.504389588381057 4.131465829681028 0.006920461755895457 -0.02919087544225401 4.945167569176266
6.966402245987189 1.362898705222493 0.005835145473098059 -0.029427046697006194 4.90814161362939
0.2848627633765618 1.3817679006070624 0.006473610768051962 -0.02929321361038699 4.929886753489522
2.2841498025780393 5.693910018295565 0.00827414284371666 -0.028836410321012085 4.9918158170463025
1.9945016693815458 1.551961507517405 0.006757650158513915 -0.029228995267287873 4.939593740480976
6.914108730203859 1.107302020991932 0.007416978343865601 -0.029068684735409488 4.9622121388860485
4.529007988987057 3.7951253918172725 0.008091284516818427 -0.028888252194757203 4.985480302647897
3.196869923987271 6.150772815521886 0.007610703863375917 -0.029018566241356493 4.968882270386654
4.778044938003011 3.590202336411253 0.006029028009691947 -0.029387936662146764 4.914734553837183
6.029259085853995 5.205772228090447 0.007325305566422101 -0.029091921530874258 4.959059740470311
6.221816702879047 5.041637479058942 0.0068440535697572805 -0.029208884448644945 4.942550841207453
2.455685922744916 3.4099847607061324 0.007786086745486051 -0.028972001194114402 4.974930921232818
4.262592897935882 6.448602036260406 0.006775569237948764 -0.029224846646334388 4.940206842316097
6.396801971142058 4.022457947630579 0.00757249162819559 -0.029028561289545642 4.967565677084421
6.919405146023056 5.355418871066714 0.005858018421090753 -0.029422501936072012 4.908918949985308
2.389760371086495 5.648303769604168 0.0080075234175144 -0.028911581913101163 4.9825819884239015
6.875973757274082 3.952332278341877 0.007574696767571163 -0.029027985959748343 4.967641642310705
1.4568188094436758 4.129229468400361 0.007202405597711097 -0.029122591807839833 4.95483743303956
3.086324617447225 3.2616145778241257 0.007073936769503534 -0.029154063500326434 4.950428510824525
6.099974789404729 0.8474256509085076 0.008532168955873302 -0.02876112120395225 5.0007753810853055
6.63990286813846 6.7030994465218905 0.008769798050666824 -0.02868955632543871 5.00904778969306
4.467624498502009 2.2008557297555478 0.0058980763205404 -0.029414498053121366 4.91028060653706
2.398636920795186 6.550634535972069 0.009899003527134223 -0.028319776290955834 5.048657368855564
6.910551799723733 3.4370654549628195 0.007619648340380238 -0.029016218898556382 4.969190515757493
5.0737595733870995 0.15744641347769234 0.006635494975907565 -0.029256968510505417 4.935416498726252
0.9647136542043427 3.7767266981616476 0.007498043166415967 -0.029047880278508492 4.965001869144758
1.588643707525495 1.3519748705649242 0.007074718715917541 -0.029153873757884148 4.950455332092803
0.47270040132374413 3.586473020020517 0.008119870341958404 -0.028880230359707732 4.986469971115641
2.147070339967463 2.4158923752935344 0.008640634866366435 -0.02872872132737781 5.004548770505705
2.4470170782556364 5.267668941507413 0.008281923338231408 -0.02883417669744808 4.992085642441527
6.633542457265645 0.9685410524645371 0.0076951048281839315 -0.028996299103217642 4.971791900694755
2.277582972851952 6.351705057352045 0.008791223590871432 -0.028682998235458328 5.009794681281646
5.347903215003728 1.340071659305574 0.008404795385791714 -0.028798600912595985 4.996349600088226
2.1753718676045866 2.9386124324880356 0.006395006036501213 -0.029310474199390105 4.927204168575496
1.2583013182545983 6.056414953787083 0.007161452575826224 -0.02913268949143199 4.953431448406915
6.824841732883824 6.951146040338308 0.007294492992011625 -0.029099662747006077 4.958000736082884
2.8732811349424487 3.843800688372997 0.00610770813318006 -0.029371685368052784 4.917412585919286
4.840746819460848 3.7569905391112925 0.007398600416195888 -0.029073367742342236 4.9615799655700235
6.479675549972313 0.24296999349754145 0.008704809403035028 -0.0287093415678039 5.006783334372606
5.013384890813164 6.048787206925712 0.006635310174043865 -0.02925701042304613 4.935410182223185
1.2704345527255694 6.940062268467393 0.007968849751810643 -0.02892226536136247 4.9812445826740905
6.117728762953786 2.679447675849777 0.0062187453049366345 -0.02934837656212569 4.921194497441888
1.7518557336159732 2.3104867105567486 0.007223094806890631 -0.029117467290454186 4.955547913373184
0.721167563900983 3.5380045248948164 0.007395064216484175 -0.029074267406661775 4.961458337245904
6.790732450155498 4.047403808685807 0.006327823841924663 -0.02932505149911198 4.9249126511250045
6.816621909347581 0.05877587739926467 0.007529018555981297 -0.02903986707241769 4.966068372427874
6.359089540191746 0.7737249569281518 0.008606135913752144 -0.02873907487435922 5.003348134645268
1.6382319546745476 5.121177725110822 0.009649339721858639 -0.028405813541107407 5.039854915008889
3.2621084668700506 0.9926827725772454 0.007135947134609576 -0.02913894744996904 4.952556050325564
4.687802070430078 5.890235834143677 0.006710372601330721 -0.02923988542301953 4.937976553823003
6.7512112856921815 5.617947563715203 0.005881988573834177 -0.02941771932725724 4.909733703937716
2.3311128356760586 2.7850204596551174 0.00826467948736598 -0.028839123997984262 4.991487658620811
3.268335364633942 3.487100809406856 0.008095172402773175 -0.028887162958126912 4.9856148888188
3.7985765029442207 6.904337590338499 0.007987187519514978 -0.028917206565090343 4.981878674462246
5.751822244511238 5.025812846320119 0.00793484070010381 -0.02893161424919073 4.980068894958129
3.8025282315015323 4.706710721454641 0.0070247197986420635 -0.029165961526247786 4.948740687160008
6.249020166994971 4.761492504843601 0.007884640743893554 -0.02894533538136557 4.9783341821254
0.43463556316565555 3.748825331554903 0.008406073227286096 -0.028798227947175913 4.996393972027427
3.1765952853368047 6.11086991780421 0.008508599785035428 -0.028768102643346068 4.999956000327388
1.9508931582390157 5.635646337953215 0.009386595366808548 -0.028493715577646385 5.03061960175976
6.99574824078705 1.5990916439988472 0.005853358480099334 -0.029423429346414554 4.908760572307188
5.812849987174655 6.146109832335987 0.006283222391566673 -0.029334640212181143 4.923391966632406
6.237687980293936 6.7434516451569655 0.006556805393265844 -0.029274704149399016 4.932727713948434
2.7400969338612033 1.186700834796635 0.006147113221807513 -0.029363463675770255 4.91875437472401
6.45031416206554 4.116984515988725 0.007166716664771764 -0.029131394958822047 4.953612145966343
3.5833833130794517 2.947686965902048 0.005999414301545268 -0.029393996462516187 4.913726975349469
1.6441191439986005 0.38210367506776405 0.008649504110212617 -0.028726052263536233 5.004857508778311
0.5492626881632399 3.0783380079370803 0.007888574772244769 -0.028944263474179187 4.97847009698482
3.4642367781443566 6.80806850664663 0.007822228237078486 -0.028962264162303537 4.97617859345863
2.8606195511678414 2.7815709038897083 0.008321695235175711 -0.028822723473205195 4.993465248022763
6.436081348126076 4.821718497235329 0.005903288594835222 -0.029413452428541743 4.910457810544288
6.9064086042972415 4.676311241829593 0.007698886576279216 -0.028995295230184976 4.971922324703041
3.2209211447627673 5.7208245840905745 0.009640185322223237 -0.028408921608417164 5.039532660596118
1.4013576850385565 1.9097437660810697 0.00852125066526168 -0.028764357929558886 5.000395782665789
5.873987127604007 1.2645418628340925 0.007253014036339848 -0.02911002898295804 4.9565755799819495
6.839700547822202 1.0091271607358692 0.00765350368897941 -0.029007307377327846 4.970357468093214
2.8149387367450482 4.298238968998611 0.008302888978834005 -0.02882814656902446 4.992812829224544
5.328663928856076 3.337622155461794 0.006591550406275074 -0.02926690047206118 4.933914733305153
2.3429513071643564 6.22692191951111 0.010082779329592518 -0.028254867916710242 5.0551541010449785
5.600078467732998 6.892488692868359 0.006294160660873542 -0.02933229519787212 4.923764860464465
2.1325763101292163 3.44482729753549 0.006926068389877576 -0.029189545674072056 4.945359641581969
4.23494425550279 3.32497272689004 0.008761280598878764 -0.028692158550163327 5.0087509198018765
3.9655182290491324 4.4032949062430236 0.006900565335961614 -0.02919558524921405 4.944486026951303
4.36705190161004 0.6886335931450966 0.007020455786534384 -0.029166988198120764 4.948594491498028
4.009355109264115 0.32743637159682215 0.0067659802292320305 -0.02922706813106031 4.939878743273756
5.206355474016079 4.801669587991544 0.006235271411426418 -0.029344869916662575 4.921757632284294
5.7928950444245 0.12180713861207067 0.008537509370656653 -0.02875953639657548 5.000961067932111
6.980061018958361 0.02892989865907811 0.00836814602159535 -0.028809271635382553 4.9950772267950985
6.323574455385065 6.165934405119851 0.008283305391463934 -0.02883377970006264 4.9921335738515715
2.474240856469459 5.081103518699374 0.006531602137172533 -0.029280337660650076 4.931866874172461
6.2891515489936545 3.1573160418877984 0.005966138640405169 -0.0294007685226673 4.91259504948513
5.592838529795133 3.7091150915555584 0.007075504482839096 -0.02915368306600941 4.950482284582817
3.4614034877205757 2.399952595310514 0.007848278478815703 -0.028955215849980436 4.977078157458134
4.546387206034989 5.9062512268810545 0.009070508686519633 -0.028595906563138925 5.019546365026328
1.789576040185351 3.8412185024602676 0.007905931197359434 -0.028939527499643437 4.979069795943802
4.736949406139787 4.108625484315895 0.007095832504147374 -0.02914874201527547 4.951179614769552
5.6081953204895605 6.064213749359116 0.006204787062189914 -0.029351330762213843 4.920718916110401
2.9330351201315428 0.9297136025416927 0.005577865621410752 -0.02947689629369897 4.899406096020456
3.7643037110876914 5.949850719399068 0.007669188120053035 -0.029003164544222367 4.970898212899174
4.33540828351574 3.949145681666408 0.006166427308633428 -0.029359413724516704 4.919412179211273
3.5842912296763543 5.551834941811172 0.010319806988647573 -0.028169160152852632 5.0635557084064775
1.8230901188831001 3.5690646511646835 0.00670069678862578 -0.02924210427699929 4.937645654937166
3.746075555600596 5.6892588266152915 0.00869645209399633 -0.02871187421567646 5.0064922465276105
6.418949996856497 3.1044129304509043 0.006185224616027776 -0.029355459397687578 4.920052470359073
3.3203399888778575 6.135531674623787 0.0093903734402352 -0.028492470701097953 5.030752197873585
6.069231233192342 3.3845015563553553 0.00797507597147064 -0.028920549151931253 4.98145986333387
3.8537734400882013 0.43553066323872586 0.008395107235241731 -0.02880142660544425 4.996013206135789
6.5022287450008 3.6207682734559725 0.006873005519664274 -0.0292020854585193 4.943542160049857
5.414504628441232 5.363317012335654 0.008038952160824687 -0.02890285882323705 4.983669216452543
6.39242406921933 5.985634883892997 0.0075845005706212075 -0.02902542594165065 4.9679793934483465
0.2808546430817045 4.2156622926819 0.00759074063662653 -0.029023794662095214 4.968194385688255
5.571321089710199 5.910256262307601 0.006972981580644182 -0.02917837431859419 4.946967140381663
6.103222197041064 2.1037598425882402 0.00814137421589242 -0.028874175760994495 4.987214637172647
6.307212115113352 2.4885921679968277 0.005429702163333902 -0.029504547690440655 4.894382036369937
5.805747799302063 6.244498314871744 0.008069741616228615 -0.02889427746539629 4.984734648218492
5.780436497289918 4.8972599493530815 0.006409129005933568 -0.02930738926252731 4.927686034284172
6.658223867244255 0.47253748645716614 0.006900242087761199 -0.029195661649126722 4.9444749551479905
1.4926988965140555 2.0830465731334766 0.007827695897683982 -0.028960786883877678 4.9763673839484435
2.8763015992042744 6.321558707025075 0.010425939276235306 -0.028130051372300298 5.067325997864867
6.306910155027428 5.838045737731565 0.008435737822719494 -0.028789552399895692 4.997424211172982
5.462256305702292 2.395658034309432 0.0072390336279041624 -0.029113508756830955 4.956095347804046
6.789493072501128 5.831124460528725 0.005801473177705409 -0.029433703623029918 4.906997479667918
2.184296144563409 3.5774444089641597 0.006223523913068728 -0.02934736359715233 4.921357323844914
3.3026880249553314 4.258768477207705 0.006329236249409351 -0.029324746691133798 4.92496081522882
6.469221600434367 2.1556203523286244 0.008145022797700832 -0.02887314675654411 4.987341000842666
5.017200552710558 4.3249132265855925 0.007481992206532693 -0.02905201873573305 4.964449339458914
5.083725397710617 4.70946845673691 0.006552259785871201 -0.029275721881765016 4.932572442409228
2.537149660977919 5.029677735520899 0.006340608294356896 -0.0293222899252008 4.925348628337926
2.8213649812561634 2.733069406711136 0.008296534311545072 -0.02882997603913946 4.992592403481361
6.884579389229954 6.971007463073037 0.009713963837281327 -0.02838377893389093 5.042130828066593
6.717491592352088 0.4541396142165884 0.008680467851376359 -0.02871671077754591 5.0059355815076
6.474929888586947 4.09082845687358 0.006787827682152115 -0.02922200190536934 4.940626315540996
2.9044037094667123 3.87081606302107 0.0074097800529599545 -0.029070520455725536 4.9619645162759625
5.443709926360463 0.23019230551123415 0.007694844479705194 -0.028996368193847148 4.971782922025869
4.497720722609809 1.2921477112087096 0.007949780797268212 -0.02892751260090272 4.980585325040838
0.5493426463223565 0.02172821694659593 0.006732797252507906 -0.029234730051030434 4.938743541340444
5.198588700886767 3.057244501248028 0.005813619181189339 -0.029431307004890342 4.907410152771414
2.508117067436535 2.812492460998519 0.008500906273477098 -0.028770376996653305 4.999688578888358
3.4356928044918296 1.5093519430712352 0.0056248697705878654 -0.029467962943914648 4.901000947202458
4.8963137795943235 4.0532031811245055 0.008128405781822955 -0.02887782920245265 4.98676552951449
2.653801544944785 2.087870868000919 0.008936146969713865 -0.028638178666522664 5.01485120935332
5.7600340420942455 4.049682714766959 0.005937039785830202 -0.029406658405563006 4.9116054176063
6.269719192492183 0.7878674092848216 0.00586614716508752 -0.029420882336149194 4.909195234024563
4.712846658403637 3.5203792695943434 0.008605917201235073 -0.028739140368589423 5.003340524370101
5.837342451307863 3.737951083889194 0.005947750203097032 -0.02940449400213442 4.9119696484268145
3.6998844442447214 3.0874604566094477 0.006077396204252976 -0.029377972281567213 4.916380684544877
4.5887933099097875 2.016573592100594 0.00607290738430417 -0.029378900522341947 4.9162278915276225
2.8727909230332056 5.029287568493172 0.007956420558478793 -0.028925687060061614 4.980814863293531
2.1152977780298805 6.216305308885857 0.008021211161918704 -0.02890778738499214 4.983055454126305
6.4147147112948 4.132831253949553 0.006800528031241319 -0.029219048897873127 4.9410609534783605
6.848339293454033 3.8976742693543396 0.007458980806552756 -0.029057935324580057 4.963657344381678
4.745764850650191 3.2854923499795237 0.0075058449355129 -0.029045865313397624 4.965270461536952
2.4098445412599436 3.8946678446151597 0.008584280122108528 -0.028745610704682765 5.002587730709147
2.1804398536321137 6.827687729897616 0.008915040298211463 -0.028644756177724145 5.014114282357362
5.193689585639432 2.7637727409645096 0.008205193488794697 -0.028856105070009727 4.989425582485451
3.572513749814598 2.584360217582699 0.007824987799928448 -0.028961518708986427 4.976273876007907
2.619804901076772 5.784212893860052 0.007685993141110624 -0.028998715651469813 4.9714776775831
1.7643256099017341 1.7707181929455942 0.009394814143191677 -0.028491006777839313 5.030908057190845
4.697496841870664 3.28116973528382 0.008356433264184487 -0.02881267122467528 4.9946706887067185
2.528964915102228 1.0977967826814496 0.008218388349784958 -0.02885234986846165 4.989882876335178
3.5757034342877576 5.566807284427938 0.009587581138112354 -0.028426717853458076 5.037681562602395
5.0947399916210845 4.850150116897295 0.00736079793686295 -0.029082961570869533 4.960279935996105
2.3046745715923174 1.5799483847797895 0.008188804626954921 -0.028860760190638806 4.988857677027477
6.2207693650143625 3.4033778922210463 0.005871321120989218 -0.02941985024255266 4.909371097092938
4.142360107906316 1.7821774110203759 0.008131639624327574 -0.028876918759107 4.986877514853025
2.0720431811848976 5.039802554635872 0.008494863789722529 -0.028772161705267488 4.999478560913181
2.398457497833496 3.1690137993812666 0.007794193294384101 -0.028969821381737544 4.975210738072702
6.009898075917652 4.868114888395331 0.0071922497094679605 -0.029125101615559354 4.954488719209249
4.801485412452744 3.9979443406779427 0.00740713235283532 -0.02907119519915857 4.961873438807987
6.813917679343106 3.244664145275332 0.007035241839507285 -0.029163425249096618 4.94910146725158
5.578523030589588 2.3304251039152577 0.006151801883029858 -0.029362481734212287 4.918914054101826
1.2401916950524738 3.652229571242165 0.0065563305890580514 -0.029274810489685183 4.932711495053685
6.595248339634747 1.30397771626747 0.00875582070191884 -0.0286938251865423 5.008560633024935
5.654208108781228 4.07844603962705 0.005272010359033963 -0.02953313235629161 4.889039975870179
3.323673634082256 4.672253743816503 0.008352104818607218 -0.028813926235398708 4.994520464825389
2.185028212220229 6.69933352058139 0.007890237918236563 -0.028943810142992955 4.978527557732342
6.035234511537927 2.886063124216964 0.006099242818824053 -0.029373444419016015 4.91712438111565
2.3085736598590656 4.287649652996472 0.008530744496412565 -0.02876154374050403 5.000725854191452
0.25064237721269644 3.0521389887578314 0.007989827412790413 -0.028916477273586125 4.981969967048102
6.6496600094253075 2.0718288353375858 0.006176320960749023 -0.02935733399663212 4.919749175124908
5.693537324538061 1.0797232701620965 0.006463566147648149 -0.02929543160042154 4.929543867243586
0.3900560058184746 3.3937394877531193 0.006216941342573547 -0.02934875875302054 4.921133030647884
3.7232180408363544 5.075252329367428 0.007152709347351245 -0.029134837377138626 4.953131342022477
2.931931054293194 4.442858680802817 0.008401598311965644 -0.028799533777552302 4.996238586985458
6.88178746497128 5.690834633417831 0.005750428673613694 -0.029443718686159213 4.905263555548927
5.573560734493085 4.6321126388897795 0.006967953428397767 -0.029179575477029814 4.946794819309672
5.5786825413300845 1.1937356876619483 0.008725748809820464 -0.02870298429968418 5.007512773758332
0.28424782848404295 2.8895059845014104 0.008271048087935929 -0.028837298131535335 4.991708497580959
1.1804795187614185 2.1023355586685835 0.009427972462981316 -0.028480051531506505 5.03207209791712
0.03063279900276613 1.9234620016049322 0.006216112100313977 -0.029348934398991902 4.921104775968186
2.7868931437129314 1.3583655355534865 0.0073942041565555755 -0.029074486150079695 4.961428755874819
1.9565799464892994 6.195074936506572 0.009609217067282143 -0.028419411453333328 5.038442772851497
2.1305102930058437 3.6383925892661053 0.0073728007508784095 -0.02907992106398927 4.9606926670472955
5.9360650041086 2.9207824395173425 0.006571219810497427 -0.02927147195140904 4.933220125849614
3.9724035454765123 1.204917557129934 0.007859097572693182 -0.028952281176841455 4.977451825611899
1.0966490738699943 2.6926719005235027 0.007868816273284132 -0.028949641283741303 4.977787520873358
5.722370822155277 4.111055048635297 0.006862428967798007 -0.02920457273547974 4.943179990664458
5.1251345873242995 1.9291573359834395 0.00816589021493948 -0.028867251982091325 4.9880638020974555
2.530560756167207 3.747889195325367 0.006895757807087979 -0.029196721121831217 4.944321363859141
5.893203853268376 6.002746451997151 0.0081186702602957 -0.02888056774380639 4.986428417615622
1.790308523822755 4.450911688266842 0.008378912552744172 -0.02880614213034203 4.995450964665568
3.0408275588221776 1.1848867018690363 0.007161102200224454 -0.029132775619187753 4.953419421536415
6.28820709101812 5.6137413747614575 0.006942931390672273 -0.029185539290964242 4.945937388075554
6.411770904017171 4.780855415648288 0.00827142138285504 -0.02883719106132302 4.991721442469568
2.329053650289848 2.7984389932402562 0.007656439027863859 -0.029006532736826768 4.970458662528065
3.568486643844318 0.9128512693301682 0.006178568783562679 -0.029356861000229315 4.919825743416874
1.352430220874348 0.6717780190621296 0.008481600960911396 -0.028776074178731657 4.999017631803101
3.5150520466842172 3.910832620740954 0.008472320772755976 -0.028778807840553915 4.99869515045141
3.514747002069855 0.9442525073941423 0.007885740129926228 -0.02894503588878879 4.9783721637796345
6.282655445427028 3.5634197251713817 0.007052217658177468 -0.029159324856753627 4.949683600918458
3.425784855982581 4.610355455719813 0.007372665244305905 -0.029079955419419122 4.96068800725155
2.3345070872194382 1.3714885310646205 0.006185610648623294 -0.029355378057583217 4.920065620660184
6.950362631476821 3.657579351547887 0.00834939814843208 -0.02881471066241962 4.994426529923617
3.1675971713770577 1.9493628852837617 0.006395967339027701 -0.029310264444356193 4.927236965928401
3.813814500398211 1.3319066589918784 0.005925774571658195 -0.029408930543729214 4.911222348619472
6.304041137207778 2.658640527530981 0.007517019640093531 -0.029042975325032524 4.965655206845
3.1318663274651306 5.6809542517906015 0.010844760787081622 -0.027971256022405872 5.082256620691216
1.5832885766364484 3.147151446511896 0.007616090706812426 -0.029017152898684 4.969067909282867
0.3859526953295026 3.739635691995829 0.007930945921456713 -0.02893268215687804 4.979934277279073
1.117492392336168 2.904848084612405 0.008827176410446036 -0.028671954182072502 5.011048376502375
3.2228663521463052 3.77814369660078 0.008069346995418853 -0.028894387674209755 4.9847209908409145
0.30791119686392243 1.3899888676696448 0.008978390549901245 -0.02862496293680472 5.016326628666385
0.6603895620377073 5.419820274199683 0.006886994877885361 -0.02919878938504096 4.944021240474285
4.696164497649749 3.5531536074045498 0.007394572247847262 -0.0290743925348642 4.961441416180572
2.431681228491965 0.9841835976642911 0.006830793417505384 -0.029211988314515068 4.942096888659433
1.576309822986008 6.031906780386697 0.008464349417467522 -0.028781153363599193 4.998418174752652
1.8439958558957759 3.038722852559995 0.006069529471341097 -0.029379598567654423 4.9161129153790935
5.51697920484601 3.3764173046281667 0.008262151804112302 -0.02883984825836994 4.991400012008772
0.40653745265028424 4.627070607239274 0.007164208365015637 -0.02913201191992479 4.953526043903695
4.272692429471002 6.134959543774635 0.006749645935405188 -0.029230844663585557 4.9393199038413895
5.868713824853088 1.0497144502707394 0.009024698175645498 -0.028610397110814468 5.017944775755925
1.5012799404062935 6.88756584418869 0.008427227440975862 -0.028792044693943905 4.997128617368323
1.7564611314312852 2.085066650538756 0.00743150662045693 -0.02906497392653406 4.962711962108026
1.2822031212271499 2.489721047817768 0.009007729788451378 -0.02861574398924909 5.017351746543379
6.31785853600668 2.2320341661576015 0.006787889758395118 -0.02922198748593043 4.940628439839616
6.019533678596465 3.233340921773377 0.00639159316817684 -0.02931121861629972 4.927087731531236
6.232957631439412 6.969977715714195 0.007456927408919856 -0.02905846234091026 4.963586679381281
6.596070785516197 2.19916658225844 0.00678834558747718 -0.029221881598982962 4.940644038707014
5.2600073804681005 1.797737651573053 0.006448736909240673 -0.02929869949802204 4.929037699208909
5.512114567905121 5.481143580945474 0.006408257253014098 -0.02930757988949603 4.927656289223073
0.4709771313032801 2.7416550370195325 0.0061962834598323305 -0.02935312711254813 4.920429207198813
5.072051761364319 2.1753501759516713 0.007632478992290818 -0.029012846541355424 4.969632730416792
6.16722742195143 4.14954636043048 0.006207851301539081 -0.029350682823709222 4.92082331591406
5.013264689681836 3.987057685426654 0.008164083708006902 -0.028867762940842093 4.988001222848644
5.749659476078942 2.8159155741783835 0.007189277553541233 -0.02912583540875949 4.954386672578723
0.16491163853447646 0.37361637820615196 0.008987897078116563 -0.0286219794233939 5.016658752190751
2.212225765537675 4.234957329231227 0.006285914889147686 -0.029334063373600176 4.9234837531357565
5.63570441156036 4.655359237817817 0.006627682701599192 -0.02925873924158255 4.935149484122411
4.208792716225166 5.440910071179932 0.009614220895121818 -0.028417719060118158 5.038618848870168
6.803858129491535 3.28677962563818 0.007055983484800284 -0.029158413829668883 4.949812749500088
0.33614708856685166 1.3300789033878804 0.008938091346120482 -0.028637571878362977 5.014919104627929
6.175466218846406 3.1790260076983508 0.007920859139429848 -0.028935445227148495 4.979585664583944
0.007446843757463739 6.640923687334987 0.007999211559731188 -0.02891388272824428 4.982294507544067
6.155591974297737 3.6670276113716733 0.006923454993737675 -0.029190165654714755 4.94527011061038
5.253929037435257 0.2903804376980595 0.008704887377327511 -0.0287093179255106 5.006786050363998
5.846372141239369 2.484044250970048 0.007594550613561403 -0.029022797952265977 4.968325658748665
6.304319930930325 0.5285548443022635 0.007174201006648652 -0.029129552689943616 4.953869070789497
3.7892887933652246 3.588728538534569 0.008254495005339911 -0.02884204070808476 4.991134528375534
1.7801559772332642 3.283240391881943 0.007791770725876143 -0.02897047305370383 4.975127115145682
6.9249045296091705 5.296558654521269 0.006126561116706799 -0.029367758662915636 4.918054504929259
1.3153343885217788 3.636402576802002 0.0064566195668071475 -0.02929696338819986 4.929306751801905
4.782598071473878 4.2069936451779215 0.008343126637566332 -0.028816527166012407 4.994208887163291
4.421346420501367 5.053076671708433 0.007770693446889029 -0.028976133685405234 4.97439964276227
0.19171419712748244 6.910745718919551 0.006977362996511071 -0.029177326910032695 4.947117302774245
2.1967088040926313 3.9877372430469125 0.008616243835785515 -0.02873604604259758 5.00369986672579
1.6107410176532977 5.311348687881966 0.008019181310080125 -0.028908350542984317 4.982985236643419
1.907215879817403 3.0088492517698175 0.006148735018336663 -0.02936312411298022 4.918809606828915
6.016197409342054 5.227859025168777 0.007900503399724227 -0.028941009761771372 4.978882244207896
6.491633076229693 4.565669642266528 0.006635375521254542 -0.029256995602623587 4.9354124157811015
5.916760167253761 2.654231821818372 0.006756324424581439 -0.029229301741057794 4.939548383910562
6.901553649932733 5.6335717746786935 0.006939231231202585 -0.02918641927198166 4.945810609411421
2.5040862682997225 1.4919972821212426 0.005698952322377723 -0.029453725442246954 4.903515556501071
4.97484166667176 6.441217555072243 0.006620378202453464 -0.02926039289648174 4.934899839302301
3.4320022697926853 2.054267776306574 0.008035075989137 -0.028903936649681373 4.983535108631822
6.377048962578098 5.503470589196565 0.005720919415236915 -0.02944946656638054 4.904261427517282
1.6231747886965986 1.6555144375118283 0.007223436910526137 -0.029117382423556697 4.955559662476588
2.142117832317359 0.9477099738731019 0.007232956468850774 -0.029115019160558864 4.955886613039535
6.7032937318003 2.3526438163683134 0.00582184215333171 -0.029429681512746445 4.907689555897184
4.727042708893787 1.9501814408976452 0.008159896931488584 -0.02886894667402126 4.987856192882825
5.337795012424152 1.1592245373706043 0.00802946479536976 -0.028905495932433294 4.983340981358849
6.668839065247637 2.8653355136425134 0.008770673866432804 -0.028689288592237218 5.009078317172906