300

3.0676932209043124 4.607769236644485 0.008627947615375239 -0.02873253417202076 5.0041071772730215
0.8915218554945912 1.0978725574170114 0.007941687884846046 -0.028929735455750186 4.980305570554021
6.487215259852869 4.243644946882838 0.007435226025809302 -0.02906402267314571 4.962839932847755
0.8434526818740806 3.89694041506245 0.009046168879614708 -0.02860361565609303 5.018695315769568
4.546476264674694 6.746754573601129 0.006568555092912064 -0.029272070032564813 4.933129092150825
3.3271233841148686 3.587592710731918 0.009000717438230856 -0.028617950408740437 5.017106703819536
4.310480844952475 4.585346108721722 0.008982276996207102 -0.028623743639912106 5.016462402783645
4.041013879420903 4.764622270800714 0.0076723353782863195 -0.02900233214489993 4.9710067287609405
0.7114327977643096 0.6035542053825459 0.008751341375428039 -0.02869519165523592 5.008404529061905
4.72047315282205 5.78410189865696 0.007462600978323289 -0.029057005809930387 4.963781930992115
4.5965619053239735 4.235550442651465 0.00904463988539822 -0.02860409917028438 5.018641861642943
5.54124613480739 0.6998292303040664 0.0065742552832769845 -0.02927079034584315 4.9333238277790485
0.5241734171715995 1.9728989411544893 0.008855172590908495 -0.02866332008657097 5.012024954310524
3.3886396570329467 6.007409977865941 0.008603311139731522 -0.02873992062328933 5.003249845731418
1.1013206560615398 6.603277798538663 0.005867572623622503 -0.029420598082066853 4.909243684829151
0.9983528381735857 6.272441781437865 0.00770796492637119 -0.02899288320767411 4.9722354350735465
4.704554293348754 3.798619894303248 0.009361462888703638 -0.028501982607941935 5.029737693921939
6.295835595243456 3.5999848312851777 0.008298558505787696 -0.028829393450539652 4.992662615634553
5.382580821862597 5.191814565119685 0.007684857561856799 -0.028999016608395056 4.971438518146707
3.479787471493434 4.410934947915526 0.007427739553444446 -0.029065936852718112 4.962582355777874
4.931925296231442 1.6385885758589678 0.009110445554745132 -0.028583208038882278 5.020943268843719
5.251109519629701 1.6579826120607124 0.00860973888622355 -0.028737995690567043 5.003473505421172
0.2041584509484462 5.957405906857138 0.00732519704445688 -0.02909194885633962 4.959056010159332
6.932005679383512 1.8193829015513419 0.00982172916009105 -0.028346668874945732 5.045930029283892
4.852241667193828 1.3761903569774498 0.007492836740288286 -0.029049223700184933 4.964822637280958
2.516080033756886 4.078375410469329 0.008287822316137965 -0.02883248170477397 4.992290231299263
1.136394493105783 6.419317598079075 0.00864535518797224 -0.028727301190223237 5.0047130812737795
2.7804862451929697 3.8770164635405915 0.008961052647397192 -0.028630395307270483 5.015720994451324
3.9473583711892286 5.46883629681306 0.007805010753683981 -0.02896690882947087 4.975584161258123
4.158764346781318 5.309512966288728 0.00897982335172319 -0.0286245134905704 5.016376683336263
0.4573777295282751 3.695874407285892 0.00873905191043032 -0.02869893676962274 5.007976280906661
2.1691915930228047 6.709324693114505 0.009182485888371845 -0.028560146234041798 5.023464657249337
4.3646448049064 4.2994808087663055 0.008221204895852667 -0.02885154744654796 4.989980496988081
4.809590280158939 5.61010226366095 0.00784460461022118 -0.028956211397717355 4.97695127857553
0.3440852426230919 5.921288505405976 0.008239102580974005 -0.02884644152508568 4.990600888958973
4.845919208425984 4.22952266256892 0.007392249853869765 -0.029074983097122555 4.961361539347811
6.440059129037513 4.4097298639346425 0.00853824957306264 -0.02875931665092367 5.000986805663889
1.0793788096695636 3.545433593087853 0.008638814733485031 -0.028729268699368628 5.004485415248066
4.039401586265307 1.116150772185084 0.00783048695470026 -0.028960032355856733 4.976463758863397
4.568071515940419 6.968349091076311 0.0062008738239512275 -0.029352157737029084 4.920585593940528
2.449313820027617 2.4798717060360773 0.0073998711192809945 -0.029073044343825277 4.961623672586134
0.335957662375941 6.818285715911374 0.00954686424615032 -0.028440418123958314 5.03624956205219
4.89852216328338 3.719419456990149 0.009150040672150734 -0.02857055749715058 5.022328833231287
3.0743375002980042 0.44289326014598834 0.008166780450757027 -0.028867000139763965 4.988094641184643
5.944085869734592 4.0569277246015325 0.007718586750400275 -0.028990057236517233 4.9726018126262845
6.538753194058656 1.6227633705997766 0.008980668722444924 -0.02862424827480539 5.016406216576655
5.44246511701779 3.863889736159527 0.00712925651262416 -0.02914058512757089 4.952326445808845
0.09008969940448938 2.685493279689429 0.00799470071550643 -0.028915130303518968 4.982138501277347
0.3999658745510844 5.541092489472348 0.00709114541973447 -0.029149882617879937 4.951018819058426
4.579403095509237 1.2397502897012094 0.006328704075227447 -0.029324861546616027 4.924942667650418
0.2022205415216575 6.615955191139048 0.008410084409062065 -0.028797056798090515 4.996533260574648
3.30340531306338 1.613588688367227 0.00858506933418583 -0.02874537501107303 5.002615185868158
0.15918958259134125 3.219896156095486 0.008400491760212108 -0.028799856565382552 4.996200164642902
6.211508521422636 6.328170135720148 0.008651923016769257 -0.028725323812133052 5.004941715866825
4.761511697233276 0.21785662758496888 0.006787665343794738 -0.029222039613631488 4.9406207601976915
0.8835757256630933 4.131861019257512 0.007814379839146976 -0.02896438274380335 4.975907616341788
2.8157870935375393 4.036392197691162 0.008709273979071003 -0.02870798750796504 5.006938847563443
4.402328345447841 0.5067100692417024 0.0059213742874104774 -0.029409816839762775 4.9110727267919
2.9218747378506973 6.308770356402602 0.00793991417515434 -0.028930222309743545 4.980244260115519
6.1622757020916055 0.1937651555714116 0.008301230285750723 -0.02882862424298001 4.992755292423246
4.085745946613068 2.9561471251680778 0.009748320263387218 -0.028371997674510586 5.043341503841378
6.6736428189467 2.574619299505355 0.010391647176480254 -0.028142737410556742 5.066107217127252
5.68982979837836 3.814572808083759 0.00917726050020347 -0.028561825741913016 5.023281701795488
4.75201777376221 4.322578252271138 0.0067550847917856715 -0.029229588253271474 4.93950597349888
4.7361450358353 0.32152545310790487 0.00710670803411108 -0.029146092378188555 4.951552736331718
4.3040887127196 1.043769837941336 0.008224739888838093 -0.028850539921480768 4.990103022641563
6.621168489434989 5.402109221634528 0.00980131017175305 -0.028353735537263693 5.045209787949919
1.1954248027996752 1.2585054841084442 0.009665735299222282 -0.02840023875120363 5.040432162546669
2.5854561682831565 6.146410324325406 0.008596129972933715 -0.02874206933205107 5.0029999877579545
4.681095245774545 5.88395953217442 0.007077846384732522 -0.029153114594398462 4.950562614904019
0.2991201373743542 3.0612882967700554 0.010232648952844838 -0.028200937846246235 5.060463360887436
1.2383593034280567 3.7639718891275864 0.00939997589754869 -0.028489304188159873 5.031089233960693
1.7662293146573964 0.1805925265840292 0.007992551779231359 -0.028915724373708943 4.982064183293078
3.701152498361739 5.297766983843933 0.008188928270321102 -0.02886072510841569 4.988861961164157
1.7739856967805965 4.98495705537042 0.006160630368814947 -0.02936063067202125 4.919214735906888
4.186511408432142 5.029985636875467 0.009052574381389145 -0.02860158906545958 5.0189192639847295
5.37243111903712 4.01688207605225 0.00923450131550008 -0.028543370253949117 5.025286450930042
1.1059978354087592 6.377012100522205 0.008183854385076664 -0.028862164288283396 4.9886861596655
6.895226889197944 5.906119262282266 0.007645569650677909 -0.029009399592487828 4.970083959351804
4.975547976847432 1.8790989051198796 0.01026797117889826 -0.028188096208671395 5.0617161655160485
3.762435972918663 6.41731251154259 0.008835310510767606 -0.028669448689821703 5.011332084254876
4.156326010912498 0.006419362136948808 0.005787683738042058 -0.029436418208545746 4.906529009789407
0.6622324037941508 1.449148110568106 0.007431439100501491 -0.02906499119035713 4.962709639039181
4.417734941074406 4.393352033750978 0.006592101508405188 -0.029266776346275003 4.9339335635635635
1.5492211901260684 3.223593444604145 0.00819232551898412 -0.028859760958660094 4.988979674956627
6.548136699459649 0.6402834245349275 0.008901738772911599 -0.02864889259323722 5.0136499542740145
5.517555697374878 3.3547813193668983 0.008659778059275472 -0.02872295674132611 5.0052151807079515
1.4510198997884116 0.0886929186276171 0.00929263708608379 -0.028524496419504764 5.027323875977162
0.8359993450825594 3.059220850572084 0.01019862498934403 -0.028213260150622924 5.059257141156105
4.373553927100436 5.090276792613043 0.007751831030540944 -0.028981185546384094 4.973748735648824
4.8386500848589264 4.94330951461338 0.007811360407522295 -0.028965197195665576 4.9758033714422005
1.159417130047111 5.989872963552252 0.00605392898186018 -0.02938281715361196 4.915581947108885
6.35178268507912 2.180560728617031 0.008426390690705846 -0.028792289591617854 4.9970995556354625
3.8394879403375817 1.5414243654352007 0.009132623350902994 -0.028576129736732042 5.021719267863582
4.811214395913419 1.2867263899857024 0.0067255112669062445 -0.029236407067194783 4.938494324857816
0.8200390616589024 4.584718542896058 0.006789179062265773 -0.029221687967338435 4.940672561084916
3.342706280860343 3.6277423519772034 0.008121955932179695 -0.028879643900777775 4.986542187000703
0.2713548859689614 6.492209904887303 0.00962841062451908 -0.02841291447292319 5.039118217897759
3.571824445529511 0.17003354386991248 0.007914213589666813 -0.028937263575831304 4.979356003665307
0.1536618632639295 3.736941703805722 0.008941914012117224 -0.028636378503573066 5.015052591700694
2.2255117473771366 3.6085178459047422 0.00755447424754318 -0.029033255395205113 4.9669450495841865
1.9374239520395347 4.6821033305433595 0.006736076173786614 -0.029233974717457496 4.938855701214287
2.314007790092678 0.9579091367569007 0.009675860239817358 -0.028396790815504513 5.040788693180931
1.9732828430266516 0.6007998570528946 0.010082669701061137 -0.028254907037527192 5.055150221060269
3.175281740254814 5.078712858146448 0.008912501988712782 -0.028645546046483224 5.014025670170011
3.765186248793209 0.3991954106132874 0.0058833517544742515 -0.02941744673035246 4.909780042912557
4.922241534723427 0.2969528833122428 0.007444834475252507 -0.029061562924868504 4.963170542828087
4.226695913129954 6.424665975186478 0.008144560068006259 -0.02887327728711512 4.987324974579492
0.4292236179091579 5.354081756189576 0.008447535931718451 -0.028786092765124022 4.997834041016834
4.274210130478372 3.438943637713455 0.007138742057204936 -0.029138262848713087 4.952651968526826
3.5711311450722207 3.988715697129896 0.0072145245573853375 -0.02911959195131147 4.955253590495106
1.3966250543044167 2.6650777090238638 0.010303718199949213 -0.028175049090570104 5.062984619079744
2.4565286895438563 6.166301013335716 0.008532450481056478 -0.02876103768622264 5.000785169493412
6.79598114545491 4.128867909988302 0.010005586249163232 -0.028282295589477098 5.05242340046947
2.71264356622525 4.3883901710344935 0.006521806693168659 -0.029282521022906148 4.931532346653391
3.5260969151761863 6.326285889156133 0.008536859626830706 -0.02875972927048841 5.000938475716499
0.8791833623169493 1.1994342903587076 0.007396911438174604 -0.02907379750180223 4.9615218723503896
1.67603114260408 6.210822683843135 0.008014068879067544 -0.028909768245379643 4.982808391353174
2.323042828336313 4.232017006161953 0.007681692872436209 -0.02899985507918208 4.971329388802451
1.513462755923811 5.818104464293712 0.007017297861274644 -0.02916774812573213 4.948486222378952
6.816607562097036 3.852846871179113 0.008961043609316786 -0.028630398136105663 5.015720678770039
1.6863421190690293 5.958701821980924 0.00845020928500226 -0.028785308110903757 4.997926911895124
4.382165850057782 3.3800383571400006 0.009107746152116708 -0.02858406829037118 5.020848830108843
1.2745221713830486 6.409019922767827 0.007729900267231549 -0.02898704265458368 4.972992087983587
4.032734787406099 3.660246018003052 0.00839535143689422 -0.028801355423851812 4.996021684950315
1.8106791662279573 0.7075919116553708 0.008657501344754426 -0.028723643056993573 5.00513591702558
4.457530789900939 3.894325284734905 0.00910965890411663 -0.028583458759405735 5.0209157475389965
3.3316608914034798 5.625375116188681 0.008100492069826985 -0.028885671676917433 4.985799046894905
4.302953647695387 6.245746193861015 0.006819992565642611 -0.02921451182896232 4.941727164246257
5.231187194548454 4.487357884965564 0.006848801197511569 -0.029207771605464256 4.942713384840195
3.511433150219803 6.179291271800138 0.006500635318186431 -0.02928722828230673 4.930809400958343
4.067357699109745 2.3795871537297466 0.00786808857461184 -0.028949839070054648 4.9777623842514815
4.274585444269387 2.7646483890905245 0.007792366018954878 -0.02897031293974294 4.97514766347165
3.73246887695686 6.508969890045277 0.008850402755003733 -0.02866479323271358 5.011858549535709
3.703342307666966 5.161114312402567 0.008575029997150973 -0.02874837144166537 5.0022659535584815
4.576928663504818 0.7342848394525281 0.007983380290239143 -0.028918257885658 4.981747017206391
6.409234468779808 2.3446039376093193 0.008594206511079016 -0.028742644527686156 5.002933066946322
0.8350044631348648 6.595808342840608 0.006600979002324812 -0.029264775348716875 4.93423690402164
4.2127832422048845 6.097692769121885 0.008702728173944895 -0.028709972524027703 5.006710842071987
3.438477968699058 2.6744909786931306 0.008258413697613896 -0.02884091890351386 4.991270398389637
4.703140449932814 6.092351627748101 0.007970673593726576 -0.02892176278276049 4.981307643355508
0.1704055097511321 3.859225098810755 0.008904070312534137 -0.02864816803688236 5.0137313385403495
1.2944157723383805 4.54195613842406 0.006977575587249854 -0.02917727607101483 4.947124588942874
4.466841212603373 2.440966755021738 0.007313465760914164 -0.02909490021574118 4.958652782159506
3.0222129374290585 4.612164652442677 0.007701637060649276 -0.02899456477662725 4.972017185575878
3.0695815108841917 4.992191295566805 0.008464660275430923 -0.02878106194047644 4.998428975517069
0.4770230712787033 5.298921566317298 0.006049827619250892 -0.02938366188509099 4.9154423654061965
0.8154094651567246 3.01712740907815 0.010133152351289518 -0.028236841597911684 5.056937478067169
4.824898516814421 0.23836045823885932 0.007093279533854814 -0.029149363379919573 4.951092031467364
4.665843655751334 0.7248198250589704 0.005704063644978705 -0.029452736000820573 4.903689096804221
4.444585174278359 4.368403964963046 0.007546573158768766 -0.029035310116465967 4.966672919950673
0.8811595434543473 4.150540670414192 0.008848106048027125 -0.028665502252060153 5.011778427605202
3.436769817262375 0.5136594070516749 0.006505674026111253 -0.02928610942863496 4.930981448791344
2.465665962834437 1.5682073580215827 0.007273642180300614 -0.029104881539579432 4.957284269316426
5.493287805507199 0.28927371253081413 0.0058300576224009516 -0.029428055119553594 4.907968719503736
3.1661091387011835 3.334141273263212 0.008612858990506244 -0.028737060740612563 5.003582077886286
0.46895904006827727 3.086880547817244 0.010631617601953192 -0.02805296253813203 5.0746476914722995
1.3794598364421105 1.7752352821883466 0.008866601967214296 -0.02865978662786922 5.01242372460786
2.8685410930196222 4.3312267480643944 0.008508976108108529 -0.028767991337450692 4.999969081614179
0.5857622052248252 2.3532894574556535 0.009992623791636573 -0.02828687804899683 5.051965113509769
3.736733752114519 4.328390242197015 0.009171048552213245 -0.02856382097081809 5.023064218114403
4.204631993430403 1.0555743363991539 0.006694394515039188 -0.029243547699911738 4.937430139734747
2.6986115314163563 3.803593939593826 0.008871045131654758 -0.028658411649499074 5.012578759642634
3.81803558359601 4.018430201465399 0.008805818089765131 -0.02867852101782735 5.0103035415339106
1.6568457474967515 3.360585214695497 0.009194659036209887 -0.028556229534163712 5.023890914955293
2.5605744997095945 2.2931859182356815 0.008055973811524534 -0.02889811907283986 4.984258190924165
0.8403580019418277 5.306675166368097 0.006974643526927352 -0.029177977100414112 4.947024098921473
0.036316949340955834 6.479432725698159 0.007928871616291232 -0.028933250679665623 4.979862583795086
4.376445884732706 4.408007408937054 0.007572004117885106 -0.029028688458811413 4.967548882960945
4.824838235059518 4.1771206596997805 0.006616781950536335 -0.029261206342511864 4.9347769358970845
2.7421504533161576 3.5705540662534787 0.006218693865737588 -0.029348387461736933 4.921192744732011
0.4006945618955494 4.178064094302861 0.008337991267473645 -0.028818013491972917 4.994030682565128
0.08471623891435726 0.08610571920335094 0.007873928811085989 -0.028948251157504316 4.97796412618913
3.1493955414258026 3.0364307107193693 0.008878022267612693 -0.02865625098675284 5.012822227390765
1.4967688073568153 2.8434360031858463 0.009690775743828355 -0.028391704166584084 5.041313993373258
0.52446974594184 6.043952631432236 0.0057035630159260435 -0.029452832952423447 4.903672099122624
6.677401834647906 2.0308216095870932 0.009736966211892408 -0.028375896267580088 5.042941346212449
2.6616768824890964 3.5572524883821672 0.007140126538581119 -0.02913792362219809 4.952699483007775
0.45967903917929975 1.3640194631985338 0.008704316315411709 -0.028709491069701276 5.006766159254246
1.513595916830571 5.83540339540615 0.008671729750166807 -0.028719350674067685 5.005631309211719
3.07984770893266 5.131010048032919 0.005998975868228997 -0.029394085944836015 4.913712059628517
0.24677058894229142 1.8477791595585 0.007947018814256022 -0.028928271499795155 4.9804898468426595
4.201599728154984 3.6832767163572564 0.008311108416363766 -0.02882577799282176 4.993097959422931
2.0826264072261096 2.050190742168261 0.009119766014336433 -0.028580235615609503 5.021269367444953
6.997925988836906 5.304666844737593 0.0075202262547104 -0.029042145187261295 4.9657656177242515
0.3965529763734906 3.4537336906095177 0.007572350936838714 -0.029028597990418997 4.967560830434719
3.9345484744071695 5.132562469491849 0.008845671287443865 -0.028666253670029698 5.011693491759695
2.781851276701075 4.279147854315221 0.0074723311130855605 -0.029054505119454597 4.9641168090400525
4.743554608234404 3.510898513019941 0.008030803845937561 -0.02890512393310353 4.983387306776937
3.5646962019972737 2.6124381502858096 0.007463914604957905 -0.02905666840451424 4.9638271398574005
6.2083855157796615 3.9285014210079514 0.010207204925462718 -0.028210157170948366 5.059561267933952
4.548550549236553 1.576708802879087 0.008096530764650056 -0.028886782264161494 4.98566191215679
3.644471220175456 4.361029295993196 0.007753207005847645 -0.02898081746818876 4.973796214177338
1.308034947488865 4.954325796629998 0.0062255166540179435 -0.029346940937524393 4.921425226206625
0.11001536603492681 6.9631033814466745 0.009804663251523325 -0.02835257622376189 5.045328049203817
4.021919262187794 3.167158928420233 0.008400821798569756 -0.028799760296028078 4.996211624384324
0.2799278126075781 4.564338105023619 0.0077456308745981264 -0.028982843241381135 4.973534804490178
5.228535245263655 3.331157950583422 0.009216929438605206 -0.028549049226266235 5.02467089192939
4.634261550160021 2.3535383984503113 0.0076496177544439735 -0.029008332392795273 4.970223506473726
3.6285445816259885 1.347824004275618 0.007855701760009395 -0.028953202756479033 4.9773345374917
5.377719151694527 3.6758188189319236 0.0095565858499232 -0.028437152932265345 5.036591405189922
1.6715740704381665 5.346953637771502 0.00787798284251267 -0.028947148155441426 4.978104172944768
0.9177198918060209 4.724526131838061 0.008422397807047606 -0.028793457853822275 4.996960879527954
4.77925416335919 5.946673988847029 0.008175806441672174 -0.028864445067042457 4.988407330077473
3.5467400001813947 4.909825517922008 0.009262791085389882 -0.028534202307203573 5.026277725306435
3.5225556466404666 1.4645611877358615 0.007063501525441778 -0.0291565935287386 4.950070591895739
5.263999690436055 3.1692811633506657 0.008058012267865712 -0.02889755073169568 4.984328731030274
6.109767900214041 2.3670588599704017 0.0091059211569629 -0.02858464972468922 5.020784984172934
5.029808547900083 2.2083568201236776 0.009849259522358758 -0.028337115005963913 5.04690139563307
0.7335650397091825 1.6273766540020238 0.010275697164975601 -0.028185280693541304 5.061990266038441
6.881984191121482 6.460187373660619 0.0071964870159485494 -0.029124054913924398 4.954634208233488
0.11502649233028114 3.919485133942282 0.009047960367161075 -0.028603049019191685 5.018757947896645
3.8865178153764637 3.1928917310003295 0.007771217044000128 -0.028975993264339393 4.974417712749987
1.9367191357583098 1.478979687976904 0.00842846536924197 -0.028791682332220337 4.9971716131356985
6.05265909178718 2.9651190857179563 0.008991937889884298 -0.028620710211042337 5.016799933948171
3.6619786393368896 4.380281233623508 0.009152179264762651 -0.0285698725006894 5.022403687152092
3.0743519544105156 2.1998387902890206 0.008875343619677846 -0.028657080724188284 5.012728753574013
0.5402836013757275 4.035783304600683 0.007777460319364538 -0.028974318127968256 4.974633182699682
3.815723958447674 6.266182930989866 0.0073592695777059325 -0.029083348350605227 4.960227384642625
6.745900696934984 4.723217147962228 0.008796911563333034 -0.028681254277783903 5.009992991978421
0.9701198687081408 1.4493826857220091 0.008711585740490925 -0.028707286076640456 5.0070193753141385
4.207856958788118 5.877010401670966 0.006006679693554362 -0.02939251263602759 4.913974154237398
4.353925433734254 5.050962931119363 0.0088533251799426 -0.028663890755760885 5.011960502859351
0.2929091909839238 3.0745143308614273 0.009723548566600446 -0.028380496882066078 5.042468530929539
1.5137726810912735 1.1806134584931465 0.010275807520513063 -0.02818524046023676 5.061994181401833
6.233510130819565 0.9222656151518648 0.0077347500349863076 -0.028985748944891507 4.973159399841776
1.4912145331977018 4.190040342421778 0.009170646346674907 -0.028563950104707473 5.023050137203114
1.46338518038185 1.21367686207267 0.009299107648631335 -0.02852238764443058 5.027550726667641
4.269294224520015 3.845449389259242 0.008164011974037204 -0.028867783227809113 4.987998737933389
1.3887744844775562 4.886434660587331 0.008670252854817262 -0.02871979657716142 5.005579884515501
0.2544424298903305 1.6339185656790958 0.009419591713835863 -0.02848282450784393 5.031777844899446
4.924546044030813 3.935820490620077 0.009553965025083643 -0.028438033551908586 5.036499244618689
1.0805894905839837 2.206875909618411 0.010150104185510414 -0.02823075247001546 5.057537887345852
1.7885785959900515 1.6076936894954605 0.00898415481693424 -0.028623154302511056 5.016528007062444
4.275365290388797 2.9354586231977566 0.008817248828866687 -0.028675008685087593 5.010702147827522
1.0546916834276192 5.94496734313418 0.007869033501037051 -0.028949582238083443 4.977795024523311
6.5437947304002675 3.421998528529274 0.008581513983771143 -0.02874643660954067 5.002491503892936
5.373765382561166 4.022020174780629 0.008754177923595634 -0.028694326423215285 5.008503381544388
6.103669080859993 3.1857116105550816 0.008372103334572062 -0.02880812187136203 4.995214592015205
1.209588022255836 4.060108975856205 0.009703054585301841 -0.02838751013587935 5.041746505215238
5.303872919052165 1.6738945881887066 0.009204576504107066 -0.028553034363794683 5.024238230508693
5.483165891881799 5.652964853430747 0.007399714323519877 -0.029073084252110144 4.9616182794236
2.6470998205959844 3.825677216969204 0.006220987769849145 -0.029347901307715127 4.921270906542867
0.3682107535350962 1.2509327167335629 0.008481690883230406 -0.02877604767443448 4.999020756703318
6.5462608558271995 6.309782549012314 0.0078794048451286 -0.028946761119105602 4.978153297373692
6.82595690209194 3.318844398652069 0.008501966975293552 -0.028770063565293314 4.99972544693476
3.5211529243359787 3.6634451169056472 0.006928660158324507 -0.029188930580109417 4.945448433500207
5.348930719186112 4.8930842566126325 0.009069637141837386 -0.028596182999054327 5.019515887221133
2.1568406171155776 6.38673474361368 0.008722547450652122 -0.028703957322486425 5.007401241630873
3.808177128924642 1.3186975774725442 0.007111156416848173 -0.029145007366873643 4.951705362813219
6.408054767068507 0.14616703572341744 0.008553618569650038 -0.028754749335804304 5.001521248706922
6.683992469847937 2.3494893407263127 0.009753112794703629 -0.02837035055852832 5.04351042639937
6.24747455867934 2.764319220981786 0.009299659814827048 -0.0285222076166711 5.027570085774079
4.2978874329232655 2.512969481207375 0.008745113948342414 -0.02869709013176261 5.008187516360291
3.991796195770045 3.5108377628132987 0.007764414312951013 -0.028977816866990542 4.974182948857761
4.151162984052487 0.23281247447859788 0.007132540875248587 -0.02913978141069195 4.952439154867351
4.595196281761699 2.483555578462283 0.00784659625303891 -0.028955671762917117 4.9770200604112524
3.233944953561291 2.0762939432705543 0.008777100174889184 -0.02868732320241748 5.009302321631465
3.41571148206878 5.740236077436674 0.007157776292241389 -0.029133592956417632 4.9533052593512386
5.473531447775538 3.026459236118695 0.009030279876347882 -0.028608635852742547 5.018139875197338
3.046349865556556 2.4535688655606673 0.00759728470192 -0.0290220823711527 4.9684198647610245
4.144380236540867 4.429428412923784 0.009087499421344306 -0.028590511612544937 5.020140587740977
3.0029515374305293 4.269544405976405 0.00819793282907475 -0.028858168641304638 4.989173975414452
3.7537841281581126 3.1023389066755644 0.00815769602103575 -0.028869568677560416 4.987779955714675
5.0884756107982625 0.6373793285822442 0.007861684822742708 -0.02895157874361702 4.977541189258861
0.1961575395380402 4.51588393142666 0.007444789897445259 -0.02906157434453435 4.963169008918896
3.595032516780421 4.929093468973385 0.007657669993979865 -0.02900620778839075 4.970501100313443
2.1295884225288653 5.703751489311227 0.005969524014112573 -0.029400081344189054 4.91271019658628
4.771832578541988 3.5631592417477997 0.008694461364195865 -0.028712477106416737 5.006422912534145
5.337727653820981 1.6158118865012832 0.00926063641244252 -0.028534901668597765 5.026202214292726
4.124860588268054 3.4503449608718224 0.008308219941504484 -0.028826610647170906 4.992997756294319
4.908946550414474 6.896423147926246 0.005246446795754402 -0.02953768433745811 4.888174453329117
4.105029622403942 3.9383461618205287 0.009015420490419677 -0.028613321956405566 5.0176205156310765
3.2614014441626282 0.5770064644094749 0.0064387930779544736 -0.029300886397842736 4.928698316906501
3.8210101151645053 2.7622975295346777 0.00873073074271092 -0.028701469312533156 5.007686346802389
4.273370545350766 0.8054772804143246 0.007880083457394558 -0.028946576390041303 4.9781767409095155
1.7648049847889 3.8674959482002214 0.008062634994373563 -0.028896261297051955 4.984488704090909
6.773668014138689 3.567434458951792 0.009933388661164378 -0.02830773374373602 5.04987180084394
4.806287266658936 5.5481941891311095 0.009318145977068835 -0.02851617357834034 5.028218286554228
6.286516607683414 3.9131422804940126 0.010281170740264989 -0.028183284553251045 5.062184472694162
2.7398130705555057 4.481177267378567 0.00781725560438395 -0.028963606730097128 4.976006903931801
2.4141356874134945 5.335251372810125 0.0071269961950210054 -0.029141138022324316 4.9522488805798215
5.088232587961861 0.16542340906065173 0.007105473145867026 -0.02914639345396549 4.951510367637837
0.19766017322764828 4.273390295393822 0.008575205199850056 -0.02874831918183156 5.002272047916163
6.577467662012699 5.587041756022404 0.008235212435143024 -0.02884755234240967 4.9904660345117655
6.879606371847688 3.2864461312086815 0.007459446703405651 -0.029057815727942294 4.963673377792396
3.919692604724077 5.486550484848604 0.0070678320500160005 -0.029155544071630124 4.950219120992577
4.4694500067249265 4.84556753995662 0.006665192943126907 -0.029250217145021185 4.93643168906009
3.9101141380880358 2.937772213524906 0.009600334554546607 -0.02842241327615898 5.038130238456076
4.803877322273736 5.890727543899967 0.006263209817247232 -0.02933891959130632 4.922709799959363
0.4399359261494311 1.7589410617493104 0.010047430364727385 -0.02826745731518762 5.053903304652172
2.9117320616499773 6.709465717584275 0.007352711880797592 -0.029085006927934157 4.960001911639335
1.3868469152308487 2.3229009413270916 0.01141371768284787 -0.027743955173266947 5.102679665220357
4.269193233427216 5.758690878471946 0.0058502640660261715 -0.029424044765425487 4.908655405038176
6.56679468484288 1.9241851990681553 0.010566422585579762 -0.028077583830218543 5.072324714367165
0.06920269337186648 1.2115645244692441 0.006975237819161285 -0.029177835035624936 4.947044466806424
4.692475528842901 2.635161511468452 0.00903300504363232 -0.028607775514389668 5.018235133435919
2.666149736835068 2.2182797859733228 0.007271766343560017 -0.029105350268372784 4.957219818903442
3.2899526025077535 1.431658424239089 0.00818163230352776 -0.028862794266146012 4.988609171076735
4.660581363584611 3.147502272145444 0.00882612428695399 -0.028672278076065753 5.011011681495729