300

6.017281985378806 0.6973301364773854 0.007651216077607673 -0.029007910861241933 4.970278605634707
3.7966297201934345 4.178191871511927 0.004895810225665446 -0.0295978215792019 4.87631584298753
2.3923517092801596 0.3212453527946201 0.008054008032332537 -0.028898667004121886 4.984190167100535
3.724484826041361 6.9684722719196674 0.005629684152505217 -0.029467043562987984 4.901164326565318
0.601502418416109 2.8658777471567816 0.008088190196946073 -0.028889118701303878 4.985373190821194
6.249233636485378 6.668798171142853 0.008307617850799297 -0.02882678417106356 4.992976869728763
0.2779648702341356 0.679333183168626 0.00821849594900416 -0.028852319219366096 4.989886605642386
0.02288050724515515 0.8626708633083116 0.00766292217413556 -0.029004820698517366 4.9706821755427
3.6820240953576056 3.699865183952471 0.0053122004224398925 -0.02952592973424934 4.890400988245907
0.7867398701240604 1.905760920268759 0.007217548741462687 -0.02911884252789953 4.955357445761879
0.539822407963672 0.322992899754559 0.00813058551977308 -0.02887721557050915 4.986841011680859
1.5515356493304053 3.8093015391164955 0.006823596218013256 -0.02921367033861913 4.941850517471786
3.4506020520016385 5.058727926680199 0.004295922749703313 -0.029690824301938493 4.856080366294782
6.416938469485992 2.1184606295416426 0.00715377478694496 -0.029134575787158296 4.953167911451813
4.0669068530523 2.697526795552373 0.007766941958055618 -0.028977139483051036 4.974270176776207
3.988986005004193 2.373546886209407 0.007492238650837896 -0.029049377962340098 4.964802048508311
0.662518705016156 6.8900722008560145 0.008337320683759135 -0.028818207505258927 4.994007413041108
2.2081901387681655 6.681442969974443 0.007327688437374759 -0.029091321423489244 4.959141649653447
1.487601251816188 1.3256472699010038 0.00653074501959066 -0.02928052884578917 4.931837601464151
6.4255203116680715 0.49845554716507984 0.008438487722668898 -0.028788746498490798 4.997519729797183
0.8984193905673089 4.734256947159403 0.0070740296874824945 -0.029154040954567795 4.950431697962226
1.2139514039183785 4.752541597029928 0.005380603098736629 -0.029513541134432948 4.892718171807475
3.1807877570235927 2.0551823308241928 0.006316078991197397 -0.029327583367487933 4.924512162703742
2.8752304779122326 4.909112936677864 0.006448929947016667 -0.029298657009127083 4.929044287826127
0.8643796204072781 4.482434345118468 0.006672380946687761 -0.02924857829882126 4.9366774378304745
5.444768308134231 0.1607246378584681 0.005976834253111367 -0.0293985960942157 4.912958849762835
4.13469899395562 2.5226026690985544 0.006664647823440003 -0.029250341355093898 4.936413052667519
5.704067943606191 6.958336840364956 0.006648251274812338 -0.029254072451317885 4.935852529208464
6.977283203393806 1.579609447754368 0.008480622877858527 -0.028776362445652206 4.998983642519236
0.18518625966388916 1.4196910426427343 0.0068314572244468135 -0.029211833085079637 4.942119612504793
3.3382601863271764 6.767752897937756 0.0064276723940955936 -0.02930332792694682 4.928318798680601
5.191092460993017 2.818245091771089 0.009257912107377456 -0.028535785663129618 5.026106743038029
0.3073639825576615 0.3867619229935433 0.009006384195175425 -0.02861616752342798 5.0173047240609865
0.9053737900371168 1.7404012311781893 0.007422690265287969 -0.029067226720579986 4.9624086412289525
3.2834323592530525 2.0087620362862904 0.007075629129097227 -0.029153652814484 4.950486560074271
0.783277032776716 0.31604344318926775 0.006396149665509573 -0.029310224657214785 4.92724318650024
2.326776339245119 0.4838561233553629 0.007557078177840856 -0.029032577725961597 4.96703473848232
3.95852956914812 6.617162791776206 0.006706130231028748 -0.029240858696770216 4.9378314677657595
0.05952494741411797 4.224269155996637 0.007848863967509516 -0.028955057147578397 4.977098378004973
0.5952742856008293 3.0791124643003496 0.005657050261037194 -0.029461802089215436 4.902093111314513
5.392749988588581 5.569325035406788 0.007353504352372938 -0.029084806579030783 4.960029158471584
3.328110853300652 2.9201855577942686 0.00812572694874244 -0.028878583094647855 4.986672766374536
0.8303568363022555 6.804067241606537 0.009275278558671956 -0.028530145594774663 5.026715388174473
6.00884410512034 3.5287599802947094 0.0060016470342744875 -0.02939354066586712 4.913802934739408
1.8607479330527688 0.13739918277963187 0.008344439916406293 -0.028816146905536924 4.994254461270717
2.4633093223141285 4.70775619661532 0.007281969363473463 -0.029102799215701462 4.957570389052103
1.3669594219724341 6.946720182290679 0.008817351646787607 -0.02867497706950943 5.010705733457739
3.0187479307160547 5.770657629000535 0.007948833572931264 -0.02892777289785442 4.980552580432332
3.3567206671712575 1.6324725538672575 0.007730860102637169 -0.028986786680718038 4.973025200697256
0.5901939310926148 4.345470376427528 0.005778976431352674 -0.02943812887066483 4.906233217904531
3.1985630052614953 2.718898406977929 0.007220316332226743 -0.029118156398758827 4.9554524915510845
6.30007651856123 4.715352441322406 0.0077369853267767125 -0.02898515237243444 4.973236517559061
3.0450829733890847 6.293606142965946 0.006008363996430581 -0.029392168380138216 4.914031458380132
2.1911855265703943 2.4281057310103304 0.008513801036146433 -0.028766563783617118 5.0001368044032555
0.779926975131397 3.3282626747037605 0.005379558138984142 -0.02951373162155693 4.892682765809415
3.7564770267874694 0.20183477577900677 0.005177928212980242 -0.02954977257816417 4.885855228382283
5.7705469794117965 0.12630904937403967 0.006471276412941783 -0.029293729390217686 4.929807064910825
0.4437459760953757 3.6218259381582985 0.007479350834956315 -0.02905269886065042 4.9643584218300605
5.9743083560995265 2.4271737358993315 0.009287605960377554 -0.02852613495594451 5.027147501918825
2.168021628406926 3.3018905242909136 0.00554411751739852 -0.02948326238653509 4.898261319578804
0.009081790964937974 6.039532924960142 0.008275530626385618 -0.02883601208301442 4.991863943433606
2.6257797254563306 5.666209107039 0.00662585465880596 -0.02925915326936819 4.935087006042146
1.6034828793810976 6.895172838543591 0.008675767828078138 -0.028718131077653437 5.005771916974508
0.700639843504849 0.41179525517683824 0.008418016693150574 -0.0287947390152062 4.996808726339393
0.7600356584517444 3.4324716969110876 0.006146107920641336 -0.02936367411322755 4.918720138382723
0.31607278547803624 4.1511772153379365 0.0053735726970428645 -0.029514821979297036 4.892479967619195
2.527380229875501 1.480822709505568 0.007006915569692523 -0.02917024398593883 4.94813028652663
4.086923970988898 4.336622209138705 0.0059361629126144875 -0.029406835427752173 4.9115755988297405
5.639622189915568 2.265881571460165 0.008291082106982268 -0.02883154448681649 4.992403292805929
0.759824001915637 2.0089192073052393 0.007705060737289424 -0.028993655151337522 4.972135267373886
3.222847916325517 6.145124088365309 0.007925114347332285 -0.02893428005984783 4.979732726208088
4.154520585294589 6.845837196106055 0.0065425959700282955 -0.02927788308558133 4.932242358010136
4.651493746001085 3.2563361565776394 0.006220509079741731 -0.029348002773423112 4.921254595690691
6.677518319135912 1.3941040298184155 0.007697137176636313 -0.02899575967765016 4.971861991272474
4.685926918394059 1.0644230210920893 0.006188499836945434 -0.029354769114542975 4.9201640427714874
0.1959038648331696 1.1348509655372754 0.009031074867118903 -0.02860838490276047 5.018167663808505
1.3302872584886227 0.10972640035988444 0.006680015035963447 -0.02924683571122357 4.936938452795888
4.104605586674395 2.4799657916373254 0.00719936661760878 -0.029123343219920002 4.954733083093144
2.847218729757684 1.9966103868356748 0.006817376214946071 -0.029215122480384836 4.941637608638876
0.9282197205867235 4.970658091072777 0.006579594773609657 -0.02926959057819375 4.933506248536604
6.787369823369618 2.5282489775690022 0.007732625998128265 -0.02898631565365062 4.973086121897587
0.20348326886638926 3.1223704441597717 0.006182163482996661 -0.02935610421478815 4.919948193353318
3.597002841411708 4.5385767139848054 0.004712527213334406 -0.02962755621484132 4.870126522325962
0.3628517494623572 0.48189795811288005 0.008530425282793784 -0.028761638418119934 5.000714755583663
4.448944911052807 6.302495741950383 0.004309145653777761 -0.02968890809266195 4.856525733874682
2.5226154402103433 3.7389492091801046 0.007411897425733238 -0.029069980676815196 4.962037352688828
1.436110759800311 6.437241699923746 0.0074283461024392825 -0.0290657818436452 4.962603223868769
4.321990391214654 3.1606951147995037 0.006802298287179719 -0.029218636826728102 4.941121539585285
3.7271593847863205 6.136126145343895 0.00601309337892695 -0.02939120120063664 4.914192367239896
0.39669329284333427 1.1993689137320322 0.008750021220990488 -0.02869559423730786 5.008358523264397
0.8418491380315576 1.047222221175955 0.007128281031124523 -0.029140823762229342 4.952292970931758
4.12921479665447 2.085817595238121 0.007679682225910408 -0.0290003875992897 4.971260056453752
2.270970559368165 5.2644192447770415 0.006146445487061075 -0.02936360345520601 4.918731634451797
6.837052147949248 4.643242006638989 0.00687786359708672 -0.029200941634472496 4.94370852394067
0.7725064262053366 4.379706153938477 0.00597205166602117 -0.029399568005301944 4.91279617165365
3.6933455019184933 0.6544609669651541 0.006472272166349705 -0.029293509400628234 4.9298410570711795
6.2389333792093336 6.701894417978915 0.008603557543235728 -0.028739846861113083 5.003258419304868
3.237702637594513 2.588171579696353 0.006267654806418285 -0.029337970332447703 4.922861307279138
6.574163364321466 3.2738401838725566 0.008994134839194734 -0.028620019889832073 5.016876695698257
3.013401559648986 6.8021098171124095 0.007823252322655608 -0.02896198755431097 4.976213952934037
5.158838073189913 6.6929505745561455 0.005173890878091919 -0.029550479745371262 4.885718601727631
4.860463450667028 0.76371377328785 0.006855683681637966 -0.02920615690667505 4.942949030148423
5.177412773497059 4.030275479211436 0.004655709741884702 -0.029636537699254274 4.8682090896854024
4.792530367008843 3.6633284457907482 0.004594863111084163 -0.029646032331332263 4.866156324111892
6.137596737469228 1.171474133734649 0.007923506752137113 -0.02893472033299851 4.979677166402878
6.760277074894513 3.501362001581041 0.0068644493546591665 -0.02920409791548644 4.943249171723977
0.9398361022045503 3.4081416393985036 0.007715397774302857 -0.028990906111818624 4.972491811829125
0.3015379401905404 2.548030669431208 0.00694671077252445 -0.029184639957396983 4.94606688508569
3.3812567982477417 1.4443931378811055 0.007983955706701148 -0.02891809902592897 4.98176691529447
0.17857507830828218 6.516320259591758 0.008016915523682031 -0.02890897897688789 4.982906859229043
6.487964193885277 0.06904641779768841 0.006656888605424889 -0.029252108199153172 4.9361477913655145
4.314260330064458 5.752634181998021 0.00447864425965334 -0.0296638120543445 4.862237288279455
5.510234858478617 2.285518932839649 0.0077700842967286556 -0.028976297037781252 4.97437862034258
2.6541950538018515 0.19462905898270394 0.007809574999919355 -0.0289656786269653 4.9757417322013975
5.6709502698888965 0.478888304669457 0.006573004426458414 -0.029271071261738238 4.933281094022928
6.559203939957373 2.439973408759241 0.007016709467490266 -0.02916788967767179 4.948466049674701
3.783140609122731 4.280255084455915 0.0049048248703583205 -0.029596329045865035 4.876620421886898
4.701896438251169 2.3217018357113344 0.007447684433429653 -0.029060832689034387 4.963268610299146
5.264872981683656 0.3180883091221793 0.006881406021636152 -0.029200107040307056 4.943829837671347
4.48807459150759 1.9149800446126564 0.0073022082779728515 -0.02909772764779244 4.95826587807168
2.6969678154269667 6.924192436352856 0.006262752280198861 -0.029339017261606835 4.9226942051012985
4.692110742575761 2.0631173005203522 0.007067380403862474 -0.02915565355513576 4.9502036301032835
0.2901744880147269 6.458796906808465 0.00885684058233758 -0.028662804728411664 5.012083147374646
4.237889560368819 2.5027630456876464 0.006804523669756088 -0.029218118653118807 4.941197703381753
6.972378359116738 6.746571451826776 0.008154218653609862 -0.028870551053783524 4.987659506798467
4.641922833780949 3.7729172043904726 0.005872196674112288 -0.029419675494820545 4.909400857806065
0.39101957351000977 6.9798410889176905 0.008208523251266479 -0.02885515804901123 4.989540976337123
6.346243815760775 1.733389613639509 0.008859575545015609 -0.028661959478761417 5.012178567310996
0.3982778315433621 2.375333104091697 0.007363491659344769 -0.029082279666194668 4.960372559096177
1.1856670485669998 0.5787026338775367 0.008064685309190413 -0.028895689139796066 4.98455965912186
6.521459740791325 2.2856354336900457 0.009230276030782405 -0.028544736894838666 5.0251384241370385
0.011288900504170082 5.4676750810886965 0.0072059708563310095 -0.029121709840215566 4.954959857328789
0.20596295387792188 5.850417384726555 0.008425778632922407 -0.028792468710219832 4.997078298004053
6.7899315544732755 2.628594297173575 0.0073298808417675615 -0.02909076910027455 4.959217013201647
6.717888413567069 1.2685168267970852 0.0077221818823272476 -0.028989099795893227 4.9727258272586585
0.6060619214580946 3.8481261135762015 0.005294005600758209 -0.02952919749500722 4.889784790399602
2.3551872238986213 5.436572469238887 0.005660764304323688 -0.02946108870172477 4.902219175845011
3.7978902242885333 2.6893016715246993 0.0072931140315935375 -0.029100008380104864 4.957953348859172
0.29380924237662304 2.223446657671454 0.009391325865117062 -0.02849215678910923 5.030785625305638
6.3740943773687855 5.7604037460123445 0.008872670106555652 -0.02865790859745759 5.012635461639324
0.7769714259346043 2.2166476459537257 0.009418198215790197 -0.028483285315568607 5.031728921142858
3.0481837864661636 6.930520496091622 0.007662228036566531 -0.029005004077152854 4.970658243818319
4.208541144509849 0.6225565548846816 0.007983245901529608 -0.028918294985626498 4.981742370016929
0.3577609582253837 5.515946324818273 0.0064418567709443085 -0.02930021299142105 4.928802877845424
5.940558679912318 0.6923721908219794 0.006984371948770986 -0.029175649923887232 4.947357528812624
6.0143522232725575 1.078637850323818 0.00663444832814568 -0.029257205871052773 4.935380724564766
3.4498960212992023 1.3952321221587738 0.006602601117796861 -0.029264409416204996 4.934292333308009
3.6890827834756332 6.087861630083176 0.005345389898774527 -0.02951993914001313 4.8915251811309295
0.8380758905076805 3.348442165008761 0.005862886816847319 -0.029421532220005774 4.909084417761789
0.6609099488203043 3.8276586121988414 0.005028754715295788 -0.029575524103782003 4.88080922643277
0.40197502177225697 0.45919857053128144 0.007831812232335651 -0.028959673982236703 4.976509521444699
3.7924262877412267 0.22962059187369582 0.006645465221370667 -0.02925470546752356 4.935757293808285
6.425300285151881 3.6143768721752276 0.009359707938775556 -0.028502558960570922 5.029676121637372
5.370263548010818 4.647784371119705 0.007571782397629225 -0.02902874629264847 4.967541244998406
1.4924876135510616 3.3955379346727104 0.007859604325375335 -0.028952143614049398 4.977469328684729
6.119220744265685 6.424084010168929 0.008387118592343699 -0.028803753951836947 4.995735847649295
3.3615182008516458 6.163375153747592 0.005944482025574611 -0.029405154878823888 4.911858504164563
4.2712485835691485 4.85671959271319 0.00524088406261663 -0.029538671842894545 4.8879861298277705
5.8293216603474765 0.42302415325954845 0.005816095686669629 -0.02943081770803358 4.907494298747825
3.521175653093529 5.442011054362056 0.005521809640866327 -0.02948744848728075 4.897504744827116
6.693430338319548 0.41973870145942 0.007252709319809035 -0.029110104904008078 4.956565112244744
0.2404912466289461 4.168889865395864 0.00580209016856028 -0.02943358200552383 4.907018441764208
5.657194706314203 6.8935387177077425 0.008286040801562531 -0.02883299373694728 4.992228443390251
6.7528671871286114 0.1034762196330982 0.006767067373919604 -0.029226816438962914 4.93991593993555
4.58272129592952 6.445862983088974 0.006152488523570079 -0.029362337866173708 4.918937439121819
5.494776877387052 5.380088533787819 0.005452798428709279 -0.02950028795276184 4.895164896416711
3.7861293968189975 1.39424031480673 0.007157757030623176 -0.02913359768876073 4.953304598203241
3.0110294393813577 2.5776790657967767 0.006308453238574512 -0.029329224635791493 4.924252150171881
0.3269734625911772 0.497782198554996 0.008713916626842566 -0.02870657863661981 5.0071005712539005
0.7605716282332935 0.2622830602651046 0.006730060111289606 -0.029235360283369663 4.9386499159945405
5.669845831415929 6.6535148653845795 0.006361607617714877 -0.029317741190586836 4.926064839501555
3.2985068782485105 0.25349255522903813 0.005289344790941543 -0.029530032707102433 4.8896269552977545
3.092267885241642 3.192994443651404 0.005775096335210084 -0.02943889030379785 4.906101414488143
6.107774833443581 6.129355237894156 0.0062417237031718985 -0.02934349817614222 4.9219775154376055
4.423067862231869 5.93632871433503 0.0066226669629978665 -0.029259874953547163 4.934978060425591
3.5386079336059657 2.150863240231674 0.007152735812849746 -0.029134830879749014 4.953132250402404
2.645422900165531 5.1279675265283915 0.005969812274462185 -0.02940002281304694 4.912720001342709
5.619025812722803 6.6482714544818045 0.006113044022896072 -0.029370575288443612 4.917594257160458
3.3984916643245398 4.4528545109103606 0.004071468198806591 -0.029722435073629257 4.848524696552139
4.486291484307041 1.9314487837310477 0.008299036773496917 -0.0288292557765917 4.992679205260416
6.00614981177763 1.2151656306737038 0.008546907636483426 -0.028756744771503976 5.001287871597169
3.186250335180414 4.93760519961986 0.007002913883468488 -0.029171204931245545 4.947993104941598
0.11897345900905215 6.764539344151358 0.008829331352386954 -0.02867129065580684 5.01112353590244
4.989918026707089 5.131909501333942 0.005624248173156927 -0.02946808158816486 4.900979853237437
2.9619684554581394 1.3995361859317534 0.0064976251437486275 -0.02928789626264279 4.930706620999835
3.280834422437997 6.5268006446413125 0.0069589477770103355 -0.02918172451786979 4.946486202081587
6.939572995784721 1.2371835850470234 0.006383387049954207 -0.029313006836052778 4.926807774973832
5.730230016099909 0.3668850158481109 0.0075467929956470736 -0.02903525297773126 4.966680491321316
0.719481312157653 6.607482236873361 0.009384321303212113 -0.02849446461469454 5.0305397935052225
6.48672278064718 5.6939660950788875 0.0074699118956475415 -0.029055127194202113 4.964033545135591
2.1247787929992237 0.010553581786394994 0.00668034060197104 -0.029246761349620527 4.9369495844760705
0.5351476055299 4.676861740187222 0.006372883656210308 -0.029315292151101062 4.926449470407165
6.566785913763419 0.44332662840195103 0.007197916282993697 -0.02912370170811077 4.954683283670132
4.228784214911163 1.0357527128821322 0.006708950517743934 -0.029240211745992253 4.937927919034235
3.103550776990449 3.0661497919435803 0.00615009808165112 -0.02936283865000234 4.918856027977248
6.930889778167546 6.246800388755635 0.007892662554575818 -0.028943149065013586 4.978611329150672
3.181973826131006 0.6432876794126274 0.008310893257828094 -0.028825840026909667 4.993090495329362
1.164556356524701 6.417433190897139 0.0070009940390746 -0.02917166574717395 4.947927292465425
0.5436972450194636 5.4334827360472175 0.008680939297896635 -0.028716568264788078 5.00595199869736
6.639765029344793 4.453789569103187 0.006122100318762834 -0.029368688899693907 4.917902612939855
1.2950259654439282 6.757150022926247 0.0080922275710762 -0.028887988038939542 4.9855129477024684
4.641276481518141 1.4420867153027792 0.006562130387039864 -0.02927351097465912 4.932909615095994
3.8163889594188523 0.8006769299911063 0.00795016506638965 -0.02892740699435671 4.980598608928332
0.878267256372508 2.079268601880567 0.008732404139532895 -0.028700960226861204 5.007744650844045
6.497896174248062 0.99999736918099 0.008482995268539966 -0.028775663176961334 4.99906608586174
6.531479095899465 4.569246113853294 0.005739135693539348 -0.02944592198405651 4.9048800252774765
1.1855876368864562 6.251851527159037 0.006980124181784096 -0.02917666647180368 4.947211938466198
2.0709153510792477 5.4621265624325 0.005748378427525595 -0.02944411903001953 4.905193923306793
0.9504723580503183 5.291788833752321 0.006685573024149777 -0.02924556570385946 4.937128494169986
3.6395677483037314 4.708999326282216 0.0045020219280893095 -0.02966027306952859 4.863025422379696
2.8520756723271496 2.556756986616089 0.007602490552637986 -0.029020719105443443 4.968599244479838
3.0084370152778046 6.994939739930465 0.006837130785324316 -0.029210505689295597 4.942313838240314
6.817903361799227 6.277856033238929 0.006596238141610514 -0.029265844296366413 4.93407490810454
4.775048364756114 4.545046407270527 0.004655207784005282 -0.02963661654925772 4.8681921525783505
1.9899586364745887 6.053099924292095 0.006102758951532058 -0.029372714092836146 4.917244087077465
6.626345328604733 0.47385796815799514 0.007264946466599359 -0.0291070533176659 4.956985508807678
6.065320846117945 5.301163101387912 0.00747918266027852 -0.029052742155159624 4.964352633226623
3.4150711081189127 0.10600079968807752 0.005711354379574734 -0.029451323079802583 4.903936642887549
6.856686416416783 2.38100973015777 0.006812418971982731 -0.02921627881421879 4.941467931279046
2.6245390941385844 0.7972791918608971 0.008531095100488776 -0.028761439748149195 5.000738044243321
3.8617452911055192 4.529106103183497 0.005932556619192937 -0.029407563176163883 4.9114529658180075
0.2815404979997563 2.00127482288421 0.009575350112790535 -0.028430840125073374 5.037251328678604
0.3444043620470051 1.1509376015410449 0.006363749052369483 -0.029317276442372104 4.926137882360246
3.2143400234543305 6.156868983298874 0.007252840094209967 -0.029110072321583476 4.956569604652948
4.3552037689860645 4.249863573873627 0.004039007906283298 -0.029726863526665252 4.847432663843201
2.2458839506462547 4.032703439922506 0.006283563642269232 -0.029334567117200692 4.923403599675295
4.401768361802964 0.2692864886950548 0.004874084508486136 -0.029601407064599742 4.87558185652515
4.320758053668911 4.285231443586347 0.004120320797632884 -0.029715702187977887 4.850168509433112
0.18462061776959077 6.9254714274747435 0.0075821138999291075 -0.02902604948677139 4.967897167435204
4.321935850737534 0.9714763070175445 0.007224493654300524 -0.02911712024632538 4.955595955180255
3.2010251334234634 4.7255108008927476 0.005684482955781797 -0.029456521409111196 4.903024322222543
0.8515783739636045 0.01995413439536893 0.006482557007500551 -0.029291235116404794 4.930192166942186
3.9964932973477096 5.29497513496067 0.005560055119835117 -0.029480260973478428 4.8988019114953065
4.627461424983531 4.674110997148985 0.005204455507359148 -0.029545111996266304 4.886753014807899
0.1821789991869163 6.015346803013156 0.007602273958934978 -0.029020775845130315 4.968591781071007
4.058917602233283 2.050156305669852 0.006909044453778783 -0.029193579854750747 4.944776461580483
2.473077035128401 6.506783949343863 0.0075471548713942115 -0.02903515891720227 4.966692954664879
1.2866554009300528 0.10148343916497952 0.00882468060167039 -0.028672722442741678 5.010961330627467
2.018023887193601 6.267101605661414 0.0069794641118425494 -0.02917682437674638 4.947189315314373
4.1192928540370515 0.13933043381467333 0.005860344374945736 -0.029422038743211556 4.908998004178847
1.2671130329252713 4.770156434934252 0.005875380959527175 -0.02941903972906705 4.909509095567534
1.5892747951660295 1.790547693701023 0.008123931279294302 -0.02887908829186447 4.9866105869478226
5.621447079599867 6.9213052628596685 0.007664138894438457 -0.029004499220065077 4.970724124674476
3.299267549952028 4.338604815092008 0.0037179683618659572 -0.029768720349725542 4.836640722403347
2.4975489205428256 2.3996476777622147 0.007626659345636123 -0.02901437690569317 4.969432147094363
2.7314330389503905 6.398083549832618 0.0058628955021947345 -0.02942153048925811 4.909084712965574
6.414693653521528 6.737449583467957 0.007019084481208403 -0.02916731823540963 4.948547476099729
1.3559629431987936 1.0036251854325744 0.007870204242897997 -0.02894926398330483 4.977835465462542
5.242590695884729 2.5159567213325134 0.007913599614235194 -0.02893743148839538 4.979334786259983
6.8423834888926764 4.431477749536643 0.005355813892413168 -0.029518049690821953 4.891878309472079
2.427714780096089 3.2568866323343273 0.008959064087602994 -0.028631017632529628 5.0156515389597
2.6311824768159267 5.440872236559457 0.0061359215495983355 -0.02936580437749279 4.918373247138236
2.1769243339372504 5.851168187424084 0.008403676497155234 -0.028798927433693788 4.996310748121189
0.20927591841706192 5.592488507960531 0.008201558182016252 -0.028857138516959754 4.989299604233399
6.91204255609343 6.593117609867275 0.009090560533534832 -0.028589538457032476 5.020247656978723
0.17680725708329978 3.343241860576311 0.007736732520720598 -0.028985219852587354 4.973227795653495
0.48962420896562997 5.560729000700657 0.008921980540580556 -0.028642595260093 5.014356578157776
6.187699552587142 5.166454707670265 0.006109811743879775 -0.02937124785320414 4.917484206813357
6.456635834778132 1.8547791044479178 0.007465187305777655 -0.029056341450527733 4.963870940748896
1.393265592776429 6.1093911814953366 0.0076492738306884675 -0.029008423084737726 4.9702116504589355
6.010134638918189 5.546398782975955 0.006533346878107326 -0.029279948404502446 4.931926462028037
0.08241294392604787 0.5147904498523953 0.007148536060908197 -0.029135861617359027 4.952988104117049
5.926678386012576 0.35207353092182686 0.005624932096788013 -0.029467951046968366 4.9010030622523795
6.642950488290824 6.175645052897614 0.008298523461713725 -0.02882940353797468 4.992661400067258
1.083611459836071 3.7418710817286356 0.007765686617076619 -0.028977475931581013 4.974226855257469
3.072610287563378 0.5872088665003015 0.005505986458206349 -0.029490407137271746 4.896968164372884
6.552812692355234 1.0213362609362198 0.0070721242514182915 -0.029154503229732818 4.950366340951853
5.148776394779628 1.8141376517188446 0.009303332697487537 -0.028521009812414764 5.027698861212105
0.7242170446975668 6.65379173239226 0.00872664927784315 -0.028702710540670535 5.007544145838232
1.3125925339949565 4.713858503562928 0.005750446186275992 -0.02944371526588898 4.905264150333284
0.05452455203960502 6.535267003356532 0.00882865398341703 -0.028671499242995554 5.0110999106490794
0.9687172509642955 3.0209160742307053 0.006099990304639706 -0.029373289197556707 4.917149828856132
0.05278247322194363 0.027828691184223913 0.008175090554898443 -0.028864647831200196 4.988382528483069
6.227857702275509 3.6727533787282853 0.008580790217017152 -0.028746652661684677 5.002466326371146
6.739385823337515 5.844686811885618 0.0067159352646234075 -0.029238608269228337 4.93816680028541
0.2404225744036095 3.900270772658354 0.007247722776605853 -0.029111346835099687 4.956393816509511
4.72241389302146 6.959063377567861 0.0055013942834452965 -0.029491264146151403 4.896812449058216
2.649267009061159 6.637656834725978 0.0076417316265620745 -0.02901041085106519 4.969951658881295
0.897506887191733 1.6773751405530282 0.007940297539221127 -0.028930117092549744 4.980257511474593
2.2178711156518927 6.999102105152341 0.007629051316613716 -0.029013748051716352 4.969514588875068
5.715666393959444 0.5770476089710083 0.0073445870371484775 -0.029087059687320588 4.9597225733222
5.322069942072665 1.4157169770183566 0.009115996182436921 -0.028581438270349438 5.0211374667626325
1.135296489306487 3.2855106577895903 0.006669388884231239 -0.029249260707082714 4.936575141318167
3.067809679317004 0.3422491875617893 0.007057086480211297 -0.02915814689603609 4.949850577362264
2.5177070085399005 1.6755449266238724 0.005587022757748322 -0.029475162030163673 4.899716759855589
2.7875014502534916 6.3661226137558975 0.0077122402281409475 -0.02899174625067356 4.972382898351382
6.981899139076671 1.6061428383648124 0.008655193215605969 -0.028724338641655935 5.005055561577783
0.41147335650331857 0.9325810558491489 0.00807393225598607 -0.028893106754479477 4.984879684710684
6.804626118395914 6.0132064758229955 0.008558485535816347 -0.02875330112062304 5.001690510788181
0.9097412756229616 2.0245646974577105 0.008557216477750805 -0.02875367882815884 5.001646374995744
3.3762932974855335 4.847445636630946 0.004604786334767972 -0.029644492621921092 4.866491056300517
5.946262176623049 2.8220592091136347 0.009101150179065673 -0.028586169128060737 5.020618081617334
4.282840516566993 5.4071200497437975 0.004391154052199378 -0.029676889427462796 4.859288548481145
0.35771383640183296 1.8868678981054474 0.008272141771245772 -0.028836984421336618 4.991746423785197
2.4803672428034482 5.007081245616728 0.004391139479580673 -0.0296768915837031 4.859288057438503
3.011161987472174 4.302525910870893 0.004117380829658003 -0.02971610968992349 4.8500695735979225
0.6020695133022391 5.715678078655855 0.007945004080336911 -0.028928824901185146 4.9804202016636365
5.645616526175338 5.316402172641698 0.00653658730046956 -0.029279225168425137 4.932037133752422
6.2899170446311246 4.535594707140163 0.006776728621743253 -0.02922457782735699 4.94024651366632
0.5601180375707799 6.226049615349975 0.00931691921777712 -0.02851657441365311 5.0281752670843725