300

3.1713927185732813 4.263118990389288 0.008244425591621713 -0.028844920638896078 4.990785423018593
1.0007823283117554 0.7549644576433316 0.007714611393814985 -0.02899111538113737 4.972464686852534
6.58381047942088 3.897057660072447 0.0074512918902806015 -0.02905990793457265 4.963392746943229
0.9364987118352238 3.5492980395035763 0.006680130181335065 -0.02924680941163354 4.93694238981747
4.6325484909202554 6.397372585051123 0.008926835793006986 -0.028641082429347695 5.014526094243706
3.427956839124242 3.2421379635751335 0.007305809425736736 -0.029096823686354776 4.95838964044038
4.408248376406544 4.239019266124001 0.007334255868792994 -0.02908966639291478 4.959367408329497
4.142960220399232 4.419508039276848 0.0077174784798941685 -0.028990352290242532 4.972563583489409
0.8106750123089456 0.2576160784064808 0.007521656053494686 -0.02904177491498973 4.965814849896649
4.821641411274171 5.438785216248545 0.008140648495903288 -0.028874380375449576 4.987189503384457
4.69739504202673 3.8901131498303796 0.008446964072198871 -0.028786260576236386 4.9978141752484095
5.626927831279629 0.3502807571333273 0.006808958335029953 -0.029217085521862477 4.9413494839848315
0.6298651708808867 1.6288209806254683 0.008311251596511152 -0.028825736710437963 4.9931029265134965
3.478646601786369 5.658910609203471 0.00795313254118649 -0.028926591274851598 4.98070119387952
1.1914579764653335 6.254828544614054 0.007387263098679588 -0.029076250513277786 4.961190029480579
1.094204180395868 5.9256303931254 0.00876063338741236 -0.028692356171136517 5.008728362794311
4.805308984688623 3.453162576068569 0.00744511150588835 -0.02906149195524705 4.963180075384021
6.392854237543834 3.253519229964232 0.006988945998633225 -0.029174554560921554 4.9475143080353625
5.48645490491095 4.847378197436315 0.009060134182481798 -0.028599195243842523 5.019183589068378
3.5834961295455114 4.066297582816617 0.008467475130970775 -0.028780233927235395 4.998526779275486
5.029320587089833 1.2921406413391097 0.009075538544223423 -0.028594310625233037 5.019722264260082
5.343627150888042 1.3104007423933866 0.00710065177014576 -0.02914756841383387 4.951344951682024
0.2895253225194401 5.607802014357727 0.005665098513952772 -0.02946025557980124 4.902366294335742
0.040031747901185716 1.4760943251888383 0.010303205267719615 -0.028175236666463595 5.0629664139465245
4.946501281191843 1.0289705365044997 0.008596448717874574 -0.02874197400042232 5.003011077616022
2.6199982674729516 3.7339038655810928 0.009949909356112955 -0.02830193109674914 5.050455471301135
1.2331500273516576 6.0727297699110645 0.008797038565992005 -0.02868121532411849 5.009997420053427
2.885243435219669 3.532818122686819 0.009838429807614674 -0.028340876819898126 5.046519246786104
4.041927748138584 5.12159790332764 0.007611160090173898 -0.029018446582850434 4.968897992312224
4.255996179435784 4.963039939913575 0.008180078099586657 -0.028863234785530583 4.9885553234809015
0.5550304432859207 3.3494972756231065 0.008595081507966904 -0.028742382884364433 5.002963509547715
2.2677923520030987 6.36329649473767 0.009005694196132884 -0.028616384678112963 5.017280611942411
4.466787857660286 3.954370133766613 0.008022349458849817 -0.028907471511014103 4.98309483116803
4.90879170563691 5.264145195132877 0.009773827122312992 -0.02836322096277394 5.0442406581169745
0.433280033169702 5.572698255387379 0.006745601930211392 -0.0292317781634838 4.939181558861579
4.945900816700073 3.8839662953465606 0.007159728261730433 -0.029133113311456748 4.953372260546718
6.539730342221094 4.064031343635925 0.009343177392547947 -0.028507981973675038 5.029096209730085
1.182828161579203 3.2007939118892064 0.007183736808313466 -0.029127202499877707 4.954196442320869
4.130493661752122 0.768017904201692 0.008840391516720376 -0.02866788233949446 5.01150931629021
4.656829635418232 6.619653864688663 0.007041102783850618 -0.02916201076035826 4.949302441122488
2.552881558328125 2.1354073359081265 0.01109440220406588 -0.027873181370888005 5.091197162157711
0.43001968574145544 6.471073498834885 0.0065198579470267266 -0.0292829549798273 4.9314657973388725
5.000271281728061 3.3742130993032546 0.008203528315188627 -0.02885657850788791 4.989367876847716
3.1647904517710805 0.09462117769212647 0.008122942491463517 -0.028879366427959883 4.986576348226046
6.04721221005071 3.7121360482372516 0.00935733208936515 -0.028503339035441746 5.029592767125206
6.645833973510749 1.2792167235509992 0.009176418808870265 -0.028562096173849215 5.023252232833802
5.543781913420492 3.5186089550004698 0.00869882577916122 -0.0287111551502861 5.006574920158373
0.1953565031351133 2.3415363146630144 0.009588922712999264 -0.028426265340422873 5.037728757131557
0.4934123475464238 5.193584967603014 0.009201073189434235 -0.028554163482103174 5.024115537930504
4.666627123851542 0.890560670143638 0.007390616186109517 -0.029075398404658465 4.961305351659352
0.29587149742863933 6.268477595052571 0.0070426795696418056 -0.029161630003814085 4.949356511333817
3.3953545560970424 1.2657451284279164 0.008647263182316891 -0.02872672691859876 5.004779499396468
0.2636786676472734 2.875581967777213 0.006661785683022318 -0.029250993342337602 4.936315203945599
6.300400624202567 5.979464407802572 0.006592498224543594 -0.02926668698639102 4.933947118754588
4.847102173681473 6.868260080797475 0.007215490068064742 -0.029119352724222065 4.955286747369246
0.9749695827413009 3.783875082735955 0.006734244286360657 -0.029234396759495806 4.938793038705341
2.9190657526663015 3.6916952525696107 0.008530500334617367 -0.02876161615836448 5.000717365026544
4.485675021479561 0.1566293354568232 0.00708814775842666 -0.029150611680627065 4.95091598420801
3.0143618552352196 5.960976301662444 0.008005175110058157 -0.02891223221159697 4.982500765575132
6.264264491915233 6.848711963389053 0.008385988807397975 -0.028804082900210446 4.995696624341935
4.185588102677128 2.6104216762606636 0.007367581399094395 -0.029081243857987202 4.960513188119148
6.784349302212345 2.2322030404897224 0.008771251699390836 -0.028689111935121542 5.009098458304506
5.797473288897466 3.4711416710986094 0.009457802674465788 -0.028470159264936817 5.033119686972164
4.848026957313632 3.975750920629868 0.009356352670250858 -0.028503660549302954 5.029558405761818
4.8219023945603245 6.97200079838553 0.006509936514703621 -0.029285162225511547 4.931126997571981
4.394293870581002 0.6954298231319869 0.008850108439372702 -0.028664884102527675 5.01184828205664
6.709719190847875 5.0532894868742435 0.008253521528536114 -0.02884231929609668 4.991100776530021
1.3063306939942196 0.9161419452143341 0.009321955304866354 -0.02851492853391139 5.028351874286212
2.684836309445307 5.800633472055869 0.007058156396754315 -0.02915788792555037 4.949887271096541
4.77634720771582 5.537063704471773 0.0094949361895358 -0.028457796589979403 5.0344242660404195
0.40787393385248605 2.7182505908368593 0.008737389658246572 -0.02869944288588135 5.0079183610771025
1.3360697320253383 3.417722950504695 0.008791999372460144 -0.02868276045004491 5.009821728133511
1.8698250004750416 6.835916510651367 0.008979306596706337 -0.028624675597154738 5.016358630503548
3.802697731785318 4.952505562336004 0.008884880550706886 -0.02865412531555745 5.013061565657374
1.8686664606369727 4.637823744262612 0.009405036630084195 -0.02848763391345049 5.03126687539566
4.288452435596936 4.684993722063675 0.009355682874394719 -0.028503880401688424 5.029534907261622
5.4767557225664785 3.6724640146557412 0.009051681672659765 -0.02860187159779645 5.018888052281138
1.20194272383971 6.03033914131087 0.008536344065007624 -0.02875988230163345 5.000920549245544
6.984224646259355 5.557528494515719 0.005987256333353358 -0.029396475326112143 4.913313372000195
5.071266055453665 1.532185887868728 0.007558762300182801 -0.029032139302664815 4.967092746940043
3.856645759572772 6.069998343962998 0.0067315984533625394 -0.02923500611018727 4.938702535540729
4.241242364170794 6.6567743280822835 0.008440768316040853 -0.028788077918383517 4.997598948941131
0.7664388844701892 1.1047625359594164 0.009873186373817565 -0.02832878731657716 5.047745884084014
4.5225098567286794 4.049075235614544 0.007888081431327397 -0.028944397926589316 4.978453052509947
1.6585705447089734 2.880826127616003 0.007783403990160006 -0.02897272203859971 4.974838324179127
6.650007705713097 0.2951743403558286 0.009094574612062268 -0.028588261797906366 5.020388063867514
5.623025440862704 3.0106695978169773 0.008099335983541633 -0.02888599585656876 4.985759024290935
1.5536474096490256 6.7438467029508296 0.006452520995227106 -0.029297866352452243 4.9291668564701325
0.9368320341330044 2.7138713720216305 0.007078513709761394 -0.029152952571921766 4.950585505318731
4.467899696874879 4.7429063652119705 0.00802043813137479 -0.028908001871121934 4.983028712969475
4.937381853459393 4.597354936227918 0.00928384619509515 -0.028527358795125378 5.027015704020755
1.2525856783855058 5.64225738205299 0.00816297919600707 -0.028868075284742414 4.987962961968274
6.459419920438657 1.8371195544972683 0.008236768249652906 -0.028847108153184257 4.990519967215282
3.9275628641669345 1.1925347118810623 0.006679491967215901 -0.02924695517587939 4.9369205682054185
4.901438223264135 0.9383697854902016 0.008010475835847367 -0.02891076403146941 4.9826841087471845
0.912653558275164 4.237064954111798 0.007874785433088623 -0.028948018142574375 4.977993717802301
3.4367473307046965 3.2803940325649257 0.007419005918554444 -0.02906816731719518 4.9622818906739905
0.36906078497898137 6.14588925867429 0.0071689484549494285 -0.029130845817625654 4.953688757855856
3.6549852252974464 6.819954374570444 0.005920539688062702 -0.029409984865723313 4.911044348615724
0.24641835874184245 3.389201866620684 0.006662910418302018 -0.029250737166055873 4.936353655296346
2.321088594778762 3.2615567584701166 0.007551235114625701 -0.02903409802703786 4.966833484902029
2.041570210374594 4.337642240826132 0.008521818084870982 -0.0287641898291672 5.000415509206137
2.4143170301457824 0.6123503556907786 0.007636663845400597 -0.02901174529931544 4.969776974537078
2.075078666835159 0.25562422866548606 0.008687458940254375 -0.028714596587126107 5.006179040664785
3.2755558634889375 4.733133749765872 0.00861189629030566 -0.028737349256412283 5.003548577752903
3.850052722469315 0.049501192072876815 0.007954882150147688 -0.028926110177091933 4.980761678832401
5.007782621516182 6.947369590966366 0.00828486973043237 -0.028833330254234686 4.9921878279652
4.3193803609149395 6.076973862061776 0.006854947885677872 -0.029206329613367037 4.942923837043185
0.522958444420424 5.006705742747036 0.006484427036884061 -0.029290821190320473 4.93025601001977
4.376343325244059 3.093907414022878 0.008098469741542505 -0.028886238727901567 4.985729036113905
3.6712072557418276 3.643052394883065 0.00769676016051997 -0.028995859756721004 4.971848988837984
1.5045264876131204 2.32177177751833 0.009026002006735392 -0.02860998580521159 5.017990348016132
2.5503258696534434 5.818846838219909 0.008138068799872483 -0.02887510755319436 4.987100162470048
6.8883502476447225 3.781034527668033 0.007282353816837085 -0.029102703016840176 4.957583599259003
2.8132154524048243 4.042813659116802 0.008493330942253711 -0.028772614227861808 4.99942528596533
3.6240453657266993 5.979965198869576 0.007844092818308931 -0.02895635004377717 4.976933603932949
0.9848093014908436 0.8554179396516055 0.008531186494715048 -0.028761412639027165 5.000741221910022
1.7802239837777274 5.866377966285735 0.009020482944876776 -0.02861172639742641 5.0177974470479825
2.4185321181371853 3.885094715238913 0.009390865613414763 -0.028492308488972672 5.030769471720621
1.60739071393098 5.470757139645685 0.009553831366165319 -0.02843807845524862 5.036494544616751
6.919381456013658 3.5079259579250888 0.008671418939732344 -0.028719444520597034 5.005620486894385
1.7822805318179633 5.611843896359907 0.0075655993925544075 -0.02903035834831152 4.967328254974199
4.484612919302447 3.035069989770072 0.009849809909677414 -0.028336923699357707 5.046920818541027
1.3673874570620286 6.061362936402211 0.0085760048507816 -0.028748080645486063 5.002299863603193
4.135171120706739 3.315286802927528 0.008551397673498629 -0.02875540988804858 5.001444013791203
1.9179973223476046 0.36412487210703437 0.008951713163039034 -0.028633316808338388 5.015394802385518
4.554604207656798 3.5477462176709533 0.007824002623633072 -0.028961784871540337 4.976239859429626
3.426205244402799 5.278161338672206 0.007191667898606905 -0.02912524528370786 4.954468742989638
4.391026008554998 5.897002399985821 0.009984986706966216 -0.02828957476636416 5.051695139545551
5.330595720485779 4.14147763698518 0.008726945932189438 -0.028702620345477905 5.007554481266727
3.609585698069685 5.8330779273342666 0.009357460536459096 -0.028503296867355723 5.029597273516152
4.1699866606020946 2.034693467728378 0.0071974189434344926 -0.02912382462096437 4.954666206908575
4.3855311288919525 2.4223165775154554 0.008967250661377477 -0.02862845464875855 5.0159374854902055
3.820151966817701 6.159941813027628 0.00694262587342728 -0.02918561196859881 4.945926919985122
3.80089747252318 4.814781092607647 0.007551367255195469 -0.029034063659383984 4.966838036124797
4.6662158999230305 0.3856997200000316 0.006948524843280044 -0.029184208101340012 4.946129043953489
6.511599203452168 1.9995634795092085 0.008463848701676475 -0.028781300616114093 4.998400777447416
0.9257531218749513 6.24760116852532 0.007762125230662551 -0.02897843011454402 4.97410395539609
4.307486175770267 5.750534431723073 0.008450065752451703 -0.028785350245901866 4.997921925585964
3.543517360223962 2.3304535851380908 0.009441205145814023 -0.028475667602264478 5.0325367635484515
4.803366208760118 5.746750524064588 0.007977811693272469 -0.028919794615223066 4.98155445896113
0.26573384695352587 3.5123378472064766 0.006622770656676649 -0.0292598514833733 4.934981604313613
1.3876892210683305 4.194432398074688 0.007086884571127738 -0.02915091880328151 4.950872651304457
4.5680054226308355 2.095585753947317 0.007183427001259616 -0.029127278906852495 4.954185805987102
3.1215780962952446 4.26630254214209 0.008314216056246661 -0.028824881810166198 4.993205768765981
3.167638980375416 4.645913247287547 0.00793695526806392 -0.028931034220586592 4.980141984179417
0.5729546054663371 4.95206941513651 0.006989921828091378 -0.029174320777649164 4.94754775613363
0.9178396848496113 2.6721950088644935 0.009518862659554254 -0.028449802348496967 5.035265154394697
4.912179654719474 6.889246345690886 0.006834433098866162 -0.02921113698946213 4.94222148594303
4.752436722177806 0.37560971355439293 0.006710211546615848 -0.029239922383612157 4.937971045777717
4.5416867235306375 4.021833211271498 0.008519124028825294 -0.028764987846016752 5.000321850434968
0.9810612103124794 3.8048347065941632 0.008715995533641467 -0.028705947499734995 5.007172991226958
3.520770657592541 0.16376345362878172 0.006986348695069875 -0.029175176638897928 4.947425282653128
2.5669544743320794 1.2229040356019252 0.008041653619192062 -0.028902107311906084 4.983762684489843
5.571490639029641 6.9380455014172195 0.005562527774948957 -0.029479794516802882 4.898885787098605
3.2695219505283073 2.989560740775613 0.00729545958841907 -0.029099420430547137 4.958033952977535
0.5718858407438369 2.742103482158304 0.007416329319176266 -0.029068850328651228 4.962189811668749
1.4904746344153936 1.4328753839001307 0.009341463364623456 -0.028508543670405152 5.029036085830755
2.967538163406061 3.9852412080119435 0.009573928304377938 -0.028431318942719327 5.037201319729396
0.6902396033330145 2.0090115390534335 0.010111358030156156 -0.028244653277850598 5.056165744949991
3.8418042157931613 3.984236900926005 0.008936315349934519 -0.028638126125263935 5.014857088930267
4.298576512157372 0.7081455476266322 0.007455549755821941 -0.029058815836824174 4.96353926996567
2.799326577476825 3.458180451440342 0.009988408709035428 -0.028288366716041864 5.051816105490065
3.9141843731017567 3.671592822609907 0.007500765873080018 -0.02904717733820686 4.96509560196038
1.7636709156281085 3.0169283305229166 0.009500783606103812 -0.02845584493333468 5.034629749871394
2.660081120099241 1.9473697554403828 0.009971785922023692 -0.028294230604936584 5.051228547218775
0.9321745310015912 4.958784022878927 0.006498053410894136 -0.02928780124675062 4.930721243690258
0.1256193494179293 6.130817854612024 0.007283544215533482 -0.02910240511814047 4.957624502840643
4.471130183763017 4.060828209022137 0.0069914647566801155 -0.029173951061796547 4.947600642998647
4.920880305110525 3.8302841857828804 0.0074995540961604245 -0.02904749022478127 4.965053884640348
2.8382712093740925 3.2238550282174665 0.009332096298538732 -0.028511611295659874 5.028707533023207
0.489233364158613 3.829199826509617 0.007211188756747801 -0.029120418209815497 4.955139036921896
0.18369286660041015 6.740208345218238 0.007574400948077519 -0.029028063150643765 4.967631451486556
3.2551147572435877 2.6925736256774115 0.009697981551790224 -0.028389243628901713 5.04156780413912
1.6063143528106258 2.5008479499829463 0.007760479744340219 -0.028978870822336834 4.974047172685532
0.6231053917038262 5.697913989845332 0.008000205432474693 -0.02891360774857061 4.982328881255782
6.7823535719427355 1.6865892667913567 0.008878304298155991 -0.02865616360906227 5.012832069256451
2.7587924307796876 3.2107861877393424 0.00924843956622934 -0.02853885711779299 5.025774807852819
0.5680631455665579 1.0208022762671125 0.009129216038701836 -0.028577218453143913 5.021600033827256
1.6130573910901633 5.489570772452111 0.009444837052476276 -0.028474463174082337 5.032664310460383
3.1769166923171004 4.784617795985218 0.009630873937766198 -0.02841207959996691 5.039204916129259
0.3575509918229743 1.5053242074955038 0.00940566463587081 -0.02848742657309588 5.031288920331856
4.299494102465857 3.337038147940882 0.00936115494543045 -0.02850208374992332 5.029726889665581
2.1814807833672627 1.7041883406236296 0.008181940938641153 -0.028862706776679622 4.988619864274986
0.09075595567476308 4.9569900280567145 0.008587487115963667 -0.02874465280766421 5.002699297212965
0.49671244398285797 3.108197647228466 0.008268251148839029 -0.028838100196436692 4.991611508598627
4.034267778998568 4.786793744016929 0.007914478047808024 -0.028937191246400623 4.9793651426936405
2.880077541742355 3.9330219012800343 0.009924499061635735 -0.028310851601030855 5.049557783833396
4.850584912509796 3.167327539887345 0.009781958991173604 -0.028360417456289283 5.0445273769887375
3.666821188307346 2.267402431153838 0.008263146509878479 -0.028839563272634403 4.991434502851854
6.30575861238758 3.5821639025718253 0.007170713415258841 -0.029130411413439163 4.953749345642414
4.637098400597373 1.2278532815215826 0.00764031492391587 -0.029010783992567114 4.969902824911236
3.7466590458716262 4.015963615894052 0.007328959926788088 -0.02909100112391346 4.959185356723136
1.4028523299142754 4.6072339022326885 0.007498071245851154 -0.02904787303043271 4.965002835805265
0.20527651343008274 6.616275572392233 0.007892454848951853 -0.028943205704573507 4.978604152826484
4.130747844207093 2.824150919223701 0.009980753360928286 -0.02829106859679073 5.051545500171433
0.37409556516812503 4.217099182015671 0.008802632381304347 -0.028679499004682984 5.0101924599988
5.329324091886007 2.9857084420684856 0.007398577353100321 -0.02907337361143682 4.9615791722978635
4.732917742133111 2.0073890137601356 0.008241529014043996 -0.028845748378412212 4.990685005477087
3.7229313643256505 1.000516387332338 0.008091269333363847 -0.028888256447473004 4.9854797770552315
5.4813304324377725 3.3312467228720712 0.0073404115069157835 -0.02908811370489909 4.959579023076208
1.771192349908908 5.0011513948361985 0.007947593687579468 -0.028928113567551324 4.980509719267207
1.0101501470452243 4.3768132323583195 0.007117199280067771 -0.02914353229119289 4.95191270591131
4.880080185713716 5.601289027888889 0.009178954772802233 -0.028561281296168264 5.023341021839027
3.6534211121726043 4.56608721334368 0.009244922619875213 -0.028539996596925507 5.025651576704301
3.6122078699887634 1.1159547269375605 0.007919025053795502 -0.028935947231728203 4.979522279703925
5.365809406192667 2.824145885945614 0.00756997515622606 -0.029029217628694717 4.967478988547077
6.220248023645418 2.02461288112759 0.009963552318254113 -0.028297131041881488 5.050937562747934
5.129111090310875 1.8624322988056803 0.008618269621270113 -0.028735438551292247 5.003770363790484
0.8406655599461621 1.2837862464184 0.008444091130461616 -0.028787103448948442 4.997714374176038
6.978463555728066 6.113523984020432 0.007962130984281793 -0.028924115720089696 4.981012285774163
0.21270242380002485 3.5731413973839126 0.006921915059031724 -0.029190530860461406 4.945217355682895
3.9898586667791927 2.848234486924929 0.008960507329998127 -0.02863056598094159 5.015701947708594
2.0387979587124985 1.1339495142090208 0.006448438913792044 -0.029298765086178843 4.929027528275721
6.159385143083238 2.6215168361582286 0.00992167606968773 -0.028311841055787698 5.049458071445546
3.7615157930921543 4.034432432798369 0.008704620330202861 -0.028709398894909293 5.006776748619221
3.179346288666611 1.8558004664989476 0.010613882232473114 -0.028059677545459988 5.074015556934945
0.6293455562691328 3.6871288233066477 0.007883524522829583 -0.028945639414218242 4.9782956192555305
3.9055641280738027 5.917829029343761 0.008022479279115981 -0.02890743548321356 4.983099322060532
6.837536322222964 4.37526607165067 0.008499433076048042 -0.028770812247584886 4.999637373918558
1.0785246552482644 1.106359755610116 0.007213036594112707 -0.029119960561305554 4.955202492462648
4.305911628005766 5.530784924547103 0.008968935889959206 -0.02862792673250722 5.015996351542882
4.454689012389153 4.705493608466329 0.007041104129568307 -0.029162010435437678 4.9493024872687466
0.39550196469753407 2.729671173790952 0.007016563745468545 -0.02916792473258556 4.948461053703591
1.6215125805990935 0.8372807595086283 0.007159394148809163 -0.02913319542072234 4.9533607920693585
6.338952070041401 0.5782674849881198 0.007334652319550317 -0.02908956643457092 4.959381036929877
1.5919430865351436 3.8445734432646272 0.0075005839967352056 -0.029047224302984953 4.9650893405534395
1.5655861460965599 0.8685756507354022 0.008101990366048344 -0.028885251463479762 4.985850917148644
4.367909576349148 3.4993727496739906 0.007468755621428864 -0.029055424441356465 4.963993749463859
1.4877068085932332 4.540400767713605 0.008789429973684487 -0.028683547910565328 5.0097321494645195
0.360278043132746 1.2899771781192497 0.008285700867550667 -0.02883309142519182 4.992216653652456
5.023420897687277 3.589772081760753 0.009320976929230266 -0.028515248360916606 5.028317563481327
1.1926163883010326 1.8648831188273736 0.0095061320355106 -0.028454058651156234 5.034817711159471
1.891275750595027 1.2629175887249404 0.007245539676058565 -0.02911189026502163 4.956318825813184
4.38253972838262 2.5919493367983093 0.009564213226535015 -0.0284345885385629 5.036859635997308
1.1576714763907525 5.600176429408187 0.009545926727669105 -0.028440732812464106 5.036216597934352
6.650228282138794 3.0782762957582253 0.008353099378615779 -0.02881363793017065 4.9945549816411825
5.471157802214164 3.6755514439298946 0.009633419277717065 -0.028411216676159947 5.039294504031264
6.210196552670383 2.842011387999582 0.008797789820025732 -0.02868098489038777 5.010023613401342
1.3097887676664803 3.714460906370009 0.008458322457336097 -0.028782925167670566 4.99820877471488
5.392659713688258 1.3250514689835524 0.007963000713605277 -0.028923876289929082 4.9810423552473875
5.5916075461209305 5.309799860032341 0.009828474456910732 -0.028344330823814722 5.046167996397673
2.7498554811817377 3.480771735386314 0.007823384813333481 -0.0289619517654198 4.976218527577247
0.4735741104769885 0.9068886984501126 0.007933211978352755 -0.028932060896288057 4.980012599821446
6.641078144373147 5.962609511084737 0.007810501158141402 -0.02896542890513917 4.975773706671124
6.929408740864313 2.974165847635938 0.009610600808506928 -0.028418943542987764 5.0384914632551725
3.6201015434576234 3.317424330044901 0.007868434156308697 -0.02894974514443667 4.9777743215288055
5.44497629093064 4.546342013179711 0.008096534106772874 -0.02888678132741451 4.985662027854096
2.2549435182335764 6.040726105217667 0.007405431128398248 -0.02907162860595447 4.961814919997745
3.893843326200601 0.9692394480881619 0.006498200254909169 -0.029287768666238445 4.930726257521631
6.5111446843031935 6.801448713437797 0.008525104744715642 -0.02876321590315705 5.000529773348567
6.796822400303816 2.007835501565961 0.01035097808008924 -0.02815772101547837 5.064662501028867
6.356391822311545 2.4214661594429376 0.008501446215481085 -0.028770217452172345 4.999707346230236
4.403646914053415 2.1690336066071456 0.007275924655187733 -0.029104311027956513 4.957362692492741
4.093949518803229 3.165728653306411 0.008264567442656589 -0.02883915610737909 4.991483773459562
4.240283786439132 6.884105427913447 0.007337816132224337 -0.029088768526867346 4.959489799501821
4.694584016198441 2.137695321438825 0.008342070912649439 -0.028816832804600997 4.994172251266396
3.3334064865120387 1.730475233669852 0.008721490132099574 -0.028704278598767983 5.007364406548399
3.513675202016066 5.394098588114497 0.008591448764430368 -0.028743468964760807 5.002837122152736
5.58485759634008 2.684332729379089 0.00916158187350091 -0.02856685872781849 5.022732813738483
3.1529541017707983 2.1099050959568864 0.010008886077693504 -0.02828112797403514 5.052540077584066
4.242642394923576 4.083233785221283 0.007901498007096398 -0.028940738229075145 4.978916611081966
3.105539088738055 3.9246143140703493 0.008458381124147778 -0.02878290792742562 4.998210812965993
3.859890082768841 2.7584340051544736 0.008692487219721169 -0.028713074825503872 5.006354157619042
5.177724595538515 0.28879469698979243 0.008342160413383808 -0.02881680689523688 4.994175357116897
0.2840574888269384 4.166915176238027 0.006513150801393357 -0.02928444752147988 4.931236757111114
3.70162564575377 4.585311089596738 0.007514487523499116 -0.029043630579856507 4.965568022663609
2.231387391416887 5.3586540248237595 0.009149476517217182 -0.028570738167938384 5.022309087269038
4.871892985279406 3.217528514177009 0.009198987600580657 -0.028554835442081667 5.024042499043745
5.431229759535527 1.2683890330747287 0.006359293215144687 -0.029318243293277563 4.925985898128289
4.233087879612823 3.1070658951156074 0.008929633951032924 -0.02864021015112424 5.014623793087349
4.995007239344662 6.5469467125119385 0.0072289021301618584 -0.029116026068001472 4.955747362965406
4.207723541247091 3.593472217785438 0.009712285820640702 -0.02838435315694514 5.04207170980505
3.3456490972588773 0.22725552199550225 0.005579826144833979 -0.029476525239475346 4.899472606949645
3.928804231872597 2.419044154481062 0.008518889558400002 -0.028765057286433193 5.00031369920113
4.366959934788 0.4580013326287303 0.008127636093903129 -0.02887804583979122 4.9867388763672835
1.8727375862555729 3.5242194305247274 0.008902518093690276 -0.028648650432289428 5.013677156863777
6.871351743340134 3.2210968465362986 0.009066396937701969 -0.028597210468296174 5.019402580283548
4.908033054413033 5.20298580859984 0.008516608340913705 -0.028765732779949812 5.000234394971779
6.3847252995013095 3.56707849904444 0.008913776877263932 -0.02864514935870216 5.014070176124841
2.847434764784874 4.137793164965745 0.007876704255622657 -0.02894749609326264 4.978060003508842
2.513208911833417 4.989433715359669 0.0077195990110888995 -0.028989787703741384 4.972636730301196
5.172632959703993 6.815570889884862 0.007415233295767676 -0.029069129934852514 4.962152107455307
0.28742951270565487 3.924916378673531 0.006425771865709981 -0.029303744742436078 4.928253942058409
6.664436347268302 5.237980425497149 0.005315983189394932 -0.02952524890208498 4.890529106499843
6.983402860574807 2.9418478945447877 0.008123099584689599 -0.028879322241652686 4.986581787865681
4.018869391444688 5.140568599919971 0.008467589487278179 -0.028780200282050437 4.99853075270998
4.567819727390564 4.499385632726178 0.008163756495169403 -0.02886785547780748 4.987989887979582
4.016519737673505 2.5940978484030413 0.007708476588436066 -0.02899274717382837 4.9722530829653255
4.903609111660998 5.545013767948127 0.008651118696564116 -0.028725566057050272 5.004913715597136
0.5492614852554168 1.4161154215088352 0.010411228891980727 -0.028135499159581048 5.06680310654752
3.001048829997309 6.360769207311658 0.008005187082649301 -0.028912228896641377 4.982501179676394
1.4966755619251484 1.9802647803685207 0.00986917441935027 -0.028330185249666868 5.047604266462695
4.367331159857786 5.412385314832128 0.008739046833076053 -0.028698938315716547 5.007976103988812
6.672570782913839 1.5801739490282087 0.008507256504636318 -0.02876849990465827 4.999909307254131
0.1786600222642466 0.8687867845035887 0.009973344403183915 -0.028293681298400885 5.051283628988269
4.797017958432324 2.2908067686775664 0.009990682387229647 -0.028287563794669544 5.051896481656129
2.772280935850025 1.8747389928616034 0.011104918259810947 -0.02786899335180439 5.091574472719152
3.376177434246702 1.0822568434006028 0.006345004560057428 -0.029321338938269007 4.9254985599085845
4.770977420126873 2.8050090899434115 0.008835754367462648 -0.028669311898925385 5.011347566162419