300

2.6545291871042873 6.173480576851512 0.008088684934325319 -0.028888980183336663 4.985390316250682
0.4633051813765393 2.659183715334608 0.007081455339220167 -0.029152238169283504 4.950686409866641
6.069212074758686 5.808159306485032 0.008480959646550693 -0.02877626319509847 4.998995345501973
0.41282244861642237 5.457889965403522 0.007355138886077594 -0.02908439327141808 4.960085357756031
4.181741114984058 1.3244285725887626 0.007208510890070142 -0.02912108120842597 4.955047079582112
2.8972566154639545 5.148765146943266 0.00589927319767222 -0.029414258034824305 4.910321296744069
3.8981379242297525 6.151209006272313 0.0059101715497581735 -0.02941207017964613 4.91069182308124
3.6258876418545873 6.329837920733897 0.005199032608505817 -0.029546066742219566 4.88656947137709
0.28951992427394513 2.166766606795571 0.007121682373481857 -0.02914243710075116 4.952066536874474
4.346687517907072 0.3596817867130768 0.005162547465995855 -0.029552463580238785 4.885334749035413
4.178515278907835 5.799644795620842 0.007808583098839437 -0.028965946039936602 4.975707488346318
5.1813249167685855 2.278505914657242 0.006044642725477448 -0.029384728930540307 4.915265913620193
0.07910336631694564 3.529975604538209 0.00796004323493451 -0.028924690347486407 4.980940106260417
3.0005924265579047 0.5794359999572335 0.00649741015785752 -0.029287943957208226 4.9306992805710745
0.6989002047189374 1.171466315988812 0.005115049179411776 -0.029560721775562227 4.883727720888443
0.5927264272010152 0.8401838914894492 0.008021527936834626 -0.028907699485752607 4.983066412259949
4.289437236497868 5.363699993407201 0.008418320940579855 -0.028794650068049005 4.9968192924327
5.865788360076652 5.161010679320984 0.007198911836078239 -0.029123455639336014 4.954717467418482
4.964606896668831 6.755616321383002 0.005840726344310082 -0.02942593950532221 4.908331268277537
3.0700091152373017 5.977604433773662 0.006861045924207765 -0.029204897685592257 4.94313263383756
4.497331533502624 3.198084172159044 0.006770533313071965 -0.02922601373188931 4.940034529202765
4.817568634043632 3.2178814251474575 0.008293795358513392 -0.028830764099328023 4.992497401127141
6.80272623653067 0.52546467543101 0.0057328866394163415 -0.029447139263086345 4.904667808287318
6.483903653859367 3.375341319643636 0.007473151634813794 -0.029054294082683885 4.964145049917146
4.434054900024738 2.9402275385338412 0.008741685224908556 -0.028698134772640112 5.008068038705643
2.099581720246474 5.643158835621313 0.006011060802939488 -0.029391616968505906 4.91412321179448
0.7369896136184475 0.9882875061383729 0.006403728439384836 -0.029308569771904835 4.927501764790935
2.364813804160136 5.441963541685647 0.006907711153249234 -0.029193895365697192 4.944730790808651
3.546291911242692 0.037365860148820144 0.006308855551045084 -0.029329138099099462 4.924265867311324
3.761022069066707 6.879037948310079 0.007866126546972638 -0.0289503722453963 4.9776946115234075
0.029345555589641886 5.25767823197418 0.007737853939404972 -0.028984920500364237 4.9732664851814965
1.7713720783166917 1.2788656587735632 0.006675365332843514 -0.02924789732054376 4.936779474273579
3.946839745472477 5.863780504281389 0.0072225326998115345 -0.029117606725144032 4.955528608612657
4.420021582737177 0.18175408687269906 0.00742961249475818 -0.029065458162185108 4.962646793980763
6.927763511101325 0.48569127669129 0.006326937717856124 -0.0293252426948929 4.924882433917038
4.4221380272636175 5.792118458654954 0.008296880583640748 -0.028829876388580044 4.99260441433748
6.018574377522599 5.973143337713069 0.00764018153362506 -0.029010819122066416 4.969898226958623
0.6411420546119186 5.104069844757633 0.005886839247722475 -0.02941674903301645 4.909898596185832
3.641006734222337 2.6856705323441505 0.006354307383676184 -0.029319324304522408 4.925815842252483
4.218140651961383 1.5492856540706228 0.008102876084426813 -0.028885003014720703 4.985881580623694
2.0258207446605 4.0425842882734875 0.007434815358290138 -0.02906412772797651 4.96282580311831
6.929286715087807 1.3853073878160154 0.006462031012442293 -0.029295770261152612 4.9294914656830535
4.471974176242382 5.281377762277361 0.007359422232349479 -0.029083309722347628 4.960232633513666
2.6859267167224448 2.0147271278289605 0.0060125179684663715 -0.029391318916967113 4.914172789635553
5.5234654296730445 5.620764964526066 0.006820837955431659 -0.029214314463730667 4.941756101667822
6.097953404292887 3.180421436457383 0.009040289200176318 -0.02860547449662696 5.01848976523898
5.011396606070757 5.424767933332938 0.0074612716200178454 -0.02905734719158506 4.963736181250905
6.650702521327265 4.243719211120045 0.008983878000586613 -0.028623241187373867 5.016518336013454
6.98535633050948 0.10611411422783755 0.006747148105386947 -0.029231421320968523 4.939234452825263
4.1639354716434624 2.804769982955103 0.008070882463256586 -0.02889395881952311 4.984774131930097
6.797807665536866 1.183853406796896 0.007290443991627732 -0.029100677421753245 4.957861595989694
2.89851281673675 3.181093813812044 0.006698031642142871 -0.029242714855513205 4.937554515167202
6.733465014304904 4.782264347525945 0.006666400793958597 -0.029249941888050104 4.936472982993353
5.817507355614655 0.8976900936310138 0.007155669088594648 -0.029134110590414992 4.953232930993759
4.388960133900083 1.7933373971676767 0.006711556806997423 -0.029239613629910476 4.93801705367973
0.45889097817950797 5.694279176360131 0.007640083180276177 -0.029010845023860664 4.969894836730151
2.401456116718104 5.601804650243098 0.007760809622631303 -0.028978782479622454 4.974058556110233
4.032038748583197 2.0831419588803413 0.008354888741592681 -0.028813119132013593 4.994617083451784
2.5434363608828447 0.883411777317908 0.006923748000974274 -0.02919009615638504 4.9452801484974165
5.787197490431168 1.768024061828031 0.005575429040414548 -0.02947735725968836 4.8993234359629385
3.6514077233556654 4.515940879032094 0.0062712175169183345 -0.02933720898203332 4.922982745697812
6.232665826512686 4.132497851033284 0.008292712072412752 -0.02883107570806299 4.99245982736591
5.253706483484144 5.373849031798701 0.007791322921446689 -0.02897059348949792 4.9751116579076236
4.33728187882431 5.887566113192524 0.00744052406812966 -0.029062666801096957 4.963022225779061
4.377817246270915 1.9004427688287537 0.008892830739875764 -0.028651658964742695 5.013339031159948
3.908769669477416 2.6140809948487096 0.00854965714732123 -0.028755927435282953 5.001383485684647
6.2008150349457685 6.96533459998715 0.007318084117960277 -0.029093738928547108 4.958811519573006
0.7419923465122736 2.8127380287650023 0.008914207163135734 -0.02864501545911085 5.014085197407226
2.17706152867197 0.7133952917123282 0.007676006778378899 -0.029001360656670597 4.9711333207039825
4.306074526515618 0.45934552580460836 0.006657488363129752 -0.02925197170610542 4.936168294472505
6.864790045806189 4.621019870357282 0.007456099578777797 -0.02905867476454061 4.963558191049501
0.785228796545775 5.318560644175192 0.007164824243057888 -0.029131860454939876 4.953547184896119
1.3436536612013055 1.7436324112568171 0.006833849915595708 -0.029211273428782807 4.942201521574349
3.311005490903347 6.8692938153211855 0.007177917827738883 -0.029128637037428105 4.953996669024272
1.364080531213742 6.551047298791535 0.00766233548720726 -0.029004975691792678 4.970661948375401
3.768808661292799 6.594266201493744 0.005772077862552414 -0.029439482283977622 4.905998882012385
4.9557433640496065 5.581720703493674 0.007754263345053474 -0.028980534846264658 4.973832663955114
0.7031246598239448 0.9452058355210513 0.006523025402096553 -0.02928224956528448 4.931573965835554
6.4707721680602095 0.4681077927314409 0.006005540396585763 -0.029392745440754195 4.913935392921866
4.55084460100943 3.441438932084159 0.007619201189306589 -0.029016336316579818 4.9691751054047355
3.378245036850743 0.9902627666406278 0.007582161671837716 -0.029026037007867867 4.967898813264372
3.7857341060670437 1.5827443180268652 0.0075356865286538306 -0.029038137484037524 4.9662979936999605
0.2227094487102175 3.007339105303063 0.009347027372070773 -0.028506719897346305 5.029231261897004
3.9983893765207914 5.957289474805743 0.006510480852424544 -0.029285041216809193 4.931145585102463
1.0931230768995162 4.776621841631696 0.007460006140319609 -0.029057672108866426 4.963692630385285
6.151109565856178 2.209151544478115 0.004677372978196266 -0.02963312643010925 4.868940095526758
5.082990576664669 4.9147141780886106 0.00823244535382632 -0.028848342127343527 4.990370114989587
1.024335308791133 1.6501344437315206 0.007175298682499012 -0.029129282325813105 4.953906753515214
0.38806232031978477 4.614927266741901 0.00681583845639557 -0.029215481275110276 4.941584973257713
3.9778530902052553 6.66028827334416 0.0068647284197623235 -0.02920403231957716 4.943258727417748
4.421277741837319 6.5078448835646565 0.007429641523032492 -0.02906545074206198 4.962647792701577
0.756783367610551 0.5581274956924969 0.007470364700019279 -0.02905501077695043 4.964049129485845
5.9121782212309135 3.7387134854368487 0.009838480666121127 -0.028340859164505947 5.046521041314998
3.4238295533227583 3.106411393537635 0.007580418834144776 -0.029026492214853365 4.967838769792856
4.375835333526032 2.846085672348696 0.007017000574452481 -0.029167819646626545 4.94847603007832
0.40035567275256434 6.148412611443887 0.0061097808538145915 -0.029371254278943562 4.917483155102447
2.914900867862776 5.189451052592499 0.005907805529068096 -0.029412545517698948 4.910611379863354
6.864351926728237 1.0591103497297916 0.005782064893583642 -0.029437522408762382 4.906338132658289
3.20684873176463 1.7477761514326058 0.006257930132606141 -0.02934004619041047 4.922529848436478
6.724773059528243 5.298172505493482 0.00791101946757046 -0.028938136964630618 4.9792456244000824
1.7946269902209295 5.169573140818096 0.005992067226176559 -0.029395495069091466 4.913477030158958
1.5171423214342765 6.2458480055796075 0.008040410278180707 -0.028902453227339128 4.983719665703797
1.8639874319605858 2.513372761025386 0.007987544217224526 -0.028917108039668887 4.98189100962043
1.523473854136385 2.1560635797752523 0.006331498593127912 -0.029324258312278233 4.925037963808487
2.770746236805699 6.646261723302787 0.00783249379576698 -0.02895948965260389 4.976533056433415
3.396899425210656 1.976152440887946 0.007960420453766492 -0.028924586534629256 4.980953147696795
4.55720088383898 1.8746589150989879 0.006778474912363593 -0.02922417283452959 4.9403062682581655
3.8564675284878787 1.000916981316307 0.00588576753646246 -0.029416963482091836 4.909862164309818
0.01139419510727962 6.918186164760519 0.007845906745666481 -0.028955858601296996 4.976996247972933
3.8454567903790626 5.000378340822472 0.00870354836626332 -0.0287097238899317 5.006739410398523
3.153574223873153 5.553178744218852 0.0061255211098576534 -0.02936797560494574 4.918019091841741
0.9463999589204817 4.2195973922712975 0.00862269675337355 -0.028734110403827732 5.003924432586053
2.0581205446448334 0.735546135957238 0.0065030780942954775 -0.029286685973313784 4.930892809285708
6.361258596985068 5.688431885264052 0.008289819941605067 -0.028831907417577612 4.992359515843734
2.3068746326291523 5.956049722477791 0.006696399631761887 -0.0292430886188812 4.937498706397086
3.1452508389183955 0.9000681616083906 0.007783810202867039 -0.028972612908154192 4.974852344728233
0.44335508634067144 2.7588508108239242 0.008025139189555297 -0.028906697164986932 4.983191337985207
1.275074470943562 0.7791591280186508 0.0065151559899233585 -0.029284001475668685 4.931305230446624
1.9052769931283169 5.796361245915746 0.006117071519614684 -0.0293697367373955 4.917731386044299
1.1059696539579644 0.3850268487130767 0.006527501202020139 -0.029281252160002064 4.931726818714327
6.38993360373347 5.414549678964263 0.007432298517838669 -0.0290647714379751 4.962739207965606
1.2663738221157004 0.5218829465692926 0.006737209665123871 -0.02923371351587344 4.9388944744708105
3.956636858871583 4.942501143692586 0.007586430333758375 -0.029024921615588055 4.968045879290987
0.8610960677007164 0.974415266204348 0.006259972147560498 -0.029339610575325754 4.922599447171921
3.6108200438483724 5.223807488308505 0.005953835638442243 -0.02940326242426876 4.912176608722302
1.3485177022524757 2.259094369583713 0.007214637997872512 -0.029119563845628835 4.955257486172701
4.032633055888405 5.456682256456103 0.006488116957484532 -0.029290004068726273 4.930381987097739
2.93529856776643 0.19499271253262657 0.005642646585059705 -0.029464564132464507 4.901604240996718
3.9258002571819857 0.8205091125609737 0.0049313242672253755 -0.029591925266387688 4.87751584938022
4.7866714684665705 6.04447062706546 0.006980516501219953 -0.02917657261187811 4.947225384829828
3.124500352963451 0.7513248544812808 0.007293821115862388 -0.029099831159816028 4.957977647354645
3.6236683259664155 3.9367262354121415 0.007718074584828689 -0.028990193595473304 4.972584145728876
3.8379556875345293 4.323914829121319 0.008748789740587818 -0.0286959697183243 5.008315608232374
3.3396058952283663 1.0797777115857665 0.005311545853434046 -0.029526047494489803 4.890378818996492
3.3054752998365537 6.730522471803778 0.007285305859039899 -0.029101964169798555 4.957685035873728
4.1987806655198066 2.308552664403929 0.007092584543960491 -0.029149532491735998 4.951068189166961
5.960896008699804 3.900541838617972 0.0097841207696345 -0.028359671732324523 5.044603603189746
0.42637196524347165 1.1625384268868066 0.007679379106899463 -0.029000467867476138 4.971249604228229
3.8293298248224477 0.6708603608153845 0.005975369621350687 -0.02939889382082665 4.912909030229297
3.0140396103065648 4.2370707153071905 0.006887792637068938 -0.029198601209454174 4.944048562215048
4.315029344654365 0.6645528203201652 0.006670670739234606 -0.0292489683901624 4.936618966747516
6.737264582349137 5.419563323344258 0.007386752301447039 -0.029076380284297196 4.961172462012847
0.8736004055846273 6.105486624936118 0.0081018834339137 -0.028885281456535516 4.985847215187481
4.025792686304513 3.9986056071947886 0.00886148815568347 -0.028661368209956087 5.012245297933389
2.603768042993378 6.176223396204292 0.0060153167018642826 -0.029390746247352627 4.914268013693707
2.650902439541487 6.556340294530426 0.007508135048833726 -0.02904527342079042 4.965349307067253
0.05717269925159683 6.862825772876875 0.007166085690680673 -0.02913155017972476 4.953590486433356
0.3763954076383267 4.575075630360359 0.007428129886908596 -0.029065837101023173 4.962595785041687
4.473221122642282 1.8189524462801692 0.007357978648492816 -0.029083674977697087 4.96018299766392
4.292928350391018 2.3003965618077724 0.008317959655263914 -0.028823801747399694 4.993335645071249
4.023997116125995 5.932124241634442 0.00787239840907974 -0.028948667383641664 4.977911259748413
0.4397289664576112 5.7084827660774735 0.007715898720774758 -0.028990772789471247 4.972509091303655
3.054788898515506 2.086882648083024 0.007260355858763367 -0.029108198721393263 4.956827797291686
2.037665631318649 3.12963455727514 0.008578046581506855 -0.028747471486123756 5.002370885817911
5.149003514000118 1.8714779927032261 0.006173672211800881 -0.029357891126939577 4.919658951543519
2.738018818032661 4.895917294450473 0.0064311812920192475 -0.029302558031495844 4.928438544261171
0.03377285228188858 4.646396784629403 0.00655474807947329 -0.029275164860588593 4.932657438341451
0.9118486434201104 3.325009290368109 0.007090385089671153 -0.029150067569049802 4.950992735672047
2.4616599935728334 5.898507135541579 0.0065757858413173454 -0.02927044653860153 4.93337611769028
0.13677190222512117 3.908729765345884 0.00865199176741944 -0.028725303104693362 5.004944109248894
3.319219856417608 5.892849149804864 0.005885479892135335 -0.029417021032716255 4.909852386140636
3.8021792945967747 2.623690219028011 0.009192343973556427 -0.028556974844542286 5.023809845693732
2.2804654144094254 5.3679189692982545 0.007101081293782742 -0.029147463774041968 4.951359687882378
3.403611386208841 5.583733354724928 0.007784516489213137 -0.02897242314735115 4.974876722531549
1.2088210887108974 4.916335287973393 0.007145536254108476 -0.029136597461632704 4.952885146155621
2.1299993517991203 3.8540486386430244 0.008084621914518407 -0.028890117488499224 4.985249676470419
0.4340912696731325 6.874128798395083 0.006360508694852746 -0.029317979622455272 4.926027356450379
6.623178832517511 1.044174572983468 0.006476105524374439 -0.029292662173950094 4.929971919283754
3.958635602859715 5.9721872195705 0.0059496566537952785 -0.02940410831332842 4.9120344842033
4.400797855787435 5.739780579201591 0.008732957768242705 -0.028700791776849803 5.007763940454222
2.3216090878569893 5.134162448983875 0.007357497407829691 -0.029083796724186123 4.960166450936032
6.977463245023157 5.740911613909702 0.007658529383126387 -0.02900598089511523 4.9705307281956514
6.693918381109031 1.6572222164365846 0.006784886834519246 -0.02922268486369395 4.940525678586879
2.7224941234449447 4.598279287764516 0.007284225870824575 -0.029102234509789965 4.957647925553864
1.051242177421604 4.399027802150536 0.007131392028815915 -0.029140062589694978 4.952399729695502
0.12610221226420193 0.6129135969072171 0.006590845485789109 -0.029267059226756167 4.933890647441508
6.230685882894513 3.587031670439694 0.00741504404171941 -0.029069178210939527 4.962145596978677
2.243609609757122 5.12167377744419 0.008638154765712681 -0.0287294671416578 5.004462443361801
0.022142807004303516 2.923055838292749 0.009374731721624832 -0.028497621043651365 5.030203270235859
1.1074517571184435 0.40275917926315163 0.007961925492469614 -0.02892417228638293 4.981005181266173
2.691250527006832 6.70292366688954 0.005126937735714572 -0.029558662172941893 4.884129908981367
6.805722536633704 3.4057818150786305 0.00778521176792818 -0.028972236325981338 4.974900720557297
3.7822162588549593 5.247299521410066 0.007991143398786718 -0.028916113625105766 4.982015477234508
1.6361883834492226 3.6066867626913925 0.00627263502165652 -0.029336905935784845 4.923031063588585
6.591041839977646 6.871803628727339 0.008406379092614918 -0.028798138664699265 4.996404593021313
6.9761173850549545 5.017419981069749 0.007968024789657873 -0.02892249264761593 4.981216059358198
3.528641639302831 6.699898574729618 0.007044211317345858 -0.029161260036503503 4.949409037801646
2.3665111301050406 5.844340343907557 0.007969357467948475 -0.028922125467331302 4.981262137224516
4.310822819399111 5.0712014570161035 0.008427480841791046 -0.028791970524110446 4.9971374184501585
3.1347003197436445 4.173528098063141 0.007349136092607298 -0.02908591065606055 4.9598789708870035
5.783230045555544 5.4908516677491574 0.009297040476004268 -0.02852306151848953 5.027478252082674
4.124383170308284 3.1394505969751276 0.00685224736147851 -0.029206963315228627 4.942831374384019
3.232314910017706 5.927014094284136 0.008219213913382773 -0.028852114699724436 4.989911489843818
0.9032989052546971 6.522268310307898 0.008125729220318834 -0.028878582455481718 4.986672845034088
6.714657909756119 1.5325554035284223 0.005806532267113327 -0.029432706009318473 4.907169363410346
3.5907973630027143 4.727932822824548 0.006437743411902494 -0.02930111703950049 4.928662493351322
6.84597514762928 6.124175951415065 0.006212118327189239 -0.02934977999728447 4.92096869894641
4.798422068180965 4.892287355879791 0.008398471966299281 -0.028800445632512096 4.99613003327779
4.190774390317929 3.9109111660671543 0.008958512587875165 -0.028631190199027393 5.015632276701094
3.2426707835136517 2.920343295095172 0.0067706595389312105 -0.029225984489968507 4.940038848160648
4.947898683971839 5.236981517312747 0.00656012684463081 -0.029273960029048928 4.932841173457989
1.2691341541711236 6.914786035002849 0.008436213525781897 -0.02878941300803847 4.997440734674543
0.5008502071065604 6.289160420636662 0.005691546660581212 -0.029455157385599333 4.903264128824904
4.394111347194487 0.5193850659362298 0.005215935407769602 -0.029543087479509914 4.887141583096249
3.133967238060647 6.47518579493281 0.006984188589058773 -0.029175693817841953 4.947351244134313
3.129263660947627 3.0351854617687226 0.008085466948783131 -0.028889881000449546 4.985278926532265
4.833731993233466 4.73033887189173 0.006940899147837221 -0.02918602266530252 4.945867756811078
5.671276427078973 3.9254345027844657 0.009040767458449612 -0.028605323346577265 5.018506484400094
4.581617675126642 3.7641720118964366 0.006772793527846067 -0.029225490035740483 4.940111865614227
0.2934323439100671 3.185322081206892 0.007842212272542629 -0.028956859406233642 4.976868660346382
6.479437575318131 1.027641590325293 0.006147915400480569 -0.029363295731721493 4.918781693741136
6.682788318662278 5.479903826511241 0.00817562358555696 -0.028864496860109733 4.988400995088156
3.4579415979042376 4.75461290933129 0.00702767007648938 -0.029165250784041197 4.948841843221333
1.477596960061431 3.0314590197355247 0.005991556450052428 -0.029395599182629958 4.913459654189668
5.60735959421392 4.521938399876234 0.008549414378439923 -0.028755999613745385 5.001375043300822
3.2344264407922796 5.9421370271167655 0.005957195852949139 -0.029402581818092192 4.912290890373948
2.658256008387079 3.764367881492535 0.006005479632716212 -0.02939275785599287 4.913933325613903
0.12024932698773741 5.599264164629348 0.005775736517214211 -0.029438764710560093 4.906123160666857
3.428011495053701 0.8382450903704378 0.006632136621140677 -0.029257729984373784 4.935301712019678
6.317006514207586 6.284277147226748 0.006992675680560282 -0.029173660840328228 4.947642150228866
0.5321282601583748 3.0083526630604287 0.007674730664921309 -0.029001698385110422 4.971089319112394
3.8224028486978074 0.44976908595240667 0.004770631928769842 -0.0296182557048892 4.872088000949458
3.9443981898250593 6.617467968078471 0.005165888161549723 -0.02955187979642514 4.885447793030471
6.867495470671903 4.6366473376384665 0.00860065461880581 -0.028740715720524675 5.003157413876352
1.0550785202680797 2.733270566206244 0.007689246016655892 -0.0289978532946034 4.971589852341054
5.839076105978413 2.491020444466133 0.007059813922499057 -0.029157486643736776 4.949944118051793
1.0431742273808404 5.7460626147374185 0.007163225647679047 -0.029132253574353513 4.953492310797197
1.0113083615108969 2.768065557301692 0.006324746880082603 -0.029325715283738354 4.924807726261852
3.8461636454506616 5.40841999813123 0.005823042534877259 -0.029429444025278667 4.907730344187339
0.9732758817847944 6.4513306513961695 0.005501107399463081 -0.029491317660958666 4.896802721305601
6.812609579963797 3.191719425477921 0.009342146601350316 -0.02850831978351019 5.02906005195886
4.484839097431111 5.494316231552612 0.007979143961651657 -0.028919427062776296 4.981600526952375
0.6183499655780995 3.758099425095908 0.008937056552423562 -0.028637894827985923 5.01488297070336
1.3323796645053203 3.1605612263263807 0.006703136955722479 -0.029241545016514218 4.937729102776853
3.8316899066050496 4.492698738997813 0.007915809696709172 -0.028936827000303353 4.979411161578842
0.6514186118994855 0.5131584190617133 0.0054602689807667455 -0.029498906126459612 4.895418138927363
6.108869045695929 4.981809258753192 0.008913730764114818 -0.028645163708117868 5.014068566318692
4.941610713399925 5.582337590439466 0.00739223430498946 -0.029074987050386403 4.961361004562315
5.6727780600547 4.7466943916530795 0.00801848978544197 -0.02890854236312794 4.982961315446572
0.762572039713813 5.616084403103615 0.007273016815746216 -0.029105037818183174 4.957262782787625
4.851302180895337 3.227490786066545 0.006958216677659121 -0.029181898853000408 4.946461148827215
5.0440520142664536 0.21029979657127562 0.006599657802879015 -0.02926507332785787 4.93419175784493
2.2376649726560314 5.392227717426802 0.008600024735871315 -0.028740904205372547 5.0031354978991995
6.939522256244558 2.8123863456354035 0.00868051123583772 -0.028716697663284597 5.005937092281993
6.130985165124457 0.8737262652027935 0.006902663393534549 -0.029195089280143638 4.944557889713257
6.405662224765556 4.882564203722211 0.00879832835644101 -0.0286808196907314 5.010042390230948
3.0994797059302264 5.226679578205132 0.008302732819302982 -0.028828191544584776 4.992807412316841
4.904017615914438 6.449373512223354 0.006300508220686943 -0.029330932412063825 4.923981267233995
1.7653341477233684 0.9578626041720573 0.007774814012001639 -0.028975028336117 4.9745418509583414
3.408577937684183 2.8876928500992687 0.008307077685970192 -0.02882693983618893 4.992958131482852
6.004341697198639 1.7132794796819062 0.005239797715225211 -0.02953886456693149 4.887949352823944
6.2379564553739675 3.9060267674685405 0.007352319259846108 -0.02908510617999006 4.959988412578374
5.805925591862701 4.3219143990989375 0.009064065542402607 -0.02859794950416952 5.0193210560671915
3.8605526221132105 4.072191627910639 0.009093867033669352 -0.02858848688500218 5.0203633133033705
3.56275546543343 5.0722234895795495 0.00698966902268082 -0.029174381346540598 4.9475390908025645
3.7743283869517263 1.8075054999345208 0.00675345012365661 -0.029229965984025406 4.939450048743724
4.146260640040992 4.039212323659472 0.007177384705589781 -0.029128768404928583 4.953978366727935
2.818710233360789 3.641216988353356 0.0065687329144140365 -0.02927203012944428 4.933135166938941
3.0209449927402248 0.31043002064018627 0.006500795752484168 -0.029287192671618147 4.9308148789227895
5.0464530976592865 4.588305489453805 0.008588724556385834 -0.02874428309237395 5.00274234690253
2.631023727096808 4.018462358237346 0.008384183614428041 -0.02880460840073262 4.995633953486945
3.7142765272283564 5.990295944542855 0.006286996289489459 -0.029333831622478945 4.923520618284632
2.5724405462163458 5.830275631349022 0.007856494996346835 -0.028952987520675252 4.977361934781475
3.3037878766481605 4.657833673112648 0.007572313497259524 -0.029028607756818463 4.967559540686833
4.736914494825256 2.217926851782398 0.008011249303430992 -0.02891054971110505 4.982710862465961
6.7685542002211285 6.077401495290138 0.0070535896974841155 -0.029158992993235308 4.949730654378057
3.186134056063348 6.4954856462105175 0.005522612779639278 -0.02948729808046449 4.8975319815282345
1.7250795671217527 0.27119656345650117 0.008081533886254488 -0.02889098146559442 4.985142789328537
4.339383301659051 5.123350322210636 0.007486167135575926 -0.029050943213916873 4.964593047417888
4.863940388512746 3.1630470874427643 0.008514221698996821 -0.02876643928018085 5.000151427761258
3.7058294582780795 5.014492485831244 0.006839664292492325 -0.02920991257032457 4.94240057185989
4.561027152796344 1.477532623682134 0.007435793812723533 -0.029063877414664797 4.962859468627075
3.6830490095828825 5.501561181348727 0.008571859970771685 -0.028749316803038674 5.002155687338296
2.875404154071815 2.149342198428281 0.0076784664692057785 -0.02900070952030799 4.9712181346017585
3.3815849259604582 4.3206078970834385 0.006919035954513843 -0.029191213429046497 4.945118725381572
3.882123250364214 2.376652165166091 0.007428791489933551 -0.029065668012263037 4.96261854732949
1.3135335662519996 5.422783371587751 0.007417453534753861 -0.02906856348462661 4.962228486095549
6.336584787362474 5.1263723208745064 0.008509652082131513 -0.02876779138969613 4.9999925791314075
4.415474961002819 0.11927611595766066 0.007551384431890692 -0.029034059191952455 4.966838627729773
5.853322448897247 5.473044731010533 0.00880434409411179 -0.028678973570762236 5.010252144740393
2.3279440704899064 6.047011105126788 0.0071158525538617175 -0.029143861144874054 4.951866496049231
2.020639838894216 6.905089635965188 0.006811841564663949 -0.029216413443438203 4.941448168119196
4.740679639304446 1.7466605826291715 0.0070890688850391405 -0.02915038768769928 4.95094758320708
6.760616719338 5.832297773511424 0.008392391057911062 -0.028802218184214468 4.99591890039043
6.155788063961366 0.14952063684976152 0.006480085728814299 -0.02929178193533499 4.930107798508836
6.452724861366012 4.848161740088552 0.006688543834551496 -0.0292448864140944 4.9372300769169675
3.5356764856594145 0.05943517184412929 0.006718261884401902 -0.029238073760981458 4.938246374560027
4.055351396247681 6.410558199705983 0.005919693875859239 -0.02941015512397231 4.911015589343694
3.4738874837497353 4.496947956883124 0.008481208608207764 -0.02877618981978091 4.999003997145614
4.413860803609566 0.46256812905341077 0.006803643551123134 -0.029218323607442993 4.941167581129307
6.987883745827654 3.3138005818821386 0.009324825217959265 -0.028513990156667147 5.028452521928019
2.5233533382868907 1.281370745250046 0.006276722574995992 -0.02933603166272725 4.923170397104177
0.9224511217207684 3.87250102946917 0.007658461784662868 -0.029005998743240308 4.970528397695505
3.886793658369179 0.33183355140777027 0.007023080822153255 -0.02916635623051846 4.948684492702067
6.1220228326303845 3.4808698690300233 0.009012230460439415 -0.028614326868335167 5.017509030010316
6.6412888425551015 2.773012992034178 0.007976413616956106 -0.028920180252053014 4.981506116052293
4.252619306436129 4.193484906814466 0.007702896872817115 -0.028994230111640217 4.972060635768974
2.247669890646254 3.7820699710531698 0.00921091256927129 -0.028550991044817342 5.024460143590752
2.8943069102199654 3.001501364677679 0.007296300437614739 -0.029099209609954404 4.95806284881907
4.2335256281703355 4.709321680319705 0.008786130827694789 -0.02868455865232427 5.009617132735409