300

4.425434468437143 6.819582500000215 0.006884691141190921 -0.029199332661730595 4.943942342844961
2.2769498157327823 3.3178632282857907 0.008148268825501017 -0.028872230865441766 4.987453426388413
0.8376874109394958 6.45318429179365 0.008981727719925591 -0.02862391599982644 5.01644321330813
2.2006826384935274 6.10755820238182 0.00784934236526661 -0.0289549274637812 4.977114900121506
5.901923824878534 1.9580992978985965 0.007768519411302329 -0.02897671662138792 4.9743246150259575
4.674087864327028 5.79570580776336 0.006502401457125467 -0.02928683621169027 4.9308697054276935
5.6717284306823545 6.7978062824901535 0.008577895078253699 -0.028747516693211447 5.002365615680184
5.406779814904761 6.978763231166242 0.006497480295829423 -0.029287928397298917 4.9307016753445225
2.100507860154378 2.824228620034541 0.0104753742267586 -0.02811167968673095 5.069083942965823
6.073433182049552 0.9937288185569758 0.00822508031526156 -0.028850442870214255 4.990114822316611
5.950365495353131 6.445887166225938 0.00798396476481908 -0.0289180965250849 4.981767228528003
6.93540612675869 2.9223930164769705 0.008501319857214418 -0.02877025479006628 4.999702954251452
1.8986204959918578 4.190017094495835 0.00909292060331514 -0.02858878792292193 5.020330208180495
4.721628640394223 1.2120506486883798 0.007946672709810823 -0.028928366577516053 4.980477882633998
2.4262347416786056 1.8054541167077491 0.009243895412667617 -0.02854032931834639 5.025615585066516
2.338321880385751 1.479138203990807 0.009834205894788117 -0.028342342782820804 5.046370211045074
6.0707652397545395 6.012518459238681 0.007286319778042424 -0.02910171032932786 4.957719876251458
0.6531099591458829 5.812053430262042 0.007638022612523372 -0.029011387601605366 4.969823809895826
6.753817887473565 0.407801068967054 0.00804094977355686 -0.02890230313900842 4.983738331827833
4.838526682449606 6.622460473940918 0.006600594544014854 -0.029264862064693236 4.934223766803405
6.320990028780714 3.859423483401441 0.00976050885775327 -0.02836780687394991 5.043771135006856
6.630347206273902 3.8759127182948143 0.007318531813779061 -0.029093626313863037 4.958826907649676
1.5417012680474564 1.1635744745205863 0.009578137439590111 -0.028429901216647274 5.037349369144892
1.297623093251024 4.033898872057827 0.008804641500022102 -0.028678882266505584 5.010262514929654
6.246449069713375 3.5981204432423777 0.007155136408366493 -0.02913424141757716 4.95321464730425
3.8634977784142803 6.286543580296971 0.0074184685285676255 -0.02906830446879645 4.962263403484442
2.475942635438033 1.6257918261390079 0.009695962349704958 -0.028389933323505777 5.041496679399637
4.127268914727808 6.085197900990157 0.007001329258119879 -0.029171585294930313 4.947938783736113
5.303015394266292 0.6793452445134781 0.00888718674750884 -0.028653410123664222 5.013142050598248
5.506469874151375 0.5180825646408866 0.009118048059466343 -0.02858078374686849 5.021209258129593
1.8026181286449365 5.903953389464657 0.007774579905048574 -0.028975091152574736 4.974533771356258
3.547264837376045 1.926016320165782 0.008867967016554318 -0.028659364281039185 5.012471354390161
5.716843342915076 6.5093473569831595 0.0071859551290687695 -0.029126655298592218 4.954272602796349
6.175245796516836 0.823252661976464 0.007663194050747061 -0.029004748868773106 4.97069154905171
1.66750600766306 1.123469471802249 0.008482260417088059 -0.028775879799177315 4.999040548702739
6.199414029563765 6.440402483989008 0.008798809222874395 -0.02868067217237874 5.010059156406923
0.7982012594485579 6.621741887703501 0.00856129157496236 -0.028752465747627257 5.001788102361917
2.4347430277753643 5.756454658765594 0.009175210278334761 -0.02856248442184853 5.023209920731982
5.436330091132281 3.339268604411572 0.008107941892001114 -0.028883581465530436 4.986056963406806
5.932104439547497 2.1820136392171934 0.006761782680858671 -0.029228039533585545 4.939735127137071
3.8252264970589884 4.698015988852721 0.00805092466287162 -0.028899526156543908 4.9840834727805445
1.6593266874810872 2.0203953316858287 0.008761340515161227 -0.02869214025438664 5.008753008048443
6.240002037705339 5.926293648358655 0.0068130884177032645 -0.029216122710116026 4.941490844789462
4.362688051431201 2.635906644410425 0.008634594831754333 -0.02873053727467416 5.004338533383375
0.2937353853296049 6.266435446276898 0.009913332596973889 -0.02831476358406997 5.049163387605448
0.8952914371468368 3.8347906616122946 0.008012115626613433 -0.02891030963489974 4.9827408282323695
6.802144383382567 6.076012589053665 0.009436037302997628 -0.028477380497799253 5.032355286244791
1.4601049991804318 4.900619620603079 0.00938812033488237 -0.028493213166959044 5.030673121684664
1.7211164167401585 0.7421691056076193 0.00802077579845463 -0.0289079081842828 4.983040393736223
5.963292019787249 3.458725879918591 0.007838822623701619 -0.028957777191527385 4.976751603621648
1.5269094147042588 1.818300806147563 0.00827358737193378 -0.02883656969889064 4.991796554237872
4.658916159360915 3.8246667921011297 0.0070182858957935045 -0.029167510402585032 4.9485200967302
1.5143993066034993 5.430508621643989 0.00675449980081819 -0.029229723441058196 4.939485959887686
0.5369749713070113 1.5316386957300747 0.009718980230440365 -0.028382061646052233 5.042307567919108
6.143824838906088 2.4375888416488523 0.008083893621362446 -0.028890321284445686 4.9852244674837305
2.2248671520103445 6.338858545902307 0.007836998190485825 -0.028958271000913055 4.976688600938553
4.177422850607946 6.248922837597935 0.006484050077081978 -0.02929090463945921 4.930243140484202
5.78697052381007 2.726733775895462 0.008174205479345716 -0.02886489848902009 4.988351865655832
4.278499633257289 1.5199172895976127 0.00658746498415285 -0.029267820299478404 4.9337751436031185
0.5224114744591 2.4073228381411806 0.00786695201956996 -0.028950147943003404 4.977723125001165
5.449378483317055 5.169651112326832 0.0056631114689882625 -0.02946063761173226 4.90229884644566
1.0629310042475246 4.794731436636409 0.009143223345303583 -0.028572739925633583 5.0220902286311935
0.03661247579555955 6.02372143963285 0.009129786332829617 -0.028577036261951263 5.021619990141291
6.110708577336975 6.534363647592906 0.00791751642765525 -0.02893636006165615 4.979470143329536
6.124306636058259 2.5423527517905145 0.0061915440730118485 -0.029354127171352787 4.920267748896325
5.687390605003744 3.2630609778359156 0.0068758834381885065 -0.029201407961679603 4.943640713008023
0.9363729066678732 0.6020153318173693 0.007939548637389394 -0.028930322629285146 4.980231624985127
2.597126644732742 3.483562153116931 0.0074362635418176405 -0.029063757233651566 4.962875630616013
3.9601630577011386 1.3632323039107623 0.006864001925327045 -0.029204203080534598 4.94323385097934
6.022364909888969 1.0905319368430377 0.009166059057756649 -0.02856542247805408 5.022889544194614
1.668384352785091 5.276086703980125 0.006470460075758607 -0.029293909715297717 4.929779197695297
2.599535272393401 5.976851005823062 0.00880830881453016 -0.028677756115635514 5.010390392525221
3.148560497462177 2.3989451470296363 0.008371269447696363 -0.028808364199205502 4.995185645894658
5.044563031498584 0.5053184342865177 0.008222300330028826 -0.02885123528174847 4.9900184651457415
3.122132880318865 0.19389810157693285 0.007300603816557875 -0.02909813024772658 4.958210738016268
5.538060623796902 0.2400759328602768 0.007716722009655532 -0.028990553658488447 4.972537489718495
6.740692018771208 6.2323213199829635 0.00854545955815215 -0.02875717512100217 5.001237515845599
2.4565257392051536 1.5863601023103175 0.008622791560709232 -0.028734081953327856 5.003927732057701
1.2326181407946724 1.111949043870603 0.008939183734392935 -0.028637230909478045 5.014957250137618
6.333676574114474 4.091122743949225 0.008856002631700863 -0.02866306364273204 5.012053912732051
5.0915889822665905 1.6207629266009058 0.007346431142877757 -0.029086593981814988 4.959785973353394
5.516905615309361 2.219135891158706 0.00729213232891308 -0.029100254399190752 4.957919613524192
2.0619550272146885 3.6739130197154344 0.010097758010675768 -0.028249518281872228 5.055684278673304
5.781555816293794 6.60659613980275 0.007881867939761792 -0.028946090543977697 4.978238388868098
2.923047096539088 5.43999142556829 0.00863512020993226 -0.028730379373757307 5.004356819836448
0.9185975694113026 2.855867756335664 0.006076959106805553 -0.029378062700154566 4.916365806160127
6.8705763556738315 5.565219170128682 0.009082379576780241 -0.028592138451387035 5.019961517881688
2.811296574779731 2.301604495971686 0.010489567798930736 -0.028106386594360284 5.0695888899627395
2.2104238116658985 5.275862004181163 0.007562989248971304 -0.029031038452317623 4.967238345198508
5.731110205002089 0.30129520696375484 0.007412815899959414 -0.029069746480375587 4.962068948097716
6.195845042864214 0.154430649760813 0.01001582582656748 -0.028278670990905207 5.052785472686812
2.48789671064356 1.1927667393396355 0.009745464914547674 -0.028372978581730195 5.043240865898586
0.7051422308360863 4.39147031902511 0.006463577109766278 -0.0292954291818042 4.92954424143567
5.198982985958488 3.753424974546576 0.00656537794160147 -0.02927278279364524 4.933020554810509
6.193007457945372 3.505124607742073 0.0074906605460009846 -0.029049784931812907 4.9647477239790785
2.161390967336592 6.791831598150155 0.007673600604899897 -0.029001997409773002 4.971050354008335
4.668412418718386 5.830135978116452 0.00649468296728 -0.029288548840024884 4.9306061650414374
1.6016605618508473 1.6963629127749 0.007498500486779017 -0.029047762227919983 4.96501761285094
4.874315874381207 2.366932427552679 0.008773255110451081 -0.02868849934672331 5.009168290805883
1.485203809263766 5.940527495671531 0.007858138210252637 -0.028952541578738254 4.977418689772955
3.5745314239041948 5.817434026949079 0.008753621217529485 -0.02869449625938775 5.008483980342548
3.2928874851031007 6.892863061987147 0.007496078556619562 -0.02904838732654514 4.964934236235566
3.7152457564242756 3.183325418508905 0.00905630455818898 -0.02860040817452306 5.019049685192888
3.388338321180623 2.8293442691415245 0.009164460418288476 -0.028565935399381265 5.0228335805512785
4.524527265988114 0.28827796615801343 0.007666732703681755 -0.0290038137087228 4.970813553554945
5.078361810808841 2.599291031079995 0.00859608562562483 -0.028742082595332685 5.0029984448175995
6.304786613581882 2.516648744727593 0.006247127064440733 -0.029342348294584944 4.922161660732545
5.584915999800362 1.635766682506752 0.00843575496920838 -0.028789547375731285 4.997424806753286
1.7749286451229018 0.5620539373427864 0.008559147067101104 -0.0287531042060459 5.001713518009062
5.6249811396559615 5.648559375243101 0.008063269305073395 -0.02889608430417279 4.98451065546503
4.934884995465977 6.20203880871184 0.007917253718297722 -0.02893643194245104 4.9794610644740525
2.814643523638693 4.895071214891024 0.009070999709652998 -0.02859575080789933 5.019563536171769
3.8080560452473455 1.3761112895163163 0.007281542651100907 -0.029102905982396298 4.957555726833989
1.1267841218912062 6.332793044212693 0.007096743228557911 -0.029148520297742685 4.951210858926631
4.073332220290232 6.60042903510902 0.006748570095047955 -0.0292310930632473 4.939283099027901
4.865009068320867 1.5322667150280174 0.0067271133056803 -0.02923603848972256 4.938549121224152
2.2690363777420557 3.4205336539114293 0.009848941259325122 -0.028337225624086124 5.046890164341093
3.0545326681316736 1.4283516729438352 0.007665893659386798 -0.02900403548479027 4.970784624907992
3.671735668566664 6.440901990843431 0.007054500455495008 -0.029158772664901734 4.949761888702642
2.8503392406442445 1.0234993056533712 0.008402652785377475 -0.028799226138359828 4.9962752014338685
1.1574745267831417 6.059718754688806 0.008321399620070563 -0.02882280882154079 4.993454991716909
3.031054089617032 1.1664032157632147 0.010062671095506744 -0.028262035496822466 5.054442518066337
5.748330121022712 5.59381819595334 0.0076665108524258075 -0.029003872350940266 4.970805904525273
2.60924695220799 1.613770871726191 0.008612587959659208 -0.02873714197057761 5.003572646495009
5.395916970614186 5.87308654484781 0.006139628030931277 -0.02936502967207428 4.918499466402375
3.222789917921216 2.935633932516284 0.00814174102388524 -0.0288740723331501 4.987227340865137
5.821810265520448 6.107224505297803 0.00848130529161059 -0.02877616132409773 4.9990073569875975
4.687009836643224 0.8368180146975625 0.008707993575358784 -0.028708375918736855 5.006894246908313
5.642336021315432 1.4520815594069298 0.008152440193883202 -0.028871053304047597 4.987597906164198
6.592861371660543 6.700182359886594 0.008548405158011876 -0.02875629964467744 5.001339947488589
4.833572853366807 1.3806361704849064 0.006894967654826015 -0.029196907730766677 4.944294300897737
5.438548359023516 4.59517834876748 0.007158077459836012 -0.02913351896148125 4.9533155968327
5.6532055942915225 4.982174509650093 0.006289800721862683 -0.02933323042010981 4.92361622328933
5.069025596989866 1.7147247085280914 0.007766121213006444 -0.028977359460532134 4.974241853002761
5.0711755502519305 0.3756611717672825 0.008275858907592472 -0.02883591786889438 4.991875327869922
5.966632593992178 2.9561249902925075 0.00636505302071373 -0.02931699336636523 4.92618236038814
0.7883421190845734 4.563258907533571 0.009017411873331646 -0.02861269443982334 5.01769011274919
2.1570744036958036 1.797451345136305 0.010704187508673937 -0.028025352268600458 5.0772358529197765
5.566627830063758 1.3075423649163203 0.008405601534085807 -0.028798365628107687 4.996377592822651
4.815629211804934 4.8919207339155015 0.007972958572651722 -0.028921132958422968 4.981386649736315
6.041866380605092 1.2981326822979729 0.009355749176795191 -0.028503858639505213 5.0295372333458195
1.5230663918885297 6.069362383208475 0.00717236317066465 -0.029130005261724434 4.95380597947717
2.633329887967428 6.748608704424553 0.00935313459521497 -0.028504716684152342 5.029445507440952
5.805371456056788 4.647213601039487 0.008124752141238327 -0.028878857363882026 4.986639011156289
4.356352294405787 6.817584251576149 0.008411561865833004 -0.028796625270633085 4.99658456678455
4.404868772447138 0.19715771238830446 0.007729083979948598 -0.028987260319507633 4.972963927669758
1.8380028596042843 0.5114393038098505 0.008859000302918871 -0.02866213728305835 5.012158497492919
2.156358461099996 5.22366921209839 0.008504489952123438 -0.0287693178691159 4.999813142588254
6.204822803302232 2.4575345139394913 0.007116163937701317 -0.02914378511469914 4.951877180434674
6.02468296594383 2.937580856419067 0.007774257751270736 -0.028975177590772533 4.974522653072087
5.7907453437919125 6.576646501255557 0.008815310974444874 -0.028675604482274332 5.010634568622557
2.2286306143357733 6.358978919239211 0.00962719877699673 -0.028413325108269053 5.039075566913597
4.723586159011088 2.7063857653950993 0.008889953943020916 -0.02865255169947289 5.013238626780616
3.8445606957049616 3.7868524789962064 0.0071226649745595345 -0.02914219696008149 4.952100254203009
6.868339741958745 2.5073679514550906 0.00714944582467341 -0.029135638390123873 4.953019329116063
4.523499626140046 5.545534654429312 0.00663253680594754 -0.029257639267681032 4.9353153899580375
1.84997845101678 5.3050514539526255 0.008335240676150164 -0.02881880918550681 4.993935236938753
2.8148680780202273 4.011474932160716 0.01000362047188625 -0.028282990956659062 5.0523538957468315
4.220360936805388 6.541545676984401 0.0072913285732213555 -0.02910045579775901 4.957891993390728
1.9679039284943414 4.572743904858749 0.008535463498007217 -0.028760143651835022 5.000889931491614
5.102419890029701 6.542716631918035 0.00717152467068146 -0.0291302117036215 4.953777194826964
5.58675562747371 3.2741773355570016 0.008968948735606446 -0.028627922708049626 5.015996800253271
4.036745475687374 6.0087117154423035 0.006573532565343732 -0.029270952659801924 4.933299137091819
5.17656550795326 6.230109088214919 0.0073891800123479885 -0.02907576342497505 4.9612559571600485
3.0383658083201395 5.579291883186363 0.008426271568396102 -0.028792324453847756 4.997095418339009
3.939319972245277 4.511571059745767 0.00942182784396586 -0.02848208489697813 5.031856353937807
2.1736090635988066 0.5108672951900124 0.00855714805977348 -0.02875369918954977 5.001643995545326
1.3749605875624749 1.6862552221420155 0.009546242348872478 -0.028440626874536253 5.036227695461032
5.7314205237749505 6.618972563555292 0.007160404951549186 -0.029132947000429427 4.953395488127753
6.1674873022012235 6.384486622242705 0.007759261634391753 -0.028979197002143728 4.974005138504822
4.079522751109389 5.776406444226955 0.008455308887101533 -0.028783810582056396 4.998104076395874
1.7519908621646487 6.38754373628457 0.007658784995781679 -0.029005913403793878 4.970539540617944
1.4190515051027204 2.2914345457612257 0.007110355442839067 -0.029145202786676386 4.951677880530793
4.53006938762383 5.25503447471961 0.007017871234703924 -0.029167610175211734 4.94850588021413
2.922182660781673 5.077799181125457 0.009582524130419235 -0.0284284229476405 5.037503671646237
1.8927764920136374 1.2578813931881252 0.008635988613251575 -0.028730118354642904 5.004387045934501
1.046186021952277 4.2465900979012 0.009246801390339562 -0.02853938794101258 5.025717406792655
4.025185225810885 5.7703858873719165 0.008326875090181762 -0.02882122744146249 4.993644966966726
1.8439861196158593 3.5837082030364558 0.00809688636422728 -0.02888668259258564 4.985674222291836
2.8565964083152235 1.042819348907238 0.009222209336347483 -0.028547344096370598 5.024855838733206
4.4219702965336944 0.33896269099986226 0.007031178840379296 -0.029164405087616693 4.948962151281897
1.6038954263304326 4.060582109032967 0.008523895389992186 -0.028763574315103294 5.00048772842589
5.558023989007641 5.894684874990714 0.00623645352796924 -0.029344618712695517 4.921797916041071
3.485860058936425 4.2761770918603395 0.008636232431663714 -0.028730045064118498 5.0043955324544696
1.356289510005204 0.5163143627894515 0.008589966805691627 -0.028743911881946686 5.002785564446798
1.7575347806231223 5.66629791284505 0.007794346420554458 -0.02896978018343235 4.975216023789766
5.304002310778 0.3476171798869907 0.00860106976423391 -0.028740591485054392 5.0031718584131335
4.1352085309636095 6.489065078633128 0.00894020523072356 -0.028636912026832485 5.01499292055635
6.136434309442805 5.732134656181254 0.009101806271549811 -0.02858596023566773 5.020641033097064
4.921130297462906 4.823380767173633 0.006539829925332564 -0.02927850106388175 4.932147883437163
0.5633378193932133 6.139909458131451 0.009047673791348132 -0.02860313966971724 5.018747928847325
5.937518909880495 3.7973151858970673 0.007832038818526387 -0.028959612703644635 4.976517345649855
5.000712275144099 6.572282478023921 0.009185209849786671 -0.0285592702990707 5.023560035023765
2.6297099876577166 0.15575753263933786 0.007750066010382663 -0.028981657592945083 4.97368783386892
1.429887755682076 2.1647454802814985 0.006879057954133785 -0.029200660294994504 4.943749425457322
5.388552864970416 5.38127063604886 0.007830850611177786 -0.02895993402453494 4.976476316069495
1.647293075722508 6.779327492236813 0.007870343858403482 -0.028949226026795442 4.9778402882309924
6.578739590870109 5.5409493852286795 0.00711706120044826 -0.02914356601154145 4.951907967997654
5.991019153597758 4.56466259023598 0.007150309211251343 -0.029135426514528565 4.953048962574084
5.012232130695266 3.5667393181569778 0.007438318264944465 -0.029063231434054152 4.962946328347757
6.726719155804823 5.885456419988981 0.009099740442517818 -0.028586617916060052 5.020568766668021
3.032621149355587 0.5596586274397888 0.008922743490525348 -0.028642357595042477 5.014383215168255
2.2595934988490796 6.931449404137234 0.008904203876150922 -0.028648126523944613 5.013736000748187
6.130450495400962 1.156279596638998 0.008092187216142048 -0.028887999343307026 4.9855115507576135
4.898777133951751 0.12055249127921595 0.007344620857117715 -0.029087051147635976 4.959723736037668
4.891048308491341 3.6789686790536167 0.009135722115320039 -0.02857513921981225 5.0218277086548575
6.6068974528468365 5.376791570772758 0.007889168275386141 -0.02894410171213888 4.978490602077318
0.4867479968066957 4.585170327815624 0.006735064426752607 -0.029234207825208667 4.938821092748967
6.3821719067251514 4.419266039524864 0.00777881122462376 -0.028973955476111084 4.9746798072209995
2.1206743412692073 3.848487183871461 0.009859898649465645 -0.02833341487753048 5.047276868634779
1.2151678843302784 1.6645370963231136 0.008990211889455115 -0.028621252421630675 5.016739628523645
1.469685615081484 6.130143571161435 0.008660415641133384 -0.028722764506969242 5.005237378422386
5.259655440968164 5.408706157371442 0.0076929092905568715 -0.02899688167109118 4.971716183598479
3.338751464557929 3.704437852363938 0.009848817933101496 -0.028337268487287518 5.0468858122520075
0.4013233704509923 5.175127509631983 0.008067735729501565 -0.028894837604647026 4.984665227299905
5.044570669627154 6.598741654825083 0.008108329279954833 -0.028883472718629715 4.986070375479109
4.472500772778608 4.423537008150586 0.009172547417706033 -0.028563339683411224 5.02311669282084
1.879068903187508 6.242038086791843 0.009766159539543342 -0.028365862014897176 5.043970335301216
5.163998843950534 1.4751118194759303 0.008006073865377116 -0.02891198335054386 4.982531851351572
1.11590944774212 6.938764512812112 0.010064856841420836 -0.028261257168811584 5.054519857719068
2.3883196810225202 3.678880572912069 0.009654162021877404 -0.028404174968749578 5.040024684450273
5.549827282290944 1.0837819472953163 0.006521237362145105 -0.029282647818572736 4.931512904003953
5.700217959694157 0.2591872085684318 0.006762140590005789 -0.02922795673051738 4.939747372558243
1.6591773657239701 5.287689768242467 0.009353971886193028 -0.028504441933711145 5.029474881352032
2.9411114259282085 3.4137325484365855 0.007681725440011731 -0.028999846452425856 4.971330511828075
0.6305450619515366 3.146250711229418 0.008336599313583907 -0.028818416193204514 4.993982381381413
2.847484480950644 6.401452696476425 0.007981659504537487 -0.028918732882919098 4.981687512530291
2.8876719995119853 3.445025088218868 0.007092318873580775 -0.029149597132644044 4.951059075124214
5.622443782555057 6.055577315532064 0.007472828165502227 -0.02905437728138183 4.964133916662712
2.746828541770084 0.0981114949958439 0.008304849782329806 -0.02882758175936609 4.992880846871771
1.6330605837088914 3.852412512547269 0.009903127059502945 -0.0283183345986896 5.048802978668345
6.270372945945312 6.1442447629334405 0.009182358776675911 -0.02856018710191519 5.023460206585677
2.517115686025335 4.443488971709778 0.011131943621128577 -0.02785820940433923 5.092544388949014
3.180923806154826 3.830851941723014 0.007454747495972893 -0.029059021658880496 4.96351166192368
5.638051318292001 5.149023480846244 0.0075294326892518595 -0.02903975969904065 4.96608263330707
2.400642789523941 1.1534695464030762 0.008891507461688777 -0.028652069647038286 5.013292846444964
0.909871038112761 5.635989994078109 0.008353796181701267 -0.02881343591720004 4.994579164825888
6.7105192358849814 6.228102297190198 0.00944504349134092 -0.02847439469851253 5.032671560434215
0.4521122203203525 5.3952795223674554 0.008426466934835066 -0.028792267277797545 4.9971022037110355
2.5548348549104416 6.268163931821275 0.009669454574238743 -0.028398972661642766 5.040563124752609
6.655939085597029 3.8843476587774335 0.007808779254934521 -0.02896589315984757 4.975714260307912
6.8783703268460235 0.8758706297610398 0.00886748939007263 -0.02865951206697262 5.012454688798925
4.016788198164053 6.040725369150361 0.007169980673762625 -0.029130591774591028 4.9537241918875505
1.7410500598079397 3.4680437192777576 0.008321359067905551 -0.028822820529278287 4.993453584770174
0.8685194656697371 1.511478557595138 0.007577496255094622 -0.029027255304351924 4.9677380845081816
1.1906781335602379 5.532471857734821 0.008704772390137254 -0.028709352790265128 5.006782045144482
4.861792000770517 5.8701295663584085 0.0073513849434718465 -0.029085342346496377 4.959956289175586
6.716035690359873 0.10972644823774097 0.00982939259957528 -0.028344012438668853 5.0462003890417915
3.529384061232639 1.6036959219262492 0.008050208071177647 -0.02889972577743163 4.984058676899284
5.18073627158323 3.535014502477869 0.007234239783834311 -0.02911470032045648 4.95593069070279
0.7558097194268122 2.355863277514054 0.008110036702732781 -0.02888299334695639 4.9861294901487
1.0478645535138889 4.564055590049998 0.009198837626842685 -0.028554883755935397 5.024037246917134
0.6057254644613468 4.977133792180786 0.008530346029443997 -0.02876166192378231 5.000712000062011
5.652663781705079 4.723366647645333 0.006048724755926468 -0.029383888933002762 4.915404832335345
5.360184694287562 5.725146507194602 0.007820293358810784 -0.028962786671557345 4.976111787189525
5.513882761669309 2.446101446282643 0.008392570345268585 -0.028802165942854337 4.995925125172111
5.952666892645232 4.69565406601747 0.008275859665546354 -0.028835917651362907 4.991875354154983
4.596907540582116 4.2892659458948055 0.007581341248143076 -0.029026251306002372 4.967870548273675
4.785711761592491 0.9549480512581549 0.009432232529861369 -0.028478640934964314 5.032221682350597
6.819872089976557 5.235633216260249 0.008063185760351371 -0.028896107616668144 4.984507764253631
4.429193300714991 4.6727278636301435 0.007938598786410038 -0.028930583286695222 4.980198792765712
5.492562879946338 6.638030206947178 0.007882680242456997 -0.02894586934599094 4.978266451579973
4.36384463619728 6.48232330367433 0.006821661555973874 -0.029214122160622042 4.941784293438465
5.09236886476923 5.308536047401523 0.008138050955792531 -0.02887511258230735 4.987099544495609
6.472424704036718 2.8567906402213006 0.007351584633501816 -0.029085291873668036 4.959963154840114
1.5576168444990424 6.728649436358584 0.010028256969677527 -0.02827426501520621 5.053225101246803
4.943656935856558 0.13858787316727916 0.006923628124249432 -0.029190124590297697 4.945276041739227
3.5067152635485037 0.9210019455405425 0.007014144198321446 -0.029168506666697104 4.948378102206982
6.130632508343991 5.774935205759286 0.009137049238917021 -0.028574714892813994 5.021874152293861
6.69756578626031 3.8283486350166194 0.008815139071408547 -0.028675657327282427 5.010628573879602
5.49773015193603 5.666247384633852 0.00783231342207225 -0.028959538436557082 4.976526827955463
6.30955034941164 2.122358735136753 0.0071055263837552654 -0.029146380475279562 4.9515121942068845
5.489281560761709 6.157745486535077 0.007468815070039386 -0.02905540915990605 4.963995795506115
4.54055721330945 2.768087362433063 0.006936863534950687 -0.02918698210328487 4.945729486975694
5.183715566656791 4.9753682601542115 0.006850960168289868 -0.029207265273772307 4.9427873031630325
5.62842900450374 3.0171485191534226 0.006625929470505713 -0.029259136327852944 4.9350895629077085
3.127458151359857 6.080542649072118 0.0090445430002739 -0.028604129805260572 5.018638474538464
1.1305443844963126 5.778657527138314 0.0085139312865698 -0.028766525234160067 5.000141332247166
6.180384714989388 0.7640670207895375 0.008493853380742612 -0.028772460005123776 4.999443443505166
0.6533592764958409 6.128073431028929 0.008142809840469958 -0.02887377093318338 4.9872643575405355
4.113849736043974 6.697368615987845 0.008983060841165891 -0.02862349765356973 5.016489787333225
3.7803121193395133 0.5504528700692359 0.007786387372404855 -0.02897192040039552 4.9749412977109895
6.486091398787317 2.3900245020461783 0.007688813647886293 -0.028997967940669177 4.971574941998883
1.548371989232613 6.482997058438977 0.007461118097360662 -0.029057386612309735 4.963730897817699
0.9016172301560037 0.7896931101765108 0.009508830985224868 -0.02845315682476072 5.034912565553229
1.2564004595880731 5.503612982507917 0.008917402548826107 -0.02864402087316286 5.014196750538213
5.2880046694221745 0.700958365180141 0.007713337372385643 -0.028991454371586102 4.972420741872705
5.805151361805398 0.05048478467645872 0.007097839623924594 -0.029148253338288486 4.951248473199194
5.251710802203179 5.145300961736823 0.006192983500958549 -0.02935382352193416 4.920316785796079
6.145431725688909 1.0976446544443663 0.006835590881873895 -0.02921086608260088 4.942261121112887
1.8144338479955433 3.976118025504197 0.008670678990202962 -0.0287196679272037 5.0055947222368955
4.250967103088962 1.9158839754927515 0.007002876673276019 -0.029171213863994183 4.947991829362243
2.8043749692929487 4.554784141159403 0.009823307077655963 -0.02834612209911744 5.045985694829278
5.632802584481504 0.9715440066484429 0.0093549972073379 -0.028504105445544155 5.029510852138586
0.9130625682269936 4.133640108469099 0.006618858295137813 -0.02926073674514853 4.934847895420677
1.4521359512388254 3.4316725199872984 0.008292719384019424 -0.028831073605017007 4.992460080967511
6.046542486459633 4.84574933263252 0.008560150452985223 -0.028752805501763765 5.00174841480103
4.068933946413355 4.443074524407039 0.008437895334980482 -0.028788920131118403 4.997499152801863
4.643952695717851 3.642675709946309 0.006987300878252852 -0.029174948610696246 4.947457919538785
6.013917500906679 5.358200465978275 0.006686537155658566 -0.02924534528546376 4.937161461052956