300

6.315562455665683 6.566704998925863 0.005927757804936052 -0.02940853086106172 4.911289785507421
4.025993940478747 3.0316425257675834 0.007127270414910306 -0.029141070955487278 4.952258290651749
2.668894682312141 6.184874335616851 0.007336375938792367 -0.029089131786368398 4.959440289518685
3.9956710125653254 5.830789100482732 0.006697730981456227 -0.02924278372009138 4.9375442336207005
0.8895422858203432 1.7324795241895408 0.0068414565069085005 -0.029209492855304407 4.942461928677973
6.546569325731351 5.5379750676235915 0.007706318637103398 -0.028993320835382634 4.972178652971854
0.56971431791835 6.546874379664913 0.0055246725971862054 -0.02948691222718818 4.897601836386327
0.32038908110007386 6.731920699995011 0.006741546243823563 -0.029232713768009778 4.939042818705039
3.9317412970760413 2.5573505810967228 0.005248577252280646 -0.02953730584916035 4.888246580519272
1.094378271089117 0.7777389290583471 0.007997995668457162 -0.028914219084861005 4.982252455626894
0.8253007469544643 6.188895633613572 0.005648859126946676 -0.02946337371320384 4.901815093169426
1.812609158583356 2.669380164276822 0.004916910640731257 -0.029594323606919343 4.8770287894133
3.678257093659467 3.9117756332045603 0.007041491972283338 -0.02916191678892643 4.949315786877792
6.740944138913153 0.9947830147731994 0.006327533180966204 -0.029325114217062676 4.9249027394408715
4.3707970314538 1.5683153242607772 0.009416089929296273 -0.028483982348741287 5.03165490367355
4.294648064961163 1.2446994864131542 0.009579921044385991 -0.028429300251383786 5.037412106740541
0.9506165191872112 5.756893664665797 0.007467145671316486 -0.02905583823473932 4.963938340235499
2.4903453642225886 5.5464967709838096 0.006808452792905312 -0.029217203332399556 4.941332181057576
1.7888128661544875 0.19625278058334114 0.007051638333114899 -0.029159464961122736 4.949663733391565
6.7296821939640745 6.369302445795079 0.006981873398225978 -0.029176247939910718 4.947271891476566
1.1697668746819658 3.596814898741878 0.006267718354229612 -0.029337956756257808 4.922863473339889
1.488747609650283 3.6158637629258976 0.0074495901656825144 -0.029060344223070834 4.963334188195308
3.4548038669199634 0.9182080802131627 0.008346905318943366 -0.028815432871928105 4.994340018617752
3.1028939896693926 3.762243496649067 0.0070574397091918255 -0.02915806140248563 4.949862691626578
1.138604490759358 3.3457577904503326 0.006543378318468988 -0.029277708246742775 4.932269079572427
5.7524852362495755 6.0326488933972096 0.0063592570002830645 -0.02931825114846298 4.925984662895454
4.4422762609373345 1.394216759355826 0.007371833003309902 -0.02908016640549553 4.96065938829513
6.008759672176892 5.829579687065903 0.007428039989592319 -0.02906586007523289 4.96259269215706
0.278676383689745 0.4498378492018467 0.006353163880140987 -0.02931957210997582 4.925776840715791
0.48403084677166336 0.2892163725388974 0.007943120666469385 -0.028929342095490296 4.98035509715153
3.6234058496002515 5.633793989764489 0.007785215271989456 -0.02897223538439487 4.974900841502788
5.5021775409659694 1.6909917940147279 0.007017231493145376 -0.029167764092772153 4.948483946985226
0.5958514526309729 6.253436903287791 0.00793075548738523 -0.028932734357459355 4.979927695314128
1.2155338448144308 0.6128834049972396 0.00784323043854672 -0.02895658364323827 4.97690382199281
3.565846701247965 0.8736729146077389 0.007871277984973215 -0.028948972052272877 4.9778725561288075
1.0700067785358496 6.182509026762463 0.007572431103569336 -0.02902857707814311 4.967563592082371
2.602619530981121 6.3476158975810595 0.007322329132072776 -0.029092670831011688 4.95895743041791
4.232941361603943 5.480296147758856 0.006376371443576033 -0.029314533719872606 4.92656844696252
0.32931021064202587 3.086358828495137 0.005463368074813927 -0.029498332313524167 4.8955231978801645
0.8626052547004266 1.9406237170999732 0.0051203283263826895 -0.02955980781111479 4.883906310187077
5.675321166891298 4.434914596733843 0.004904366656293416 -0.029596404979332157 4.87660493978179
3.6163102624009316 1.78686492220156 0.0063920981708962986 -0.029311108491041824 4.927104960554523
1.1144529250480677 5.669863334564403 0.006448135517670222 -0.02929883185974758 4.929017173034632
6.294690386178109 2.395027683494494 0.007966163952571447 -0.028923005235983883 4.981151721176183
2.1469881102470483 6.00337926449258 0.007601971568680819 -0.02902085505750939 4.968581361299906
2.6901410569166617 3.5605255611747784 0.0054487260447817105 -0.029501040396720205 4.895026852612105
1.6522801700830119 5.8127568266759635 0.006971538333104347 -0.029178719184879527 4.946917677755857
3.265968333142529 4.6277391184311485 0.005086011973999078 -0.02956573155192237 4.8827455140607325
3.6341512222291126 0.49663385714811303 0.009591053415177239 -0.02842554650991282 5.03780371348238
0.8610958286921068 3.2078887688561903 0.007916319632560433 -0.028936687500042885 4.9794287840044245
3.482174600596466 1.584290443547962 0.008432354941552533 -0.028790543415150652 4.997306709417725
6.584802837245703 3.5811103977734207 0.006111657424757427 -0.029370863853867276 4.917547046940257
3.315324988156876 5.1557723118659435 0.007869188827662646 -0.028949540016977634 4.977800389945775
2.474922368793788 1.2937337162606044 0.0075939658158912324 -0.02902295097310188 4.96830550920521
1.0483612031771412 2.190172910410597 0.004941875555431495 -0.02959016502141596 4.8778724196886705
4.038646499601224 6.066800236823424 0.00735907078806923 -0.029083398651742646 4.9602205494783105
6.07678313585601 5.99778223053949 0.006919276195609089 -0.029191156484950666 4.94512695530083
0.704700069671938 2.482156829431891 0.005465867445588205 -0.029497869297073966 4.8956079277680065
6.304179300594137 1.3052697871301189 0.008439010193234127 -0.028788593348034398 4.997537878275963
2.425764165193367 2.1610470971385225 0.006859198528894675 -0.02920533162868056 4.9430693779546715
0.2987888084603167 4.906484489262942 0.006115347469453921 -0.029370095766405722 4.917672684815957
2.8738997138421967 4.523372225443136 0.007392468838224253 -0.029074927419958995 4.961369071065489
1.876771403245748 5.758146919751295 0.006540938201347066 -0.029278253490366505 4.932185736491787
0.9858742192400699 6.277701271324264 0.007646757207136155 -0.02900908658015814 4.970124896526708
1.0313871678469744 2.2949607550931086 0.00773341776961233 -0.028986104422647832 4.973113437351486
0.585757083132969 3.013347988392784 0.00617603575690256 -0.02935739399758536 4.919739460225215
2.8138137459282166 0.34699669982294634 0.00853332421233771 -0.028760778464553615 5.000815548620485
4.317522213109461 3.1904302063274086 0.0050162965321893255 -0.029577639681035155 4.880388008627157
5.966075015773869 1.1428163110879184 0.00914805940719278 -0.02857119194367767 5.022259487613537
1.0826354913066285 0.8848899854343993 0.008152011096412922 -0.028871174466653767 4.987583043645489
3.4903399026216686 5.006694352095254 0.00796080138040418 -0.028924481695991627 4.9809663173691625
4.439511388153648 5.711889076142054 0.007876653342292973 -0.028947509946890854 4.978058244692903
4.936662597290722 2.1222106914377887 0.006305957281639822 -0.029329761382632036 4.924167049589597
6.978408008108343 0.26423892393656867 0.005131308094907834 -0.029557903803130784 4.8842777646327615
4.989648226642635 6.934988215406309 0.008546175027309061 -0.028756962503063477 5.001262395612086
0.4973720788519494 0.005140712728978241 0.00805008064447136 -0.0288997612726733 4.984054267631563
1.6172782911256238 5.97620921365845 0.006645566353787437 -0.029254682494216346 4.93576075077204
4.413250026519033 1.351986847530564 0.009338598828542556 -0.028509482140500968 5.028935607568389
3.127993885622627 0.8613165097574513 0.008265153114323704 -0.028838988262364286 4.991504081729652
1.2035047329242692 3.834094058331007 0.006915476205237392 -0.029192056947991783 4.944996781227054
0.1024999835427055 1.4022958013031324 0.007114401609634497 -0.029144215373497876 4.9518167107650495
0.486117163686694 1.9875399932214857 0.0077114270293957956 -0.028991962561549775 4.972354849136809
3.820375082040612 3.3908992794422503 0.0063097679615072635 -0.029328941819846424 4.924296976766778
0.6516880975043999 6.3488016606405315 0.006172043002935408 -0.029358233686138477 4.919603457116043
4.71924213272574 5.165446261229976 0.007606606207533742 -0.02901964062498895 4.968741064927126
2.7853820200624386 2.599307870550518 0.006308319981514581 -0.029329253297873507 4.924247606683382
1.709892485709251 5.300390489879143 0.008222932629278562 -0.028851055075583387 4.990040381060891
4.611556661089217 2.0277740384558314 0.007478635164029869 -0.02905288309416702 4.964333788364485
3.9823677190715596 4.994919677905837 0.005938541461229673 -0.029406355185797102 4.911656483698903
0.6980774644166724 0.06945215318056082 0.006984110343446889 -0.029175712548463285 4.947348562258528
1.1349094491483969 6.915238474740952 0.006905546203048383 -0.02919440754044452 4.944656633825417
4.433045169409655 0.9564758728149564 0.008748667130267973 -0.028696007099312068 5.008311335498565
2.5200836300980862 4.121759920149797 0.0077000160686238744 -0.02899499530165394 4.97196127923609
0.12542312314831924 3.509701863323658 0.0073207213717445 -0.02909307544068319 4.95890216738767
1.0513805845045736 3.2439828049026125 0.006514420166832633 -0.02928416517317788 4.931280103380752
3.9923501445957967 6.524073547770761 0.007794098667233583 -0.02896984684055868 4.97520747166979
6.527256902246191 5.568705732041572 0.0064086395065688475 -0.029307496305123797 4.9276693320639104
3.524754866442375 1.4543586186973085 0.007467996028237562 -0.029055619685737697 4.963967606647027
6.860490208331237 2.1398445074588714 0.0063059255747056385 -0.02932976819966829 4.924165968539871
3.2917850230796417 5.666192881776873 0.008230478745065764 -0.028848903265583956 4.990301945053695
5.45438116915579 5.561838862903685 0.007359543397534317 -0.029083279061684376 4.960236799657405
5.15551900130647 6.632011270805351 0.007673763049555755 -0.029001954428266946 4.971055955166555
5.43248203996869 2.8889208387292737 0.0061218047118647735 -0.029368750519383525 4.9178925475743585
5.0404066633087945 2.5202562263065738 0.006650730385600667 -0.029253508940604852 4.935937274150158
6.446132493196709 0.04340148527068803 0.007309597577607075 -0.029095872271740552 4.958519833819554
0.04078744901764879 2.3661183233273917 0.007557983996767389 -0.02903234192938296 4.967065938695179
1.19964085588688 2.2679897359870345 0.007049131114248631 -0.029160071168193875 4.9495777512651244
0.6048798327027468 1.4187309185146029 0.007327715093310844 -0.029091314709226608 4.959142565938369
3.6686710982591415 0.31079553598390647 0.008861312061741664 -0.0286614226538815 5.012239153991716
0.466412547539362 5.382895729177353 0.006562109102793276 -0.029273515745858705 4.932908888013928
6.786599718326482 5.938528319837233 0.006949978144181093 -0.02918386204386604 4.946178841758937
4.59039683374855 4.616749955784019 0.00856359545085422 -0.02875177964846887 5.0018682312593485
5.832232122995242 1.1611359824407592 0.0077076179894463755 -0.028992975441109223 4.972223468813741
2.926584527961197 6.05730714054606 0.008000743095164775 -0.028913458975452472 4.98234747679315
5.969033453712864 6.348339047116831 0.005426000455203321 -0.029505228673239143 4.894256575527553
6.877036999461508 1.3145879500480526 0.008390877734144864 -0.028802659093400244 4.995866358875288
4.0199141822751665 3.1352599056228514 0.004824560939994441 -0.029609518937940883 4.873909072115683
5.0086471901521366 1.1931348415152523 0.008141443612417103 -0.028874156193832448 4.9872170405849126
5.569886279514038 6.189244950723971 0.0072093715914232255 -0.029120868140506725 4.9550766356448
4.782702321915961 0.7832263466075299 0.009224587736768052 -0.02854657564554229 5.024939154099535
2.9800836627766403 5.789307973393427 0.007225405559899018 -0.029116893970596868 4.955627273838626
5.008813657817024 0.9373801166768264 0.009312123023907527 -0.028518140977062498 5.028007082012335
0.5738580411628184 5.324195485594277 0.005685828102422017 -0.029456261792523978 4.903069987919082
4.547170741064576 1.374906344805533 0.008376018504244477 -0.028806983771588343 4.99535049976449
0.27071811529857004 5.615777475422669 0.008164899951711942 -0.028867532086732563 4.988029498228707
4.891178952896515 2.630518350413202 0.005665319449108517 -0.029460213093926404 4.90237379377221
0.6823247674599139 5.847475838480445 0.005890261748151821 -0.029416063919876487 4.910014942838447
6.648816402005907 0.6039423979921877 0.00805833762886126 -0.028897460003593372 4.984339990168093
0.7120208707113955 1.2488519180822677 0.007913395862505961 -0.028937487208174684 4.979327745153617
1.4696612033343088 6.4444481635366095 0.006579275246148173 -0.02926966240385122 4.93349533184583
6.832965127108418 1.1587688777836294 0.00567197153804608 -0.02945893309119655 4.902599597754108
0.2969416613465386 4.333688057141974 0.005425533002914312 -0.02950531463371112 4.894240732518395
0.4967683167981999 4.717867726625391 0.006918363348772582 -0.029191372844975277 4.945095684067914
0.09875518655196776 1.5007923738777258 0.005635304844248711 -0.029465969173139154 4.90135507505977
0.024138788100967395 0.1401190413158284 0.004840931554003952 -0.029606846871787086 4.8744619805344485
0.8820188990581677 2.7117545987984313 0.0075297079612110344 -0.029039688325098723 4.966092112459112
2.5984493951415897 4.292785485549529 0.007621580510830589 -0.029015711442543113 4.969257105665437
4.094590491483562 1.5581714449496917 0.0069041632752700225 -0.0291947346189071 4.94460926447807
0.5928869061351133 1.092844878043868 0.006538974450499242 -0.02927869213499329 4.932118665000058
6.658819381405745 4.626494310492113 0.007883302190127974 -0.028945699966992047 4.978287938220544
1.0864147252136154 1.0892045204824161 0.008451725717956321 -0.028784862903763076 4.997979593098844
3.3281751699515807 5.794968404489366 0.008514666939185175 -0.028766307495310322 5.0001669055617555
4.494152588779948 6.488453094963798 0.009064370164348596 -0.028597852953039446 5.019331707965859
0.6391989027801531 4.380751395127341 0.00690273245137851 -0.029195072952549476 4.944560255106376
6.237568607387592 6.561298281617953 0.007864896345595354 -0.028950706476233715 4.977652118312426
6.319538833949052 6.949793920615484 0.005545069408937054 -0.029483083374200712 4.898293605504824
3.7361290621761394 0.26146317912612077 0.008976316302339775 -0.028625613454393413 5.016254166599055
3.9438037760695677 4.946614271502646 0.006927578796293174 -0.029189187244956807 4.9454113866726805
1.1009784458229532 2.2088576241976168 0.007094190675367052 -0.029149141645364706 4.951123289267603
0.9312244053671304 2.6899279485299554 0.005550556941714125 -0.02948205077054154 4.898479733556284
0.6885006732219385 6.325479577104998 0.006135133388662698 -0.029365969050983418 4.91834640780104
4.078271831941313 6.095559389190398 0.00679890733061932 -0.02921942605715675 4.941005486574995
6.70750937890822 2.479867480504465 0.005931658278464945 -0.029407744389318917 4.911422417963543
5.632211293191219 3.5079898310773503 0.006100671602254207 -0.02937314770332674 4.917173023373125
1.73912193143245 2.2525154928868534 0.00540595271009012 -0.029508908405704696 4.893577153770858
6.420645554461269 5.29421904938684 0.006979720045717588 -0.029176763152951153 4.947198087144379
3.6252825736884167 5.024160214240512 0.00830996146421535 -0.028826108659742052 4.993058170537784
4.531158834225933 3.7165492319612237 0.006527037662136278 -0.02928135549043204 4.931710988139069
6.136039431817583 6.2947069850976884 0.006625393335738166 -0.029259257734036183 4.935071239275418
3.771343214299418 4.299786582611755 0.006627092985870023 -0.029258872817602394 4.935129328968829
6.995558376714207 6.2902226028559385 0.005319056898185002 -0.029524695319577313 4.8906332118915685
0.5102935956744815 3.030837945899924 0.005937333910714221 -0.029406599021863832 4.911615419598942
5.957679037875865 5.7632527530009705 0.007669991263236229 -0.02900295216045911 4.97092590457132
0.041832637846455176 5.970511840429156 0.0061060790088878734 -0.02937202408989239 4.917357120430069
4.858147481629145 5.309850292366195 0.006157361311063478 -0.02936131641607744 4.919103395670053
5.780936192408733 4.246261884818765 0.006100871662963123 -0.02937310615090024 4.917179834384748
4.088049291508707 0.26444107905427366 0.007901967494508647 -0.028940610043945665 4.978932833489572
3.284220446576265 1.4405436453509926 0.007997460233453227 -0.028914367186821402 4.982233937622619
0.6096923655740152 6.362996918225512 0.005862345798311157 -0.029421640024665918 4.909066029271994
1.046913267253113 6.128614938991749 0.0074335808651925656 -0.02906444349236095 4.9627833285461165
5.959677342005838 5.520722968325785 0.008129814252988404 -0.028877432715044227 4.986814303292616
3.5863207346713004 6.119959053135358 0.007325539501748032 -0.02909186262528285 4.959067781725424
3.3721851728021344 2.057596057227274 0.007726998786897752 -0.028987816229362303 4.972891993549991
6.399143675246824 4.996805371345697 0.0061016329856521945 -0.029372948011876523 4.917205753493695
4.69393249120021 4.7992190824575705 0.0064225913780002275 -0.02930444198395931 4.928145408152677
3.8368320287569277 1.0200373620966916 0.00695135046955741 -0.029183535197939675 4.946225865455073
2.866457237149026 3.9794630219349756 0.00530584802368026 -0.029527071929834295 4.8901858459650365
5.9043793572773495 5.514043013827844 0.006452746599777708 -0.029297816664711675 4.9291745568514225
3.6232816303964244 3.3056728637424926 0.007127360035586362 -0.029141049036078406 4.952261366060676
4.80315018072605 0.8056378595099501 0.008712307751518279 -0.028707066963429655 5.007044526203736
6.317021142709671 0.08783956209523415 0.006408402825322733 -0.02930754805896248 4.927661256278975
3.4155238025742847 3.791396792676074 0.006953372504371412 -0.029183053486834643 4.946295152862775
0.42356121883882253 5.635470280391175 0.006611995433828873 -0.029262288297107353 4.934613359995602
5.25459708781721 3.9928532618072086 0.00532674001815391 -0.02952331012571249 4.890893444895804
3.247990104480205 0.26566315480973096 0.006875373038879851 -0.029201528137689024 4.943623234458391
3.5478328382075817 5.38812420988765 0.00815464256839585 -0.028870431319634043 4.987674190122808
0.23482979338940424 0.10567566871934926 0.005383830734959768 -0.0295129525228721 4.892827534096168
6.02615480013316 6.2355319690458355 0.007046308985907109 -0.02916075324258831 4.949480971825951
1.021624238526887 5.47779537665837 0.00807980128099587 -0.028891466062829305 4.98508281937807
6.7684377204554815 4.559027937756266 0.006384297516773271 -0.02931280855218965 4.926838835243543
2.4125238415915753 5.8769983754191255 0.007532074299286082 -0.029039074653818327 4.966173599665532
0.8098734630668902 3.5403460084726346 0.007610283247494342 -0.029018676553090886 4.968867775698026
6.864285886369612 6.312350482841149 0.007268977118566344 -0.02910604699456384 4.957123988013867
4.527941891018753 6.905350346330572 0.007580299506795384 -0.029026523377546916 4.967834658814359
3.3793679326101693 1.9296277318555477 0.0070724382446289815 -0.029154427061355695 4.950377110938856
0.2241845824793054 5.114770180962378 0.006555122659126857 -0.02927508098919287 4.932670233493654
3.464231090558182 6.508405166176708 0.006578760610430349 -0.029269778079627627 4.933477749316391
1.4386122392686753 5.280694895162171 0.006012775596482827 -0.02939126621338966 4.914181555089331
0.8250389668549887 4.298243945448123 0.0073900568830192435 -0.0290755405670426 4.961286115406244
6.917361585646877 3.3180399317048592 0.006106038536759663 -0.029372032503516093 4.917355742516095
1.5805693511957133 5.623409750435727 0.008066634603699564 -0.02889514502767544 4.984627119456583
4.9270802910087825 0.30811039294230214 0.007008586501266471 -0.029169842564783673 4.948187568977593
4.10371866603078 6.667079739178264 0.006681344969918529 -0.02924653192077557 4.936983925778851
1.1961119453471456 0.9541074131776297 0.006758090889150459 -0.02922889336827485 4.939608819049389
6.804909208707358 6.871842536334492 0.005188989836674217 -0.029547832145098082 4.886229579377272
6.811895171203786 3.4340473951254826 0.005705270244751715 -0.029452502294955357 4.903730064290568
1.4637880213048335 5.115994258981345 0.008138610360760776 -0.02887495491590796 4.987118917805199
2.3174634260463507 4.319128520932102 0.007429605267755011 -0.02906546000952586 4.962646545335003
1.2375189711912786 4.158192062139992 0.00785989901521801 -0.028952063613334626 4.977479507214297
3.8709491911894456 3.5631944574388688 0.006141037830733681 -0.029364734876404005 4.918547476123272
3.129509892481478 1.4207251592201817 0.00731054938359287 -0.02909563313815408 4.958552546703642
3.288562818494655 5.859714625034424 0.008582441112754115 -0.028746159822593834 5.002523756010267
0.12460074775676305 5.149242613986495 0.006519155550068979 -0.029283111359860736 4.931441810856542
5.025400816115158 3.402661109817482 0.006008166421418142 -0.0293922087678443 4.914024736355607
2.2566817172036058 4.914400652381226 0.008392185155745198 -0.02880227817919426 4.995911751567721
6.922246968641963 6.34260430602823 0.007485964859972179 -0.029050995337772192 4.964586084634588
6.343736397949342 4.165378230419365 0.007253823264480164 -0.029109827344862185 4.956603379024795
3.6906576872910066 5.969568099715135 0.007809782409641203 -0.028965622705442718 4.9757488927421445
0.16932516810647555 1.2542173274307666 0.006164466903432394 -0.029359825404734384 4.919345407051777
2.915009288599438 6.6646101875929356 0.0064280051471602775 -0.029303254935724818 4.928330154164863
4.096951916675549 3.383650542546504 0.00656069117094758 -0.029273833561039634 4.932860450916015
0.5923000248151268 0.8739671813514265 0.006239745460218178 -0.02934391890309961 4.92191009918208
0.6437509786513179 0.020536620202469952 0.007203035023834427 -0.029122436135141826 4.954859046081755
3.472524839763422 5.016299161093833 0.007449849229470067 -0.029060277811097473 4.963343102889558
4.611174756591358 3.1090964084171255 0.005492490582477926 -0.029492923680120138 4.896510547778301
2.4834816726091096 2.8877716583126456 0.004552066517585479 -0.02965263378554217 4.864712899196268
4.695877413199096 6.137652291937107 0.008150856163255036 -0.02887150054648922 4.987543040886439
4.557486478163145 3.140037736096988 0.006622573558777972 -0.029259896094459645 4.934974868197795
0.4683540923166778 5.790978257608654 0.005426122404045371 -0.02950520624663242 4.894260708655608
4.6141769723785035 6.83918904660148 0.008427712359901722 -0.028791902757177402 4.997145459524767
3.434202257787876 3.5799974434657127 0.00612935628636567 -0.02936717540920116 4.918149684048839
1.132600194910257 5.884876642298736 0.0067736493795313366 -0.029225291685168426 4.9401411501390875
4.249047514206742 4.153199079298942 0.007035779841533439 -0.029163295458872127 4.9491199151265715
4.886407200139063 3.533933919554395 0.006396500985171487 -0.029310147989164096 4.92725517276529
0.4724208721778475 4.88260848681652 0.007201718897514733 -0.029122761629371264 4.954813853469489
4.356396297824105 0.9192105021587956 0.008583809844775324 -0.02874575113905946 5.002571370778956
2.750386624884767 5.370900686446033 0.006980086081020205 -0.029176675586871578 4.947210632602214
1.5725389682003628 5.967669529286225 0.006952560307725547 -0.029183246994935966 4.946267321849361
2.2866967920466985 5.128783483669032 0.0070395531101265325 -0.02916238488206525 4.949249301310008
4.408611636027946 6.006549126522555 0.008670288221897651 -0.028719785900128553 5.005581115968755
1.542584632624824 3.634387478896431 0.008006680136849543 -0.028911815459880395 4.9825528209690955
1.8888064410331027 0.6603722078006216 0.007755969120552792 -0.028980078381554312 4.9738915237705585
5.917574613706447 5.790178747055058 0.006275448720064413 -0.02933630418716444 4.923126974427615
3.5212800359025187 3.190739767283467 0.006089051284327104 -0.02937555879395036 4.916777429377328
2.761347030875937 1.2602542918705353 0.005920927477072634 -0.029409906797051334 4.911057534257484
3.0021837309749677 5.260371832589857 0.006476711894855796 -0.029292528109247134 4.929992619753563
6.702228441861113 5.603981475196447 0.006398701170752007 -0.029309667745087403 4.927330239039447
1.6635647827814444 6.875623576816463 0.006770013257175957 -0.029226134203785177 4.940016734958606
5.562776590292367 1.3912507095783124 0.007838291692543808 -0.028957920908494084 4.976733269001667
0.1237296605394405 3.2962113165250404 0.006145373593230799 -0.02936382780564587 4.918695130426093
2.694180157603288 2.1181521202906706 0.006207231781553369 -0.029350813849194603 4.9208022084459095
2.855102331916197 4.293113223774106 0.005402265396487295 -0.029509583673544358 4.893452199253447
2.4368682740174537 4.710906295526114 0.007216818585321241 -0.029119023498506296 4.955332370799789
0.49210212115896723 4.457720356723554 0.006752414794129539 -0.029230205172869048 4.93941462874729
0.2117877346952102 5.462738696157525 0.0053028288405254555 -0.029527614300652386 4.890083595547843
0.4493664291013805 2.206056551042832 0.006195703826280914 -0.0293532494640203 4.920409460330237
0.766096046547661 4.424452663316683 0.007556925930554638 -0.0290326173549701 4.967029494470447
6.480421042434282 4.034300722077688 0.0069669238396456385 -0.02917982131906529 4.946759534889046
6.7565271900030215 0.7245571050088028 0.0069078253236788826 -0.02919386835103462 4.944734701574277
1.6580330505646717 4.970213389978355 0.006121209778740627 -0.029368874524650243 4.917872290264885
6.298781651977163 4.413341416216873 0.00550203813359807 -0.02949114403302172 4.896834280996674
0.36834319023387485 6.380999781154738 0.005776851413087095 -0.029438545951712927 4.906161032501022
6.225366976207159 6.2213322162218105 0.007672915172778926 -0.02900217875869568 4.971026720119665
6.938129131060324 5.044234869519244 0.008268217104658892 -0.028838109957315616 4.991610328070986
1.3368202889504603 2.60047750697584 0.0070884804131582475 -0.029150530791604325 4.95092739581051
3.358281311143755 6.453392875848357 0.008717073517371809 -0.02870562016910164 5.007210544067752
6.853589463575695 6.891640686754055 0.005444310401972187 -0.029501855606842382 4.894877177152073
5.462119778024042 0.6872350985780107 0.007849059681583791 -0.028955004094541856 4.977105137247498
1.0069653183095568 5.519304225878608 0.006719512867480607 -0.0292377862845969 4.938289160868002
1.5857333339641766 3.5771389067525203 0.005961010546512838 -0.029401808673351418 4.912420632167936
0.3528539183704951 5.404524268812417 0.0054076668612489985 -0.029508594326361083 4.893635243357134
1.2242355227896424 1.879862593778488 0.006746407881662397 -0.02923159216830728 4.939209130020969
0.3461899602304698 5.895682558944492 0.006116894892230671 -0.029369773524448604 4.917725372123406
6.511679951678056 2.5384451076009436 0.006867410031829737 -0.029203401847297247 4.943350551758392
0.040096144679814504 4.714514566847025 0.00549343440870816 -0.029492747894986338 4.896542549659603
0.4949469931630068 2.758860758021556 0.006114505461292562 -0.029370271074060983 4.917644016007552
5.004634633446647 5.824978960398124 0.00635948205344299 -0.029318202332543113 4.925992339115504
2.9376356352232733 5.504381890370408 0.0077020332766319245 -0.028994459529462772 4.97203085078192
1.2040878498949215 0.5489704992393695 0.006783305609193503 -0.02922305194554949 4.940471569411029
2.4986887340735717 5.8639308733879965 0.008566847510957376 -0.028750810835939975 5.001981341297428
6.016240206424817 6.446757906799967 0.006375807810282681 -0.029314656313290426 4.926549219908794
5.617129705705322 0.28478547812187016 0.006119584326283295 -0.02936921326276051 4.917816944491192
1.3884627286442572 2.144039485323242 0.005926977343997972 -0.02940868816461786 4.911263246988567
3.349768137656108 6.207084939217812 0.007571524786529447 -0.029028813486034356 4.967532370664013
2.797588944769145 0.5402678985780851 0.009234638134629889 -0.02854332598914218 5.025291244310596
3.058790524417277 5.228589641124089 0.00718644499466574 -0.029126534437496056 4.954289421295016
0.2823460904150277 0.47602008615682834 0.005748794319761188 -0.029444037832285868 4.905208048124337
0.6960850756460557 6.79856376133236 0.007442332653216191 -0.029062203713395032 4.963084456802371
0.09871376737029301 4.881243806779464 0.007183294740962411 -0.029127311524829433 4.954181265218857
1.2152417015787071 0.8959287852084319 0.006562109164863248 -0.029273515731944765 4.932908890134273
3.613309406285499 3.7023998595977146 0.006575025753525307 -0.02927061728663198 4.933350150010762
6.265268709816969 1.6974585334062042 0.008196238212464096 -0.028858649988600354 4.9891152536536065
4.550249567708571 4.268635187359345 0.008197633789045861 -0.028858253589929755 4.989163613024778
0.6770443996912656 0.7622321957729109 0.006784140072841341 -0.02922285823584114 4.94050012448512
2.7068260243697644 3.859795612734002 0.006999629992008435 -0.029171993075122173 4.947880533414195
3.238655881391136 3.155663162475722 0.005978601737242718 -0.029398236703371147 4.913018971509083
0.8743217333746001 4.578270094755175 0.006606842614491842 -0.029263452131751896 4.934437272712094
5.9406760757943395 4.184732806742283 0.007358194903547573 -0.02908362026573388 4.960190433287456
6.562045498313371 3.3982179293009787 0.006891096901428469 -0.02919782155392972 4.9441617288851845
0.8423941168041248 5.091258251689731 0.0060558840875052705 -0.029382414262934562 4.9156484866458605