300

0.23507867114744072 2.9960502455232008 0.0066950231611123965 -0.029243403783967566 4.937451636703122
4.888695396622458 6.446052248065716 0.008227939189874115 -0.02884962766982849 4.990213916636027
3.572177698178673 2.60900973792102 0.0069195075072902654 -0.029191101655411254 4.945134879341062
4.914989609996773 2.259054381224062 0.00649384853421557 -0.029288733861583472 4.930577675052627
1.8342661993799056 5.167421039688016 0.008221071475482393 -0.028851585464147542 4.989975872616282
0.42769000439612964 1.9574613874435747 0.0059533030489054995 -0.02940337026274186 4.912158495475126
1.4906242088540722 2.9761343351472913 0.007703404720489273 -0.028994095186991843 4.9720781512833305
1.2332587543176743 3.1588692894414554 0.0070868801744769965 -0.02915091987215163 4.950872500480715
4.814622920698627 5.977164523031039 0.00706058058302439 -0.029157301003875837 4.94997041191502
2.022190911869678 4.208060077856737 0.0066417941989094 -0.029255539130553267 4.935631810741801
1.7235542551256195 2.6124854933197317 0.006918142591687361 -0.029191425163583248 4.945088121666222
2.7601251412592 6.1055022794833125 0.009261253321343645 -0.02853470145135395 5.0262238338193175
4.5654702212566605 0.3326073581373717 0.007713918350634083 -0.02899129979286459 4.972440781564051
0.6649366706245696 4.424375666888459 0.006375274608519633 -0.029314772277231914 4.926531031030756
5.31645938175591 5.004212878313387 0.004543824466802356 -0.029653897875572585 4.864434951708892
5.232310938055806 4.678400543691388 0.004084239340531849 -0.029720682848973237 4.848954389407261
1.832491115472824 2.176006540199463 0.007919981289737069 -0.028935685517544156 4.9795553264971835
3.393032119003302 1.9703899612245455 0.006397744096372301 -0.029309876671138234 4.927297585275616
2.693627925255735 3.6217646465875695 0.007335259361247735 -0.029089413368152125 4.959401905006267
0.6276970448797188 2.7929488906594577 0.005830708236123509 -0.029427926217543796 4.907990828173331
2.0816102212837233 0.023836999998781756 0.006778961319272523 -0.029224060009379375 4.940322912282638
2.4055027971241634 0.0441913423213073 0.0070707618339093834 -0.02915483368308127 4.9503196102709435
4.403229651265472 4.354695397331971 0.006719259819572413 -0.029237844439648414 4.9382805060521395
3.986704473964772 0.1824172444512369 0.007647274600031898 -0.029008950191134232 4.970142732114554
2.0480827520042095 6.772236179917684 0.008814140372459115 -0.02867596431673373 5.010593746653424
6.649012730452004 2.455822699555741 0.005552356025332407 -0.029481712001984465 4.898540756921589
5.368025541904475 4.825076929811456 0.0043073929964162014 -0.02968916242628654 4.856466700048028
6.915881053543037 2.2554403636119837 0.006509151373571996 -0.02928533674718332 4.931100187449298
1.214430223079435 3.8825086882347106 0.007919503985962903 -0.028935816156042973 4.979538831201213
1.4066424516495335 3.7184200063272055 0.006164352056881748 -0.029359849517986595 4.919341495362866
4.532875290896763 2.0594164015467333 0.0054775784651400735 -0.029495696875277137 4.896004954771386
6.419016980546126 5.119218229976672 0.007551214334658178 -0.02903410343151744 4.966832769193018
1.4852580211676836 2.6747231900453987 0.005215250992829718 -0.02954320830718608 4.887118416474252
2.144818951848145 4.043797784308921 0.008101419434004714 -0.028885411597454013 4.98583115168246
4.505029120660034 4.307428894168065 0.005258063275408054 -0.029535618676300064 4.888567743662017
1.957883012715815 2.603250181906381 0.00728517394811911 -0.029101997191698828 4.957680503160912
3.4719870686674694 2.763363786556257 0.005310235080865924 -0.029526283263999566 4.890334425403519
5.152197724205828 1.9085291006028808 0.008179848180085509 -0.028863299945618686 4.988547357664065
1.2750283828998197 6.522015315908571 0.007547014320006692 -0.029035195450584004 4.966688113937142
1.8142806403187484 5.37777239520134 0.009612993941500463 -0.0284181341308798 5.038575673530931
6.55311847350406 0.8535955038986367 0.0061381895162671545 -0.029365330399339765 4.918450479314195
4.5365538442833655 5.21654461917978 0.007955157073995552 -0.028926034569710008 4.980771183193875
1.9895723959307305 2.087257828033795 0.005917590187930946 -0.02941057847727078 4.9109440605544865
0.2617836755270026 5.836780408736343 0.009554511151909239 -0.028437850070777888 5.036518448780129
3.034061975880428 2.4237838406607013 0.006903835553827441 -0.029194812118691706 4.944598039131724
3.585557405732502 6.9833252543649715 0.009219454913887813 -0.02854823376481967 5.024759354117034
2.5243640625135186 2.229111482552234 0.008390042884952098 -0.028802902291065472 4.995837373854654
4.16699301789257 1.0514332208892918 0.007804089399005947 -0.028967157068865473 4.975552354249115
4.559097660579254 3.927356653449303 0.006209497131190931 -0.029350334672329233 4.920879390909745
1.7838115287160234 6.63788394483157 0.00915000509234429 -0.028570568891957217 5.022327587900343
4.416933688746785 5.017173211055956 0.005990899593942998 -0.029395733058648045 4.913437308851185
0.5070514058935965 0.010464784401433985 0.009163549915326502 -0.028566227488930344 5.022801706982491
4.202780221379754 1.5761215467933447 0.007283455514564748 -0.029102427317448217 4.957621454950459
3.4286869357273475 4.731976871956736 0.006751268770748265 -0.029230469889913145 4.939375422105221
2.007825859713432 5.629704379911998 0.007676364873482914 -0.029001265874598607 4.971145668251858
4.941482374058192 2.490711076951249 0.006184054810840237 -0.029355705852466288 4.920012620862562
6.995110221093466 2.4262435227908004 0.0076035291589069956 -0.029020447004304586 4.96863503308777
1.6599621124177892 5.920101610721536 0.008187734074225865 -0.028861063922346324 4.988820583510584
0.20913189549802655 4.73015600647999 0.006844866711886318 -0.0292086939060361 4.942578680161134
3.3715123735310706 5.597520145612089 0.008250178436384125 -0.028843275746139208 4.9909848691827605
1.1694005543684811 1.3235127935254198 0.006485792856873736 -0.02929051879051864 4.930302639884838
3.7669349744230995 0.9447222484872649 0.0053696741286547505 -0.029515531500416112 4.892347880712963
2.7425524078067993 2.1732641931692847 0.006098458487581207 -0.02937360727039239 4.917097679137585
1.8804208726625729 2.6999647505030127 0.005940147819064909 -0.029406030740099186 4.911711110213694
1.974338895410491 5.729736171082435 0.009501579782774945 -0.028455579094995805 5.034657729374092
1.5396896073380935 6.451150238150071 0.008316362709903186 -0.028824262545247045 4.993280241810796
3.7742078035515645 3.7868429347319448 0.005324246071815378 -0.029523759986945404 4.890808971734568
5.20303334078139 6.61064917286073 0.00959003762263736 -0.028425889227892236 5.0377679784995575
6.855680252976484 4.564373635732751 0.005024167354690661 -0.029576303731062483 4.8806541218226895
2.007541409717387 4.3148358683210875 0.006763717133086436 -0.029227591938844243 4.939801312453296
4.354469519581248 1.4214313388086366 0.005540039439798823 -0.029484028947982556 4.898123002979858
5.35413730484123 2.139279544987967 0.007897560839867103 -0.02894181287999419 4.9787805712168325
5.850220354086519 5.549948664512857 0.006435809758533756 -0.029301541815269068 4.928596501350077
0.912744856701167 3.6964925073260932 0.007182038344720163 -0.02912762134495313 4.954138130803274
5.868287985043457 3.3543408714196206 0.0063625668090877795 -0.029317533040825492 4.926097556714373
1.3988146739417902 3.4290604102252438 0.005525366391172844 -0.029486782229387075 4.897625365317082
2.50219600871362 2.395836542014097 0.008083798975287127 -0.028890347767500945 4.985221191437368
5.343680978833504 4.783780176531205 0.005495690812525757 -0.0294923275190874 4.896619057277867
4.088200718837716 4.300841449552016 0.0077272611023564254 -0.028987746305223685 4.972901042723374
2.113769881289233 0.26020174517665656 0.008001619895621991 -0.02891321633865707 4.982377801913948
1.034364726173991 4.833987014059109 0.007708710465294015 -0.0289926849905673 4.972261149710686
1.4240165515695236 5.421428653395317 0.007368581466737184 -0.029080990477768413 4.960547577019579
4.711515140145083 6.812413148406187 0.006933427065719755 -0.029187798634435325 4.94561174882975
1.5408701436702894 2.7698848543980072 0.006551742423567046 -0.029275837668890563 4.932554770384499
5.6089817940558655 1.5868759290625265 0.006466851506131139 -0.029294706545682437 4.929656014392697
3.7170018374345535 6.03182158600899 0.008169400685535025 -0.028866258719120144 4.988185411559571
2.6087475835360885 1.7234600899797374 0.006872528815780114 -0.029202197651482874 4.943525835771609
5.541661209527848 5.459493146119257 0.0066987132575283765 -0.029242558723432763 4.937577824124953
4.87217510611551 1.4156553891939059 0.005652418579514781 -0.029462691054992853 4.901935903971157
1.606342363599848 3.4953921619704915 0.005318148570943749 -0.029524858945935182 4.8906024469771685
2.0382007458499523 3.3403657031034766 0.006812253296185257 -0.029216317444685138 4.941462260615475
5.358636124942874 4.3877468781992714 0.005290517548651138 -0.029529822621672048 4.889666669506431
3.4113020327455685 0.5433610890111555 0.007510841187905192 -0.029044573755696034 4.96544247787768
1.0649906724310687 6.943337405975729 0.008154778757412814 -0.02887039285180665 4.987678907375079
1.975492755766462 6.673535801484703 0.009123143521184023 -0.02857915765539422 5.021387545985709
4.891515468736821 2.9470876294435593 0.007563206800113808 -0.029030981776349076 4.967245838948868
0.4210746297527898 1.991244695294491 0.005289629040943984 -0.02952998179154877 4.889636581099741
4.451081936181145 4.884949856973128 0.005695715836773082 -0.029454351479989035 4.903405673925693
0.8220262928349368 5.5797449760191276 0.007537414986465302 -0.02903768887707505 4.9663575178744495
4.200360343818592 2.0917587423863964 0.005299588826782075 -0.029528195987344817 4.8899738683686085
6.3855233350894185 1.9947439680384236 0.007812993988588087 -0.028964756600639446 4.97585976993584
6.04715879592144 3.0537972834636067 0.0064912043787126285 -0.029289319994048716 4.930487397027766
6.340767285659464 6.315197094146569 0.008767342028171072 -0.028690306965263812 5.008962183964729
5.936191930626509 5.9442508685716104 0.009207784209559516 -0.02855200010419912 5.024350574559579
0.34525131821318744 3.4668971986928048 0.006950333491646861 -0.029183777417512144 4.946191017939746
0.9864292556641774 5.801346055876472 0.008786656972375944 -0.028684397488003773 5.009635475222933
2.1327823350214907 5.700324958094684 0.009636277897686405 -0.028410247240715107 5.039395121641929
1.5394682647754268 4.851310835876576 0.008169697367915752 -0.02886617475379567 4.988195689400392
4.599577812909892 3.7434491764655733 0.004982206886126675 -0.02958340099690757 4.8792355731088115
1.348362569052483 1.802288925805925 0.0073302488168743565 -0.029090676380632886 4.959229662426971
0.6947732283523947 2.364970609886488 0.006161489916787513 -0.02936045030317699 4.9192440115250555
5.4737502125097555 1.0375048548004528 0.007566732714165141 -0.029030062969831516 4.967367294360579
6.739453366093839 4.58744012719591 0.005601917471794071 -0.029472334835218064 4.900222115113091
3.827404676117923 2.4808168883892923 0.007555379379096363 -0.029033019864249835 4.966976225393175
6.895132654239844 2.77916705296839 0.0070673409556909934 -0.029155663117411898 4.9502022770838785
0.7942072629325805 4.742262284048704 0.008587580224431316 -0.02874462499127369 5.002702536372377
4.887794625427222 6.551066371681867 0.009012255729967198 -0.02861431890955424 5.017509913117977
5.9243056096945415 4.621688593456437 0.003894934488969926 -0.029746083529208222 4.842587666491841
6.476366376163935 2.6149159152313586 0.006398164580474209 -0.029309784884935016 4.927311931455405
5.682370553170711 4.208372013808886 0.0037229671227776697 -0.029768095602552686 4.836808644077356
3.871438218646548 2.2105935162023975 0.005135650020574687 -0.02955714970808537 4.884424662094615
5.9253850006218824 4.366978150944121 0.00540842786433087 -0.029508454856808912 4.89366103261947
1.4548276312770416 1.7432557764446144 0.0054483848077421 -0.029501103419817452 4.895015285675124
5.473748027015102 4.806267672059629 0.004429642544320539 -0.029671168951181305 4.860585591308722
1.1579129381754112 2.0366883387223997 0.007194207040771302 -0.029124618195858234 4.954555924040755
5.794324232023235 6.056078230175192 0.0075116835058689334 -0.029044355921721807 4.965471478858362
1.5658384826350358 2.266863817912535 0.007334781345047433 -0.02908953390173765 4.959385472388534
0.5640833299610657 4.031623320783703 0.005398051335912196 -0.029510354822923704 4.893309398001013
1.646075624180327 4.680963147003552 0.0074302057733051825 -0.02906530650391188 4.962667205841862
2.3668789829546446 2.867051202914429 0.006091939941310052 -0.029374959876593384 4.916875765768086
0.7485901189095354 4.586116029562279 0.005667493965687826 -0.02945979484227431 4.902447606273412
1.1861100518538052 0.755443423171822 0.0058123115338995735 -0.029431565276636203 4.907365722479827
1.3929039458630883 1.1407081384302888 0.007735336788045107 -0.028985592365441078 4.973179642708182
1.02510406665785 4.931317619557664 0.006462541505562959 -0.029295657652438457 4.929508891205484
0.9120690737806862 3.560763414484242 0.00764155947384183 -0.029010456197856287 4.969945724715572
1.8120711806957057 6.143225658334285 0.008233016993627185 -0.028848178992488347 4.990389930388844
3.4913279939425395 0.7143654680281638 0.007441280616341245 -0.029062473101731448 4.963048257482823
5.031683088871851 4.99173151908387 0.005567811396620044 -0.029478797062493373 4.899065018708974
1.5292536547040263 4.52578154632248 0.007365865784117712 -0.029081678446237658 4.960454194694877
0.5278713999047129 1.0425847022195736 0.0059014097678435126 -0.029413829447251526 4.910393934501365
2.017305218856964 4.520537948690879 0.0066522451648299685 -0.02925316451714235 4.935989055567198
4.2190266327851615 2.216055922735701 0.006320262362246945 -0.029326682111557808 4.924654807778514
5.398862233346161 2.9137429299946724 0.007510137844375295 -0.02904475562917481 4.965418261948961
1.5314772217994161 0.802693994586475 0.006514812716635445 -0.029284077845600075 4.931293508249417
0.15920569251219324 2.9909192779180156 0.0053299130479594415 -0.02952273745608953 4.891000921346215
0.225743459335083 3.3755747246525725 0.005204378567721743 -0.029545125549298966 4.886750410667499
4.664671855006367 3.6930545548926528 0.004930281008460361 -0.02959209910056424 4.877480594637878
4.83500815812035 1.367846574625992 0.006759638564462183 -0.029228535482946037 4.939661769558564
2.0421898528371503 5.643414892513693 0.00877693751844075 -0.028687372967864923 5.0092966516598825
1.8725198187769514 6.124359347661478 0.008871072578597436 -0.028658403153442737 5.012579717370057
1.5635369621487192 2.7430325667944055 0.007513391435989582 -0.02904391414960453 4.965530283505773
4.985083915493209 2.520657107217533 0.008375844640944171 -0.028807034324115466 4.995344464313186
0.6631062669009788 5.918262447978379 0.007448872882203733 -0.0290605280885391 4.963309505720657
6.530535716289415 6.931926442731216 0.00847113125817334 -0.028779158000309852 4.998653817698764
2.7092734450460276 5.6945840555953815 0.010175543415774703 -0.028221593083908002 5.058439151174404
0.3079354933079997 1.715354961384086 0.006663598149235482 -0.02925058050202603 4.936377166935428
4.533213033790886 1.4498645661910528 0.005716409458497804 -0.02945034232233637 4.904108287572845
5.431361656026177 0.14093210501648873 0.007439991902035086 -0.029062803039239905 4.963003914835648
0.06352487795008488 2.725783923092743 0.007008651540276359 -0.02916982693789906 4.948189798644316
4.668440162069571 0.7232646332045652 0.006635207837720628 -0.02925703363210718 4.935406684385191
0.9042937836178025 2.715828048869795 0.007172236870891009 -0.02913003635884843 4.953801643751683
1.4569168056938597 6.46657490666714 0.008927691554718455 -0.02864081569201214 5.014555973201614
6.874148288044531 2.191492693251049 0.004856067412270064 -0.029604368077827445 4.8749732302343345
0.9366685745477022 2.3929037328862712 0.005418128213590257 -0.02950667528985767 4.893989773711726
5.743915112230999 1.7303407086700722 0.007405883666179923 -0.029071513327018416 4.96183048633168
6.670129738790962 0.6685136220672386 0.0071693473778141215 -0.029130747641902873 4.953702452052702
4.970615152876155 3.6842633666730884 0.004930686900488731 -0.02959203147283655 4.877494310883244
4.222151390233509 4.874095812559136 0.006772171642488856 -0.029225634146151043 4.940090586798263
1.4969614778093494 2.783307395031457 0.0063895666670518 -0.029311660440979808 4.927018594663282
1.9343185259247901 2.5491304018585215 0.005858248757412944 -0.02942245607518634 4.908926778568418
6.85397352781355 1.9443594839670453 0.004969823078846334 -0.029585483916356115 4.878816981238518
4.499832965067718 2.5466095977309307 0.006456772192196718 -0.029296929751393322 4.929311961402475
4.302953464192621 5.489813237798056 0.006606197948441863 -0.029263597671270746 4.9344152430334365
0.2824403855561803 1.4169423883811698 0.006213483915824211 -0.029349490926211887 4.921015227246105
5.579075619074128 1.2210466050706763 0.007615552593630166 -0.029017294131149663 4.969049364669804
4.752031427086035 4.447594378519151 0.005259244019734042 -0.029535408450551207 4.888607720766979
3.749433441322019 0.3986249689279851 0.00757451314406102 -0.02902803387469511 4.967635316575297
6.8025547754591384 1.9384636441748693 0.005652638641754689 -0.02946264883519032 4.901943373159806
4.516284531626935 6.727928598144718 0.008216549793847339 -0.028852873504821443 4.989819153994997
5.715427334258033 4.233835752641322 0.004238159934651726 -0.029699124572423224 4.854135161830635
0.2258956243855449 3.5144935004824647 0.006537015704956531 -0.02927912952382894 4.9320517654643
4.31717090057516 0.2157890447224451 0.007267562830491233 -0.02910640016396501 4.957075397441099
1.312727329606843 2.056783325079671 0.00624993923628682 -0.02934174942880404 4.922257501750915
6.112840622223371 0.40703764923982544 0.007029777844641605 -0.029164742814826707 4.94891411369562
4.208400313317303 3.7057631260934576 0.005072105405343881 -0.0295681204468103 4.8822751720170885
4.459710663969881 1.8144931273994775 0.006120720751693218 -0.029368976445899368 4.9178556390922825
1.1564749554409741 3.534910739467229 0.007391960494227374 -0.029075056664635786 4.961351587174311
6.943461133597753 2.663985380006227 0.007880323832738732 -0.028946510951946693 4.978185045021637
1.8977363700228616 1.8957683216489305 0.006917037420241562 -0.0291916870585956 4.945050262381111
0.6746293290346049 0.9847263959272965 0.006439795704810947 -0.029300666055233255 4.928732535346607
3.3057049069218896 2.298781245057468 0.007144560797361528 -0.029136836667915837 4.952851667547009
1.7180198927757475 6.966141169480576 0.008706639658739327 -0.028708786561832726 5.006847086214169
0.7755647134880563 2.739407562165239 0.006682554385726465 -0.029246255604466836 4.9370252784262085
5.412871174273458 3.3255143809616485 0.00669261685841269 -0.029243954581870252 4.937369352162818
4.319095858507086 5.364972357340077 0.0072836795457133915 -0.02910237124832539 4.957629152980661
1.1103195956868734 1.535256783287365 0.005437621954231158 -0.029503089117630773 4.894650469111124
4.37596482923157 2.9350408017400453 0.006015114128904175 -0.029390787706631092 4.914261121292421
2.3248855560630757 1.7008376754199883 0.007353108800207803 -0.02908490658352381 4.960015558536373
1.7418394145033826 0.7268173849854873 0.006060568533577394 -0.02938144838243703 4.9158079195303355
0.8704060401103344 6.7558914430968695 0.009080994130203027 -0.028592578505745474 5.019913062747146
2.462576065648368 2.0421517907680244 0.006211389531599144 -0.029349934243312035 4.920943867629955
5.789922620773204 3.72448671588495 0.004625472167869596 -0.029641272024396384 4.867188891012967
4.987487016428632 3.086824289559342 0.007912632787999363 -0.028937695871687458 4.979301375491667
2.13013683850889 4.3864018003364675 0.00688954016908603 -0.029198188920865453 4.944108412491499
0.7253337408866841 3.3007249694901772 0.007689810564804295 -0.028997703589722826 4.971609321009991
0.7465822541296722 6.866847227875156 0.008519961712083387 -0.02876473974199372 5.000350972187952
2.365908818708044 1.540156717413451 0.008038863995443648 -0.028902883345139803 4.9836661660503605
3.224731453225799 0.744747478142504 0.00837099745382859 -0.02880844323506557 4.9951762044181205
2.1595420331500064 0.5879558078344425 0.008298442806747599 -0.02882942675432758 4.992658602405019
4.749322937004241 6.98185174726029 0.00955887194874136 -0.028436384563927348 5.036671797545227
4.0739693544852065 4.855659918439501 0.007966468303487986 -0.028922921407933903 4.981162243988564
4.19913757785429 2.285902937480127 0.006536594612616105 -0.029279223535987393 4.932037383490819
1.0206061813046783 1.5720278640801655 0.005661542806073437 -0.029460939106807138 4.902245600656874
5.912688404868471 6.82360027390053 0.008380121204654572 -0.028805790539322102 4.9954929230535
3.143822752319661 1.3349084131387572 0.006403363165879354 -0.029308649579362394 4.927489301780594
0.8250671369227258 2.767268519771286 0.006994500995775038 -0.02917322326758053 4.947704717930367
0.22596599300624828 0.5850870112357017 0.006001904474740777 -0.029393488099851074 4.913811693149952
4.60755882404999 2.3975407893680107 0.00761992401046354 -0.029016146506294752 4.969200016320889
1.1061653590559335 4.686897834572376 0.008483890018589475 -0.02877539939171093 4.999097179989615
3.815848046108606 3.088781861317563 0.007424638125643118 -0.029066729239858525 4.962475654055527
4.983551781587818 6.804298096998037 0.007177184136097794 -0.029128817824905735 4.953971481118526
1.5337676456970777 4.3079536461551635 0.0070931769841112 -0.029149388334441514 4.951088513390541
1.5598117283146138 3.4485398046105926 0.00591577290848079 -0.02941094406671239 4.91088227094514
4.373007184528953 1.4395528613609196 0.007153881054211388 -0.029134549693829066 4.9531715589157335
5.506423333084454 6.532410601800252 0.008577637481552516 -0.0287475935555494 5.002356655032919
3.4194128126774532 6.322465148585933 0.009270182185377408 -0.02853180194537161 5.026536762189883
5.595444336529146 2.561612901574242 0.006954025811596041 -0.029182897817243165 4.946317539449818
5.457078191935359 6.5641391854059155 0.009074541343894032 -0.02859462710716749 5.019687390371221
1.372401069431973 2.2159124138131205 0.006456936181758545 -0.029296893609130258 4.929317558905844
5.497013838127456 3.259417753851861 0.005998970712583015 -0.029394086997040256 4.9137118842311285
4.320813836493343 6.436971642545565E-4 0.007992797706861473 -0.02891565639609777 4.982072688282129
2.028568182848265 2.3072616713149006 0.006891587821653192 -0.029197705685489083 4.944178542509375
5.1386451193564 0.5753294390232472 0.007221397931968447 -0.029117888177341462 4.955489636922115
5.7503775948095495 6.949003509060041 0.007700056469041799 -0.028994984572742362 4.971962672594667
1.3732898927171067 1.3070143218871024 0.005339466418595952 -0.02952101113384645 4.8913245244636085
5.276446632238543 4.348568138226549 0.004842332573662326 -0.029606617761001486 4.874509301516824
3.6311927155589387 1.7896325085459024 0.004952057603481809 -0.029588462709167537 4.878216532025854
2.437439725999906 2.382669331599024 0.006035296012572249 -0.029386650064963674 4.914947843396687
3.1813526502659863 1.551085767391578 0.005880787284540018 -0.02941795949609681 4.909692868535864
5.314915148988795 2.4323227203374373 0.005639447892642496 -0.02946517652189055 4.901495681468761
2.439622948865153 0.05870808410024721 0.007423287666777204 -0.02906707415988533 4.962429193690413
2.816538400606815 4.091126234921685 0.008364103989721578 -0.02881044540525404 4.994936926492538
6.82352726819233 2.2156193576743832 0.005403725330364655 -0.02950931636880081 4.89350167268911
4.3995944764610275 6.6095343176856725 0.008193009200538894 -0.028859566875472767 4.989003364822064
3.722932343889952 4.700076706409686 0.007954218513219502 -0.02892629267368973 4.980738736417032
3.8906203183485077 1.6809995028111953 0.006579418853539043 -0.02926963012321295 4.933500238204778
0.5965029996490627 2.0266178628921026 0.005124447516047063 -0.029559093992463283 4.884045662899393
2.5129069249190388 3.290514663280957 0.00769354404578249 -0.02899671326229241 4.971738074127125
6.480831896869081 4.819987282694659 0.0071413921251041535 -0.029137613466368523 4.952742917580361
1.0795223979648505 6.734520186790512 0.008372519313093208 -0.02880800097805957 4.995229031672043
3.660466516801348 5.560779936549147 0.007910494185836616 -0.02893828055942241 4.979227472560135
3.7408200700539647 0.7136171056435912 0.0084289257994292 -0.028791547542077637 4.997187604950962
3.336610398067563 1.1343045828206102 0.00579172158818146 -0.0294356240131748 4.906666183564282
1.3854729464241702 0.8799063103223921 0.007595812450698262 -0.029022467731290826 4.968369136442213
1.0900112464415417 1.881537594917991 0.006116657555513865 -0.029369822953987566 4.91771729114461
1.3671123488637045 5.634444281460995 0.009882382426730679 -0.028325580621972157 5.048070521112612
1.6815130743659952 0.8527604573260847 0.007705413521763297 -0.02899356139660368 4.97214743503755
0.3702186181721802 0.45624078968403114 0.005649718390038623 -0.029463208958177983 4.901844257022239
0.6790843902604281 4.154191866873929 0.006828821915626106 -0.02921244925104132 4.942029399712661
2.548453713243367 1.391465322715539 0.00722163591097502 -0.02911782915619425 4.955497809879107
0.18292855812109837 0.8337808533126212 0.006415164264976114 -0.029306068781966874 4.927891968525985
1.2631254325526757 2.8032284200889004 0.007408756428867672 -0.02907078134790518 4.961929304677308
0.14623942637939347 2.6504151404241014 0.0065712244730078626 -0.029271470904710998 4.933220285134754
0.8195677148913127 1.4638069313087354 0.006519423499934885 -0.029283051706208776 4.931450961186763
2.278643385988394 6.0352059655945185 0.008266265183162558 -0.028838669524123933 4.9915426432413845
4.274446575307584 2.880887260438609 0.007829475503920717 -0.028960305822513435 4.9764288332807345
0.7655505948498547 3.318695216246411 0.006570252588361648 -0.029271689068537315 4.933187082805172
6.330475121304354 4.104474904443901 0.005878889488931399 -0.02941833881062851 4.909628357488685
1.8737371346776581 1.9346526646168005 0.006828899097078383 -0.02921243120868104 4.942032041787464
2.480023552307887 0.0042419479651718515 0.00907632110808784 -0.028594062235766344 5.0197496321960875
1.2440042240433602 1.8263861995601784 0.007889534551521879 -0.02894400187535135 4.978503256702812
2.1841670581040415 5.319112019916861 0.00968436150468402 -0.02839389269273578 5.041088082597575
1.2328665064581326 2.3162784321140433 0.006573741398015303 -0.029270905760362453 4.933306271565415
0.4638207508523191 5.975854619777875 0.009187102838637842 -0.02855866140827144 5.02362631854608
0.9204232565111223 1.1334314820182778 0.007081477296313037 -0.029152232835613176 4.950687163053918
1.4363607764770938 6.193043575658482 0.007570821184603207 -0.02902899699594809 4.967508132687404
5.916140929096951 2.252206285362014 0.005920598978736856 -0.02940997292982399 4.911046364621052
3.830495521589971 1.9259800627939476 0.0063326608286525905 -0.029324007346016832 4.925077597905471
2.1171884524677336 3.9760909736710417 0.0063536873356228015 -0.029319458679197104 4.925794694199205
3.38372409275265 2.2836376207114326 0.005515316310671923 -0.02948866368612244 4.897284542785005
6.942018143172481 2.8776010010221778 0.005317400989485078 -0.029524993593852362 4.890577126627448
6.448502208621692 3.6999998647976517 0.00790397443957855 -0.028940061991268935 4.979002181166388
2.3293917820840675 5.578894937969375 0.008051350853680023 -0.028899407423525935 4.9840982201394315
4.239862400779643 2.62779866768824 0.007609317438683029 -0.029018929823778034 4.968834493525603
3.7741755220205295 3.9848143652819368 0.004399241796922103 -0.029675691594505657 4.85956108067885
3.941327177768357 1.6476561358730126 0.005103457458629083 -0.029562725212130953 4.8833356016455784
1.1964194207967798 3.9033040696243297 0.007909959871716853 -0.02893842661285905 4.979209008685949
1.589309748956423 3.220929242900254 0.00722830428555748 -0.029116174493834027 4.955726829837735
0.9895071908469127 1.3035017645334175 0.007464058611927546 -0.029056631412428216 4.963832095933552
2.1539437170189 4.329276392680475 0.008197445330127822 -0.028858307123938602 4.989157082527614
4.493666609570748 0.12106771308329439 0.007882495605744336 -0.028945919626528042 4.9782600728960205
0.20365371039197452 5.131280575565718 0.0076812167588709455 -0.028999981191429075 4.971312971046958
5.430989857146534 0.6888865797538805 0.007766239764208919 -0.028977327687777218 4.974245944171511
1.609539707094982 4.1945681888812985 0.006634616421845075 -0.02925716775313331 4.93538646994625
3.5911874725466726 0.2804957325602602 0.008216472862188151 -0.028852895412851128 4.989816487652944
4.123317348823632 6.5756407500964205 0.009342642892812322 -0.02850815714453292 5.029077460662053
1.797894549543178 1.0082231653332736 0.007401277227180022 -0.029072686415369774 4.961672037543643
6.814655469089335 0.6025123599090314 0.006539365023704204 -0.02927860490335484 4.932132004864591
0.49970208506836233 6.8314433647383614 0.010139765413530743 -0.02823446754161597 5.057171687697219
1.7561272174646079 1.5184990979483248 0.0061052019494108834 -0.02937220640600412 4.917327260153765