300

5.911419202914274 1.1344513658800697 0.005770197760179441 -0.02943985084555321 4.9059350191161055
3.7088939024730037 4.619147874711879 0.004742248267264381 -0.029622813528961556 4.871129758307971
2.2768135304462596 0.756019665821001 0.006675071669334238 -0.02924796434299747 4.936769433785212
3.6118969231546703 0.40374743039732064 0.0070499083883862786 -0.0291598832596319 4.949604406777641
0.4908443730538099 3.30192427960584 0.006043177495437156 -0.02938503030045472 4.915216050219043
6.138024746901261 0.10461213498873809 0.006207703716383175 -0.029350714038496616 4.92081828757866
0.1586193779103267 1.112970329997273 0.006219120211105311 -0.02934829711925074 4.9212072718001325
6.905433853462817 1.2969310689461748 0.008025976729426542 -0.028906464632305062 4.983220312005833
3.582281174542061 4.1382804386736805 0.00865936051497419 -0.028723082624810763 5.005200643785793
0.6717202127431195 2.3406478902895294 0.008404524585986837 -0.028798679943420023 4.996340196873322
0.420055535585552 0.7566006985181014 0.007740058946932584 -0.028984331758693502 4.973342560253733
1.4534000554717834 4.248177802507394 0.006290912063467333 -0.02933299209780211 4.92365411022177
3.3568148688139243 5.498611510199773 0.007139514302311709 -0.0291380736413217 4.9526784713975704
6.303603186226106 2.553787623396021 0.008044029093200148 -0.028901446260485814 4.983844875769096
3.964781712594834 3.135588981848203 0.007225125164265353 -0.029116963549805454 4.9556176438520305
3.8804484374948682 2.8099661643190883 0.006527043724891742 -0.029281354138996907 4.931711195190809
0.5443818251900471 0.32414836246867096 0.007425683557008103 -0.029066462180856813 4.962511620818724
2.0941641325771445 0.11664334305808692 0.007252048114922604 -0.029110269633564844 4.956542398378965
1.3709302636091396 1.7601301298060095 0.0067581848825718025 -0.0292288716356444 4.939612034821368
6.310152986532432 0.9332500493484891 0.005704264725281678 -0.029452697057212044 4.903695924028554
0.7941995238199274 5.171849211097509 0.008144390198579671 -0.028873325203261215 4.987319091309506
1.1096521333977034 5.190129742596911 0.007057319966210134 -0.029158090384909154 4.949858584943334
3.0800640967713027 2.493595686640159 0.007078092842064721 -0.02915305475793424 4.950571068806409
2.7716602158217576 5.346888004800919 0.008390766707533678 -0.028802691437776164 4.995862504142693
0.7581807375651706 4.919571403781227 0.007418161080622476 -0.029068382930289363 4.9622528267571155
5.341754984376455 0.5985927613514007 0.007228202225518568 -0.029116199830798804 4.9557233245697425
4.030703118578203 2.960126531601843 0.006671532827100072 -0.029248771764587414 4.936648440975516
5.600080965509647 0.3960532443932163 0.006687731600415792 -0.029245072166790766 4.937202303461306
6.863452551841376 2.0147270664693155 0.0075849517634485955 -0.029025308038781568 4.967994938224319
0.06618991214935652 1.8533948375420792 0.006758263624508671 -0.029228853429131337 4.939614728800198
3.224607135467174 0.2030323128790822 0.009178222617120367 -0.028561516584218353 5.023315387391521
5.083054368659321 3.2548348280981707 0.006490165067931536 -0.029289550310494718 4.930451912875355
0.18353439935066243 0.8192307007297054 0.007298730010583285 -0.02909860031397749 4.958146342440919
0.7915430606534535 2.175631855034086 0.0057788744847628295 -0.029438148883538125 4.906229754825895
3.177004499829503 2.4458878314393906 0.007538530565358869 -0.029037399279466303 4.966395936374665
0.6626540377119536 0.7493319388653837 0.006797866079734221 -0.02921966832053367 4.940969851153328
2.2127865321895333 0.9190284145783142 0.00888405207417638 -0.02865438219092016 5.01303265279377
3.8581330429487277 0.055540407491242436 0.0075537843689735045 -0.029033434893361337 4.966921287989846
6.95116955929478 4.6608782575496015 0.008222524874904293 -0.028851171287862475 4.990026248005723
0.48785913638369294 3.5159113847751366 0.006865906271170176 -0.029203755427607354 4.943299059416378
5.290729557036727 6.0074387483511185 0.007866480498271475 -0.028950276070709834 4.977706837683533
3.2177416489954656 3.3563283685624774 0.008851538334099313 -0.028664442592172806 5.011898165591255
0.70578335541417 0.23635649477424064 0.0092160302850333 -0.028549339498232684 5.024639397045142
5.906452407588906 3.966750266019459 0.007308321499013026 -0.029096192824269364 4.958475976342018
1.74516634982889 0.5722040414608324 0.009304413088729325 -0.02852065737451159 5.0277367419857555
2.3616209526350294 5.145889663450486 0.008321421734130353 -0.02882280243700711 4.993455758958659
1.2502420214478744 0.381191261194683 0.006975018000213574 -0.02917788758455102 4.947036933048367
2.9122936620842466 6.207663108555313 0.007216568884901846 -0.02911908538277716 4.955323795644304
3.2400579185092444 2.066972949452515 0.007654517583476756 -0.029007039844910838 4.970392421326191
0.48917703457974354 4.783773379665159 0.007369747706185473 -0.029080694949522336 4.9605876803776425
3.0909995491675057 3.1557432187467103 0.006328180779143346 -0.029324974476143722 4.924924822891777
6.18906758572457 5.151332122309668 0.005971168108192598 -0.029399747472107707 4.912766118316418
2.929670311755614 6.728271681986368 0.00810774551639608 -0.028883636589622144 4.98605016454712
2.0919221245861848 2.8667331133447815 0.007500880987987103 -0.029047147612184805 4.9650995649948815
0.6794071999530668 3.7667225113809177 0.00781367443546456 -0.02896457304737233 4.975883262245541
3.64973938961963 0.6384821239167731 0.008313748177065039 -0.028825016760590922 4.993189537022537
5.662924618656449 0.5630062508968423 0.007443609374944756 -0.02906187673694241 4.963128387707375
0.33693531639424606 4.058713834481202 0.006738024695431543 -0.0292335256717994 4.938922354367961
5.859676487820631 2.8619027216248574 0.007989161450529414 -0.02891666127542 4.981946936575343
2.0695846765580037 3.740861225854017 0.006905696339595366 -0.02919437202724695 4.944661776476046
6.897240644603884 6.475120944231804 0.00652069054890696 -0.02928276958836707 4.931494230415943
2.5129090330842008 6.101703975116507 0.006638977003443535 -0.029256178567060802 4.935535515655123
1.4896504754713078 0.3303567629125148 0.008010951623385332 -0.028910632197995598 4.982700565891736
0.575933722255789 0.8439870238622403 0.006743032966676549 -0.029232370865366245 4.939093677191329
0.6548626167130998 3.869741039737955 0.006700124164469089 -0.02924223548535059 4.937626072800854
0.2191527689639087 4.59053422458197 0.007073400003852066 -0.029154193735816215 4.950410099516183
2.4221849398373707 1.9181007176482328 0.006784221149213403 -0.02922283941369431 4.940502898902239
3.9965177495064323 4.77728926281383 0.00451535811552654 -0.029658245752042525 4.863475069049151
5.5314097409126575 2.702407943465954 0.005610894988634874 -0.029470627028051373 4.900526732203498
0.6461209407090843 2.4441497908355196 0.007149680368060802 -0.029135580835716417 4.95302737917544
3.102525097629863 6.578576032224702 0.009122142154484748 -0.028579477296013872 5.021352507825682
4.052562922586067 0.28394225253654387 0.009339388486365566 -0.028509223467164835 5.028963305770744
4.566366892746828 3.697948928623356 0.005582560410523684 -0.029476007519045954 4.899565368551557
6.560628301985711 1.8285155658879426 0.005968940367829324 -0.02940019984430884 4.912690344766819
4.578269126115517 1.5012401912357844 0.008641043815230358 -0.0287285983261152 5.004563005380091
0.08061137122215649 1.5695764222238147 0.00703291738106114 -0.029163985892041028 4.949021763441675
1.221092739875782 0.5460594918684726 0.007022350398387384 -0.029166532102433237 4.94865944941048
3.995943721899207 2.9164519106269906 0.005646279165528267 -0.02946386823865667 4.901727528867032
2.747443171256793 2.435230996774236 0.006378431947483428 -0.029314085452071034 4.926638736999558
0.8178187995745283 5.406752205154591 0.005571882748122157 -0.02947802779429415 4.899203131692689
6.67687103936239 2.964248377168115 0.006682126174671189 -0.029246353444246243 4.937010636882183
0.0953081901962694 3.5589956517422974 0.008536351314114558 -0.028759880149993925 5.000920801301763
3.502921614986131 4.978248329019502 0.0058284568294236835 -0.0294283722109726 4.907914322964582
0.24257528240244788 0.9153272418206806 0.009016209622315972 -0.02861307330655791 5.0176480949287985
4.357893734066914 6.742870949001014 0.009049753231084676 -0.028602481823374565 5.018820629385536
2.416435641361601 4.176060038325231 0.008000890818461878 -0.02891341809802245 4.9823525859501565
1.3257538068644226 6.873223028003906 0.0071655415007251776 -0.029131684039914087 4.9535718060438185
4.232740506294847 3.601576496622791 0.004618442306537747 -0.029642368168909552 4.866951730768556
3.623372084892701 6.573680193673809 0.00634349682206118 -0.02932166516534318 4.925447139009572
0.282214845070201 1.6343341369735918 0.008811163929716337 -0.0286768790178371 5.010489952575675
0.7174079971685899 1.4795202133321197 0.006529258622180899 -0.029280860333068703 4.931786837729537
4.018176009048758 2.5217218174842033 0.00743414892057838 -0.029064298199451902 4.962802873279729
2.157994633757914 5.699798291624888 0.008244687862513004 -0.028844845675609545 4.990794515476686
6.7297222845883375 5.080058984970791 0.005997717158360321 -0.029394342804157234 4.9136692379408045
0.673036204809151 4.818349732742013 0.007634020508883618 -0.029012440967108304 4.969685862996005
3.5864247937110805 1.091370649979077 0.0068633421842475735 -0.029204358134736118 4.943211260418446
6.130225808340772 0.1382948360575853 0.006276392909462435 -0.029336102195861836 4.923159159553679
3.131046915862549 3.025149101221301 0.007491870631570969 -0.029049472877141925 4.964789379780389
6.452089542176803 3.7067461145263825 0.008023667729119789 -0.028907105634647715 4.983140434555094
2.897831807897988 0.2368515442808117 0.008429207323185217 -0.028791465122545618 4.997197382965101
5.061023447485397 0.13191115082306765 0.007371780924398549 -0.029080179607469305 4.960657597421625
4.753437702121825 1.20055159548829 0.008227868901808974 -0.02884964771595391 4.990211480277349
5.101925670021876 4.473760375523771 0.0054060170056839975 -0.029508896626852306 4.893579332624979
4.719103069145174 4.1070919041471505 0.0046870231141131645 -0.029631601615973592 4.869265757557102
6.023694006588023 1.6065912406665976 0.007569784930585802 -0.02902926723334015 4.967472435649917
6.645435184037112 3.9363237210741087 0.007076647881929999 -0.029153405543009478 4.950521504482765
0.8371376073218848 3.8460756219776373 0.007765788964578395 -0.028977448503234932 4.974230387226591
0.19191961556242207 2.9843106388837906 0.008017636127028565 -0.02890877913255014 4.982931785942567
3.260967956280756 1.877918672028218 0.006384258231346555 -0.029312817108484875 4.926837495030069
0.06748802091253717 6.952253306917605 0.006499880276909987 -0.029287395862142414 4.930783620467647
6.382724498749363 0.5064744854431052 0.008357947129829202 -0.02881223212066326 4.994723230769489
4.223749196863109 6.193226068899706 0.008153050208585613 -0.028870881044683796 4.987619035165478
5.403380309588517 2.722244088495287 0.0074421898688982625 -0.02906224027763978 4.963079543746585
2.5405262198718455 0.6298721626461286 0.007784938371434872 -0.028972309789745118 4.974891284069772
5.562585912051963 0.9154704761449838 0.0057202836100573575 -0.029449590072198103 4.904239837861494
6.4502963427703515 2.876156386894459 0.005348620634697592 -0.029519353944591795 4.89163462471506
3.6986674737425105 4.721849034824595 0.0058622872889149205 -0.029421651682769723 4.909064040620628
4.593197314512665 2.7582373682280426 0.007791598527848004 -0.028970519366777615 4.975121171235474
5.159003891264293 0.7552876927030436 0.007362421308518583 -0.029082550652854908 4.960335755040524
4.381942596122954 2.3521390965555096 0.005741217936111587 -0.02944551606968488 4.904950739888639
2.5817645167352095 0.3589927977523587 0.007166392890490804 -0.029131474609760538 4.9536010317083825
4.5792123487510965 2.498504333020437 0.0067170359013073 -0.029238355437687477 4.9382044437133175
0.18135555465452977 6.895107740737046 0.006084549427395664 -0.02937649159218267 4.916624180022011
4.1255043002979965 2.9381572695712825 0.006852526584613797 -0.029206897805264444 4.942840934551072
6.859740222641479 0.18207452514149575 0.007077040284333154 -0.0291533102891237 4.950534964421214
4.56709794651439 4.216453062260873 0.003816048229798077 -0.02975630648968139 4.839936135589349
0.27772901702689745 0.4151457004956113 0.00629018678432314 -0.029333147635709444 4.92362938457432
6.2366626705595545 2.1695475051754123 0.0085975796875269 -0.028741635714005995 5.003050426907334
0.28549467672148476 2.810803569588173 0.006993203126695604 -0.02917353441098241 4.9476602298000625
1.0731287806106726 1.014135298822847 0.007460445401115183 -0.029057559333450205 4.963707747275803
6.40362369065599 2.7196721580778984 0.0055473992967647445 -0.029482645082187828 4.898372630656805
6.9031241752380765 5.904332829217116 0.007605426630015583 -0.029019949789333713 4.968700417585904
0.09815330827752305 6.2871288422936304 0.007552480905620183 -0.02903377399116833 4.966876393000811
6.677529707590662 3.064232870215869 0.005710189232255596 -0.029451549007341402 4.903897081240462
6.602816515460968 1.7034359545272177 0.0058898162892856995 -0.029416153114886805 4.909999799473516
0.5134173662593581 4.28831519201735 0.006609215035939519 -0.029262916406412928 4.9345183445949266
2.2465941461854375 5.873054405188607 0.008512213941461275 -0.02876703345523817 5.00008163334631
3.6941558314060825 3.1269690241531767 0.008306632921294226 -0.02882706800059401 4.99294270273149
0.18215930623363166 2.6591415749806946 0.006469114853042382 -0.029294206816675314 4.929733276344839
6.26479642735745 6.196695620446248 0.006408194370672059 -0.02930759363898181 4.927654143623623
0.6609158701048197 2.65096161841396 0.007620016894728828 -0.02901612211381885 4.969203217445625
2.931688089554534 0.3650100192079063 0.008319173832334097 -0.02882345133302755 4.993377769439892
4.095940667311366 1.057838102497206 0.00828152822299167 -0.028834290181861465 4.9920719394505815
0.251078922582099 5.95280925829086 0.0056029964402815 -0.029472129731157752 4.900258724775941
5.832402345628625 1.1289153031861565 0.006594152946981058 -0.029266314201002848 4.934003658566436
5.9021342369459076 1.5140664692401284 0.008152687146489253 -0.028870983569865935 4.987606459814863
3.3362653911854347 1.8303058088986266 0.00837489751798599 -0.028807309689785888 4.995311586286913
3.5928302355029076 6.527221127520937 0.008346608986428056 -0.028815518708287698 4.994329734820342
0.7366297513674743 3.7866256332683235 0.00619855875779914 -0.029352646717563845 4.920506722503262
0.5599395400155489 4.265957533063219 0.006301640466923068 -0.029330689174065405 4.924019869857154
0.2825017231710837 0.8928660451479904 0.006507915205615272 -0.0292856114786173 4.931057976489974
3.687731933189886 0.6670975939846693 0.007848725391750784 -0.028955094711032917 4.977093592116686
6.303813177042385 4.04739201129345 0.006016096007485019 -0.029390586738422264 4.914294529105356
5.272541640922698 5.086848600505934 0.006971376407166531 -0.029178757872630592 4.946912128306293
1.3907969084450715 3.8337165506131967 0.00870981416881117 -0.028707823622573275 5.006957664322433
6.008655070748323 6.860106168946554 0.007184391281862583 -0.02912704107713478 4.9542189118787565
3.261114528789287 6.601870713055991 0.007257260681098253 -0.02910897056590262 4.956721465166641
4.186118347273226 5.298381656325902 0.006160533255903541 -0.029360651048689408 4.919211428318615
5.721138083684454 0.8595845656505282 0.007102592010135657 -0.029147095682718664 4.951411518323045
3.4209448587586984 5.880562752064815 0.005269761824763506 -0.029533533657696044 4.888963840397462
6.573774772093019 0.8532591229318411 0.0065397025663278645 -0.029278529511298286 4.932143533523806
0.13585945361956597 4.606409806658276 0.007426086833564472 -0.02906635915178164 4.962525495134373
5.547267164762217 0.3296588135555055 0.007169522106069706 -0.02913070463910164 4.953708450126857
6.636118472222277 0.5378115846633109 0.0067548462173593294 -0.029229643387831922 4.939497811420124
4.49248848432184 6.886384500761828 0.0068506149784921385 -0.02920734624056864 4.9427754845516
5.391403711338267 5.817866352754661 0.007382972469064799 -0.02907734027590954 4.961042467496916
3.6725879990563928 1.82945122301994 0.007242451668393893 -0.029112658652740365 4.956212753453014
2.909548078659557 3.015971193625167 0.006554569832997891 -0.029275204769640024 4.932651349687305
0.20255419687770695 0.9300371645653842 0.008446144251830911 -0.028786501129474968 4.997785695795848
0.645666714770803 0.6971626345384013 0.0073411139848981125 -0.029087936424929378 4.9596031731510495
5.570736164245267 0.09230968749003943 0.006560502987334265 -0.029273875735084654 4.932854022530838
3.189976217197553 0.68994107063794 0.009008940588434284 -0.02861536282268777 5.017394059196416
2.985355281981894 3.629915562767827 0.007667965440703638 -0.029003487824745745 4.97085605637749
5.998963499286258 6.565724615049918 0.006009937963071053 -0.029391846585065683 4.914085009218435
4.331542448982187 6.376833705539893 0.0057651728258606635 -0.029440835285160605 4.9057643371951976
3.4274732911785746 2.5866861116622832 0.008936670816515986 -0.02863801520212655 5.014869501309077
2.5389065968993902 5.564910229050324 0.005929632695930746 -0.029408152884724825 4.9113535392206416
5.520119535046118 0.08718329967114932 0.00748709875226486 -0.029050703128733972 4.964625115930486
3.312452847375489 4.894245299791707 0.007340164077306772 -0.029088176142862843 4.9595705168751545
4.376746050817053 2.3677131162447824 0.00788083241273097 -0.028946372492636253 4.978202614711104
5.896428061940552 1.6513117458516358 0.007770832342011589 -0.02897609643675881 4.974404436197217
3.0877956720537 5.376513945759742 0.005334435343421835 -0.029521920661888718 4.89115410355093
0.005084046413450061 0.1996215132102174 0.008784416398924279 -0.02868508372883562 5.0095573649314336
4.898731545386355 5.572371178699226 0.00601970649863916 -0.029389847459118282 4.9144173758042236
2.8546933173217046 1.8363403276050756 0.008049453457215907 -0.028899935969481226 4.9840325655367295
3.161667496944166 6.960545009931023 0.00802332540034111 -0.028907200651744906 4.983128592199779
6.8243567222954375 1.6720372732611306 0.007668842447754299 -0.029003255946729874 4.970886294484082
5.6247052054986995 0.804146268904439 0.005187447334984604 -0.02954810298727756 4.886177376067998
0.6077073304428189 0.04315849518363404 0.00811889156839341 -0.028880505530559368 4.9864360804960075
6.372233593360557 6.128925978305411 0.007973750083566645 -0.02892091474356959 4.981414017747868
2.009210668205193 0.4452990477361982 0.00860588925468187 -0.0287391487371521 5.003339551948909
0.4376036923965477 5.116103868226971 0.00718116536993428 -0.029127836581690318 4.954108160228262
6.45713825780058 0.8796462389064319 0.007045774361969524 -0.02916088242218011 4.949462638185905
4.117769078149122 1.47158875472914 0.007852617045906021 -0.028954039537348604 4.977227997653909
2.9985813472329927 3.5035042781771146 0.008727493939109513 -0.02870245371989661 5.0075735738967415
6.8193364994580365 6.682545893606867 0.007065149394558685 -0.029156194265242623 4.950127110171706
3.065943933165748 1.0778817719741207 0.006487950248025124 -0.029290040996542675 4.930376295416921
1.053311864860155 6.85324411993262 0.006884765595085865 -0.029199315106706217 4.943944892694924
0.43421700038194433 5.869787864705635 0.00640711961917145 -0.029307828616013644 4.927617472336131
6.5402253005677045 4.892478997672351 0.006997071572235093 -0.029172606832661003 4.9477928331034295
1.1837699512833697 0.19291583509115778 0.007979933008359799 -0.02891920934572883 4.981627811368368
4.524077444565252 1.8763386129511042 0.008981400520353615 -0.028624018667772554 5.016431782343018
3.7071815222716755 1.237034164776361 0.008575280661585343 -0.028748296672586368 5.002274672826661
0.7643908070127268 2.5143884883612926 0.008430188491871726 -0.02879117785002054 4.997231461591429
6.383008373083865 1.434853691171293 0.0072489965518480045 -0.02911102967933796 4.956437572031638
6.42070675000149 5.005247527219907 0.006866441202910632 -0.029203629658091666 4.943317376680185
1.0741850969090974 6.687585208945256 0.00770126378103791 -0.028994663925882527 4.972004311474267
1.9584833518977074 5.897565812362168 0.007194281465756443 -0.029124599811696527 4.954558479439358
0.8453476997091524 5.729088047276895 0.006494214954695825 -0.029288652617049576 4.930590185698877
3.5467512034464086 5.148985795847779 0.00718289680738133 -0.029127409659194053 4.954167603370581
2.7527184466605514 2.9954637867343306 0.006592832175120695 -0.0292666117600021 4.933958529373304
2.8941222516305762 0.4300309731045045 0.008459069472093746 -0.028782705634917152 4.998234728213424
6.708153617900177 6.714159084331778 0.006300996159488705 -0.02933082759483797 4.923997902902673
4.699557526411572 4.988473239744249 0.006437360106179082 -0.02930120125290726 4.928649411762246
1.870993078717853 6.486816019193054 0.008451279725264334 -0.02878499385105607 4.997964099133178
6.514237039149079 0.9094913277383656 0.005987470820936835 -0.029396431640055055 4.913320668376392
5.9575928074182904 5.737857177898232 0.006863522545053728 -0.029204315747394922 4.943217436241116
3.3056668976948926 0.5421720039664076 0.007043332507763694 -0.029161472308254246 4.949378901710734
6.745733105547889 2.8168768493744576 0.006518080303535865 -0.02928335071600683 4.931405092007737
2.5127051845944934 1.2329825490860449 0.008643871959341498 -0.02872774751961089 5.00466145034965
3.783903749766036 4.972092676919724 0.004135743850141162 -0.029713559578179446 4.850687548428505
0.16277215376488016 2.4350014501009065 0.00637760818958053 -0.029314264680871584 4.926610635990372
0.23139056549064382 1.5862896600105567 0.006824109263513492 -0.029213550499034336 4.941868079337398
3.0991881700242074 6.591676493288072 0.007810827135916661 -0.028965341003565414 4.975784960717143
4.282972129013054 4.69388281352026 0.0044538054451343425 -0.029667551585139135 4.861399997121989
2.141899462008003 4.470379485486824 0.006833418946852918 -0.02921137424868593 4.942186768092268
4.301989415494561 0.7075748074783894 0.008379670282045207 -0.02880592171697008 4.995477269201472
4.241993296025015 4.728049444083213 0.0035713546996962923 -0.029786665231424567 4.831717125165006
0.06543656757946512 0.3592360659330773 0.0075808989394697615 -0.029026366828618873 4.967855310074691
4.204834344804422 1.40584669815832 0.008941263693403685 -0.02863658156213868 5.015029882250623
3.1026313078183776 5.164440614412334 0.005840359855976215 -0.02942601224686589 4.90831881369199
0.7390173445130884 0.4554805248973332 0.007285866458337814 -0.02910182382517061 4.957704299200642
3.9110864813456985 5.7365661662798315 0.005722142491677891 -0.02944922894245169 4.9043029590463
4.547956883675149 5.11686112917739 0.006908463120162973 -0.02919371742888096 4.944756548563686
0.07262192739943282 6.451603678780596 0.00674029208017477 -0.029233002970511485 4.938999916172801
3.9490597274636925 2.486314931454213 0.007644925700236909 -0.029009569301143668 4.970061761424014
2.3547908564626656 6.940749621062178 0.007119999934561367 -0.02914284819525789 4.9520088057023095
1.1767356549458672 0.5376762350552111 0.007686610811126516 -0.028998551933472005 4.971498977552619
1.9020997162702376 6.701736191062948 0.008515335463720578 -0.02876610960731921 5.000190145486968
4.014425848796159 0.5766764067461677 0.008346312047384933 -0.028815604717022287 4.994319430004976
1.1604770215444322 5.20722059372101 0.006848691102399845 -0.02920779742096122 4.942709615464545
1.492517035206307 2.229773205517935 0.0068574595037692735 -0.029205740003536367 4.943009833588294
5.515594944136204 0.3583954858820059 0.007478528753985355 -0.029052910485454195 4.964330125733344
3.2045424676949543 4.77823239967157 0.005382785083016224 -0.02951314325432074 4.8927921039383815
2.391033988813286 2.836512697305602 0.00825432345580518 -0.028842089804432418 4.991128580481956
2.605567169175412 6.8297925606191825 0.00873672706439061 -0.0286996446006278 5.007895273816139
6.299190271998975 0.17221668720946487 0.007685014386210177 -0.02899897504884858 4.971443926070289
1.2318666618335996 1.4359774019264917 0.007064279103643485 -0.029156405140994764 4.950097261016497
5.130316430150879 2.951365727674194 0.0068624190220114905 -0.029204575072517915 4.943179650108675
6.737309402813253 4.868789882744604 0.006327915161581954 -0.029325031793807507 4.924915765175392
2.3158809140616214 3.69263341428083 0.00816266577069335 -0.028868163909676538 4.987952104824889
2.51877098607694 5.876490955585509 0.006167596729254932 -0.029359168084012253 4.919452010575905
2.059549550417842 6.285401208656989 0.008428393289795787 -0.028791703432630125 4.997169109655042
0.10487466495901454 6.030078835136331 0.00756028173097172 -0.029031743663588915 4.967145083460129
6.798804961366322 0.028361234988189758 0.00783563551712598 -0.02895863974779813 4.976641544790635
0.07412320399597286 3.781206611515213 0.007220529652661321 -0.029118103501688402 4.955459817585927
0.3789520110348629 5.996773250526353 0.005803227819343098 -0.029433357723453884 4.907057093366888
6.085853066452394 5.604598787416802 0.006140487984674782 -0.02936484986016555 4.9185287514528575
6.346572269846964 2.290891894345863 0.005891949973617417 -0.029415725819846597 4.910072334445012
1.2835382472357881 6.545678870867037 0.009149254544237453 -0.02857080925148516 5.022301318036676
5.900474733284116 5.982642198467889 0.006667342344276036 -0.029249727281877753 4.9365051729298335
6.967456413377072 0.9497081464549897 0.00905192078351157 -0.028601795924889598 5.018896412264411
5.820426751975709 0.7890630506351153 0.007230754184511905 -0.029115566178990294 4.955810972915879
6.531625571653745 6.61147880552987 0.007793294196448138 -0.02897006326481887 4.975179702528141
0.9817057831815503 4.179995150225421 0.007074435739661826 -0.029153942425774862 4.950445625803862
2.9629758592544433 1.0234276247834593 0.008440518955905148 -0.028788151030502217 4.997590287028385
6.435531468851755 1.4556024872044877 0.006936430406432552 -0.029187085041448006 4.945714647217585
5.040995565096253 2.2506856808696973 0.006762505342017627 -0.029227872339586798 4.939759852135305
0.6100944906696449 0.0887714855063532 0.008725397033844987 -0.02870309123773551 5.0075005180529155
1.2056912152863666 5.1508104677401025 0.00756762694386603 -0.029029829872709773 4.967398098058521
6.947362567015822 6.9720552767162705 0.007031353856497584 -0.029164362892830635 4.948968152304184
0.8673638284720719 3.4591937361779013 0.006758674387441908 -0.02922875844993312 4.939628782160232
6.937520431056236 0.4626447521215271 0.008606438423281335 -0.028738984283830676 5.003358660732392
6.10791306389522 4.1063516540162555 0.0056580207693649985 -0.029461615722384173 4.902126052659865
6.631845260643332 6.281460277239809 0.007193865491713785 -0.02912470256135038 4.954544196897741
0.1414598916500475 4.3391171682090945 0.007118929664713498 -0.029143109656123902 4.95197208091002
4.6230349528066865 0.3976438448600835 0.009690628769673066 -0.028391754331995492 5.041308816719381
2.5335282472022214 0.07240782821639846 0.008392220939184292 -0.02880226775286829 4.995912993950194
0.7797246919239912 2.111541045753241 0.006631175927786408 -0.029257947737576298 4.935268876602176
2.099642985473704 0.43308487485029745 0.008412263428971145 -0.0287964203331177 4.996608929557199
5.606067378530698 1.0133227849618167 0.008155112866813329 -0.028870298476627074 4.98769048012881
5.208624448611087 1.8508923340338475 0.0073704762342691865 -0.02908051031326777 4.960612732406065
1.0334310138496416 3.723618364209252 0.0072573621190693905 -0.02910894527585458 4.956724949934849
2.9585777952300014 0.7786587317189652 0.00791375205046005 -0.02893738980080683 4.979340054050758
2.414179723839883 2.113029969259399 0.006728813492802054 -0.029235647230377592 4.9386072754264925
2.6659922275319423 6.799260537999831 0.00839573267181169 -0.028801244294361202 4.9960349216764115
6.863247776366152 2.040004324402427 0.007436037018886264 -0.02906381519095098 4.962867836623526
0.2861984093220267 1.364537481245129 0.006452630109569035 -0.029297842321049566 4.9291705807818404
6.690052213759552 6.4482381133851305 0.005775389670417214 -0.02943883275802283 4.906111378705232
0.7930653879347324 2.4587925313579526 0.007781311762521059 -0.02897328402605496 4.974766111173258
3.285737189855243 5.288004170618595 0.007523671563597887 -0.029041252834599067 4.965884250896579
5.824566718211954 3.2551030915567796 0.006951104610206375 -0.029183593759130617 4.94621744087242
4.200114086671317 5.849107195634984 0.006608656142928388 -0.02926304263033041 4.934499245616616
0.24700779011549392 2.322857546977596 0.007349407745399144 -0.029085842016208965 4.9598883105674965
2.3804672188964067 5.445451887820917 0.005640551522617982 -0.029464965272687695 4.901533137003119
2.917822746504709 4.742389149659994 0.006369372166171608 -0.029316055297546398 4.926329688407012
0.49244470728154116 6.151981957941083 0.007585274808883308 -0.02902522361797959 4.968006068025391
5.545491670697466 5.7549077089913645 0.005707106314507377 -0.029452146568882037 4.903792404692912
6.184675295958202 4.972946868952153 0.006577788933942441 -0.02926999645952326 4.9334445521783605
0.4495840033795144 6.662027023147104 0.005796238507688232 -0.029434734908981124 4.906819636662942