300

0.39303795775599676 6.4462609641140345 0.009753907016336034 -0.028370077509881263 5.043538421310914
6.136331329178597 6.102467413732162 0.008341788071377539 -0.028816914681697333 4.994162436139522
4.751604601133257 4.439541401724677 0.010095284781504605 -0.028250402212717633 5.055596730614902
5.738753068354165 0.7553694378174715 0.008125175842529309 -0.028878738156782026 4.986653682864388
0.7741272562248566 6.95418658269717 0.009229504675633623 -0.02854498631007654 5.025111401580072
3.85805573572855 1.0837125579175912 0.00983615111537222 -0.028341667756777506 5.046438844882547
3.221286416156794 2.8001871461332253 0.00960474302300433 -0.02842092383195961 5.038285347873403
4.7108096462633124 1.5503071727727238 0.009611300183063 -0.02841870702180261 5.0385160728070835
2.304003368695635 3.3486051123057416 0.010010674082827997 -0.028280495123094926 5.05260330084521
3.599811173568751 3.004350014367925 0.009893882835753699 -0.02832156567763121 5.048476557766398
0.8781542739536734 0.6890238910606837 0.009331941909653469 -0.02851166182801089 5.028702118080261
2.1570448049945448 4.312167440204114 0.009975818581449183 -0.028292809044526017 5.051371076654619
2.3488652151109535 3.3005241221994863 0.007960795300014558 -0.02892448336947898 4.980966107153141
3.867936023880407 4.43961559131213 0.00939850206310125 -0.028489790433941096 5.03103750149787
6.817364959814192 4.506435619343238 0.009560466062436438 -0.02843584865392628 5.0367278570176435
5.8744610817716465 1.5222514859117864 0.006501712622544249 -0.02928698914149163 4.930846185209335
2.4833682620636934 3.6031922677405945 0.007329245917309718 -0.029090929072197038 4.95919518762839
2.406544555193225 3.2939892882509834 0.008743919502211027 -0.02869745409855818 5.008145894072067
5.709871168820152 1.7174247336328983 0.008628742020899492 -0.02873229561202452 5.004134825680827
2.8087986942237695 5.800578824599971 0.010584068573302102 -0.028070936792982858 5.07295326119068
0.3273440748272372 5.113021646229305 0.008617867451062055 -0.02873555916623035 5.003756368202309
6.283651326274871 5.69437037368022 0.009389884456250584 -0.02849263185278369 5.030735036055401
3.1585026083529377 4.635983057803063 0.008451770510564676 -0.028784849751852956 4.9979811492159865
1.9798260447705622 3.210311669121997 0.0076439751409069666 -0.029009819786499816 4.970028994469904
1.8496439559796793 1.943324172674265 0.010447729296609021 -0.028121965659334298 5.068100726325593
0.34908701097342615 2.5921507014901013 0.00802299154093644 -0.02890729331386912 4.983117042867361
3.984487594849955 2.4084349644296372 0.009170409327099548 -0.028564026200335373 5.023041839357095
4.916479451159433 5.023692877262416 0.007564236693793831 -0.02903071344697307 4.967281314788006
0.6938796571507713 6.497758086232141 0.010670034276699072 -0.02803837314349866 5.076017481236519
3.8262539409068625 2.0853501614350454 0.009680760822460052 -0.02839512052973754 5.040961273483811
0.701612477166271 4.63475004199493 0.00994409649126085 -0.028303974013775764 5.050250091144407
4.210683434870415 2.637438709064523 0.008257454502730969 -0.028841193545609864 4.991237140423099
1.1116103990915238 4.821194230176394 0.01092633811674202 -0.027939490606641887 5.085174745620315
5.143919618823187 2.653341437766331 0.010206000300215087 -0.028210593008159354 5.059518566436945
1.3914912103972468 3.8484195018558904 0.009256104460485243 -0.02853637205771934 5.0260433970226055
0.09238707573790714 5.2237008597664465 0.009474218317233662 -0.028464700723481954 5.033696333417464
5.648608480048483 1.781056824599441 0.007687748574502073 -0.028998250324032332 4.971538212935645
5.2627464242057025 6.216944856270106 0.008850935460770147 -0.028664628751638867 5.011877133562827
0.4569370028140764 5.811226871815258 0.008709423048741543 -0.028707942283592 5.006944040187548
2.1887730730165402 4.042638319887768 0.008421162802095287 -0.028793819077375035 4.996917987937383
3.042674033141612 2.083802048622708 0.009439610735616949 -0.028476196184884405 5.032480772046483
1.4046232876744835 3.3432728135691745 0.007401654441509092 -0.029072590382153575 4.961685012435151
0.317986970778081 4.314693531394618 0.0090424629658118 -0.028604787422945865 5.0185657573970825
0.4242809062257113 1.9828595389024646 0.008698389124080478 -0.028711287443200426 5.0065597116419465
0.33373062627476924 2.16676468435386 0.00799866814681292 -0.028914033061424694 4.982275713405948
3.268300313965094 4.676878906490646 0.009643402795819347 -0.028407829598855024 5.039645918518273
6.474676751439926 5.5154080965332 0.007428982123867175 -0.02906561928814285 4.962625106067219
5.4744960985528195 0.16225568481719302 0.007953024123957413 -0.028926621083074176 4.9806974458688344
3.574153005670179 4.985377689725759 0.00979229862916544 -0.028356849041408755 5.044891979816615
5.168364122373147 1.4144238861499798 0.006712177103975137 -0.029239471242224473 4.938038267998628
0.25767588415868214 4.7056294681685555 0.007531986756391543 -0.02903909736030964 4.966170585008166
6.252554300377093 4.802239173221347 0.00905401756080096 -0.028601132250467075 5.018969722402732
6.855805063151106 3.320828653972156 0.007788706821702924 -0.028971296934130482 4.975021357100285
5.75779133707146 0.547463172115212 0.007055135389828914 -0.02915861904533861 4.949783663830619
0.0568851953781814 4.262493459174578 0.009485792175355234 -0.02846084585541985 5.034102964838949
5.54075840353617 6.08628746797424 0.009792319619064738 -0.028356841793085487 5.0448927200223395
6.9163272010709145 3.2928104113404677 0.00849940897454833 -0.028770819367605213 4.999636536212048
5.132035416418042 2.268951891750663 0.008517964150109875 -0.028765331333698258 5.0002815280890545
5.839102299370943 0.6260503115179905 0.008994707563621314 -0.02861983989900945 5.0168967070829344
1.1386717973692126 4.86878311298214 0.00864646387915003 -0.02872696751114802 5.004751675139917
3.8488116596730784 1.1153960422803189 0.00775962958269483 -0.028979098480445647 4.974017835507038
3.837978796338489 2.8437728080026243 0.008941110704567552 -0.0286366293297355 5.015024539828442
0.4058033959447198 4.1241616825875145 0.00844434450204245 -0.028787029126515044 4.997723175753048
4.088728054909621 3.5664225710251762 0.008077563270764912 -0.028892091852387388 4.985005357542537
5.493973973742078 0.9189547975754411 0.008117024702643796 -0.028881030279002694 4.986371440048941
0.8979364084570124 3.4862316211377937 0.009732577943614954 -0.02837740168816482 5.042786702573162
4.713561940204618 6.431781912539368 0.008787917255467006 -0.028684011405503678 5.009679411706973
1.6049803010075394 2.735973862733237 0.010094078696210878 -0.0282508331784162 5.055554038263658
1.2624362415901589 6.024111161922197 0.009812446447052106 -0.028349883504588416 5.045602576817511
2.1503912061964003 4.198179805572904 0.008394572390331846 -0.028801582497902406 4.995994636102099
6.571479120758127 5.971366885376009 0.010206144058516681 -0.028210540999009652 5.05952366233954
5.425322433394314 0.8944294083387813 0.006984204726216126 -0.029175689954863113 4.947351797237129
4.982059955326348 3.5554207006213803 0.009116872735450225 -0.028581158680599433 5.021168135523675
0.26596332893363095 0.43358410253517216 0.008622533794674292 -0.028734159304905714 5.003918761327806
0.3642276777081058 4.3410149340215005 0.009096561628434866 -0.028587629606878676 5.020457569259489
2.9391155572391825 3.2055353439632115 0.009590325170185758 -0.02842579221640272 5.037778094209105
1.4024214603900687 3.253500834631146 0.00861055117061202 -0.028737752322307183 5.00350177071276
0.26642318329857323 5.780340366531238 0.011234882154471361 -0.02781685501589173 5.096242217307788
6.240589374347319 1.7003635526380632 0.008055711066440872 -0.028898192317410133 4.98424909881855
5.388531467631106 5.826848560433917 0.008394818772189054 -0.028801510685762685 4.996003190568311
5.312756065056934 1.5265575678022312 0.008716323449798431 -0.028705847932407328 5.007184414529591
5.291826107719857 1.8634585817835465 0.009236285040689263 -0.02854279311222256 5.025348943312904
5.094930401487051 1.4453256948927695 0.008912283358510797 -0.02864561406808399 5.014018037920933
5.223365862786304 6.292458223853709 0.007996518298602161 -0.028914627701219338 4.982201361062961
5.036664689040704 3.5308680678619915 0.010305841422091462 -0.02817427252978688 5.06305997835933
6.563758341489158 2.237497515048142 0.008697139510602485 -0.028711665997171204 5.0065161885069305
0.09166782168381986 1.5280099533710496 0.007440403456569807 -0.029062697679387302 4.963018075729907
1.040800649365058 5.06056931834779 0.010100385501376345 -0.028248578950516898 5.055777290325993
6.091283553906865 4.186850212363513 0.008243417083322671 -0.028845208870631946 4.990750460077532
6.773869051525337 5.090105944783664 0.009690609054771449 -0.028391761061046947 5.041308122331178
6.639367055696446 6.124484195865442 0.008982419274323182 -0.028623698991923935 5.0164673734202205
3.5928695327141185 3.795480586772448 0.008148393970104749 -0.02887219554706501 4.98745776081899
6.122400228157282 6.940765808811869 0.00938254816050412 -0.028495048517520032 5.0304775665231
6.5036420959987185 4.734019466770118 0.008303656187801652 -0.028827925591599253 4.992839442517432
3.337239031280152 5.3973187692252536 0.008191737165891323 -0.02885992796603891 4.988959288391705
0.9497039759430876 5.136924605166593 0.010916989152628735 -0.027943144916801804 5.084840152810277
0.5206880320836407 1.1545676356769417 0.008688219482826887 -0.028714366477744675 5.006205527041409
2.926090856092013 1.9973016840313937 0.008820739693312886 -0.028673935050195228 5.010823889021501
6.725816719775708 4.724857203765882 0.008091835566931382 -0.028888097845959748 4.985499377930864
4.980340062870334 0.5318544513592559 0.008943505668191121 -0.028635881449032317 5.01510817379488
0.5982589101498128 2.0766676765137313 0.009156278024551838 -0.028568559164527513 5.022547154855448
0.6635953645886774 5.092846221728567 0.01026772517654978 -0.02818818581780044 5.06170743835847
0.1452902368826141 1.8922462394872266 0.01020796887412771 -0.02820988074176918 5.059588348690832
6.572265981975805 2.310527924114297 0.010247878006395008 -0.028195407363009413 5.061003433231609
2.5290323487189785 2.4901156744408834 0.009247426037342814 -0.028539185546961113 5.0257392940601555
6.93378931282662 4.855916160180837 0.007938909982327583 -0.028930497892233023 4.980209549423252
3.299994215270257 3.882653395395982 0.008039348936986157 -0.028902748462203028 4.983682944399713
5.350898455632159 1.8036299071935116 0.007006984694752403 -0.029170227381484455 4.948132656238711
5.928693867262477 5.449020687434233 0.008635839829365811 -0.02873016307718317 5.004381867265616
5.805540035528253 2.3917416914036944 0.009621031767340882 -0.028415413910971233 5.0388585285017635
4.305006196611352 2.579946192589595 0.010821969177463461 -0.027980081899844945 5.081441926737366
0.29255200261282616 4.206293805282461 0.008737297140321527 -0.02869947105229867 5.007915137395026
6.2144784425334265 1.0746494090764478 0.007325583698367805 -0.029091851496221545 4.959069300934723
4.038487630554026 2.1025954760609493 0.008136130941903309 -0.02887565364275246 4.987033051390356
6.920921077171826 3.822979829569904 0.009363686261969288 -0.028501252245952412 5.029815702591805
4.8261643684576825 4.774795850548761 0.00872452210843582 -0.028703357190046856 5.007470036271406
6.560450510085589 6.463279373638944 0.009995936880467097 -0.028285707448846276 5.052082240517403
4.382336446529137 1.3257827336480685 0.009716798509750336 -0.02838280864750551 5.042230699226282
4.008802313489576 1.6565945644345765 0.007984976606151955 -0.028917817147897002 4.981802218597962
6.0928444151168595 2.9018692271740036 0.009662163501932613 -0.0284014541258352 5.04030639878492
1.085269267344445 2.208100342365197 0.008767387230128645 -0.02869029315216171 5.008963759478317
0.41695863868386834 5.9764891102871855 0.009621548606649962 -0.028415238911715525 5.038876717253199
2.8462855287468387 5.089230327350624 0.01005680010248223 -0.028264125171296443 5.054234791486856
4.308621422758185 1.3203738373799114 0.008954206427971265 -0.028632537212850664 5.01548187922994
2.099639693507149 3.9971951146116353 0.007498717923018795 -0.02904770609722903 4.96502509833117
0.6899623342476322 4.78285556332322 0.01018769791068239 -0.028217207715872203 5.058869865312463
6.476837227424105 6.383776858430795 0.01003195813112126 -0.028272952022302695 5.053356006413577
4.534465881250958 0.5227653091881519 0.008185463610567616 -0.028861707944611893 4.988741915644034
6.399439253552532 1.123627617359353 0.0075844188803602264 -0.029025447287634263 4.967976579011408
6.324347334546689 1.4893034611412495 0.008826186623814116 -0.028672258886973043 5.011013855612513
4.994591777685109 2.3599272060831615 0.009830865947965494 -0.02834350145470973 5.0462523704496425
4.006501650310162 2.17704547611087 0.008299535974862372 -0.02882911206752586 4.992696521094496
5.682353008765558 6.620049311022329 0.0072414139566920705 -0.02911291678804831 4.956177108920732
4.946292265682911 2.8336014649676637 0.010545429795874826 -0.028085475079127207 5.071577148649238
1.0812175286216312 6.896878043969887 0.008723151087200561 -0.02870377388271221 5.007422271430719
2.761325344790351 1.4871479325064432 0.009989939122097637 -0.028287826292184116 5.051870206445979
3.5852723345095194 3.0088312196116824 0.008509064783360002 -0.028767965108998976 4.999972164043218
3.5766889212987523 4.515172803805748 0.007856723438766415 -0.02895292553105365 4.9773698249055585
4.658338586997055 3.8548974919928143 0.010566048995369582 -0.028077724420391505 5.072311408760917
0.020991834668828153 5.259369577673529 0.00853883580035482 -0.02875914260152028 5.001007189634523
0.49014585503582 1.0698688515397063 0.007736316800513032 -0.02898533081339766 4.97321345319158
5.677792776455542 1.4890119487614908 0.008563038642809544 -0.028751945485510202 5.001848865277637
5.939466053337649 6.12771524104778 0.00860719225830727 -0.028738758522743033 5.003384891234464
4.255636104403877 3.376788610777911 0.009108068895471711 -0.028583965452598434 5.020860121151542
4.970634388064457 4.717223731063595 0.007648203284061713 -0.029008705357627864 4.97017474595658
6.385198176390741 5.360696305507958 0.009035942268808649 -0.028606847909456175 5.018337807367791
0.4191624627686636 3.3124150425377743 0.008737638568766784 -0.028699367105244657 5.007927034097335
6.125165050702695 3.97175289343157 0.008922461857794137 -0.028642445328501697 5.014373382447644
6.9310291189016695 6.037894558797051 0.010181974222896201 -0.028219273571874193 5.058667028862139
4.644575667791657 1.1797640613945393 0.008116079208752345 -0.02888129599372677 4.986338702659284
6.640091057011734 2.6817486820724152 0.008942493353925208 -0.028636197593517952 5.015072822737865
3.8063317483371546 2.295274758693808 0.009551064946928811 -0.028439007689783195 5.036397267508452
1.9312783132684188 4.980922984878858 0.008409635940825189 -0.02879718776795368 4.996517687204766
1.0591718299473416 6.070402033592498 0.008671392825999307 -0.0287194524052463 5.00561957762438
3.209056752479033 3.0895769042170356 0.008121380474024087 -0.028879805733351815 4.986522260974425
1.2480888888487724 5.362797763560733 0.011010349694002181 -0.027906490277635882 5.088183431744395
2.4749501141965213 1.1771729029317668 0.009140598418886616 -0.028573579764262082 5.0219983617732975
4.988381343531284 6.745641840245602 0.008408912634280494 -0.028797398985134712 4.996492570033676
5.081600384108754 0.6584883318378351 0.008108248484001858 -0.028883495399997582 4.986067578172773
6.125697297633461 2.987344827754423 0.008128166984916377 -0.0288778964169019 4.986757260311601
3.972020944237097 1.339678981978693 0.007748902656836706 -0.028981968663547842 4.97364769305576
4.813696732589986 6.833621338563009 0.007769554845856225 -0.028976439006496848 4.974360348526319
5.450842844839858 3.637480107200802 0.009786374049172143 -0.028358894248007804 5.044683057932563
5.794775696885354 0.2605588784068591 0.007578875091624953 -0.02902689532736057 4.967785586246302
4.262977371717863 4.758274322713793 0.008416293038965952 -0.028795242862012002 4.996748866824667
4.36530779308364 4.707718653359973 0.008004933315889197 -0.028912299158112054 4.982492402544314
4.593213596783486 1.5240091893214007 0.008508918854142162 -0.028768008271926368 4.999967091417893
5.365139889902729 6.511207439910878 0.00997507715692142 -0.028293070453972727 5.051344871370393
6.154736480280867 4.061417400246717 0.0077731703467933495 -0.02897546932768704 4.9744851244322845
6.874755086864524 5.096336741705889 0.007890204076565634 -0.028943819368392742 4.9785263885129005
6.383753314004227 3.912670689396395 0.008314443198960884 -0.02882481629241118 4.993213648866718
4.0172241806127325 3.7826419091138437 0.009288655643956147 -0.02852579317614151 5.0271842993983435
6.0915866510397105 0.18895104394344608 0.007666026087229609 -0.029004000483207743 4.970789190752727
5.511678870186734 0.010174789872067248 0.008396267030457236 -0.02880108852028438 4.996053475044632
3.709045697284742 1.0813895704791896 0.00888149400041943 -0.028655175175184563 5.01294338064187
5.073575352220831 4.310985918802376 0.008934869727619412 -0.02863857718097165 5.014806610385541
6.860714849817067 1.0669544301277452 0.007761436186149574 -0.028978614672346362 4.974080177630489
3.5415974387721083 1.6965029843612633 0.008333729161088608 -0.028819246316821354 4.993882788428891
4.377099086384167 2.86977709192034 0.01012449513366036 -0.0282399468534997 5.056630901939215
5.535218382481628 3.350835337004103 0.010202269417066926 -0.028211942484373188 5.059386318458007
3.8407022706356297 2.122398782663012 0.009089938337592555 -0.02858973628802415 5.020225893990472
6.556727525289042 1.2777202867728177 0.007538932148278641 -0.02903729501974402 4.966409766250986
0.4934489091288638 4.4530869247358265 0.009038345101337483 -0.028606088824394162 5.018421803494003
5.289308110754767 1.3621959793874407 0.007878612064408427 -0.028946976904999217 4.9781259099308635
2.90745266978821 4.680660126685163 0.00934797832702761 -0.028506408072526815 5.029264621054469
3.325479971558644 2.5143956098105598 0.008027995810738122 -0.028905903951663075 4.98329016146401
2.3934538133152823 3.737099021086383 0.009414895290528209 -0.028484377238556395 5.031612963242877
2.786106751414386 2.9472457760381356 0.008614585643238542 -0.028736543184511746 5.003642162955391
6.579209320772751 2.5585498398506608 0.007967805769800284 -0.028922552985771108 4.981208486718046
2.60226319620801 2.512060041224531 0.007664780565353578 -0.029004329657569713 4.970746247890114
4.554215775027768 2.3033543607333797 0.009098232565293836 -0.028587097862284423 5.02051601945007
4.87588163712038 3.836418475913569 0.007987611918738051 -0.02891708933892956 4.981893350848167
6.813743882358667 4.296879535638343 0.009275222317905016 -0.028530163878839474 5.026713416899958
1.2246165892353793 4.3010804295330125 0.010424258406579233 -0.028130674301780647 5.06726624500404
2.561046162392897 2.236285208363139 0.00911841881781996 -0.028580665462211104 5.021222230451279
6.695816027275161 6.61782619545517 0.008746091208866042 -0.028696792304475357 5.008221570879067
3.4275553119951834 1.6872810499133504 0.007750304196897294 -0.028981593897775118 4.973696052404233
6.089459072815242 3.9658396277336085 0.009310893097382816 -0.02851854255969454 5.027963954451326
3.7960099386146204 4.472486568496215 0.00905857556423891 -0.028599688962416592 5.019129090863942
6.859572043362316 4.708945520347771 0.009460689775906209 -0.02846920000569148 5.033221096663981
6.7277803049895 0.2718004780578655 0.006687968568399707 -0.029245017976197205 4.937210406303457
4.03541500124802 3.8732076294984403 0.007717487315323861 -0.02899034993817452 4.972563888260801
6.2132475972985315 3.605334010762758 0.008837369988173778 -0.028668813921962754 5.011403920313782
3.6282832813607304 4.805203926062894 0.008266707792616852 -0.02883854265165783 4.991557991051641
6.222968430422244 1.529924158919186 0.008594749368867198 -0.02874248220468018 5.002951953841734
4.439125377818798 3.61430279452002 0.009835419784126564 -0.028341921559238214 5.046413040897498
6.998202140350628 1.6641341344171259 0.008228870741022704 -0.028849361974358122 4.990246206669328
5.44892903990862 3.6530399900586032 0.01017418708271291 -0.028222082084884484 5.058391091473915
0.09218026190230151 6.131094357869182 0.01035488057960767 -0.028156286121966866 5.0648010988559635
0.3860523462668221 1.4087089992877042 0.0076877105718467734 -0.028998260398919024 4.971536902420414
0.6154405045294761 6.683759809957671 0.010441269801049407 -0.028124364614008503 5.067871040388757
4.298331598417157 1.578348168983736 0.008034918878052761 -0.028903980324915656 4.983529673006653
3.173735541585414 3.1988240529981615 0.010498728395593569 -0.02810296607256176 5.0699148355980155
2.228853490250045 1.8213361490641296 0.008080464068690594 -0.028891280699107128 4.985105760056103
4.572775534090605 1.7896644664534977 0.008792784080514862 -0.02868251990522179 5.009849086425837
5.272106433593029 2.1478532842072813 0.009244198723343594 -0.028540231077609248 5.025626212526158
6.929207901153376 6.893155075879637 0.009592236519119748 -0.028425147291813026 5.037845334924906
2.6913430340620557 4.038265083270791 0.008843902260672817 -0.028666799486577955 5.011631781221949
4.069167947245814 1.2397236308646775 0.009764552682197435 -0.028366415193263154 5.043913688276822
5.262780212297178 5.199480865168508 0.008391553082982227 -0.028802462340145357 4.995889806402888
4.455551571950945 3.5987924890646568 0.00877596810591835 -0.02868766954292216 5.009262859527279
5.845625491889191 3.2994057355829187 0.007524809113328181 -0.029040958107610242 4.965923421228139
5.994477125703757 0.7627901775022495 0.009131606083852443 -0.02857645482437157 5.021683669576706
4.485984772126674 2.560466139046126 0.010449627229951764 -0.028121260475929073 5.068168216527433
1.1075828297542003 3.0269405365773934 0.00827142348023282 -0.02883719045972844 4.991721515201263
1.9831123111198006 3.238399213477915 0.008270452616371233 -0.028837468916677798 4.99168784828855
6.384724138085943 0.6804520279512616 0.008001726654377485 -0.028913186793375522 4.982381494301844
1.8195251312357448 2.7483512262406418 0.0084735618893999 -0.028778442433643095 4.9987382767869395
3.6467939908054983 6.226408316796549 0.006391481551459321 -0.029311242955176006 4.927083923546564
0.6816921286194724 4.1432140525480285 0.007240351260976492 -0.02911318109753168 4.956140606535923
4.888141594443004 0.8782027233789298 0.007936166717059923 -0.02893125054053195 4.9801147280485125
3.9167665026268224 5.347280386904746 0.009620724790530734 -0.028415517846853807 5.038847725342264
3.6683447339878175 1.357603893655429 0.009544398795078205 -0.028441245606346244 5.036162875028328
6.2878085225970635 4.734524264795352 0.007551622532150037 -0.029033997264102714 4.966846828460911
6.998083494533717 4.5492746380703775 0.009530854272211963 -0.028445787330321142 5.035686684870005
3.2551561849791844 3.1867815795571053 0.009549498954547665 -0.02843953357066696 5.0363422030730405
4.906133950560401 1.0663771143891119 0.007418966016790689 -0.02906817750120748 4.962280517977999
6.638654808325107 4.503916065253484 0.008942024168532303 -0.028636344106212023 5.015056438432962
5.399670449095571 1.349746603782254 0.006966894017966506 -0.02917982843922189 4.946758512892538
1.919453079367016 4.806670691236556 0.008864096623489364 -0.02866056159689556 5.012336309098327
6.526129434525507 1.3643339592046317 0.008325353280834951 -0.02882166707096053 4.993592165685342
4.898042384476246 3.922280283026214 0.009091785415024407 -0.02858914895492955 5.020290500966398
5.233026803934425 0.30240706138777146 0.009245933807617979 -0.02853966902444993 5.025687007456449
4.418332253671884 0.5718330788943506 0.007212484497724017 -0.02912009731045023 4.955183533127482
3.542862176268874 4.431459265339306 0.008352700036176525 -0.028813753696900663 4.994541122175121
5.5359007675289975 4.177082792501981 0.011093683639674674 -0.027873467371369757 5.091171382513288
0.626091190047041 3.887913588000949 0.008698409473992154 -0.02871128127797092 5.006560420419423
3.7738968955069554 3.0341831121580025 0.00939780479504322 -0.028490020446364415 5.031013027283329
0.8035354486574384 5.15047253545378 0.010968929665071653 -0.027922796815553975 5.0866996219561065
6.40249489622731 5.70157878503254 0.010007117505678205 -0.028281753821634694 5.052477542863112
6.485542741068921 1.0490055594370367 0.008033563921793527 -0.028904356950370948 4.983482795468815
6.708322076121832 4.36191925036461 0.009900368312888312 -0.028319299201589664 5.0487055612295375
2.297658385834791 6.133704271243853 0.009984290052507424 -0.028289820645373512 5.051670513815506
6.5192557856202304 5.619536659386374 0.01015111422955552 -0.028230389297679112 5.057573665724163
2.3009725610012715 3.7549589119296645 0.008567682350159502 -0.028750562066623415 5.002010378489409
4.443282085059577 5.1558073795337425 0.009559807490644202 -0.02843607006500411 5.036704697194411
2.9539871677181235 4.410984190520973 0.008304833944978874 -0.028827586321895325 4.992880297489939
4.128048972558978 6.833525043061271 0.008507416898808764 -0.02876845247332333 4.999914882598873
2.6669602690370744 2.689688520065255 0.009851072617318926 -0.028336484755316936 5.046965379391547
4.493127659893551 4.008998831767235 0.00878325537164685 -0.028685439251934713 5.009516890234082
4.666005883988471 3.7839362085933343 0.008963086834273023 -0.028629758545982913 5.015792045146723
0.4893129374329876 2.4459132813058586 0.00843423057927324 -0.02878999400027121 4.997371857740552
4.604485218127807 0.7697293382914258 0.00917327996330988 -0.028563104430624087 5.023142339283355
6.997690553421807 3.8907499965095895 0.009660753803659041 -0.028401933665599025 5.040256764482176
0.08378874342315429 1.009321519667557 0.008266476565961578 -0.02883860893289425 4.991549973087892
4.560227595432959 4.587295998035351 0.009711259001801727 -0.02838470448322344 5.042035534505281
5.729979623236369 1.5153603340675141 0.008698357956127441 -0.028711296885843982 5.006558626077672
6.9707389506453135 6.636800005308017 0.009955784028448192 -0.02829986509471195 5.05066305030779
5.006465711493845 0.10068118054157989 0.0072078908335331425 -0.029121234687627326 4.955025787278485
6.617719368951439 3.3029724197357324 0.009266630745883622 -0.028532955588572387 5.026412291688555
2.5952579069233934 2.29659455615878 0.007669636791320635 -0.029003045900201946 4.970913682665744
0.44588094499497805 5.991035729451446 0.009918374709842838 -0.028312997776907163 5.049341466792562
2.22282566114881 1.5574887432263793 0.01010368013019664 -0.0282474007269106 5.055893922654006
2.288740137473292 4.921915198116147 0.007882268476245402 -0.02894598147702696 4.978252226219901
0.6683740944932604 2.649190580687601 0.008865376845919426 -0.02866016562024434 5.012380977841799
3.6581768508178407 3.804801949635922 0.009848664276808724 -0.028337321891151106 5.046880389846949
1.10854397323599 3.8918250098125373 0.009932380245810443 -0.028308087583809587 5.0498361777502465
5.615278289899074 5.215665371015553 0.009435058571568096 -0.028477704783761618 5.032320917709494
2.3669190800555038 2.544804630403905 0.007793238457406998 -0.02897007825923141 4.975177778506568
1.8867754698373531 5.728229359441407 0.009058392552057861 -0.02859974692847513 5.019122691773523
0.898883904736004 4.954475696646785 0.008869907054658442 -0.028658763909870925 5.012539048090728
6.9146371873252495 3.7445177715870352 0.007731900587851436 -0.02898650916029011 4.973061096024546
0.995155786627316 5.063028695546755 0.009069803968431206 -0.028596130087377724 5.019521721102815
6.301235977753919 1.127845311016568 0.006142969710984201 -0.02936433079656219 4.918613265702168
1.3443678396211753 5.4364915053462335 0.010742279849328025 -0.02801077334952966 5.078595416393031
5.055378166025063 3.5685029793260044 0.010443562266303453 -0.02812351342186539 5.067952553339389
6.207825662702722 0.7127281503170784 0.005903597575604625 -0.02941339041432176 4.910468315298733
6.197780447453954 1.6569519171520808 0.009227072392378742 -0.028545772630387885 5.025026193980855
4.61504829187501 3.808748775077788 0.010121413172742363 -0.0282410515984557 5.056521769275155
5.745418387280274 1.0990060017502703 0.008396798378258083 -0.028800933613250843 4.996071923973373
1.5830038696260955 5.956328390385778 0.010156080531086803 -0.028228603016197586 5.057749591695028
1.3583906810280069 5.477889071959658 0.011374125386420419 -0.027760210224239776 5.101253023114177
5.728014384949744 1.0762309431589436 0.007351265889139961 -0.029085372437484228 4.959952195901769
1.3175704077721335 6.594249392536618 0.008720676173422428 -0.028704525898859613 5.0073360499684565
0.9109532727965768 6.091485467792195 0.010361618295097704 -0.02815380731458352 5.0650404064133365
3.7936636241930852 3.182088609931821 0.011035948308730344 -0.027896376913983504 5.0891008976102485
3.0197149052927177 2.6636183647958873 0.009060111523799569 -0.02859920242203118 5.019182796784567
3.6008599624724433 1.250263003399503 0.008701929876228476 -0.028710214496398354 5.006683036599459
3.5584080919317302 4.394009175080115 0.009497138163768822 -0.02845706180719095 5.034501643874396
4.539740434000013 6.970699699729486 0.008314047150687807 -0.028824930528557044 4.993199909057094