300

5.6559874406259025 2.152276204560082 0.006858469449021467 -0.029205502851634643 4.943044414097208
3.4443744184967455 5.63461261986595 0.006773653472561107 -0.029225290736512113 4.940141290190036
2.031242189085203 1.7761871413465835 0.0072342251112136316 -0.029114703966214153 4.955930186743634
3.356723504901131 1.421780286700943 0.007674601596872722 -0.029001732540130748 4.971084868753286
0.2337719382740298 4.319314725974398 0.005696173558649055 -0.029454262964632934 4.903421213991616
5.893174126173092 1.125109087357347 0.007059618262254652 -0.029157534017664122 4.949937407593931
6.910985829449423 2.13300180939756 0.006962724667791872 -0.029180823586741386 4.946615630658608
6.651691268036886 2.315281177121453 0.007667913816371009 -0.029003501473179174 4.97085427644258
3.314946892282801 5.153203929975952 0.007372050696451797 -0.02908011121933588 4.960666874268402
0.4086920301151902 3.3565238874613184 0.0068918626686622735 -0.02919764081148166 4.944187955828263
0.16724274373213893 1.7753446514570512 0.006143933541290771 -0.029364129148336787 4.918646088980946
1.2134300434687033 5.2698023095987505 0.005916983127527272 -0.029410700615057735 4.910923419711138
3.0924429123144463 6.51446911016376 0.006699708965582861 -0.029242330614649863 4.937611874221163
6.057173558396881 3.573688136209382 0.009467614522601477 -0.028466897885990765 5.033464342931904
3.683109213975271 4.146629140529279 0.008342376745995727 -0.028816744268356717 4.994182864293101
3.6108689237923164 3.824228568516131 0.008013415998288162 -0.028909949222341767 4.982785808026657
0.2822254382159911 1.3403926256762762 0.008000707154783909 -0.028913468920615346 4.98234623376046
1.8430610550269764 1.1353175101928787 0.004987569619843943 -0.02958249734703292 4.879416850968277
1.1202433680884785 2.7792598065848506 0.008242758539927605 -0.028845397061792205 4.990727629899745
6.054850112960071 1.9510890172544082 0.008808970202397608 -0.028677552963481227 5.0104134553550805
0.5709222918252569 6.197262569721485 0.00802725017968539 -0.028906111024361972 4.983264366443615
0.8903249678597811 6.21645520075038 0.007173357716927456 -0.02912976036744891 4.953840121264455
2.8116434095270195 3.5080742415370363 0.006720410187414037 -0.029237580045429576 4.938319851395986
2.503392857989882 6.36130008365547 0.006569523500704773 -0.029271852708253495 4.933162175270208
0.5188357599602555 5.94148388607833 0.008310762481577274 -0.02882587773121241 4.9930859585607825
5.088050308790598 1.616835356937003 0.007120535053657163 -0.029142717453072894 4.952027167678892
3.7468313628324856 3.970618566753286 0.00851282432368265 -0.02876685283506204 5.000102851527828
5.34818953045813 1.4149431876853231 0.008853355444787145 -0.028663881407936673 5.011961558712157
6.606417347606596 3.0324382060453607 0.007701622934743205 -0.02899456852879583 4.97201669838439
6.815758637944836 2.8725091981374224 0.00913288946225898 -0.028576044689042582 5.021728580242636
2.9675802573417154 1.2204490541435262 0.00558571277019294 -0.029475410308406284 4.8996723162648586
4.820144748390406 4.270418396924476 0.009284917045770679 -0.028527010278912107 5.027053241923383
6.936810417981216 1.8393896165476977 0.006525251938436412 -0.029281753484720337 4.931650003545506
0.5282552331958125 3.191380146786342 0.0074166615897288445 -0.02906876555451643 4.962201242153041
2.9111268220275814 3.461123902049682 0.006205669294940594 -0.029351144246891493 4.920748973880553
0.42064598536287073 1.770298904751186 0.006328331335713303 -0.029324941986394945 4.924929956967971
1.9654907388541905 1.9390691938059221 0.0051714476990722975 -0.029550907409007933 4.885635924175179
3.599970387053846 1.0726704253677515 0.0054382080952149366 -0.029502981081801525 4.894670336252989
6.700730824752749 5.68014010010153 0.008796902520722322 -0.028681257051267978 5.009992676698964
0.23794845584122906 4.5354174927638 0.008412582698489027 -0.028796327063378813 4.996620016700366
5.033224390197167 0.02458731534291875 0.00778988011046511 -0.0289709814791384 4.975061855637594
2.9383092856178847 4.367886984682146 0.0069041374636509304 -0.029194740722996868 4.944608380359179
0.45538710627034995 1.2550870264089329 0.008577317275950323 -0.02874768909578097 5.0023455165329445
5.646154826451959 4.983275037308376 0.00932878118140705 -0.02851269614872339 5.028591262707037
1.4986586136219187 1.5922067407554847 0.005649832618743319 -0.029463187054020207 4.90184813401837
2.100589336801602 6.162126688839057 0.005768383765987565 -0.029440206329580828 4.905873402525418
1.011294177268846 1.4029608093923187 0.0063686543140633375 -0.029316211252956314 4.926305201817956
2.6497041076514005 0.2237722953029669 0.0065461922741063 -0.02927707920388287 4.932365193169885
2.9680681695394173 3.080545662110151 0.006131618056684403 -0.02936670325397357 4.918226701619245
0.24543220440306135 5.80469337459168 0.00728336105884171 -0.029102450956690024 4.957618209321369
2.812860349413688 4.167659322832118 0.0056384682680337235 -0.029465363998945893 4.90146243471419
5.947760186623785 6.172755147486974 0.007788922189130917 -0.028971239033421817 4.975028790928453
2.677435519975229 0.7466954042106909 0.007269213581392744 -0.029105987939049505 4.957132112204223
1.8195594067221244 3.88013060399927 0.006726445543267272 -0.02923619213155947 4.938526280897867
0.43580069221093914 4.787563089966422 0.006013068637869207 -0.029391206262354627 4.914191525455464
3.3901007213003007 1.6554609631341752 0.006267279149907647 -0.02933805058379191 4.922848502848819
5.404384426504937 1.5800099344289071 0.009378002799243805 -0.028496544764188083 5.030318056637906
0.09334975186136252 5.079556615071178 0.005953873375326749 -0.029403254782941552 4.912177892147552
5.605038777822579 3.8800497573429413 0.00965401246573838 -0.028404225800246128 5.04001941916778
1.812674252606199 4.758008131646031 0.007398466713348534 -0.02907340176676052 4.96157536676433
6.662932150871876 0.49793134029282105 0.008535952327128995 -0.028759998572131067 5.000906928289705
2.2542749171786483 0.11846366934888991 0.006819268478036584 -0.029214680854400182 4.941702379114965
1.2509532589755559 1.3524262360528454 0.005697037984205677 -0.02945409577981503 4.903450562137618
0.33002336541851124 1.8641978446191227 0.007323108286613603 -0.029092474714649683 4.958984212323617
0.4185982713551639 4.8923756412947785 0.007258113181901929 -0.029108758012644603 4.95675075180576
6.975859223839696 5.611446096352943 0.006904565084367737 -0.0291946395935235 4.944623027567781
2.167852242007341 2.9363278649372813 0.0037855595697104862 -0.029760200583063504 4.8389115910076805
3.756142089567777 5.7987756467193075 0.008144528898575271 -0.028873286079354948 4.987323895054437
5.267805912874645 3.717972470775189 0.008939558933030977 -0.028637113787581072 5.014970351942274
0.36678803927951287 3.4558368249328035 0.009297001876394215 -0.028523074099933942 5.02747689880573
2.8397142755463416 0.5945736818329688 0.0061887607240207814 -0.02935471411376404 4.92017293016279
3.796633358938641 1.3016516268305267 0.006605003571435831 -0.029263867273846767 4.934374428793251
4.3192410876036815 4.717438921537492 0.008571800153301647 -0.028749334638072197 5.002153606681844
6.310493721388406 2.847573115161187 0.007681981658447395 -0.028999778581900892 4.971339347003665
4.322798422634562 2.518819372071965 0.00841724420794604 -0.02879496483664807 4.996781899141029
6.8215987294702245 2.5866174898953194 0.008855920329633825 -0.02866308907140293 5.012051041370094
0.9803509254855143 1.5673482040753437 0.0073795820466035795 -0.029078200921264816 4.960925869064932
3.7215843155744737 3.929083261207689 0.008511355055228426 -0.028767287587185508 5.000051776863529
2.481791748733507 3.450610827984294 0.007121292505542756 -0.02914253237195595 4.952053158882081
0.6000212316365195 6.433572360224546 0.008176484366089464 -0.02886425303746997 4.988430816642719
6.418498553442369 3.981388468996085 0.006690625035851113 -0.029244410348469026 4.9373012421186
6.840989140162164 4.577259632683214 0.006259355706774583 -0.029339742093891494 4.922578436688408
3.2383248077127025 5.9936522073998875 0.006886903384114339 -0.029198810965138194 4.944018106997208
6.9927385696100925 1.9346742707371292 0.007441213744562465 -0.02906249022378734 4.96304595651694
4.082583542096432 0.7556191976699755 0.007976719645206146 -0.028920095845307674 4.981516697891477
2.1457186649109032 5.189981950098081 0.006602232659336964 -0.02926449254492523 4.934279742658004
1.0821954744342943 0.8937335507798619 0.0056840254286838615 -0.029456609698437382 4.903008789960403
3.9914295055464497 4.622635597220566 0.00705386229661106 -0.029158927049883862 4.949740003104031
3.3502373389364863 0.5868664246683585 0.004884393881464337 -0.029599707708197285 4.875930139590885
0.020919798388434545 2.650375865483422 0.008688543843970003 -0.028714268332510423 5.006216823188155
0.4737327958279393 2.5000381064023047 0.00851969595878601 -0.028764818455360455 5.00034173334428
3.7423016091612262 3.5338620440070434 0.00890133583967844 -0.028649017788909555 5.013635889773915
1.8999672430546364 6.716662370295434 0.006926745081460453 -0.02918938510103396 4.945382824314981
6.493858699235488 6.102753652087257 0.0064066590280993565 -0.029307929304160554 4.927601756730347
0.43612353756907946 5.840831499044856 0.006978559390317051 -0.029177040782708205 4.947158307204697
3.336777589126202 2.1107655763970237 0.006375179134658648 -0.02931479304039196 4.926527774180379
5.885551953884013 1.1589013417228333 0.007852984917122647 -0.028953939764588932 4.977240703026158
2.8586870283461243 4.038732420440338 0.007598656137695635 -0.029021723327553452 4.9684671199593655
6.1898287444121065 4.723112477607468 0.00721538993443593 -0.029119377536170662 4.95528330863944
2.6444597904938454 1.2549522548982703 0.005004867352320848 -0.029579575770887465 4.8800016084344175
4.811227497807075 1.151416565531841 0.008042381582704447 -0.028901904755191762 4.983787871790389
4.498995424455581 2.2185180634383745 0.008142231585436057 -0.028873934002991822 4.987244330596278
4.873671083833992 5.497642366373644 0.007710453040373178 -0.02899222161049753 4.9723212541475394
4.488564940928987 5.130190999693565 0.005602325366979431 -0.02947225730212226 4.9002359550658525
5.772472633352792 2.625398053919547 0.008869321649556637 -0.028658945086599157 5.012518621415899
6.400474248704606 4.956889459756642 0.008439489315550887 -0.028788452895088027 4.997554521099728
0.6032830355966975 4.869164647850206 0.005616857739734205 -0.02946949115834184 4.90072906471529
6.925501665638286 3.9995786743899844 0.007141667886863041 -0.029137545878020494 4.952752381707512
3.0080456893078704 2.896598582287054 0.006237578122846707 -0.029344379686089533 4.921836239914643
6.820626567461775 0.9723331283612429 0.00828320719569407 -0.02883380790934839 4.992130168272322
6.130574486568443 1.5252445533660752 0.006903549570771572 -0.029194879744980962 4.944588243462428
3.9433208700208655 0.20445229658635566 0.00894904857402299 -0.028634149710088777 5.015301744697581
5.139577342181123 3.737651558594548 0.009068869496535476 -0.02859642645602433 5.019489043007898
2.3017439912856057 1.6517415692117803 0.004652719858718444 -0.029637007236161462 4.86810820544887
5.310650735646119 1.9340852083563522 0.007315993554202538 -0.029094264697958373 4.958739664082989
6.196651333475526 3.894306076960374 0.007794711153717921 -0.028969682049171774 4.975228613936427
3.428222081257549 5.735887118129186 0.008620566817801201 -0.028734749481069514 5.003850307726933
4.310210037753118 3.768677762008756 0.009351847448435384 -0.02850513899810335 5.029400352203705
4.901391129336577 1.772866037886457 0.0073536225419922096 -0.029084776696923498 4.9600332220942756
4.115507346677435 3.366868601650966 0.009096519423329874 -0.02858764303647613 5.0204560929183
2.3354768660939826 1.3792087981509134 0.006459068847992421 -0.029296423495315835 4.9293903544510815
4.298636700841509 3.509692535074121 0.007920052773437103 -0.02893566595165854 4.979557796931974
6.937093610048215 0.9157822159314429 0.006347332617166288 -0.029320835060534293 4.925577958639869
3.851843684145229 3.9510335537249315 0.007651390760684548 -0.02900786478573201 4.970284627551157
6.607786614309649 1.2010235403100618 0.007543679110731203 -0.02903606215509117 4.966573247842991
4.341309812037746 5.240738012199352 0.008181868024126104 -0.028862727446237347 4.988617338022355
0.026581315391539455 1.4340839641696146 0.008584777073043752 -0.028745462295919722 5.002605018643057
5.979705736414587 3.1870456129598708 0.007151628198547076 -0.02913510278186343 4.953094233736417
0.007609323303298332 3.8228499818739645 0.00859904016266952 -0.028741198796862953 5.003101241212326
0.8255053766623843 2.033868151936942 0.008007359612317437 -0.028911627281061635 4.98257632269904
6.153602393142609 3.73886308846644 0.006492849691531077 -0.029288955305425027 4.930543571874486
6.662690576196614 6.925847666477815 0.007235084486724499 -0.02911449042092199 4.955959703741761
6.858628660734689 0.30887340407355796 0.007661367922825181 -0.029005231279048704 4.970628589956857
6.418430055694472 4.081197187604916 0.00851326794349503 -0.02876672155325073 5.000118272777666
6.347463159560077 2.7210976714348054 0.00860746164154622 -0.028738677841705078 5.00339426476453
0.2747574769925972 5.310148811951614 0.0056512605371825475 -0.029462913201869282 4.901896598737153
1.9891335613022314 6.889823023142257 0.006775819756827829 -0.029224788564213455 4.9402154144441575
3.416809735633815 4.139234455916766 0.008294030960071856 -0.02883069632238128 4.99250557301723
6.9203823137394975 3.675370595939125 0.00942492622928442 -0.02848105976912633 5.0319651395511595
6.024145086924774 0.21810458518200382 0.008688185381097025 -0.02871437679601791 5.00620433942253
0.3928601302598243 3.6655322649069655 0.006905788477996941 -0.029194350232487874 4.944664932510225
2.6918913936933717 1.386555945230785 0.005088217077081554 -0.02956535213685938 4.882820097611173
3.8338455481221723 2.073806878669721 0.006424748447619066 -0.029303969140456323 4.9282190177106395
0.027373952571235562 6.978034555310682 0.008319556796260657 -0.028823340797239187 4.993391056004934
5.576274769822074 2.146817306029722 0.008823696263891342 -0.028673025376520524 5.010927000696604
5.635550444565583 2.5291891501627535 0.007961351048464594 -0.0289243304068238 4.980985320976684
3.0681070382596056 2.8450034793797614 0.005799934684265053 -0.029434006823031402 4.906945210149422
3.3150203091647787 0.5394118840552252 0.006104334136975826 -0.02937238677302462 4.917297714883706
0.5043489434658348 4.8100692902186895 0.005967558789901426 -0.02940048030371392 4.912643352863863
0.3225658021338649 5.288337095947601 0.005410762071595648 -0.02950802693852271 4.893740136191644
0.026602361143916484 1.9105537132566361 0.0065811253421523275 -0.02926924647528324 4.933558540950303
3.428769284955567 1.6841356758601365 0.00649781821605276 -0.029287853428189865 4.9307132132263165
6.050216133439232 5.0655838479052315 0.006755473487685624 -0.029229498421238374 4.939519271547894
5.016172326489362 6.10456375778168 0.009290203615268987 -0.02852528907455353 5.027238565549007
1.1454175153386879 4.854151360805859 0.006880730926451033 -0.02920026612751638 4.943806718120959
5.753842388754485 0.8782077312944662 0.006864921622467188 -0.029203986904485873 4.943265343040309
2.999281540341304 0.6180517117429755 0.005479117407123614 -0.029495411040345833 4.896057130159765
3.9333481991419807 6.3167431157653064 0.009000039090955125 -0.028618163748942375 5.017083000348897
5.463579563887037 1.8770641429026476 0.008742135294686877 -0.028697997673868988 5.008083721636152
3.154267959455477 6.895495796871158 0.007557102286980386 -0.02903257145042643 4.967035568899183
6.314020500389903 1.8702201134546963 0.00792065048888643 -0.02893550234284698 4.979578453693084
6.898508693252921 5.628685343546966 0.0069723766107743735 -0.029178518886289043 4.946946406931454
5.281140259456954 1.3448179867970007 0.008358845843149987 -0.028811971403749068 4.994754422986153
6.388110467185228 1.557652635467664 0.006772967028676981 -0.029225449827649436 4.940117802245231
4.224947911507298 0.9011131440830147 0.008854165931798877 -0.028663631061890467 5.011989834385625
5.128548876797158 6.833880653660218 0.009645434660862947 -0.028407139775116812 5.039717444211769
3.409328431905785 2.8454043828399658 0.00836221282419475 -0.02881099437164349 4.9948712854556785
2.635252286674295 4.028821540766146 0.005563633762061072 -0.029479585807159064 4.898923304016385
6.948646668545499 1.948439701751469 0.008306411886495635 -0.02882713169172202 4.992935035127056
0.39438804093844154 1.7160684238727397 0.0067783958283595585 -0.029224191177756785 4.940303562142934
5.320713649900161 1.1115348374857081 0.007330951866035866 -0.02909049921774917 4.959253830008813
2.9326502913918464 1.7074043729571498 0.006815939931078969 -0.029215457601343902 4.941588446578024
2.707515102961946 4.641839581680427 0.006161638957472735 -0.029360419025581945 4.91924908776752
5.754955299900665 0.5863874632557177 0.006196311311674286 -0.029353121233163897 4.920430156053245
4.054077666394072 0.38881284531044846 0.006473751845908326 -0.029293182432736778 4.929891569551471
3.1629686609010426 3.6023490387060066 0.008596725078883647 -0.028741891342047986 5.003020692870926
2.2754882949157134 6.58067698793188 0.006906223015121752 -0.02919424744132656 4.944679816824701
5.269572182827703 1.1061132705777226 0.008049632005428539 -0.02889988623813562 4.98403874369458
3.0456367921667957 5.908913085667662 0.008266234869880325 -0.028838678213052252 4.991541592108369
4.104395113704154 3.3810301384426102 0.007445740259268852 -0.029061330870961553 4.96320171071933
5.6499452384108935 2.671325894057428 0.007439879053694533 -0.029062831927848965 4.963000031924412
2.814099667961854 6.3895143299526245 0.008072598859626688 -0.028893479327549907 4.984833535718347
6.759965490664536 1.219970646672054 0.007676780900997694 -0.02900115575279849 4.971160013429287
4.646294984258346 6.590759237898267 0.007444864745374837 -0.029061555170414997 4.963171584414407
2.5977390911032017 2.8537743890581266 0.007078966821549026 -0.02915284254990254 4.950601047917428
2.8993782270648065 0.9766972389623736 0.0062586417981858695 -0.02933989439043707 4.922554104274935
6.563426186642585 2.6884274800015513 0.006792163837074218 -0.029220994343285806 4.940774704747316
5.373051989493458 1.8228394331847124 0.008077203296447696 -0.02889219249049567 4.984992898296176
0.3557198786826764 1.0618400636654943 0.008545122415665601 -0.028757275303847706 5.001225792096731
6.131087022552152 0.15053598354760342 0.008705831608093738 -0.028709031610479583 5.006818939876629
1.7602240428595868 1.464429428679902 0.004965491250190603 -0.02958621125869753 4.878670565671576
0.20148551739122797 6.138569427295303 0.006523077484464207 -0.02928223796316935 4.931575744468642
6.202512057809801 1.8976226155426204 0.006531914562935297 -0.02928026796568832 4.931877544340893
3.846136448274461 2.4851235772551865 0.009002069698077549 -0.02861752507032979 5.017153956326312
2.7240679903386753 4.5165278189156695 0.006539088543328004 -0.029278666653768857 4.932122561788818
6.580360921656804 0.7043945230127416 0.007847827971117735 -0.028955337955819855 4.977062598715613
2.8145190851314577 2.096821257164582 0.005493401842103483 -0.029492753960950715 4.8965414454355605
0.7978811737969252 0.8710331109670002 0.005832284111661987 -0.029427613937267408 4.908044378800305
0.21389226531861924 6.895690972047256 0.007347617626132791 -0.029086294284768256 4.959826764976098
6.298852738015206 5.913911377080586 0.006279206646017909 -0.02933550006215344 4.923255074321472
0.9407261714147513 1.2134575658699218 0.008119335450964537 -0.028880380742550997 4.986451450155297
4.253041420740838 2.8900697437330334 0.008129508100940203 -0.02887751890375535 4.986803701533299
3.457240235845209 2.2562309650592485 0.008301928181257676 -0.028828423274144557 4.99277950092982
0.49794722682306397 3.529425594573876 0.007185543678089019 -0.029126756806247326 4.954258476551555
6.13315270469107 2.4540720871993984 0.008041640217666396 -0.028902111040711373 4.983762220803072
6.1786161285747205 6.026415363682767 0.006329163482425151 -0.02932476239652652 4.924958333810465
0.8290867936461261 0.7080319309266492 0.007939818616224233 -0.02893024853577064 4.980240957033857
1.6885394393505455 6.911490525828629 0.006791321973819203 -0.02922119001423317 4.940745894624484
0.6286726177903248 6.756004050406789 0.008339830334391894 -0.028817481326333095 4.9940944997293055
3.2793723928683236 6.163764837959853 0.006985546277374341 -0.029175368775846887 4.947397779304539
2.472917240811908 4.006974589105906 0.005563234749883763 -0.02947966110927474 4.898909768830704
2.641945436197704 1.4487089881985888 0.0065800481940002245 -0.029269488648841036 4.933521739739969
6.469460252903945 0.7361322305058418 0.007583656035141278 -0.02902564661020776 4.967950297156315
4.465962292563345 6.011160472573106 0.008093728324688078 -0.028887567599334873 4.985564898863992
1.6160765141762068 0.5046102236994386 0.005356115578561249 -0.029517994950692253 4.891888529877254
6.267210792886256 1.929501453933431 0.008540464419922435 -0.028758659000239193 5.001063819739354
5.704226922652132 6.756284596451903 0.0073118238421171974 -0.02909531288888034 4.958596349343439
3.0588054975803627 1.5623819850609404 0.007700759506613586 -0.028994797861363 4.971986919541016
6.489884168379513 3.8348757015606214 0.0068124469615431045 -0.029216272287822108 4.941468889291655
2.2855539814789934 2.2573949091795638 0.004568794589962399 -0.029650060977926003 4.865277058110124
3.5247743776836566 5.988729616770202 0.00696055796715087 -0.02918134048987353 4.946541380477029
6.89630658088424 3.450141981717135 0.009333417380795 -0.02851117886015718 5.028753868260484
6.964731834959616 2.601013489297545 0.008564268533765898 -0.028751579165004957 5.0018916414713965
2.832458140190775 0.6063813224347497 0.006902680881470076 -0.02919508514542452 4.944558488715939
4.056793373671865 5.718345813721078 0.006509971024109291 -0.029285154554232036 4.931128175964299
1.870885325804942 5.483917432563362 0.006196161419024838 -0.0293531528744254 4.920425049524114
4.050442541782364 1.726593240282489 0.008211468827500219 -0.028854319948579486 4.98964305926469
4.004330566798621 5.749593284722961 0.007554350433620629 -0.029033287611396265 4.966940785031273
6.8115184399990225 1.3776206674637235 0.008016860634596402 -0.02890899419844036 4.982904960543129
3.9454814219235748 2.422501518809606 0.008598114479493537 -0.028741475734511676 5.003069033832157
2.8346738502723614 6.178882382641335 0.007834997757633508 -0.028958812305373952 4.976619521739901
0.49778912446824886 1.4766128845642648 0.00769951245209096 -0.02899512903920409 4.971943910191321
3.6531073559732965 6.753598949142333 0.0066471830342132296 -0.029254315198098003 4.935816013397932
4.3126238752301855 6.13933529964192 0.006636300685382549 -0.0292567857635317 4.935444037874438
6.845046830366843 0.476128437895764 0.007320858954823308 -0.0290930408201615 4.958906896456653
3.6550731443036524 3.4937907483728647 0.008733655750125843 -0.028700579388547084 5.007788259799524
2.104371961192485 0.959596613826356 0.00588799888541528 -0.029416516944148034 4.909938017342329
0.9321336967347349 1.5582086627633756 0.007774781881078999 -0.028975036957727 4.974540742040777
1.6372339826632984 0.7168948558708857 0.005862072231015731 -0.029421694532408463 4.909056731114523
3.7557328438888256 1.5937612613221224 0.00884508304559093 -0.028666435179781246 5.011672971464391
0.9506843406621037 6.2354515227829985 0.006474407717443004 -0.02929303747835506 4.9299139595106
1.2387491910548747 3.247656857828021 0.0080002914226551 -0.028913583955514594 4.9823318552954285
5.262372751001587 1.376740302766 0.008850150166135719 -0.028664871219610387 5.011849737732241
2.9359718001411226 5.792520113457326 0.006375804812131101 -0.029314656965374945 4.926549117633963
2.118413185333547 3.849856222691348 0.007509210860448978 -0.02904499530475629 4.965386346373103
2.3435183771609687 0.8458896289731683 0.005031797794906515 -0.02957500652495573 4.880912119156663
6.0572295566121035 1.1934975386307074 0.007210825990790061 -0.029120508040392193 4.955126579497843
1.0016373944820263 2.4597010350101702 0.006827015296508145 -0.029212871514817638 4.9419675560088105
4.858783811230832 3.9647616083157105 0.010887231148165246 -0.027954752689416166 5.0837754257659125
6.492552766691083 5.889151820860567 0.006398155877550906 -0.02930978678473388 4.927311634526475
2.0395370864251587 4.704903887562804 0.005773773486703053 -0.029439149779235216 4.906056479279535
2.265885044132954 6.89479668897949 0.005182525693600904 -0.029548966605199012 4.88601081480172
1.7939709771868417 0.30001073024140545 0.005618473074306844 -0.02946918323118727 4.900783878794126
6.876152198093733 0.0542868805717949 0.0062584284007382975 -0.02933993991051843 4.922546830994426
6.555510740667841 1.0491593715214091 0.00781627196102896 -0.028963872196777013 4.975972942731587
6.827509696943773 4.801367586581576 0.005935647718650886 -0.02940693942184522 4.911558079329763
0.15162233700773275 0.02117941571088009 0.008828079846441033 -0.028671676027481573 5.01107988605249
5.840379163228232 6.625104963924557 0.006961502596645931 -0.029181115153415437 4.946573751613047
6.0975486175073215 3.3101140255621697 0.007842397560755901 -0.028956809225103682 4.976875059119509
1.0301619579520545 0.5637847451307653 0.0057467299234237185 -0.029444440819740937 4.90513793606222
5.644244107767974 4.149995816577594E-4 0.007797729328090231 -0.02896886979717782 4.9753327992939615
6.711371625805685 1.9675606264092302 0.008455913260139601 -0.028783633039228998 4.998125073438648
5.575110870039823 1.8095040651731624 0.00820401334870009 -0.02885644061512699 4.989384685308574
6.291614503199576 0.6332427922473843 0.005914109270282655 -0.029411278645090504 4.9108257059898905
0.7459290332551355 5.202746768092844 0.006776320635511891 -0.029224672430067298 4.940232553308247
2.718637432554551 2.044187295782032 0.005962371385929985 -0.029401532739914145 4.912466916592739
6.177797609008134 2.4727748935857923 0.008140621362901697 -0.028874388025131693 4.987188563693366
4.785623977238096 3.2680295553816254 0.01009970833278212 -0.02824882106553708 5.0557533186531725
0.354256772660973 1.1063757848229308 0.008785855312455577 -0.028684643041679916 5.009607527747678
0.9766248110890368 6.174945844876957 0.006834704199610258 -0.029211073559590888 4.942230766685459
6.701545386849971 0.9924965658198359 0.006991804760908627 -0.02917386957853441 4.947612297392068
0.6298178829763702 4.481196028944632 0.007550370045084865 -0.029034323001962438 4.966803690066026
6.683858773430416 1.4810970252665567 0.007937734625561204 -0.028930820399950062 4.980168922738589
5.857445026057977 5.125499363501622 0.006801635453516682 -0.029218791131007883 4.941098854341044
6.3984402269909175 0.3045357060187023 0.006614687651184371 -0.029261679843735372 4.934705363919434
6.905273675408784 5.361878339471471 0.007485653166591026 -0.02905107565425944 4.964575355468627
4.3570894365667945 1.412933977400453 0.00698637056136094 -0.029175171402741562 4.947426032135927
2.279051206727557 1.0903774703553213 0.005401378229570358 -0.02950974607178319 4.89342213564816
0.5155449049161097 3.1272948424101705 0.008484252350600229 -0.028775292562393424 4.999109771741285
1.8419785949396184 1.4501465396844138 0.005907255446792511 -0.02941265600190401 4.910592677597612
5.3483838934791335 2.0305158949954536 0.00882869095393507 -0.028671487858845154 5.011101200101196
4.956457831752542 2.86936891540852 0.00768129459884348 -0.028999960573865922 4.971315655186637
0.7987311884897564 4.746611396382914 0.0065409970217116436 -0.02927824034948069 4.932187745504305
2.7141559778695705 1.7992777031103406 0.006773497697707951 -0.029225326840587172 4.940135960054629
2.141744651116153 3.1263499689965877 0.006182218759677842 -0.029356092573901715 4.919950076324292
2.406670348310527 0.8161209921485856 0.0066223837884201294 -0.02925993904571351 4.934968382521361
6.601534730792904 3.0564037632190124 0.007958423212833708 -0.028925136126999117 4.9808840984139255
0.031291343892747785 2.382531851203576 0.0072010590772870935 -0.02912292478727748 4.954791197019949
6.461159350982061 0.472474344913051 0.00771069719548597 -0.028992156676582802 4.972329675557582
0.519419129069616 3.4720161206307822 0.00785625216451209 -0.028953053412854386 4.977353547682967
3.0101570755422835 6.300530386183473 0.007057461863273564 -0.029158056040285662 4.949863451419332
5.561394531736318 4.2711438402962845 0.008433748719469036 -0.028790135160100486 4.997355120723417
3.9240931731210633 6.860976171240463 0.009447740554256557 -0.028473499932734927 5.032766280807324
6.982006680505564 3.3378936908915677 0.008424590062134496 -0.02879281650490248 4.997037017639345
2.120979334863633 6.4622888484312595 0.005275818394572497 -0.029532452323968804 4.889168918487233
2.6415046011584504 5.75480504710577 0.006916371410219296 -0.029191844863178846 4.945027447385158
0.2689482110857156 0.17716625116758866 0.006986350537761304 -0.029175176197643128 4.947425345812693
5.289722775576298 6.772715197307815 0.008067787138215663 -0.028894823250756214 4.984667006466397
5.957535912305692 5.997476421528576 0.007890335517970977 -0.028943783536604983 4.97853092977558
0.22924535290388898 0.6880794807050631 0.006604678532008858 -0.02926394063500029 4.934363321613994