300

0.24849359471562008 2.9375793474835215 0.006174966221455826 -0.029357618979813052 4.91970302881211
4.90531642390803 6.388433441263132 0.009248799443619386 -0.02853874049168438 5.025787417962743
3.5870671672175707 2.550893076538297 0.007023210393043409 -0.0291663250303333 4.948688935182246
4.929653561354321 2.200873901366444 0.0073402906142788025 -0.02908814421199693 4.959574866994628
1.8516718465207829 5.110001426004891 0.008787630105308983 -0.028684099378092163 5.009669400913377
0.4383665692833782 1.8984189502087898 0.005357762878946816 -0.02951769599635072 4.8919443368089155
1.5039910274058657 2.9176543265263595 0.006103234554440418 -0.029372615272962747 4.91726027910204
1.2463303679860873 3.100310706079887 0.0066133201405612916 -0.029261988939893447 4.934658630327667
4.830232611101736 5.9192326008554135 0.008036358184376105 -0.028903580178455596 4.983579469480004
2.0362878924787338 4.14978472518656 0.005934071959399094 -0.029407257437249625 4.911504495013881
1.7368826000160082 2.554040378130777 0.007909285890792988 -0.028938610828747515 4.979185718588404
2.7798929998612167 6.048857165691323 0.01023809900794753 -0.0281989597095968 5.060656625603221
4.581677811024047 0.2748906240154244 0.006915591080637268 -0.02919202973425127 4.9450007163883765
0.6785120377319364 4.3659344157166435 0.0070672799452481585 -0.02915567790629285 4.950200184508343
5.324683812966429 4.944779287083027 0.004153549198324697 -0.029711075865022057 4.851286806548235
5.241648103086153 4.619151988781374 0.0038992813641662827 -0.029745514028892917 4.842733800580252
1.8469960483186698 2.11779854753335 0.006670975673038921 -0.02924889884371244 4.93662939221493
3.407555112005648 1.912180557823599 0.007681078186575214 -0.029000017894679278 4.971308192691858
2.7071252261912586 3.5633197619516555 0.006056528172473109 -0.029382281505969537 4.9156704074593485
0.6385408188530236 2.7339420138658825 0.0050406320286634065 -0.02957350213876626 4.881210832814565
2.099880327299914 6.966724310690045 0.010127610694310731 -0.028238829678732844 5.0567412287146345
2.4203678633679835 6.9860827000534655 0.0066796827078704464 -0.029246911613402475 4.936927089937183
4.412884161018976 4.295477246424069 0.004843203429894546 -0.029606475314306796 4.874538715830007
4.002389360458117 0.12452907882499066 0.00867057716437382 -0.028719698668973517 5.00559117673021
2.0654284558292257 6.714831192935577 0.00774056918759266 -0.028984195497755168 4.973360164311805
6.659203910515719 2.3966959047364367 0.005293901573034713 -0.02952921614494737 4.889781267523958
5.379730396142813 4.766233530408922 0.006181660501248653 -0.02935621013426805 4.919931059579813
6.9290456304833965 2.196902548204333 0.006516693437182005 -0.029283659379349927 4.931357732022949
1.228554735477963 3.8242327870571584 0.006040935270060035 -0.029385491336081905 4.915139745795887
1.4209224136169543 3.6601579806085995 0.007757899949422387 -0.028979561562845497 4.973958150439417
4.545333724567897 2.0007361054450383 0.00681004649948674 -0.029216831906879095 4.9413867282602295
6.429739761409846 5.0601889622575795 0.004990784680421633 -0.029581955112427387 4.879525533139442
1.4997653599105576 2.616514411685609 0.00670579511251827 -0.029240935551191345 4.9378200071560165
2.1568656273174893 3.9850218665381054 0.005769245422927496 -0.02944003748723887 4.905902670642668
4.515886177720138 4.248420076994756 0.005570886878289603 -0.029478216014360514 4.899169348338522
1.9691708614904333 2.5443215642941817 0.005668460087778109 -0.029459608962667284 4.902480400973555
3.486502264326332 2.7051469140953324 0.007414695696562016 -0.02906926706553477 4.96213361368068
5.168187972092644 1.850699657873784 0.007869894092929835 -0.028949348299505257 4.977824751908074
1.2943268381784125 6.465211410852853 0.010094848850504328 -0.02825055798892247 5.055581299691296
1.8310008519406036 5.320149278427329 0.00830988812372159 -0.028826129802164407 4.993055626300276
6.567450203356456 0.7953491363790868 0.006485759026868552 -0.029290526281468433 4.930301484903559
4.549546259850731 5.158026012374087 0.005226191678672874 -0.02954127486310925 4.887488756879416
2.0019036958605807 2.0285638677018065 0.005324072016609119 -0.029523791375125917 4.890803076309534
0.27859695502682313 5.7792209193279716 0.007420847566660481 -0.0290676972151629 4.962345247368528
3.0476075646154164 2.3653389464264087 0.006361971969249608 -0.02931766212818618 4.926077267199298
3.6028878921725527 6.925884693284837 0.008897878500215119 -0.02865009176591603 5.013515212873838
2.538011709216878 2.170684370717393 0.006765513706244787 -0.02922717612583559 4.9398627812852585
4.1781803553405865 0.9924867377827051 0.00578744698524353 -0.02943646475704913 4.90652096694229
4.570418018916004 3.868447364753691 0.005049817778662716 -0.029571935012817505 4.881521448489005
1.8034157773072332 6.581177187059999 0.00986384726234784 -0.028332040469847435 5.0474162344212745
4.429881797005685 4.95859548786533 0.005986611239935275 -0.029396606706589123 4.913291427465371
0.5235015950528454 6.952764986035001 0.008394787561533532 -0.028801519782760108 4.996002106922008
4.216077343434609 1.5176332712204716 0.005907830368561598 -0.029412540528425988 4.910612224383785
3.4430407103137313 4.673747138880706 0.006299365407197938 -0.029331177873835854 4.923942304657187
2.0244322418855916 5.5720702218934655 0.00906768637125332 -0.028596801637116462 5.019447670092906
4.955250533539235 2.4323870315942733 0.005445156825859044 -0.029501699394133222 4.894905867758487
0.006870659499113788 2.3674149065940933 0.006341726842630105 -0.029322048029656197 4.925386775184223
1.6755396336006974 5.862161390094191 0.007537089061431785 -0.029037773476629457 4.9663462936837055
0.2198678370763258 4.671124459885778 0.0053056194322851045 -0.02952711300550324 4.890178104214121
3.3872586016879915 5.5396270637532385 0.008195819803972854 -0.028858768818866933 4.989100755136525
1.182348091690674 1.2649287675321657 0.006218595209604302 -0.02934840836602705 4.921189383181115
3.7820178129905404 0.886653010613866 0.007209083384465635 -0.029120939489580715 4.955066738735026
2.757400230827418 2.1151362641196623 0.00782515878409202 -0.02896147251097132 4.9762797798523035
1.8935236534573066 2.641461640908802 0.007716603139478604 -0.02899058529915857 4.972533389413497
1.9917150074138288 5.672331910420264 0.00788419667208345 -0.028945456341814828 4.97831884041744
1.5594386938615525 6.394495450666979 0.010090200153914545 -0.02825221868905065 5.055416752146818
3.7860470322976587 3.7280701964062803 0.0047599164665166555 -0.029619979662919817 4.871726225752416
5.22017930717527 6.5531562599528215 0.008207824142661952 -0.02885535691761818 4.989516748218385
6.86555526776582 4.505191849274632 0.004929954532292568 -0.02959215349226088 4.877469562102922
2.020760445516333 4.256336070087279 0.007458556470900357 -0.029058044245447598 4.963642741318785
4.367346390793293 1.3628805888062365 0.007634181760239548 -0.029012398536688168 4.969691421007274
5.367926697960272 2.0809066636616964 0.007657810883358802 -0.029006170593077456 4.970505957531261
5.86546183229168 5.49191892016396 0.007860650823744196 -0.02895185950206255 4.977505474661257
0.9280916595999373 3.638488740051468 0.007578406872936665 -0.02902701757446373 4.967769455768101
5.882854005034325 3.2961358256074726 0.007312528441513692 -0.029095135809823147 4.958620566355413
1.4137992631513323 3.3709660674293462 0.007146735857300022 -0.029136303241591614 4.952926318061495
2.5139299409502747 2.336997345312824 0.005615134269776352 -0.02946981959789342 4.9006705818475655
5.353995572346769 4.724673970794395 0.0050311369161770625 -0.029575118957168713 4.880889773346775
4.100637115215287 4.242147795028408 0.006524043456033295 -0.029282022761137744 4.931608732900735
2.1311915128045604 0.2028022527584207 0.009350045114690014 -0.028505730237151642 5.0293371244799765
1.0520105638314952 4.776643416782123 0.00854580090857394 -0.028757073683374264 5.001249385962271
1.439425430314327 5.3634463894477555 0.007322866145799208 -0.02909253566485238 4.958975889189778
4.728385810083066 6.754837823119052 0.008109048923940473 -0.02888327068649151 4.98609529099081
1.554759331967468 2.711555692629687 0.008010170916266808 -0.028910848515603847 4.98267356184034
5.621795927097188 1.5282670974887718 0.00596939421448652 -0.029400107698987342 4.912705781647208
3.735092725814666 5.974616234526466 0.008798869115394518 -0.028680653798164302 5.010061244661303
2.6221731766594547 1.6650101637469956 0.007605994024877285 -0.02901980108294216 4.968719969525846
5.553674668622728 5.400711259524222 0.0063033396188072995 -0.029330324063159857 4.924077801072112
4.883704253149285 1.356773906079881 0.0056551667792262405 -0.029462163679864654 4.902029182086881
1.6181178086487047 3.4365605694099295 0.005678213144327925 -0.029457730657462083 4.902811476902089
2.0521164124799647 3.282014828776083 0.00755936674067106 -0.02903198192476766 4.9671135666984565
5.367110397262908 4.3283658322463845 0.004950685775905957 -0.029588692271681125 4.878170168608213
3.427284244948999 0.485529444846395 0.008118455815672132 -0.028880628025875394 4.98642099240149
1.0837956506260036 6.886364936689868 0.00906323205751898 -0.02859821366224751 5.019291911284135
1.9923593422550745 6.615960520945931 0.008059967596338693 -0.02889700542177286 4.984396395827874
4.902752862638817 2.888159014159829 0.005094458618903979 -0.029564277284930794 4.883031211459181
0.43475616990658933 1.9328327947600528 0.007293630556044732 -0.029099878922633517 4.957971098874682
4.464177613747254 4.8264099522027335 0.005933968886335112 -0.029407278236110307 4.911500989993811
0.8367745575352583 5.521592490899044 0.006946874662170828 -0.029184600946870747 4.94607250070254
4.212331690515359 2.03296845514113 0.0062912453823968486 -0.029332920610441612 4.923665473513131
6.3967126254030875 1.9358103258295651 0.006220951379996394 -0.029347909021388917 4.92126966659567
6.060244706031991 2.995250710104169 0.006041113975131565 -0.02938545459814209 4.915145827204606
6.359546393359434 6.258212340594429 0.009526345704616935 -0.028447297543283904 5.035528192230852
5.951648104727695 5.886275824808074 0.0077129414740529645 -0.028991559699640748 4.972407086206851
0.36010269966812264 3.408792568297295 0.008304146620525431 -0.028827784321810372 4.992856454977239
1.0047624060362226 5.744228991609491 0.009756712505354863 -0.028369112800506326 5.0436373120071405
2.148338104397332 5.6423799557923315 0.008081286477275471 -0.028891050670963914 4.98513422580213
1.553795613391517 4.7930713842732775 0.007989544429934353 -0.028916555462262527 4.981960180846595
4.610199266908983 3.6844757948280997 0.006813390651247572 -0.029216052228757602 4.941501189553956
1.362191076030118 1.7439463442134 0.005835585107356809 -0.029426959517673507 4.90815655345378
0.7077233946716918 2.306423705576057 0.007516813459683904 -0.029043028688694208 4.965648107702508
5.487646299731651 0.9791368923647917 0.007085379659620092 -0.02915128462142006 4.950821026788781
6.750486908599513 4.528465806443461 0.005781634150811928 -0.02943760701120533 4.90632350023961
3.8403570169885968 2.422242002254064 0.005937021231720001 -0.02940666215152794 4.911604786657052
6.9074295841035465 2.720475224014622 0.005163043325220081 -0.02955237695384079 4.885351528007142
0.8092179581026894 4.68420389972584 0.008461706197311668 -0.02878193058553191 4.998326337416199
4.905332862967603 6.493686903140456 0.008808589304296129 -0.028677669962328525 5.010400173283037
5.936339866142877 4.562923539070725 0.005351772574900745 -0.029518782669794165 4.891741401127084
6.491016875571369 2.5567323108020763 0.007410677892516479 -0.02907029159078676 4.961995401278248
5.6920268125705125 4.149165331679675 0.005396263208790798 -0.029510681852194652 4.8932488051269605
3.881637864336049 2.1514719583781363 0.004715428147549301 -0.029627094649750923 4.870224436470092
5.935350591152228 4.307837066421219 0.0058394994802338125 -0.029426182997805694 4.908289575165244
1.4690592399776523 1.684972087691408 0.007449843161208149 -0.02906027936674732 4.963342894073188
5.482760620454106 4.746976088975511 0.0036108595997645624 -0.029781902104311406 4.833043492275836
1.1683794721079255 1.9776083803059579 0.0052829437788606695 -0.029531178524220755 4.889410196720599
5.810021240154208 5.998181839235561 0.007235829204915333 -0.029114305344920977 4.955985282776361
1.5773924012000426 2.2079962550583123 0.005258409316019689 -0.02953555707050736 4.888579459718359
0.5780309212629953 3.973290064259925 0.0061753452489989305 -0.029357539254093935 4.919715939534129
1.6614419107476681 4.6229871043906785 0.00847076688031639 -0.028779265252249487 4.998641156550791
2.378960926198966 2.8082847602804977 0.005683795839674348 -0.02945665399961273 4.903000995823901
0.7621554835804607 4.5276880926211565 0.007498003686167698 -0.029047890469399245 4.965000510001131
1.1999084334828536 0.6970535503996335 0.007131243341516899 -0.029140098977252477 4.952394627194239
1.4071403259824151 1.0824228641895477 0.007307738105563801 -0.029096339353610973 4.958455925884429
1.040031545511742 4.873228871913308 0.008283819274997216 -0.02883363206776393 4.992151396171579
0.9272367718157174 3.502717693965828 0.00719827742834012 -0.029123612448744216 4.954695684082122
1.8289677657132142 6.085690169816423 0.009428299884034923 -0.028479943140685988 5.032083594443954
3.5059044411202587 0.6561778552632858 0.006650489551990116 -0.02925356369263188 4.93592904151777
5.041594081137729 4.932557531948067 0.004728720849449269 -0.02962497593463974 4.870673119580939
1.5441259959528981 4.467654084995049 0.007383763052352271 -0.02907713952896188 4.961069656572979
0.5418278239045041 0.9842395854881055 0.007480185900906707 -0.029052483867784463 4.964387165081906
2.033761662369877 4.462839951790697 0.008399317550371908 -0.028800199039034684 4.996159393507259
4.230507285474049 2.157166017852687 0.005535780397147277 -0.029484828902243267 4.897978552407153
5.4110259140672445 2.8549889011100964 0.0060354915362068615 -0.029386609908534454 4.914954496886207
1.5468858147116282 0.7447190540712824 0.007116124031969737 -0.0291437948586251 4.951875811164184
0.17465757466557144 2.9329441041841786 0.007892302464678036 -0.028943247257452592 4.978598887889144
0.2380660284268682 3.316855335551206 0.005949317672040779 -0.029404176901201354 4.912022955836055
4.679417509907672 3.6348958625810384 0.007549028311359852 -0.02903467188645822 4.966757478357787
4.85020125238179 1.3098020264424928 0.007605103869067322 -0.029020034375250095 4.968689295565355
2.061559858200467 5.58663279783474 0.009319480584888943 -0.02851573743791098 5.028265088696962
1.8901106682833029 6.067016167067607 0.008067076181370774 -0.02889502174915188 4.984642401560644
1.5758516466730017 2.684331633361528 0.006938608407578419 -0.029186567344692695 4.9457892699645205
4.998450747388407 2.462189025583988 0.0075006676317421654 -0.029047202706596983 4.9650922198315826
0.6791777890344652 5.860454960427436 0.008047154346279868 -0.028900576238669515 4.983953012230124
6.546365494756969 6.8740859286915885 0.006963341015740252 -0.02918067651543585 4.94663675238945
2.728716662827849 5.637841595930642 0.00901138836917001 -0.028614592075722266 5.017479601138169
0.31962995318555965 1.6565212284721238 0.005183552999486089 -0.029548786409961385 4.8860455811281085
4.548135909616888 1.3917524236818113 0.0077207328924806355 -0.02898948574229918 4.972675843636849
5.448084143914758 0.0833415599752093 0.00743918281438139 -0.029063010151293905 4.962976075649949
0.07612480007505272 2.6671219913118973 0.006368613159728572 -0.029316220193294565 4.926303798010072
4.683358081258494 0.6651770982331823 0.00833790149597678 -0.02881803946564353 4.994027567449077
0.9143915191081325 2.6566847741264765 0.004886302996427518 -0.02959939261246932 4.875994637698193
1.474175395979523 6.409143444359818 0.00769976616854538 -0.0289950616648719 4.971952660514482
6.886019797308255 2.1327070771251657 0.005042926546096505 -0.029573110959969617 4.881288420264183
0.948658759601566 2.334138274920785 0.005167105173694071 -0.029551667027834214 4.885488975403089
5.757372406686933 1.6718745199271767 0.006349335442185486 -0.02932040142021605 4.9256462663747875
6.682268368962881 0.6097638360352662 0.006586662885111323 -0.0292680008206556 4.933747738194733
4.983248123498021 3.6256520322107106 0.007422406692146298 -0.02906729913315618 4.962398885472369
4.234356899687664 4.81535361835267 0.005800916417451941 -0.02943381335671164 4.906978563964249
1.5116061884036167 2.7251220680471206 0.007328775782301703 -0.029091047515219317 4.95917902678149
1.947580612559741 2.4906184047160007 0.006299149913091863 -0.029331224154003438 4.92393495773314
6.865633045311859 1.885506566616141 0.005523551815917053 -0.02948712219489856 4.897563827073245
4.512417096692688 2.4879476059133974 0.006605232870910636 -0.02926381551884582 4.934382264383654
4.3139556475072505 5.430830821111097 0.005581081591155678 -0.02947628755920364 4.899515198516083
0.29471298312799105 1.3582210137736965 0.005603856067079854 -0.02947196629306318 4.900287892304371
5.593574759665678 1.1628282852845422 0.006941886981587237 -0.029185787725104655 4.945901603071569
4.760367901809344 4.3881998369075275 0.00499553460072711 -0.029581153359072028 4.879686103481941
3.764969885276018 0.34071653103473876 0.00887280678764912 -0.02865786627976772 5.0126402310450855
6.815623603991844 1.8799309131314106 0.0073970735366903255 -0.029073756260462727 4.961527447770342
4.53193472543476 6.670009643286362 0.00749555699265655 -0.029048521913684996 4.964916281271359
5.724120225503968 4.174474190213779 0.003951116004271912 -0.029738673176871667 4.84447660415278
0.2400615669176742 3.4562851212102057 0.00870233833098817 -0.02871009069252506 5.006697263439889
4.332968150765264 0.1579218304460175 0.008551562919777987 -0.0287553607459388 5.001449760411447
1.3252563338393675 1.9981078836482329 0.006492086911322579 -0.029289124390050207 4.930517528678381
6.125798451138143 0.34845395501333615 0.006374845730204228 -0.029314865544909068 4.926516400944973
4.221785070688818 3.647294979494726 0.00594934921812494 -0.029404170518496114 4.912024028679811
4.469781248268112 1.7553446206292926 0.005130716089587695 -0.02955800657026867 4.884257736003704
1.1705712683352572 3.4766201148283273 0.007956978645582504 -0.028925533544495664 4.9808341571683314
6.957162363530124 2.605571854403189 0.0070303480770921405 -0.029164605361892464 4.94893366585824
1.9118274592785054 1.8374754103241024 0.006152345250486429 -0.029362367886783536 4.918932559639433
0.6868526899799922 0.9259951033727205 0.006653408082655072 -0.02925290004231478 4.9360288093203755
3.318485569507888 2.2401668870513567 0.0068817023190226685 -0.0292000372121742 4.943839984817054
1.735053644646053 6.908649884689463 0.009545463556123738 -0.028440888268454513 5.036200312479171
0.7889891664220656 2.680942236740279 0.0060977823000182285 -0.02937374765026731 4.917074658950077
5.425846508092377 3.2669421660373317 0.006015292609265882 -0.029390751178302862 4.914267193959626
4.330509989328121 5.306068718725884 0.0058450123697987915 -0.029425088451810966 4.9084769250529545
1.1209774865240516 1.4762109760041688 0.005350978967506287 -0.02951892654026066 4.891714516364615
4.389765693503711 2.8766778244482643 0.0060166439122132775 -0.029390474579931963 4.9143131713250074
2.3410200563588184 1.6430485550642506 0.007918450761956844 -0.028936104394518367 4.979502432754577
1.7569403025467667 0.6687504967898497 0.007766676947523191 -0.02897721051434751 4.974261031283851
0.8852317552326516 6.697766521312426 0.00804299748807894 -0.028901733363359987 4.9838091820537045
2.4737361055704854 1.9831992083008463 0.005685991212229926 -0.02945623030760121 4.903075525278039
5.8027333596203095 3.6658991591780588 0.00730381168268333 -0.029097325219062636 4.9583209825739045
5.000794185003621 3.0283202626437244 0.006436585256054139 -0.02930137147373048 4.928622967526477
2.1438361052833668 4.3280244304438105 0.005827081228243297 -0.02942864462321455 4.907867579135074
0.7420468237947659 3.243099692527369 0.008365059845293454 -0.02881016788886623 4.994970104048872
0.7651230451731657 6.8097856945756945 0.009047107713061857 -0.028603318724026702 5.018728138134803
2.3780209696150187 1.481393075788861 0.0058793578291346585 -0.02941824521478113 4.909644277522488
3.2408176774848454 0.6869710401745002 0.008893463580048585 -0.028651462537719594 5.013361118618928
2.1728970146174995 0.5294614085282859 0.006568797930478629 -0.029272015539565082 4.933137388038076
4.763503542069509 6.923551631119447 0.0071306529957257826 -0.029140243441923182 4.952374368363676
4.086814161362437 4.797066609412036 0.005760790136543923 -0.029441693174861703 4.905615475065011
4.209939471898113 2.2268833734381666 0.005351407802675701 -0.029518848800884186 4.891729043848652
1.032295972819313 1.5131846770921873 0.005398611684712636 -0.029510252318095898 4.893328386243512
5.930113949080309 6.766193844096248 0.00915445248345779 -0.028569144189634268 5.022483255153981
3.158690532281391 1.2767805314886271 0.007585914560110087 -0.02902505642176617 4.968028109304996
0.8374081816971671 2.708580252317915 0.005270175283654176 -0.029533459879932125 4.888977840056693
0.24044575548349528 0.5268667095957064 0.0076552905620046775 -0.029006835856592184 4.970419069383006
4.620833285812806 2.339028839267547 0.006454549615741711 -0.029297419498275412 4.929236098235382
1.1216577120591475 4.62898312301234 0.006575602207434017 -0.029270487792477748 4.933369843998702
3.8279247233424 3.0300098282917305 0.006060247148128253 -0.02938151467340653 4.9157969811626145
4.998401976099415 6.7461657523786 0.0072702026764330996 -0.029105740894943475 4.957166094876103
1.5479277827863236 4.249650288145535 0.007302173893064295 -0.029097736276821436 4.958264696367601
1.5745228152344417 3.390389551022449 0.008063302453139111 -0.02889607505439451 4.984511802612535
4.383676926683143 1.3805139654842382 0.0057048353447035965 -0.029452586536496593 4.903715298162319
5.524055732234657 6.475060434822456 0.008702249713150511 -0.02871011755339869 5.006694176797038
3.437744783166823 6.265356922670509 0.009932062318357358 -0.028308199132128942 5.049824946796345
5.608454156445526 2.503041123001201 0.00635739215086167 -0.029318655580366615 4.925921056217517
5.475039151748813 6.506910087376679 0.008267401229735514 -0.028838343865530275 4.9915820366324795
1.3847669819595692 2.1572245343843215 0.005361788720243612 -0.029516964981506286 4.892080725880145
5.509657935328783 3.2007953400752647 0.007241569112445863 -0.029112878194875718 4.9561824383714965
4.335140297034799 6.942379652906704 0.007275719018753465 -0.02910436243521148 4.957355627001569
2.042119005833973 2.24881260899682 0.006635668831055986 -0.029256929079528357 4.935422441080311
5.1536817876522445 0.517321843372713 0.008971750946493134 -0.028627044642332528 5.016094685590183
5.7674304329309365 6.891488656200896 0.007992092646767701 -0.028915851277897416 4.98204830503078
1.384826445733288 1.2481339833971103 0.005825674060848982 -0.029428923217419137 4.907819763112575
5.2841335999289125 4.289072114693798 0.0033154930292490334 -0.029816228902612766 4.823131632714753
3.6452030247958374 1.7312915430708447 0.007105950066250264 -0.029146277183475042 4.951526730600042
2.452984968351186 2.3247194789031065 0.00796579934770405 -0.028923105655377288 4.981139115147471
3.1962951952646885 1.4929762836086566 0.007515238870176768 -0.02904343617281165 4.965593892335452
5.325947489697459 2.373345799705641 0.005466312206951484 -0.029497786880648066 4.895623005534476
2.4573605168297212 0.0013985323312411709 0.009344984547171893 -0.028507389635200178 5.029159601568894
2.8339969793540067 4.033726048494407 0.00842052264295758 -0.02879400629331456 4.9968957554903835
6.83587595887151 2.156905197216228 0.005980347164700881 -0.02939788168881653 4.913078343709336
4.417594022752784 6.552306861044838 0.008514641960317629 -0.02876631488890432 5.000166037224228
3.737983099512959 4.64200407172707 0.007030869502015432 -0.02916447966355013 4.948951544586255
3.9040461309506225 1.6225455586040276 0.005885342638362766 -0.02941704849282248 4.909847720348394
0.6081621729819143 1.967761566441527 0.005832888383504963 -0.02942749416966339 4.90806491301942
2.525710137295416 3.231910861426945 0.007033267807605289 -0.029163901384185602 4.949033779187848
6.495064042100348 4.761703819743229 0.006778155008716434 -0.02922424703354754 4.940295321729657
1.0970617138345313 6.67717473616431 0.009710467547460366 -0.02838497525117327 5.04200765151052
3.6734471850881043 5.50220134546969 0.006380181148726634 -0.02931370478990046 4.926698408402334
3.756844715855773 0.655799495631539 0.008291080399887343 -0.02883154497772542 4.992403233596652
3.34850060837466 1.0755049292765826 0.006487224020284991 -0.02929020185165403 4.930351501127761
1.3998615822170133 0.8216813045069925 0.008008841306514896 -0.028911216870395835 4.982627572139252
1.1003622857635613 1.8224373787614703 0.005245923861553845 -0.029537777215606117 4.888156749389552
1.3868199033204567 5.577773344987455 0.009791739323643049 -0.028357042176817778 5.044872256058984
1.6988580428587237 0.7953224667297222 0.008754422174697667 -0.02869425190499243 5.008511893729535
0.3876480133720101 0.3988306690512238 0.008455178195437564 -0.028783848972703373 4.998099535941565
0.6939249145263362 4.09605802471962 0.007195502605495702 -0.02912429814183175 4.9546004077773
2.5641096031642707 1.333544728389988 0.007978942063170758 -0.028919482767721907 4.9815935455455165
0.19626026832445428 0.7752817887503587 0.006493533171129808 -0.029288803781572177 4.930566907680066
1.2751290997766063 2.7444463864818536 0.005627300509875751 -0.029467498858429638 4.901083435375526
0.16031696221430053 2.5921021544954552 0.006459861571683528 -0.029296248709940433 4.929417413250799
0.8317514666888352 1.4051056761083511 0.0049211237513869495 -0.029593623316916354 4.877171153217674
2.294825803142099 5.977429523234697 0.008038283297308012 -0.028903044850538132 4.98364607474991
4.290145243651346 2.8230030224979945 0.007018139044757831 -0.029167545737487848 4.948515061986244
0.7811072108632373 3.2607470672828684 0.007748815764155332 -0.028981991895885587 4.973644694893435
6.3414160060547795 4.045481113479656 0.0053857635211805475 -0.02951259987351031 4.892893023910041
1.888899709620695 1.8766103476358302 0.007054502309617649 -0.02915877221632624 4.949761952289771
2.4963344035965687 6.94650540172893 0.007833597066948892 -0.028959191235127572 4.976571153681656
1.2575202903587732 1.76795238095263 0.005942197322972933 -0.029405616656939082 4.911780807424974
2.2035290474323386 5.2623313519659325 0.0101703183329709 -0.02822347648689006 5.058254012496088
1.243965316750586 2.25731631057597 0.005811556603934849 -0.02943171435440452 4.9073400721943035
0.481564024596552 5.918574170216452 0.0079014476515283 -0.028940751977275192 4.978914871127866
0.9355918749449068 1.0753819207792108 0.007778689792522787 -0.02897398807744115 4.974675616145578
1.4554506624157961 6.136169844770931 0.010008163122104435 -0.02828138382260226 5.052514514518846
5.930125036456734 2.193858678438816 0.0070109334777847645 -0.029169278561014787 4.948268028760728
3.8426969948119356 1.8672372848502674 0.005787236341861727 -0.029436506170458388 4.906513811081851
2.1313556593804717 3.9177875478741173 0.007097247737880345 -0.029148397461046676 4.951228167194094
3.3964217353982544 2.2250307275508727 0.007326383870135848 -0.029091649994240843 4.9590968060434735
6.957609949575183 2.8196643089051263 0.0075617075587762796 -0.029031372320225332 4.967194196491013
6.463452123596229 3.641893043836176 0.00732383425473697 -0.029092291965555777 4.95900916621326
2.344419716883592 5.520821341714171 0.0068981328584773105 -0.029196160074002806 4.944402711151461
4.253238230094973 2.5693349582122256 0.0058322612971224985 -0.029427618458891417 4.908043603523798
3.7835677720093264 3.925561544861432 0.004230527237468737 -0.0297002127819488 4.853878165793947
3.955643560556348 1.5893892614746887 0.007103835513812862 -0.02914679263645815 4.951454181583736
1.2124358584798063 3.8454829983009824 0.008222324838662205 -0.028851228297033012 4.990019314628826
1.604333101088713 3.16284086546326 0.007607636573578287 -0.02901937052667328 4.9687765709091885
1.0031753402216173 1.2451300007951824 0.008018476451728034 -0.02890854606155562 4.982960854208752
2.1673185749187325 4.270787069237704 0.006524147808934517 -0.029281999511084875 4.931612296621163
4.509044149801577 0.06308014864407235 0.008165649590030997 -0.02886732004833193 4.988055466540439
0.2169197278435764 5.072765511562862 0.006636961663326386 -0.02925663582641613 4.93546663022764
5.445782791904016 0.6307579815880964 0.006672035689717198 -0.02924865705900255 4.936665633615508
1.624892614555138 4.136568002312027 0.007426887097520695 -0.02906615468273505 4.962553027539334
3.606938096873978 0.2226372902300595 0.006872748843027955 -0.029202145868765496 4.9435333703909405
4.140419696959928 6.518131983734235 0.008791510419059229 -0.028682910322203586 5.009804681234405
1.812911947644549 0.9501544788328317 0.008274914093917646 -0.028836189012043236 4.991842562856613
6.827380159341173 0.543933024074231 0.00761222707216303 -0.02901816670642424 4.968934761583501
0.5149190805333673 6.773405732544261 0.007742092832877602 -0.02898378854751575 4.973412732822153
1.7692016857590513 1.4599895132758338 0.007700883905243036 -0.028994764821911708 4.971991209920998