300

0.36302186848377127 6.531095564429589 0.00886975488123874 -0.02865881100720582 5.012533738256181
6.112009875002453 6.189116377739976 0.008751327843552682 -0.028695195782128053 5.008404057489018
4.723270726764739 4.5249425782909345 0.00981573130088961 -0.02834874633963089 5.0457184474776255
5.713207685320448 0.8416625154080013 0.007610947637511586 -0.029018502305581808 4.968890671022377
0.744515033865169 0.03915974485209732 0.008893798011403416 -0.028651358727508135 5.013372791040894
3.829527341784643 1.1690666609541995 0.0077517884007245975 -0.028981196948890696 4.9737472647011325
3.1927874877762767 2.8855528641942385 0.008376267693157484 -0.02880691131538691 4.995359150070554
4.682797519720553 1.635832353769108 0.008524104016960856 -0.028763512489055152 5.000494981599317
2.277377376398648 3.434527538822416 0.008237275383859427 -0.02884696334539328 4.9905375473303035
3.571717841341194 3.0897688430113206 0.00950182317691766 -0.028455497822294208 5.034666282863356
0.8522998966621405 0.7751911172476295 0.008028364734563496 -0.028905801488435107 4.983302924409595
2.127413342881094 4.39714821640215 0.008112549669898494 -0.028882287614616503 4.986216496292263
2.322417358240624 3.386522306156147 0.008899215986884213 -0.028649676347539853 5.013561896716125
3.8400841078831762 4.525194732661326 0.009264118252140897 -0.02853377144736303 5.026324237094517
6.79234732820281 4.59284435672716 0.007802547318765295 -0.028967572479212483 4.975499119160169
5.851537170744723 1.6092313375142493 0.009620781170246347 -0.02841549875814664 5.038849709460057
2.459131407214692 3.6898487925161834 0.008894140812736814 -0.0286512523147455 5.013384755638219
2.38002829059328 3.3799778891015033 0.009222489321671391 -0.028547253645695186 5.024865646502592
5.687245193236167 1.8044999801615955 0.00739384081165608 -0.029074578553297876 4.961416258858699
2.7769623168232527 5.884756321421594 0.010359736359938686 -0.02815449986330008 5.064973562451845
0.2994882571352382 5.198576898624926 0.010641428719214852 -0.028049242321564933 5.074997450173805
6.256670883058433 5.780226292530177 0.008015321448311609 -0.028909420991784597 4.982851718465173
3.1311955479609437 4.721723061981492 0.008585274480005633 -0.028745313741599065 5.002622322530607
1.9564827114850192 3.297230718267123 0.008243205009092211 -0.028845269476607028 4.99074310793775
1.8204908697905258 2.0284488982151965 0.008034515906057449 -0.028904092342699673 4.983515731286173
0.32286304879121847 2.6782038943691457 0.009192782655673346 -0.028556833631296578 5.0238252073769605
3.9559735413833454 2.493784405386217 0.007924078474473949 -0.028934563766028657 4.979696925497732
4.89321942854765 5.110621586014043 0.007570023567854096 -0.029029205004307876 4.967480656233722
0.6609444270774391 6.581511510367141 0.01048496171257667 -0.028108105199137867 5.069425014556352
3.7971678348117583 2.170519869915341 0.009133190835109807 -0.028575948368680017 5.021739126606278
0.6741686049023626 4.72044496355271 0.010689723509657727 -0.028030872467461138 5.076719799662058
4.181765869563331 2.722608737242987 0.008235185378257497 -0.028847560066420416 4.990465096585331
1.078692439517485 4.904931600224863 0.01024505733764284 -0.028196432401075326 5.060903395043049
5.113252282906943 2.737953519892665 0.009887189059572145 -0.02832390320030551 5.048240218433951
1.364253699290753 3.934192568521005 0.008098471000565634 -0.028886238374925134 4.985729079699474
0.06457464323867282 5.3092929607268315 0.01005199967345709 -0.028265832776778726 5.054064954848449
5.625960618179677 1.8681517182809646 0.00742007517802286 -0.029067894391449977 4.962318675397169
5.235887056343207 6.3028373328398235 0.008810283443777834 -0.02867714953826991 5.010459249032764
0.42997353778451636 5.89708880129242 0.010558612722374908 -0.028080521672128933 5.072046575954744
2.163293765133802 4.128930934443423 0.007721910633313086 -0.028989172050459224 4.972716470339057
3.0156628636418077 2.1696341860360118 0.008699374131113788 -0.028710989006422407 5.006594019130055
1.3806766871733296 3.4300047469139137 0.007819667809648335 -0.028962955569947442 4.976090188876297
0.29253384105852326 4.401007895358427 0.008071056503075855 -0.02889391020481923 4.984780155333355
0.3978175911737565 2.0688365614952864 0.00905967924225331 -0.02859933936347979 5.019167681659853
0.3071714177371264 2.252727770928977 0.009741364208308092 -0.028374386748634656 5.043096340907564
3.239821263741346 4.762253522647282 0.009122914992526012 -0.028579230606143757 5.021379549656038
6.450508232395023 5.602058598993455 0.009095970960726316 -0.028587817550166775 5.020436907673514
5.450448233177387 0.24896295891274647 0.007202665951751249 -0.0291225274175763 4.95484637298315
3.546596378497972 5.071043963834726 0.008116056532790178 -0.028881302366004096 4.986337917515859
5.1465150262705475 1.501708671283086 0.008107466196979538 -0.028883714994176808 4.986040494053013
0.23043208911550725 4.791315881558008 0.009130150628295503 -0.028576919874343267 5.021632738006549
6.225824899394115 4.888096027961034 0.008241611474030332 -0.02884572481861275 4.990687864131297
6.829539373101168 3.406869874465917 0.008331440331186764 -0.02881990808465347 4.993803369154809
5.73608498771538 0.6347898450036943 0.008307254743742618 -0.02882688881274852 4.992964273582226
0.028489791173781004 4.347891896294223 0.009883426599326782 -0.02832521630377639 5.048107384586832
5.511619247127856 6.171432282947242 0.007799721991817387 -0.028968333346092938 4.975401586312259
6.891694259052247 3.3793631331433853 0.0086216738643984 -0.02873441733837576 5.00388883435463
5.107723464815064 2.355601136597868 0.00984425990194349 -0.02833885225239349 5.04672496739923
5.814469105820457 0.7125630703416349 0.009264084033696975 -0.028533782557112905 5.026323037868634
1.10922704916617 4.953787790782896 0.010572224913492441 -0.0280753995586622 5.072531375796063
3.8230255800941766 1.2015156535213467 0.010165963465441475 -0.028225045382059336 5.058099717312562
3.8088362283474826 2.9289035157524546 0.007712529926057038 -0.028991669185124105 4.972392890791941
0.38009725409360995 4.2104118065151805 0.007981720226660587 -0.028918716123357155 4.981689612281375
4.063933017151336 3.6529370139581787 0.009278817804661553 -0.028528994727257666 5.02683944353055
5.471784317873204 1.0061606516271697 0.00790865185767188 -0.02893878411050027 4.979163809063217
0.8726643769564972 3.5725604900027452 0.008672741046131022 -0.028719045296575478 5.005666522450078
4.6874426555721405 6.517907724388167 0.009354225746524074 -0.02850435862606044 5.0294837873570195
1.5763257990896498 2.8212775994190338 0.007897434883865911 -0.02894184725022053 4.978776219176865
1.2345520797296015 6.1096621747715005 0.010048328322166419 -0.028267138127690748 5.053935071305207
2.1252618128265874 4.284571575708327 0.007921371710084554 -0.028935304909930914 4.9796033789095215
6.540336348788997 6.055802682154031 0.01023396879033553 -0.028200458911131893 5.060510162476273
5.40278666191385 0.981554530864271 0.007619353710970906 -0.02901629626653122 4.969180361815052
4.953204770396917 3.6406622317707757 0.009558458275196352 -0.028436523616668236 5.036657250248167
0.24194062018166937 0.5203007828813152 0.007444305959724555 -0.02906169831200526 4.963152356803535
0.3373118360163675 4.4268949818442715 0.009130726106064625 -0.028576736006339663 5.021652875922846
2.9125677555113287 3.291512973766165 0.008755129622050767 -0.02869403605805724 5.00853654849371
1.3756838454151152 3.3394172292686597 0.009492099898022952 -0.028458742760809945 5.034324601108474
0.23734108933062134 5.865441386059351 0.0086769529617524 -0.028717773021241327 5.005813185017301
6.215441525152825 1.7867712949174395 0.007470146583167605 -0.02905506685633315 4.964041622462604
5.362409829589627 5.912947253831051 0.009507442006413961 -0.028453620973343186 5.0348637496172595
5.290201222641417 1.613644708109656 0.008478623575033387 -0.02877695158061201 4.998914165970121
5.265871511606108 1.9496152828936182 0.0076810643837664895 -0.029000021550551196 4.97130771673326
5.069480069126661 1.531644601114569 0.008991946135221987 -0.028620707620554495 5.016800222038089
5.196249835768799 6.378240474735669 0.010076554742247184 -0.028257088394356835 5.054933808288313
5.0073139538440135 3.6159394231352873 0.008781890065317712 -0.028685857262432893 5.0094692947843775
6.538266176866887 2.323810486396092 0.0070675120741440075 -0.029155621637719006 4.950208146220659
0.06811110989497748 1.6148403661700699 0.0071933075075778004 -0.029124840378986196 4.954525038493818
1.0121501490708544 5.145874020805596 0.01074980626818632 -0.02800788576805579 5.078864127530769
6.064286609541909 4.272689184491415 0.008289787307164533 -0.0288319168006911 4.992358383957636
6.7475570865107235 5.176128511761096 0.009228357276658126 -0.028545357275296994 5.0250712056764115
6.611642625691238 6.210073640361161 0.009498247587858336 -0.028456691528702758 5.034540630025347
3.5663855266185314 3.881457431986318 0.00894676470077365 -0.028634863390437023 5.015221985221226
6.0970938634562595 0.02709534267322164 0.00779832613884862 -0.028968709143352422 4.975353401147518
6.476694334593503 4.819867446384183 0.009857803176910727 -0.02833414400551548 5.047202911944382
3.3089596761725515 5.482712079306981 0.008606602495738788 -0.02873893514868536 5.003364369792813
0.9167917965737835 5.220689341297753 0.01057119244267297 -0.028075788329804275 5.072494601121896
0.4964740063156336 1.2412211596165232 0.00826904542026296 -0.02883787245685139 4.991639051139735
2.8993950980308827 2.083230236954539 0.008355350319263976 -0.028812985285151818 4.994633103194085
6.70030882689831 4.811150042738984 0.008462603803061127 -0.02878166667989217 4.99835752399216
4.954263697978252 0.6179724461865994 0.0075255561719447025 -0.02904076452683202 4.965949145624131
0.5711685132285981 2.162467169604628 0.007531001160926756 -0.02903935298029417 4.966136644864829
0.6325460228942311 5.177315351850009 0.011222444486169525 -0.027821875201985275 5.095795130609513
0.11737345602076575 1.977714569357458 0.008917234610482728 -0.02864407315487113 5.014190887597711
6.54339522233286 2.3957359159064358 0.009812400012815942 -0.028349899576338707 5.045600938919316
2.503444642736116 2.576382796754838 0.008770071652417572 -0.028689472689672455 5.009057326339303
6.909213734846494 4.942481520707193 0.00996226629001972 -0.02829758382559784 5.050892115810453
3.272190475319614 3.968201683663752 0.008265404908780881 -0.028838916097764507 4.991512812783943
5.325323745358432 1.8898546699550394 0.008337507099850656 -0.028818153573050787 4.994013881738577
5.901118029023302 5.534682255449469 0.009702752217890232 -0.028387613485431038 5.041735853810457
5.777552461001077 2.4772768178133497 0.008011037318511492 -0.028910608452286442 4.982703530031737
4.273665571212214 2.6643045091066853 0.00968219529641966 -0.028394631433459196 5.041011792245021
0.2666250061226898 4.292478120218513 0.008970353131628405 -0.02862748268174979 5.016045857491173
6.191918990392897 1.1617635279459497 0.008921604756477406 -0.028642712311671877 5.0143434584201305
4.013288115590102 2.1889849370750105 0.009640239402849976 -0.028408903256826698 5.039534564246138
6.892691116550647 3.908434607718548 0.008517580229889559 -0.028765445017023366 5.000268181485908
4.799847054915098 4.860825962117268 0.00725140130294335 -0.02911043076190511 4.9565201790660804
6.531443512487569 6.54847358206578 0.0094514629739427 -0.02847226453326448 5.0328970164192075
4.356142108480619 1.4118405458981793 0.010168310970438526 -0.02822419975851325 5.058182889549492
3.9838971126646494 1.7430760597339252 0.009093783013996928 -0.028588513611140065 5.020360374370874
6.0671372291729035 2.9880814893384935 0.008857475445502474 -0.02866260854724009 5.012105296823855
1.059010538815612 2.2941723976753314 0.007849595680746288 -0.028954858791726285 4.977123648745739
0.3857292611364761 6.060876761919 0.009779032750909068 -0.028361426594172724 5.044424198387586
2.8147005819662576 5.173499217742194 0.009729794738320627 -0.028378356089635428 5.04268862599376
4.281751581030903 1.4062691347059475 0.008200861369850748 -0.028857336550563526 4.989275457356393
2.075129478172464 4.083780696893938 0.009455026247461862 -0.028471081445210458 5.033022167951956
0.661207622740536 4.868124497974164 0.010523164899065513 -0.028093824953307363 5.070784511659074
6.450337072760754 6.469725418786313 0.007911236450953993 -0.0289380776455019 4.979253122588587
4.510702266351489 0.609562835984996 0.008099441493942618 -0.028885966272330244 4.985762676941706
6.376657595716233 1.2106604506674032 0.006792071435821011 -0.029221015820992673 4.940771542595537
6.298487133706318 1.5754801730646344 0.008887091152182364 -0.02865343977348622 5.013138714336469
4.968442369328354 2.4460072158472377 0.009951715228506441 -0.028301296154252597 5.05051927940822
3.9803601037989784 2.263149089118999 0.00976148413741675 -0.028367471290810558 5.043805515015025
5.659311942558022 6.707044616779789 0.009353390944701433 -0.028504632567980543 5.029454500684686
4.91742846990229 2.9188218932066587 0.007528521385228585 -0.02903999596680681 4.9660512521825195
1.0509302401613414 6.981572231033671 0.010501313700501273 -0.028102000116782867 5.070006831202004
2.7341034064455303 1.5728783443841485 0.007654693008012582 -0.02900699355247081 4.970398468984854
3.5585278704500904 3.0947606419202507 0.007765974969212666 -0.028977398654426563 4.9742368061766316
3.55008838098179 4.601076836517709 0.00924044683642599 -0.02854144604366052 5.025494755739974
4.630201605708131 3.940344740084739 0.008716687872357623 -0.028705737275602126 5.007197109617451
6.992574783096404 5.344738104516937 0.010183961263652262 -0.028218556536088627 5.058737444069508
0.46815405218679496 1.1571349417386605 0.008391278223521257 -0.02880254241860357 4.995880263500769
5.654723105251511 1.5759828042207575 0.00838196989894979 -0.02880525265664406 4.9955571015231826
5.913091060156213 6.213748462684802 0.009090202165168022 -0.028589652404259387 5.020235122056091
4.2295110446338615 3.462893883872198 0.008854134070187756 -0.028663640903889728 5.011988722816557
4.946868341282835 4.804014191618699 0.007605812814606246 -0.02901984857695111 4.968713725164548
6.359082107836099 5.446813116321733 0.00779631447040014 -0.028969250606093167 4.975283958990549
0.3933386879403579 3.3986298668431694 0.008184214048716726 -0.028862062303390376 4.988698621110592
6.0983657074247715 4.05761808443134 0.008719508131839112 -0.028704880733749646 5.007295358323945
6.901166689917451 6.1227941580966085 0.008634764870841905 -0.0287304861710566 5.004344451798237
4.6184928800858405 1.2658907411270364 0.007772864880827741 -0.028975551272484787 4.97447458222052
6.612199807667993 2.7672853084697446 0.007921554903572424 -0.02893525475798835 4.979609710055753
3.777294331564289 2.380461055454484 0.00820582425323668 -0.028855925705563366 4.98944744151323
1.9036687275018087 5.066560939816505 0.01039628398666977 -0.02814102484396248 5.066271982593998
1.0314014399251963 6.156000217525765 0.010817179562356729 -0.027981933927370563 5.081270752950137
3.1824574437241853 3.1755305208922984 0.009896643075819956 -0.028320601261799243 5.048574020141629
1.2163926506083222 5.447006022102127 0.00949932483039853 -0.028456331945044742 5.034578485773446
2.449094520297746 1.2633625927968894 0.007709997469549437 -0.028992342765280996 4.9723055406269285
4.963035333610788 6.8319798362693795 0.00963808363357155 -0.02840963470149309 5.039458681643211
5.057904109879631 0.7453086081980297 0.0075966932576165625 -0.029022237190638542 4.96839948570213
6.100211200484812 3.0736498688510654 0.009465846197218516 -0.028467485940465546 5.033402224919429
3.947298308604346 1.426209308933464 0.010050859338252517 -0.028266238281077695 5.054024611900346
4.788018254725593 6.919813871891104 0.008535216643628952 -0.02876021691236558 5.000881348291654
5.422653628985143 3.722909923240202 0.008380018250124084 -0.02880582049044233 4.995489348963879
5.7694968531048065 0.34691551407568416 0.009214555599706877 -0.028549815500277943 5.024587743554783
4.236943720922747 4.844424180543722 0.008941254575946548 -0.02863658440890105 5.01502956386567
4.34161466305801 4.794531225504321 0.008895287133054939 -0.028650896440085557 5.013424765318235
4.5683833044459625 1.6104725289403734 0.01009875140414623 -0.028249163174813772 5.0557194438645885
5.336596140626306 6.596535036966616 0.009284277942966839 -0.028527218284959705 5.027030838577657
6.1303162829944435 4.148035387229678 0.00894821732139553 -0.02863440948874408 5.015272714715369
6.8489206196318015 5.1825255321007475 0.008627568540526676 -0.028732647999767 5.004093984072052
6.357529185302072 3.9987375252631385 0.0078046400913269285 -0.02896700870032756 4.97557136521833
3.9908363396103663 3.8686470539572264 0.00959822011616874 -0.02842312738953217 5.038055846046324
6.069224501117303 0.276126274260615 0.007117468470636666 -0.029143466550317805 4.951921942639028
5.487155622999001 0.09676648460605929 0.009516816629375317 -0.028450486836657917 5.035193238057984
3.682518060539981 1.16738394010947 0.01003578605516438 -0.0282715934863065 5.053491401401824
5.0451505849357305 4.39633508311125 0.009395763290665413 -0.02849069378210689 5.0309413713062305
6.837102780391484 1.1537695152927965 0.007010412168854426 -0.029169403854429007 4.948250156950507
3.5126058167755643 1.7816525485601842 0.008828452725237546 -0.02867156121452485 5.011092891205824
4.348565645777039 2.9550831774377393 0.009093358308132782 -0.02858864870328628 5.0203455185841594
5.509128588463489 3.436905593578043 0.008630464621396324 -0.028731778232800462 5.00419477967925
3.812927186498849 2.207966367624905 0.008002393455101856 -0.028913002247946216 4.982404556541822
6.535329829891415 1.365134667085986 0.008411742915390836 -0.028796572385014367 4.996590853970023
0.46667411814326987 4.539010282808133 0.009979530640706774 -0.02829149992826811 5.051502281199471
5.265551957587396 1.4489796703549263 0.008958279855374923 -0.02863126301846958 5.015624148076238
2.87740011166211 4.765479811081855 0.01075936689769249 -0.028004214396423248 5.079205504818364
3.300027594905659 2.6006524768436234 0.00782911439295199 -0.028960403447156464 4.976416364132021
2.365066953852053 3.8224993653349224 0.008149494185048714 -0.028871885018610356 4.987495867406992
2.759521102846807 3.0331954920896056 0.009178876143020227 -0.028561306565896002 5.023338268820126
6.5524813529911 2.644429323116626 0.009396295504365727 -0.02849051826125029 5.030960051628435
2.5777562221274817 2.598602800190297 0.008575575215961832 -0.028748208808817656 5.002284918818971
4.523650242786772 2.3879696006030318 0.009821725153537651 -0.028346670263160817 5.045929887942653
4.850183504482573 3.922653806127939 0.008651325773560923 -0.028725503692010698 5.004920924409704
6.788115698739077 4.3831292867891625 0.007895725328771247 -0.028942313686583527 4.978717151028809
1.1941861792222204 4.385770616224521 0.01020611320444532 -0.028210552161523652 5.0595225686325715
2.534674191624606 2.3223312590933856 0.007903948271227793 -0.028940069138233847 4.979001276940698
6.669969792313176 6.704026621742318 0.007258014936148405 -0.029108782509521872 4.956747376680235
3.401233213962291 1.7733151875020594 0.009434172239583245 -0.028477998422534487 5.032289794154349
6.06185118554586 4.051491353861511 0.010432773774258981 -0.028127517334011795 5.067568969544845
3.770732533016063 4.558839361002018 0.008616262730726383 -0.028736040377113466 5.003700524260327
6.834323396909569 4.795300211763938 0.008265032137027282 -0.028839022933759496 4.991499886810517
6.705276312832959 0.3589076490714279 0.009105639473164619 -0.028584739456303365 5.020775129815478
4.009507638550017 3.9593522484587083 0.01046677802260074 -0.028114881430047006 5.068778172741923
6.185744313421303 3.6910015833866736 0.00792088988448057 -0.02893543681090599 4.979586727123501
3.604016416149398 4.891868055536903 0.010963870608735259 -0.027924783638820037 5.086518448258646
6.199048169356371 1.6166556353123627 0.007754511210524775 -0.02898046852426381 4.973841216790879
4.409715940702258 3.6993605975638646 0.00948416147494516 -0.02846138930405833 5.034045669112418
6.971000353372666 1.7499047284804654 0.007927400496194361 -0.028933653785392147 4.979811738839402
5.418884840601233 3.7378719211585714 0.008431415383373898 -0.02879081858219745 4.99727407531023
0.06040622124248174 6.215284408513307 0.010769141855211406 -0.028000456848100423 5.07955458132225
0.3628826718098921 1.495657423719541 0.008556568967664262 -0.028753871521963868 5.001623855862775
0.5842374673636243 6.768132696634391 0.009852298993271598 -0.028336058380571905 5.047008658760518
4.274901128426897 1.665238509539771 0.008108802746281939 -0.02888333980033975 4.986086767809115
3.146524169604854 3.2845456329808225 0.009409167251320754 -0.028486269879306293 5.031411875859183
2.2034597952946413 1.9076572542441392 0.00800429039297661 -0.028912477156150116 4.9824701656087464
4.545991045104209 1.8755655672159954 0.007934636606103577 -0.028931670223633497 4.980061840605716
5.244563355816331 2.2335313426078187 0.009092958046621878 -0.028588776013715143 5.020331517900747
6.902400019130226 6.979054749698551 0.009247339417890042 -0.028539213613733946 5.025736258955666
2.666788859322044 4.124831295810796 0.008987489261292609 -0.02862210748317024 5.016644503843159
4.04172014032669 1.3253928699894908 0.0096720070015571 -0.028398103467693586 5.040653003580555
5.236521827763413 5.285548950324757 0.008450563847353468 -0.02878520402327909 4.997939229393721
4.431063973200035 3.6853841575392323 0.008714475058421656 -0.028706409118107176 5.007120024398595
5.820270465299006 3.3857357906549916 0.008610348236504278 -0.02873781312567342 5.003494709134291
5.968866044137025 0.8490411576835761 0.008660295944294023 -0.028722800597386813 5.005233211108891
4.456487632259891 2.64548251170112 0.01033480161205474 -0.0281636623264708 5.064088066715296
1.0820828735475934 3.113239079826975 0.0093923501449742 -0.028491819154876776 5.030821575056075
1.9577329403128525 3.324739066314853 0.0095576510372901 -0.028436794943336834 5.036628863021023
6.362098844061522 0.7675459057476773 0.006215710175651018 -0.029349019523866694 4.921091081294485
1.7934008676065216 2.8344475290239473 0.007790919865451993 -0.028970701883974187 4.975097745343464
3.625554309652359 6.313841721019412 0.009494609328172556 -0.02845790564509937 5.034412780234205
0.6555300677877327 4.229264070842645 0.01024535947667145 -0.028196322618273796 5.060914110569485
4.864975601527157 0.9651110055179917 0.007134468719394041 -0.029139309464913336 4.952505313900232
3.8914757150081636 5.4336126398175795 0.00716404528713464 -0.02913205202391146 4.953520446014706
3.640407745225936 1.4431549600547722 0.009693301642344655 -0.028390841890837234 5.0414029608004
6.263735728569564 4.8212257561969025 0.008407535078947552 -0.028797801198985076 4.996444734265131
6.96978456052437 4.634689932266927 0.008664795064728437 -0.028721443669952555 5.005389854145372
3.227269418061632 3.272307796716073 0.010319477063686685 -0.02816928101908255 5.063543996156227
4.883705982298186 1.1535245388715765 0.007397608747939859 -0.029073620084406476 4.961545856554475
6.612553523094154 4.590038369124064 0.009571903793598782 -0.02843200059380432 5.037130113517913
5.3760991487731085 1.4365704230117275 0.009104079312147961 -0.028585236397100502 5.020720550082219
1.8936260649903276 4.892844568118974 0.008906956347081775 -0.028647270875795126 5.013832080749501
6.502951498711721 1.4512877276999292 0.006725343417210178 -0.029236445678648897 4.938488583742471
4.869458225782249 4.007614524854614 0.009023814769259769 -0.02861067575241957 5.017913898796041
5.205493259299825 0.3880913570958662 0.009418958619674223 -0.02848303387142712 5.031755617755692
4.395229017469299 0.658797416102589 0.010003777534736762 -0.028282935403445945 5.052359449013988
3.5160524940770053 4.5173033940935 0.010911456252003415 -0.027945305911022258 5.084642154815153
5.504195917811712 4.261304676176371 0.010326805708652886 -0.028166595176835525 5.063804172989169
0.6009602271737218 3.9743301426082147 0.009526804075691696 -0.028447144041245757 5.03554430526622
3.7451752465510872 3.1194649086107606 0.009020361202324231 -0.028611764779188364 5.017793192062834
0.7719216533391997 5.234710926026413 0.011215869581828419 -0.027824526402499935 5.095558820475491
6.376347679293592 5.787641341183827 0.007380855463261512 -0.02907787771881646 4.960969662136525
6.461146476040762 1.135635359998499 0.007374813503768253 -0.02907941068496123 4.960761882178506
6.681772641874298 4.447881296231436 0.009992402000606531 -0.028286956397927908 5.0519572727462005
2.269646021346127 6.219214755614196 0.009140089291622681 -0.02857374262747469 5.021980543711397
6.4926297165973414 5.705460843591136 0.007562408807020816 -0.02903118965932147 4.967218351410142
2.2764656571112853 3.841548259078421 0.008078693590230996 -0.028891775817266072 4.985044479862019
4.418268351321052 5.242216523278506 0.007925902752723936 -0.02893406410365407 4.9797599744524605
2.927935859082538 4.497120264996733 0.008512301706853477 -0.028767007485164305 5.00008468424942
4.1052554600752575 6.92056740366908 0.008244312062864 -0.02884495308732734 4.990781487188945
2.6387421220349725 2.7751377397140744 0.010369716820286848 -0.028150825442019637 5.065328074576215
4.467032226154596 4.095105485808253 0.010183891985998809 -0.028218581538013373 5.058734989031715
4.637460996136839 3.8692806216231928 0.008585733277065268 -0.0287451767101038 5.002638283328855
0.46234038098210123 2.5317583627044074 0.0094334489241736 -0.02847823803178504 5.032264395165418
4.5780229063906095 0.8557403120003497 0.009810438339729723 -0.028350578469977662 5.045531744684875
6.969443419493551 3.9762005625476924 0.009494668630758998 -0.028457885859495623 5.034414864105302
0.05880413335993305 1.0957712830697393 0.008656508992513601 -0.028723942140008066 5.005101368933182
4.532761176949405 4.67299338518048 0.009358645801658145 -0.028502907724635856 5.029638857242252
5.705676102186552 1.6019695673641334 0.007721708575244033 -0.028989225872365108 4.972709500223417
6.944520199639733 6.722851422263735 0.007631335471865864 -0.029013147345916156 4.96959331634223
4.981358128164501 0.1870139315439403 0.009549618793248737 -0.028439493330641996 5.0363464168828616
6.5929637526990055 3.3894681745850477 0.007382807245080807 -0.02907738222711911 4.961036785276216
2.570338538289838 2.383030096189905 0.008637212237003943 -0.028729750517067654 5.004429636486001
0.41561595057608747 6.075789856455424 0.010134006886259433 -0.028236534922494408 5.056967741353075
2.1971706452155515 1.6436639744379662 0.007485468733637032 -0.02905112317687119 4.964569006898085
2.2616045618036162 5.007668557066958 0.008796393301951422 -0.02868141323012839 5.0099749223382135
0.6424453897983416 2.735373251643585 0.009576162594000568 -0.028430566472957663 5.037279906276612
3.6292915292490693 3.890037799437135 0.008150474403428852 -0.02887160832026943 4.987529818189093
1.08159634355213 3.977662019431248 0.009410391389365075 -0.028485865510792605 5.031454849078837
5.58713595148025 5.30113257181935 0.008890012484825793 -0.028652533535791235 5.013240669943265
2.342682315929448 2.631475098648006 0.008095900537258276 -0.028886958900009207 4.985640095068991
1.858933662902542 5.81380358447928 0.008050356407531727 -0.028899684456957533 4.9840638096974725
0.8689829806085889 5.039266449130509 0.010690135156497853 -0.028030715480269294 5.076734485184007
6.890782304598894 3.8312834948399455 0.008587606841421522 -0.02874461703932008 5.002703462353979
0.9626137967373516 5.146842189675733 0.010433595293195385 -0.02812721261088292 5.067598176651062
6.280882493084609 1.2154914819292808 0.008544031532002014 -0.02875759943354374 5.0011878581303115
1.3146245987439016 5.521413151284871 0.009870593903511 -0.028329690714724923 5.047654371908084
5.025047061748336 3.653203599783155 0.008907064250952156 -0.028647237326300944 5.013835847388705
6.1875481471718565 0.8003936619354315 0.008283564565955765 -0.02883370524371854 4.992142562434725
6.172513128074586 1.7433007995155367 0.006480192660967522 -0.029291758279023514 4.9301114490957705
4.586254212238731 3.8939827660411255 0.008031413559174853 -0.0289049545275806 4.9834084004427295
5.722471898200536 1.1860153685927184 0.0071292620291941835 -0.02914058377793914 4.952326635117678
1.5526301037908814 6.041042461298786 0.008260516410334921 -0.028840316722161485 4.991343306422806
1.3264225807953116 5.561987513126928 0.01103127318864626 -0.027898225962190753 5.088933314373443
5.705194940915353 1.1632694569440911 0.007077126633247221 -0.02915328932756959 4.9505379263128235
1.2906260691334843 6.6801133836627695 0.010798877644024896 -0.027989002154942558 5.080616773618699
0.8816842562589816 6.17656314335191 0.010202747995166668 -0.028211769411845167 5.059403282180656
3.7632148034676174 3.26674809771602 0.009707688057624455 -0.028385925959458422 5.041909731985749
2.992537905150132 2.7494165278693234 0.008747510297549946 -0.02869635976207187 5.008271022377461
3.575615119940661 1.3366449339510555 0.008027086508330597 -0.028906156475529167 4.983258704276678
3.5306635612067665 4.479623184523338 0.009335631516307319 -0.028510453945732425 5.028831527752233
4.5129194262250865 0.05658516248317866 0.010169990033588518 -0.028223594787282327 5.058242380382146