300

2.5167495251660528 6.757146717020826 0.007697525247777424 -0.02899565665853817 4.971875375016677
0.312764598391853 3.2397302104950825 0.009141010903986493 -0.02857344780829223 5.022012797698222
5.928709557710324 6.3912214750068905 0.007677170087605175 -0.029001052729961032 4.971173433146144
0.26832731036442686 6.040037363314358 0.008382621040371956 -0.02880506317461417 4.995579706551909
4.033747762209988 1.9055613887806655 0.007254338724672035 -0.02910969889345686 4.956621086492552
2.7600906865025543 5.732649951346603 0.008153908289182835 -0.02887063871152828 4.987648756606853
3.766025304811216 6.736174361649291 0.007880087737698577 -0.028946575224820165 4.978176888778613
3.4937516770294685 6.914812087211309 0.00788487488800502 -0.02894527160004735 4.978342271317194
0.15475298463994072 2.7507790275351436 0.006524876073789515 -0.02928183724122667 4.93163716742524
4.217399541166816 0.9451958737900586 0.005632418002543755 -0.029466521128979937 4.901257103917269
4.045452866520219 6.384549025391969 0.006802352875973183 -0.029218624118030254 4.941123407872491
5.016903184883285 2.8551571048368345 0.008384560884320325 -0.028804498585761316 4.995647051065158
6.924263546191942 4.109428226900563 0.008337919615976623 -0.028818034222991548 4.994028196221951
2.8705541026424948 1.1648717644138322 0.00798389017320661 -0.02891811711889581 4.9817646491194365
0.5651633795137657 1.7560469371418106 0.007904534506566427 -0.02893990902256779 4.979021533870892
0.462508554386285 1.4256192792423785 0.007936308095262747 -0.028931211758532804 4.980119614746977
4.145092747597763 5.945745710440017 0.007789892535810113 -0.028970978138139033 4.975062284526954
5.712265835995451 5.740759732494146 0.007930698912628598 -0.02893274986511361 4.979925739925441
4.842154540309693 0.3427661368199587 0.00752566073044559 -0.029040737431584432 4.965952746030366
2.9336332007462596 6.561584121945887 0.005962449880162361 -0.0294015168218674 4.912469586326127
4.341223344586821 3.7771696795459544 0.009401917546771745 -0.028488663472400835 5.031157388347451
4.659020848720365 3.7963553616226196 0.008845590579137542 -0.028666278574420383 5.0116906763143225
6.676569678125455 1.111767321060431 0.006701177547032345 -0.029241994109211317 4.9376620955909445
6.319486049122997 3.952157138711088 0.007707438038395443 -0.028993023279476997 4.97221726210678
4.27045695322228 3.5172676823872386 0.007251167577871017 -0.02911048898176793 4.956512150162609
1.9655588353536149 6.227670380065674 0.005455367066157185 -0.029499813053195566 4.895251968723453
0.5963092198622446 1.5713227546239097 0.008236420043980338 -0.028847207574722356 4.990507896505433
2.2222466787562696 6.024516605076465 0.007761888971258995 -0.02897849339765351 4.974095802464939
3.416020334228826 0.6227700415808511 0.007336283379388301 -0.029089155130001813 4.959437107596049
3.6230099819573813 0.46275247454738005 0.007620564489129317 -0.029015978302773474 4.969222089566281
6.882143858772897 5.8391597894759215 0.0060684337231054555 -0.029379824916909842 4.916075619293784
1.6278498269492196 1.8611768196036043 0.007639978399869306 -0.029010872617857092 4.969891224965069
3.814314956223791 6.448726272486609 0.006896594960812066 -0.029196523388008058 4.944350036824003
4.291695680718696 0.7675140303299969 0.007995174222735586 -0.028914999380046755 4.982154877074245
6.804677737276396 1.0727900475576098 0.005217908659089778 -0.029542739027134838 4.887208375809023
4.28178641922079 6.37512100770843 0.0054352736853457186 -0.029503521823087294 4.894570875694496
5.8727689070968365 6.5549082792448 0.007503661036715432 -0.02904642957483895 4.965195274326647
0.48816154797934513 5.683966289352046 0.008337026679715993 -0.028818292561178977 4.993997211032214
3.482973652172519 3.2642030154353443 0.00889245619561565 -0.02865177521217589 5.01332595884533
4.060381654201339 2.1279164055228232 0.008353323041155675 -0.02881357308925947 4.9945627440345355
1.871083049530792 4.622117823728861 0.008330803163185295 -0.028820092273555645 4.993781260619157
6.805843175906032 1.9721296161937327 0.004985701780214354 -0.02958281220166141 4.87935371127905
4.331218094127676 5.864268724600731 0.007350125516826756 -0.029085660640372123 4.959912988335641
2.5375418014048243 2.595650845911821 0.007597704673008099 -0.029021972429553282 4.968434335531184
5.377640777695178 6.2024983399953335 0.007682042143534126 -0.02899976255945841 4.971341432712812
5.937202746748625 3.7581212577606027 0.007446134590935951 -0.029061229837253396 4.963215279690218
4.871947808292048 6.008093730931495 0.007534655411030862 -0.029038405049813313 4.966262484780942
6.488871599146092 4.821209438848071 0.0076036702563146265 -0.029020410035580757 4.96863989509067
6.849977187290999 0.6903647342479912 0.006150341747170288 -0.029362787612776383 4.918864326416436
4.006482550576662 3.383614771667348 0.00796537828242852 -0.02892322161893132 4.981124557083188
6.672789692676921 1.7704040743446388 0.007226555457797133 -0.029116608597420518 4.955666766496538
2.741798398799632 3.7599990723908014 0.0069039533735354795 -0.029194784257056055 4.944602074772158
6.579091914540678 5.361783106188362 0.008149964082887264 -0.028871752379231286 4.987512142718341
5.6956522439231945 1.4846919044112536 0.0068146107940717385 -0.029215767655930605 4.941542952512098
4.223828099834977 2.3698891170159713 0.008231974027407364 -0.028848476625501225 4.990353776951229
0.3172066300582097 6.277013596324865 0.005991281940654579 -0.029395655133158474 4.913450315746355
2.2630506682514233 6.185374177343632 0.007659987249054063 -0.02900559593154964 4.970580989402366
3.8664550872047796 2.6596525278692478 0.008199489760062689 -0.02885772630812461 4.989227926964157
2.411886375625917 1.4687065535467339 0.007111776703435909 -0.02914485601474926 4.951726645641887
5.657053905347558 2.3533057416790504 0.0065338506691281625 -0.029279835987135128 4.931943668068874
3.5071277179507128 5.098170193628866 0.007654079041928011 -0.02900715556582407 4.970377302904032
6.076641572884776 4.711570382914501 0.00657536083158871 -0.02927054201640976 4.933361597616768
5.109327039386891 5.955843550693256 0.005123024141672585 -0.02955934071734077 4.8839975095820325
4.198019612036674 6.470845743858756 0.007748687418164987 -0.02898202621100829 4.973640266422307
4.211579134092219 2.4767359978134715 0.006915641483986896 -0.029192017793653106 4.945002443002126
3.753111748443565 3.193260054534969 0.007932664849769608 -0.028932210914156382 4.979993689064739
6.072662946479258 0.5511981882297032 0.00777491412495381 -0.02897500147281435 4.974545306105906
0.590953453051127 3.3929889020299258 0.006317471664408397 -0.029327283402480305 4.924559649750852
2.0451612355829996 1.2985200128104932 0.006641714720544999 -0.029255557174166003 4.935629094048065
4.178251513119172 1.0453182392621718 0.0056576402979007685 -0.02946168878831574 4.902113138534719
6.705009434415489 5.19915345927752 0.006597816068742152 -0.029265488602158135 4.934128825452842
0.6418017931325566 5.901001377331583 0.006701270875407387 -0.029241972721661864 4.937665287179343
1.1949022693385845 2.324592515316186 0.008068200993492666 -0.028894707694119417 4.984681329312429
3.1779860028663407 0.4540633435981027 0.007088341527075875 -0.02915056456392451 4.950922631368898
1.217486156418639 0.13250856807140304 0.007776659312621718 -0.028974533127134487 4.974605537397819
3.6338124628654116 0.17856551926559622 0.008309038636734281 -0.028826374675516464 4.9930261570865815
4.81695153250864 6.165141231967637 0.005979362407929255 -0.029398081998569945 4.91304484628163
0.5637316588189877 1.5284321460468626 0.008159389815752174 -0.028869090007040396 4.98783862679414
6.350441594230187 1.0557517138900439 0.007822582671601156 -0.028962168433077747 4.9761908312832155
4.391712087656374 4.019715450878221 0.007042674975355025 -0.02916163111335695 4.94935635378821
3.252131787326971 1.5766502624441237 0.00710281935687822 -0.02914704028170881 4.9514193183097435
3.6330595022508043 2.1627704458020856 0.008562909380972964 -0.028751983982557537 5.001844369520989
0.07151664899578769 3.5877061611394683 0.007732375798870018 -0.028986382397688904 4.973077490273852
3.8621643536725054 6.5413181991931095 0.00708426840205129 -0.029151554696237002 4.950782906601783
0.9433787990764392 5.357477948526802 0.0075922026387517895 -0.0290234122579019 4.968244758555532
6.022484643807981 2.794673637081404 0.006097011140091004 -0.0293739077270561 4.917048405649508
4.934772643141302 5.495826122671057 0.006035977894490495 -0.02938651001492389 4.914971047250871
0.8868443775622642 2.233892602217786 0.0064668168534243575 -0.029294714195299238 4.929654831492906
0.22823042940002056 5.193017116310358 0.008347157078069675 -0.02881535994420391 4.994348755583322
3.8512689730710017 0.24648372493563003 0.0078021459395834925 -0.028967680589537036 4.975485263030764
4.2921667870992675 0.09343246082192698 0.006516700203279315 -0.029283657873643096 4.931357963076637
0.6247596503203862 1.143265055224612 0.008443034009160579 -0.028787413512161138 4.997677652329057
5.743605601687726 4.314209298047803 0.008240541524526803 -0.028846030496110717 4.990650772193373
3.268351887278703 3.6856389948889836 0.0070882443187345 -0.02915058820123409 4.950919296671837
4.2225927593831205 3.4260313213530944 0.008279251548723818 -0.028834943970692126 4.991992983164787
0.2728484231701037 6.734506463566154 0.007280621291446975 -0.029103136490944218 4.9575240682770865
2.781056471129764 5.77409941151293 0.00661097397573227 -0.02926251908315808 4.9345784531537955
6.7442984333691225 1.6468974398018414 0.007322902003056924 -0.029092526639218273 4.958977121714289
3.060929663675175 2.32951602584398 0.007285453419327539 -0.029101927229563486 4.957690106334966
6.580386445799338 5.880273005590886 0.008128872120703385 -0.02887769793534885 4.986781678233186
1.6545853794572816 5.7527584920745225 0.008438743892983908 -0.028788671409230172 4.997528628088364
1.380562287204517 6.829770923767568 0.0072431556338723975 -0.029112483515899196 4.956236934260557
1.7128185695392846 3.093816069116956 0.005873736047875745 -0.0294193681923981 4.909453182713699
1.3687259727388794 2.7354607093998657 0.007236432725217106 -0.029114155344323607 4.956006012168641
2.630289398042929 0.22935946497107276 0.006054246378910131 -0.029382751756488933 4.9155927492522435
3.2394275983595833 2.554840281698796 0.006702853680781606 -0.029241609951130128 4.937719415374009
4.398114588342701 2.4527700308196265 0.007369340864707083 -0.029080798049911875 4.960573690314547
3.7174259502326072 1.584285608026871 0.006716647410266257 -0.029238444684458912 4.938191156698972
6.867901783935131 0.5005650307984205 0.005504877902932721 -0.029490614087770414 4.896930574136212
3.6979280686303055 5.581563013342256 0.0070382166592945295 -0.029162707457587488 4.949203473664371
3.014502308516825 6.1366649918937775 0.006901805099314997 -0.02919529219533638 4.944528491233651
0.7937480337546488 4.799680671111643 0.007627497035020289 -0.029014156699458917 4.969461018731541
1.9244468328443565 1.3201253213278314 0.00713008231903408 -0.02914038308128082 4.9523547846108675
6.213434268783306 6.269611372298572 0.0066721473737438065 -0.029248631582059415 4.936669452049805
2.1698938959925127 6.539944052397987 0.007675602755241942 -0.029001467589481092 4.971119389550997
3.011805931802554 1.484786572884713 0.007205206882021101 -0.02912189886987584 4.954933623572785
0.28990478572995443 3.3386645654588554 0.0065738670245637995 -0.029270877546519726 4.933310563424712
1.1321107715070526 1.3616326361093447 0.006370263616446456 -0.029315861601818535 4.926360096768939
1.7691837752115396 6.380515069567141 0.006766340495802635 -0.029226984728070417 4.939891069761073
0.9700256542991484 0.9691588794610928 0.008047174178151902 -0.02890057071662228 4.9839536984404536
6.243620894135931 5.996151660222132 0.00844530977254483 -0.028786745957918875 4.99775670735666
1.1291724455364982 1.1057995371977856 0.008001947517941331 -0.02891312566845917 4.982389133162233
3.812935194187672 5.524697213787349 0.007709462411504554 -0.028992485049157107 4.9722870855218595
0.7278591114285332 1.5592167256206821 0.00788522867747946 -0.02894517522323635 4.97835449404111
3.4662157397537956 5.8057869877127075 0.007552291389475373 -0.02903382328885495 4.966869865568863
1.2044624593043298 2.8412412390402952 0.0069226833239029 -0.029190348672068937 4.945243674740686
3.8942583701167943 6.040234910737832 0.006405847157214375 -0.029308106765849076 4.927574055406977
2.801342596314144 0.7794818070559486 0.007374308120062024 -0.029079538850373596 4.960744502782548
3.797055213403622 1.40627220063486 0.007649754699889056 -0.029008296279366793 4.970228227376964
4.647325550429382 6.627897131093737 0.005198924409140567 -0.02954608578116638 4.8865658093217865
2.992641670773836 1.3364555424689624 0.008296664806770023 -0.028829938485610815 4.992596929857303
3.477556142097276 4.518409431949931 0.007608895793074919 -0.029019040384032805 4.968819963534061
3.693614628913266 4.906027734525262 0.006344424927140116 -0.029321464362202017 4.9254787916545215
3.203884002433585 1.6638866715002887 0.00609215653853698 -0.02937491495664219 4.916883139306415
3.169969393248651 0.3147360123904633 0.00682033870728017 -0.02921443102163682 4.9417390125399505
4.044146861824723 2.8879662015776004 0.007337906655982739 -0.02908874569155714 4.9594929114862225
5.792503874564292 4.476133381329167 0.0071003485781862335 -0.02914764227288802 4.951334549731127
0.2917021150298641 1.7469460825347425 0.006352715025196841 -0.029319669367314467 4.925761531686109
3.69797394600365 1.2559656384166242 0.005951029987440208 -0.02940383039824212 4.912081189926193
2.8661489533025613 4.8182510396965155 0.007509462400257851 -0.02904493027120419 4.9653950067322405
4.181310867860355 1.249147481310357 0.005535746061309031 -0.02948483534878059 4.897977387881674
6.5916349250948745 6.001375669501026 0.006828889771049497 -0.029212433388796206 4.942031722538838
0.7275684744104185 6.687173809533025 0.006904579315770909 -0.029194636227776988 4.944623515034117
3.8747389879092844 4.578937429275769 0.006488560967436528 -0.029289905711214897 4.930397146218115
2.4743589086268845 6.761895897451919 0.008086418480215378 -0.028889614676607077 4.985311863179462
2.5136117404412683 0.1401590058507286 0.008500468382945261 -0.028770506378417254 4.999673358735098
6.918261972738391 0.4462708606647189 0.006679079870095338 -0.02924704928858443 4.936906477970895
0.2190341732997401 5.1537062163216065 0.008455625113148273 -0.028783717688059273 4.998115062660396
4.3042054701588714 2.394325053098562 0.007987358065532326 -0.028917159458234754 4.981884572201915
4.13201767138251 2.878186806507635 0.009491921940551618 -0.02845880211594428 5.034318347940959
3.8853420083261034 6.515661371054885 0.005464801274766579 -0.02949806683542685 4.895571783894669
0.297876470731846 6.291337112388296 0.007732073847575952 -0.028986462944202627 4.973067073283197
2.9093610967551946 2.668837102894495 0.007427878826282979 -0.02906590126147918 4.962587147397856
1.876137204203307 3.707191526059334 0.00748693193633688 -0.029050746120894363 4.964619373700985
4.984305234758084 2.448194228162563 0.007888138059729571 -0.02894438249385614 4.978455008965127
2.60063308170542 5.479625172790205 0.007990598277570737 -0.02891626426712973 4.981996625468912
6.879289684754702 5.225774651353792 0.008171411604571265 -0.02886568953599893 4.988255075553121
0.7665208596623604 3.906768191584616 0.006393343784163763 -0.029310836822879938 4.92714745703807
2.3273978746805026 6.482966466400265 0.007589213783062715 -0.02902419394496548 4.968141779091538
6.9747348810725125 4.486217298206071 0.00917828930560313 -0.028561495153836942 5.023317722299319
3.181520399303037 6.47645953486598 0.007414705399105461 -0.029069264590706044 4.9621339474539345
3.642095284878744 3.201631474325972 0.006732231927616189 -0.029234860240349794 4.938724203941674
2.139365947275555 5.950770390124057 0.007582306031147213 -0.029025999298043618 4.967903786709532
3.267418360203133 6.167810551664121 0.008155480077341215 -0.028870194746625635 4.987703199470381
1.0594739495718104 5.497215314226704 0.00747347237442124 -0.02905421158229496 4.964156089251364
1.9857960650302298 4.436198257545301 0.00817468444499446 -0.02886476284719425 4.988368459054707
0.2928182623916505 0.45709622210449896 0.005837281171632092 -0.02942662312470307 4.90821419019223
6.5077067919216764 1.632720020320259 0.006062118408103539 -0.029381128644184726 4.915860669923671
3.825653107327279 6.556832012421292 0.008079685626687198 -0.028891498406519247 4.985078816319046
4.259247365646336 6.32261253042979 0.005523690442088497 -0.0294870962269936 4.897568528319829
2.1833595444945697 5.717748604666354 0.005800774144958827 -0.02943384139590307 4.906973730325345
6.833200332047996 6.323093587842585 0.006026225954642498 -0.02938851137338523 4.914639207652071
6.57389603578875 2.2448462693615028 0.007410828467805756 -0.02907025320530868 4.962000580978224
2.5722717663870194 5.178921077724939 0.00771606836970547 -0.028990727636850212 4.972514943133271
0.882833725573047 4.974622436557121 0.008225503926628767 -0.028850322097907586 4.9901295053582455
6.982161943114185 1.1952088579995945 0.005784455367004259 -0.029437052775492585 4.906419338286077
6.077480635727836 4.166898097982347 0.008676895435638394 -0.0287177904024491 5.005811181864182
2.103444856311394 5.704845522416003 0.006363317570520881 -0.029317370098572965 4.926123164718918
6.8624370294304065 3.501072366102 0.009283565120241958 -0.028527450265634094 5.027005851219289
0.9819460862918584 0.9892023516498057 0.006460430834531065 -0.029296123180930275 4.929436844546347
2.5566777761510138 0.28737740272915846 0.007584630997507032 -0.029025391860087874 4.967983886990066
6.647386505180379 3.984418116001681 0.008991079024584602 -0.02862098003167737 5.016769925564562
3.6400347403876054 5.829788828066905 0.007743490635805945 -0.02898341513302367 4.973460960193471
1.486526963094721 4.187512241328741 0.007623191793515076 -0.029015288157784758 4.969312637456899
6.45232151407335 0.4552099441089485 0.005864037368749702 -0.02942130292386636 4.909123523691998
6.821011412976518 5.5967567578889925 0.006876649745367177 -0.029201227513232068 4.9436669552202925
3.393726079511451 0.28413896085424145 0.006831161936699679 -0.029211902139275107 4.942109504019054
2.2215908747497655 6.426320974140866 0.008112572443301587 -0.028882281217940245 4.986217284782631
4.1630466719238495 5.6523701905944606 0.005493723501029029 -0.029492694046055562 4.896552351817945
2.983827209537374 4.753899953441457 0.008749100868077056 -0.028695874860338606 5.008326450451909
5.631215151822496 6.070952374657731 0.008228247684750589 -0.028849539685034776 4.990224609853646
3.969509472786891 3.7187999718110327 0.007981006810016745 -0.028918913020694024 4.981664942644864
3.09682067240197 6.5112219940539875 0.007532601351432369 -0.029038937943395918 4.966191749465179
0.7570145736245162 0.1039152084840422 0.0059045403835116155 -0.02941320116647422 4.910500369098947
6.6037638747195 2.122022953616129 0.0052531647964031425 -0.029536490306429953 4.888401896223081
3.444372513136942 5.309428790347648 0.007944188696174971 -0.028929048825697082 4.980392015900511
6.708174287822933 6.707795504190559 0.006029684206608839 -0.029387802033642663 4.914756882673244
4.648895859621422 5.47309988804153 0.007071221329431599 -0.02915472224031969 4.950335370827338
4.0379795768046565 4.490758943666388 0.007109805192107222 -0.029145337022074135 4.951659000941287
3.0882351400525794 3.4998681942135765 0.007035491960071645 -0.029163364910101977 4.949110043775804
4.804392854205571 5.819338673979318 0.007501180512166526 -0.029047070264036835 4.96510987666411
1.1296710764583207 0.4980463829680755 0.0074023398095138275 -0.02907241588421036 4.961708586875974
0.3620418354446058 6.872664902466225 0.006029594738183583 -0.029387820390312527 4.914753838267364
4.262433285764304 1.1043915640472073 0.005434418230684432 -0.02950367940603349 4.8945418807703716
2.9981778536663195 0.059431422845997346 0.006613397707672082 -0.029261971409325065 4.934661281108999
2.963732771069804 3.611645403731411 0.009135968544128355 -0.02857506043319414 5.021836332555029
4.685915355267221 5.3116268053146936 0.007534561925900215 -0.029038429306434167 4.966259265420531
5.511389610161932 4.503397826622836 0.00865484274080031 -0.02872444424409315 5.00504336028167
4.426580180680602 4.34356407187052 0.007528446499645387 -0.02904001538053961 4.966048673478368
0.14072062401696445 3.7651987394923956 0.0069670866591282484 -0.02917978244408613 4.946765114758412
6.365432157343168 1.616443547582178 0.005430001651638422 -0.02950449257423696 4.89439218696053
6.539741677435349 6.062373736671633 0.006947736490009384 -0.029184395790651414 4.946102031031539
3.3149460472155687 5.337059228947196 0.006093787859979768 -0.029374576584481404 4.9169386741340215
1.3228106290648236 3.610691914654102 0.006605789200851123 -0.029263689942211978 4.934401275272162
5.444474494481868 5.099082835601919 0.008526908204954787 -0.02876268131562624 5.000592474160748
3.105100559985153 6.527777805915811 0.00597804797459579 -0.029398349314433133 4.913000134951234
2.503918188532681 4.3438358236691235 0.00828238617782259 -0.02883404375389295 4.992101694249179
6.978513697732026 6.182017790169574 0.0064805550393857705 -0.029291678107979606 4.930123820456708
3.300853231983814 1.424435580427133 0.00848138041606483 -0.028776139182280724 4.999009967637514
6.178427615500847 6.867796367533151 0.00864937304546843 -0.0287260917272142 5.004852946207271
0.38095858201294774 3.5887406653374345 0.007159023666714807 -0.02913328646307205 4.953348075252336
3.696910156538014 1.036119110227139 0.006317181713147388 -0.02932734586018783 4.924549763020183
3.8145660073682692 0.20291567979177993 0.006031561004572367 -0.029387416896490274 4.914820746253748
6.709439793477008 5.215261003653573 0.008542267574846697 -0.028758123455464243 5.00112651987127
0.9056771385325383 3.3139638206990547 0.0060710376290466685 -0.029379286957084225 4.916164249154122
5.701845528016011 3.074521279864224 0.005870684350935122 -0.02941997731562153 4.909349452908021
0.8986732611198531 6.328194267782672 0.006251278791760153 -0.02934146406482965 4.922303155538202
0.8606163707121318 3.3485134801832994 0.006511921677956014 -0.029284720863620443 4.931194785422902
3.700569677949676 5.990129709552999 0.00783431707179275 -0.028958996460834354 4.9765960165053205
0.8317742839203769 0.03414205168292199 0.005452560500029434 -0.02950033193022612 4.895156831122471
6.655337515146563 3.770454924834839 0.008488295955930304 -0.028774100016586743 4.9992502981705735
4.346224744494564 6.077925769006715 0.005579334347431201 -0.02947661833113789 4.899455922600923
0.4628765481226145 4.3372683167852255 0.00904794337471046 -0.028603054394383008 5.018757353818405
1.1813640491918298 3.7408796697334536 0.007582627877108776 -0.029025915222044125 4.967914874921324
3.6826757687217127 5.073689479760766 0.00808113172410874 -0.028891093957439603 4.985128869366584
0.5162194831854755 1.0974645048773346 0.006384667919549979 -0.029312727876420325 4.926851471469982
5.950817125622572 5.560317069987078 0.007622448163023926 -0.02901548352176839 4.969287008623452
4.80089529655994 6.165338826638345 0.005526865286185983 -0.029486501320237234 4.897676198335785
5.519152029725329 5.326526161326067 0.007731926596407163 -0.028986502222720346 4.973061993288811
0.6106854499047734 6.196364381908424 0.005915917654399026 -0.029410914951874072 4.910887192446115
4.691434521573182 3.805277564153965 0.007114248631498637 -0.02914425271660297 4.951811461763287
4.91918936152735 0.7968303015992112 0.007098073178689612 -0.0291481964647895 4.951256485857454
2.096037562279234 5.975042065965422 0.0062689185947943865 -0.029337700312939342 4.922904384362433
6.783271676413792 3.3913407428039166 0.006986154879681306 -0.029175223049654735 4.947418639497654
6.015594308609133 1.4620693314786641 0.008064377302871241 -0.028895775101508096 4.984548999889629
6.248980870273817 5.461489603180853 0.008604464022420903 -0.028739575482022422 5.003289960303303
2.955269942212072 5.808734733938861 0.005210481980758829 -0.029544049782116662 4.886956993784666
4.773780924339526 0.03479794307099585 0.006549852213407021 -0.02927626062157746 4.932490205314602
1.6337021894494184 1.542702795973653 0.00826531079188253 -0.028838943072061262 4.991509549247477
3.2436710350753084 3.464296148638306 0.00826499645479332 -0.028839033159977014 4.991498649520762
5.878895351304979 2.2996728833865325 0.006122155818707699 -0.02936867733030317 4.917904502706062
6.077831011920382 4.484096835108468 0.009404573996104603 -0.028487786645364235 5.03125063562156
5.6452391933437385 4.899685445046055 0.007437291726149536 -0.029063494142655105 4.962911007631352
3.7124051176666804 4.65331460258575 0.0072343585800747675 -0.029114670802447666 4.955934770988671
3.4144999670317597 5.65339870666716 0.007551916410743289 -0.02903392082590889 4.966856950352755
3.619819770625321 2.387030178051121 0.00818167481721925 -0.028862782214909226 4.988610644035312
4.0002106570306655 4.620908186250254 0.00713897625120571 -0.029138205471248926 4.952660005870458
2.66335975004375 4.220459262090005 0.006528198077400058 -0.029281096800875307 4.931750618148341
2.8901518711172285 0.8957134218800589 0.007477552902893749 -0.029053161662449496 4.964296537123568
4.892213406509534 5.167864837269944 0.007224362450539181 -0.029117152800080565 4.955591449113484
2.4780823044892495 4.598253833896106 0.007340589076548564 -0.02908806889446695 4.959585127623631
3.5786970252132475 6.574546945112654 0.0075339105019443095 -0.029038598322727167 4.966236832318065
2.436796729201003 6.414461131395803 0.0057173152379031335 -0.02945016649308524 4.90413904382346
3.1535576174506605 5.238438579620613 0.006182106905443967 -0.029356116129516552 4.919946266069616
4.58063929763054 2.796957605243834 0.008003617796840933 -0.02891266335296856 4.982446902504507
6.6335685557047785 6.661802931108717 0.008396359537130858 -0.028801061552019773 4.996056686962017
3.057022307483366 0.08107514872834637 0.007913575220758837 -0.028937438159335936 4.979333943286979
1.5904782716171628 0.8555528201737574 0.008121780858628923 -0.028879693136950206 4.986536124827563
4.198507986097787 5.7062418228970335 0.007396309817599549 -0.02907395055856841 4.961501179525815
4.700420472844555 3.7399233993376977 0.008118203705585518 -0.028880698893804794 4.986412263028393
3.5637970622999267 5.5971696838686125 0.00536818371251195 -0.029515802608581075 4.892297384949485
4.400862955964907 2.0554455852226545 0.008634622489329837 -0.028730528962529724 5.004339496037823
3.537385523820362 6.0833801148225435 0.006872018905845208 -0.029202317650448673 4.9435083744526604
2.724442006501433 2.729664321814109 0.009217567760053138 -0.028548843139238216 5.0246932507738755
3.234813530633973 4.902006295740317 0.008020964725613844 -0.02890785576396939 4.9830469292257265
3.717535280256766 2.953416938653666 0.00911029523458558 -0.028583255950620588 5.020938009810745
1.1653723055426493 6.003862759284138 0.005900804476340215 -0.029413950882735955 4.910373356077366
6.186913777514243 5.707074963447535 0.008009749549655705 -0.02891096525804336 4.982658987181276
4.29009267870506 0.7056732895644573 0.006922211471303178 -0.02919046057099063 4.945227510093233
5.699865805389042 6.052824701524811 0.006811939238067928 -0.02921639067059568 4.941451511220917
2.1920993455541575 6.631064511765781 0.0068354372450944905 -0.02921090203448663 4.942255861539809
1.8749052769669312 0.4868134420565673 0.006565037521593891 -0.029272859141875163 4.933008925592814
4.5853182103963475 2.325934757340049 0.008420918623026874 -0.028793890489900095 4.99690950768803
6.618324053695421 6.414853241625279 0.007205514055935191 -0.029121822868593245 4.95494417145348
6.032519540230228 0.73645127584462 0.00790741770018595 -0.028939121363904363 4.9791211621334215
6.309288603793596 5.430474494452215 0.006292332288996066 -0.029332687472593735 4.9237025278157995
3.40388478405209 0.6443412716072505 0.008512686669363915 -0.02876689357002653 5.000098066359911
3.927470047063928 6.996628964317424 0.007225995244357982 -0.02911674763308079 4.955647526202816
3.3318118404559924 5.079687158974348 0.006634527899307277 -0.029257187827153062 4.935383444277185
4.287154215245776 1.0487290820405417 0.005705642183978145 -0.029452430243842514 4.903742692748335
6.8340688273569254 3.893442555598802 0.008613174316033274 -0.028736966231695797 5.00359305068717
2.3888449419002526 1.8658483808959272 0.007324274854141539 -0.029092181043383288 4.959024311126732
0.7617545198335869 4.450283827379719 0.0072380682831097104 -0.029113748771483226 4.956062189972634
3.7581435634662523 0.9177381836081473 0.007130924120807096 -0.029140177095949356 4.952383672520332
5.952095533688994 4.056022593695622 0.008968822793886598 -0.028627962164496798 5.015992400994746
6.475788638021125 3.349459555278728 0.007435161362374908 -0.02906403921541958 4.9628377079865675
4.104140464595928 4.7746227962299885 0.0072484998777959135 -0.0291111533526515 4.956420510697754
2.089262827467057 4.360515995532209 0.006588499629895623 -0.029267587407008203 4.9338104947105315
2.7356721578169623 3.579868034746336 0.007916484672129164 -0.028936642349034623 4.979434487480246
4.0855461134124 5.290539188221038 0.0064361025325620335 -0.029301477508657282 4.9286064931229125