300

5.75324289517113 4.524407308789824 0.008279425088466033 -0.028834894142418473 4.991999001553181
4.483025809370721 4.177024340100515 0.011327536722775144 -0.02777925326199717 5.0995753456649
3.174499808379574 2.5373851757505945 0.011340776093217313 -0.02777385096819508 5.100051984022917
4.171190725659871 5.856833303751558 0.007093175236683328 -0.02914938875965845 4.951088453443216
6.173610805718773 5.0438268232282075 0.01004747334162084 -0.028267442039374882 5.053904825019023
2.317408012845639 6.193281288763515 0.006778566530615906 -0.029224151583750278 4.940309403275403
1.6795166865260815 0.9103628578278511 0.00959786234913259 -0.028423248201553303 5.038043258892528
3.148088753108075 6.6540119625828655 0.007168184683978075 -0.02913103376703927 4.953662539306892
0.7550672880527914 1.4560026228794591 0.009763016608243032 -0.028366943908485643 5.043859537633237
2.044896017159129 1.1103461073322933 0.008050978126174588 -0.028899511262508545 4.984085322752632
6.312459910176609 5.788260687102047 0.010273640861440532 -0.028186030288959447 5.061917310362999
0.5607190911548358 2.4048905259555307 0.008940336544859954 -0.028636871031323265 5.0149975060448355
0.8028744745439659 1.4091815382244688 0.008891165619783361 -0.028652175727535638 5.013280915674279
2.3023170498248238 2.541590698818851 0.00968133899545646 -0.02839492340639527 5.040981635256978
5.173948971386677 2.5840301018207943 0.010405162422349134 -0.028137743245763926 5.066587498939045
4.286642219090824 6.616802236487306 0.009757123083357426 -0.028368971591092505 5.043651784755276
0.9249940780401129 1.707949835025798 0.008542674179568612 -0.0287580026751117 5.0011406586789136
0.8706310363256226 1.4058783739301657 0.008351504427739754 -0.02881410026000193 4.994499628058838
4.136219060038707 6.816971310216527 0.007637544297249646 -0.029011513526659538 4.969807322775589
1.216785595615729 3.8930158281852623 0.01007479962359251 -0.028257714213015532 5.054871696467227
5.696401082248633 3.194259157935399 0.010611475745022966 -0.028060587707900726 5.073929795136143
4.632277057762329 3.7685967341361915 0.009610757624095037 -0.02841889051125851 5.038496981255312
1.585804887417707 2.73571019691553 0.009367893077221006 -0.028499869811873784 5.0299633072385985
0.4215697468410204 1.314722034863977 0.00816878255772959 -0.028866433647482898 4.988163998118414
0.28279454660310915 0.04513370762556711 0.00790141897014901 -0.02894075980789325 4.978913880090196
5.792185128834949 0.6962839061125542 0.006816037495368969 -0.02921543483951119 4.941591786054316
2.432370924317303 0.5153539761783827 0.008702606512114906 -0.028710009402563685 5.00670660445902
3.323179902029641 3.116854475837468 0.010407136606958432 -0.028137013125847342 5.066657661290186
6.048090811380172 4.57383744468549 0.00972609592578252 -0.028379623994029178 5.042558289694709
2.295698254311892 0.19852342923471017 0.009822663659818672 -0.028346345066446885 5.04596299629914
6.1018521483434185 2.726087248766793 0.010570147234943933 -0.028076181852801977 5.072457373301553
2.6372068539402074 0.7376663523983684 0.008774749683865457 -0.028688042247345894 5.0092203878257635
6.4920411575198225 2.905890753288641 0.010869712971396448 -0.02796156898171946 5.083148840337111
3.5620152125822324 0.7504953405886018 0.00779129894673132 -0.028970599937223656 4.9751108303542395
6.847137826485626 1.9562903229877853 0.0084116331201924 -0.028796604456971697 4.996587041185091
5.437318749967796 3.2973503151877783 0.009310555876851014 -0.02851865265513143 5.027952129868068
4.0549092432903295 6.8744231086181085 0.009813932161932283 -0.028349369226157238 5.045654983676799
3.653362876325505 4.305458910028283 0.009577243801688727 -0.028430202270877617 5.037317936282604
5.809985375457971 3.8875659629381842 0.008227979218153807 -0.02884961625369788 4.9902153041162425
0.626437844759089 2.1465397508356694 0.010185641534472191 -0.028217950076701796 5.058796989598467
1.4788646593652865 0.18680647543526563 0.008083043223214405 -0.028890559223588033 4.985195032205469
6.867972724605523 1.4541909474333408 0.00846129127872804 -0.02878205256573132 4.998311921506773
5.73123063877246 2.410561847605035 0.011007332831699294 -0.027907680375341026 5.088075327932597
5.886865392995699 0.0932103693795775 0.009192004990101251 -0.028557083959360307 5.023797975290462
5.786197477093101 0.2734041729077608 0.007390122959754896 -0.02907552377240526 4.961288387995281
1.6968085887567699 2.7772840988595524 0.00899077487401948 -0.028621075576656795 5.01675929874266
4.865990258384755 3.6035882419108645 0.009391200797674613 -0.028492198012399036 5.030781235769497
3.9108367470060923 5.264706640909065 0.007689709937840526 -0.0289977302744866 4.971605850841494
2.009069181598188 3.0875450783965532 0.010347284250563216 -0.02815907861841446 5.0645313206512625
3.6230828894730522 6.522569497481249 0.006975507209776001 -0.029177770633932315 4.947053699530911
5.631839829556071 2.789281689515487 0.00858340046710033 -0.028745873380737308 5.002557129481083
4.647533340253681 2.892456174154827 0.00906251372951832 -0.028598441301971197 5.019266793451595
5.261383581466544 1.4139678519836496 0.008214864638071083 -0.02885335334026479 4.989760749352452
4.1929968413739225 5.649285905567962 0.007142472008242498 -0.029137348774579203 4.9527799792307405
5.462615805849085 2.356583716446425 0.010459250612778288 -0.02811768263244852 5.0685104485183174
3.9339598459671183 4.175611355862314 0.009397795699799975 -0.02849002344654741 5.031012708040218
5.343881664358075 1.3929472607696691 0.010018012109269657 -0.028277896551521055 5.052862785819348
3.5574304067882685 0.3681791065191091 0.008869737253810987 -0.028658816462798276 5.012533123177416
4.285948431659976 5.731553319297404 0.007681306936581411 -0.02899995730593454 4.971316080626478
6.5193285649313255 2.953787645303273 0.010133074603028081 -0.028236869498750518 5.056934724635177
2.305651201872935 6.224114298533389 0.007770118362789184 -0.02897628790283956 4.97437979599542
2.2660612650153085 0.9446173225810521 0.00827707541997614 -0.028835568704154713 4.991917515524715
5.804561133985988 2.215070002385866 0.010389279248051055 -0.028143611649999997 5.06602307848734
2.5363241845432225 1.6728291981917176 0.008456768899357491 -0.028783381659958928 4.998154800157058
3.9267366567264634 6.0200210321461975 0.007943251964711863 -0.028929306044651347 4.980359635738126
6.359195841247678 1.5960226823560364 0.008472756724942316 -0.02877867949506969 4.998710298860645
3.132833796336625 4.528660849067521 0.007679979503341239 -0.02900030887470439 4.971270307276549
0.06137666113538626 0.8446618796225157 0.007109572590750273 -0.029145393762597414 4.951651020209058
6.634341660705765 4.106290847292571 0.009821756477212507 -0.028346659409925788 5.04593099296418
0.5641834522838501 2.294777723545816 0.009180867386748295 -0.028560666554318045 5.023407987830815
4.901218235968868 4.039215591662134 0.010408193099620608 -0.02813662233461952 5.066695209696412
3.877127062652769 6.001940115998288 0.007676113315049953 -0.0290013324586046 4.971136994211722
3.415911056995322 1.656639189253287 0.009315997175897865 -0.028516875646161923 5.028142933712353
5.6889066993781245 5.530356970215972 0.008955284719173695 -0.02863219997832046 5.015519539097258
5.763167572416739 2.432385395721074 0.008744990584608274 -0.028697127725176828 5.008183217539304
1.3683593787165622 1.3062097470853409 0.00822201090218837 -0.02885131776408654 4.990008433428766
6.866771403974326 1.364449544755505 0.008470657069176013 -0.028779297573367182 4.998637340919024
5.615481263022179 3.8554914002999388 0.010199023667008178 -0.0282131160320835 5.05927127205343
4.679747615193166 6.804555353606545 0.007403693966620358 -0.02907207105881226 4.961755165913042
3.776953265873324 3.9139922122936266 0.010688788271461974 -0.02803122910769089 5.076686435297563
3.745113881309478 6.628068186389123 0.008339063892290166 -0.02881770312499423 4.9940679034024615
3.71324108091175 6.961824701793205 0.00904624611388593 -0.028603591229896353 5.018698015928357
3.537769725172045 6.550493326713401 0.009382072862876935 -0.028495205014101372 5.030460886561256
3.643739472950249 4.390528595115235 0.008981809612862057 -0.02862389030300212 5.0164460743063675
3.459126449713083 1.6281687074139508 0.009284123556967784 -0.028527268529933876 5.027025426698323
4.996885300769533 0.3388501261990232 0.009015637421773788 -0.02861325360526328 5.017628097121039
5.524616633275064 6.629136520414735 0.008726611213105346 -0.028702722113682945 5.007542819666265
6.416751273221541 3.144071067054498 0.008961826862533133 -0.02863015297349945 5.015748036285855
4.472963214526837 2.2719491823258227 0.010813819045026651 -0.027983232795040298 5.081150659773511
5.132509365921788 3.1686784324502377 0.01042039744087147 -0.028132104741278766 5.067128997403856
4.98613879092957 4.198875533057676 0.009995117317102143 -0.028285997062457685 5.052053266196336
2.0311487760099736 1.8992684749037807 0.00890216283561981 -0.028648760825699067 5.013664756370886
4.52277875785055 5.032017463828091 0.009590380871748511 -0.028425773423687177 5.0377800537527735
4.887216492691345 2.82032884774332 0.011422659798700703 -0.027740274748515863 5.103001995215314
1.7649033855359446 3.496843337951092 0.008564850102341186 -0.028751405926048662 5.0019118688934805
6.32667250888587 3.220220950855391 0.010164383114416626 -0.02822561453544213 5.058043726788208
5.942488975682657 6.250294678676696 0.010294658740888061 -0.028178360516691828 5.062663096068226
1.3687635598485837 0.10231938469218327 0.00865660158171481 -0.02872391423631975 5.005104592350278
5.098556923556797 2.808015168656716 0.009479426033470613 -0.028462966853017267 5.033879292475656
3.413569781920499 5.633380538961558 0.007774741142040543 -0.02897504788907625 4.974539336036331
6.019503918563801 0.17388288633405827 0.006843686386780895 -0.029208970482360208 4.942538270291358
6.0318012780171655 3.173795542812939 0.00909453081355321 -0.028588275731168733 5.020386531822695
5.559690117768726 6.987441738921092 0.007242846367888871 -0.029112560459210023 4.9562263111347535
4.976050295459382 0.4033420662657511 0.009148737360284286 -0.028570974864581336 5.022283216258401
0.9691531858094506 0.5938266164280133 0.007960361405632546 -0.028924602785374873 4.980951106246097
5.304252886105049 2.9382241089257577 0.010408981744628334 -0.028136330589470866 5.066723238970396
1.7421393790331197 1.9871000651708783 0.00862935110813589 -0.028732112686896412 5.004156024445573
3.7564364413637503 6.8969348156664 0.007901075608574382 -0.028940853550432664 4.978902015819154
4.290607910014666 3.5276432193337475 0.010640125606372324 -0.028049736666867657 5.074950992542461
4.188858024127649 0.477938940551635 0.00859204040384001 -0.028743292116575316 5.002857705653998
2.742767342569766 0.6835047282908463 0.009982315733429442 -0.028290517361796816 5.051600725647153
5.708262234244724 2.3029191658432233 0.010219542400001795 -0.028205690084352933 5.059998644130274
4.636490982161209 6.172791174895062 0.008794839984769452 -0.028681889575868258 5.009920765164355
2.496286969194711 0.21208174481525882 0.00974295336525654 -0.028373841116818076 5.043152348187713
5.319251706837599 1.914259701333596 0.008302746069807587 -0.028828187728337947 4.99280787195391
3.262100044731831 2.8771134354271655 0.00948944429402434 -0.02845962837056396 5.034231288389087
4.917766271637414 4.540425360770665 0.010745551569831428 -0.028009518408214258 5.078712221229173
2.828653542841557 6.431784739212211 0.009043544083403611 -0.028604445640696054 5.01860355261068
2.464017660958869 6.765237502506666 0.006773309257229707 -0.029225370514433625 4.940129512211001
4.494432380143334 0.9935739522069412 0.010109126509981458 -0.028245452044624638 5.056086739249406
6.532818058277462 0.31399782625873557 0.008677020005998062 -0.02871775276402228 5.005815519608818
5.77012232285081 4.053172920753409 0.01025257142224508 -0.028193701055940906 5.0611698985640405
1.2851924053364963 3.1922321728242338 0.009044178981992036 -0.028604244904239184 5.018625748489744
2.754326424605136 6.425594317177817 0.009189621013245653 -0.028557851208256442 5.023714495309361
0.5413023755062358 2.10175646967592 0.007717050383497243 -0.028990466249761575 4.972548816661078
6.081727570431247 2.8711649584172685 0.008982806638730575 -0.02862357742999952 5.016480906445077
4.835959160607231 4.461715645035012 0.011726705552327235 -0.02761311965151742 5.113987507456851
2.9708039666080115 5.625338340740674 0.00826835643525878 -0.028838070009269252 4.991615159549076
4.8122077707281425 6.218493825870953 0.007814236750008929 -0.0289644213478331 4.97590267616944
4.749142208204951 6.588038537009987 0.00894204178747556 -0.02863633860449064 5.015057053698126
3.404720646608174 0.4544717067540522 0.010508858548115863 -0.028099179561255735 5.070275325479615
2.4670705170528384 0.2872568479614821 0.009180186868748183 -0.02856088529886396 5.023384160817088
4.082682063775032 4.71169498530488 0.010029845120224002 -0.02827370168308916 5.053281271278682
3.3794676723827037 0.935452258024951 0.008391861211033063 -0.028802372565723794 4.995900504395559
6.434975376783529 4.972035026362489 0.009950964607485981 -0.028301560087397325 5.050492757035666
1.228507163883603 6.598346366918512 0.007222348290319202 -0.029117652466730953 4.955522275353567
2.025582112712938 1.1133045419290495 0.009091297203784685 -0.028589304208959977 5.020273424210639
2.0148934708248984 2.618383358168412 0.008701852566061942 -0.02871023792862959 5.0066803438249075
3.119701929727066 1.9643167618877273 0.01096366439944323 -0.0279248646001441 5.086511063814929
5.367716944174867 3.333931513926358 0.010706934335566284 -0.02802430297320295 5.077333866971006
5.928181713897221 6.169907949546367 0.010138187340825215 -0.02823503422066868 5.057115796546921
4.099797838998619 6.586962376665615 0.009718146310941055 -0.02838234719467618 5.042278186145695
4.281043333805476 4.199684432205766 0.009453483208851032 -0.028471593829990822 5.032967971741364
2.6931079778384146 1.4799548569370369 0.010277547865130342 -0.02818460590251272 5.062055928762489
3.411651306769414 2.819994520333417 0.011143328484863976 -0.027853657395006837 5.092953094103983
4.728810969046162 3.4341108815426873 0.010778104557753177 -0.027997008092689835 5.079874692329943
5.859168482451588 1.4155706758234035 0.008543505307770061 -0.028757755772245246 5.001169559565343
4.520114291444292 2.0611676299859214 0.010378605041393821 -0.028147549758278333 5.065643828663308
5.27022731536695 4.109507866102158 0.010260934845926079 -0.028190658312420798 5.061466556137643
3.0915026593597412 6.285745172713008 0.0069677884531718385 -0.02917961487189036 4.946789165522327
5.049416726325281 0.7755852515167213 0.009076326709415019 -0.02859406045779367 5.019749828087364
2.258422713404631 0.40328696809983533 0.0071280735803785 -0.029140874506999787 4.952285852033298
0.3264741583686012 3.0708323635337202 0.009681534200980479 -0.02839485684970511 5.040988509927848
6.424315901062203 4.150580881525041 0.008952489888553326 -0.028633073966924164 5.015421929134863
1.658669573129994 1.1966456438458182 0.009480434351675542 -0.028462631018645664 5.03391471830314
6.607065202191873 3.4408097563201285 0.010529678552418095 -0.028091384258927973 5.071016375290615
0.9313187367511119 6.2842143284746665 0.008062003517235537 -0.02889643748436962 4.984466850910445
3.429796766608602 4.85023165465188 0.008886096023574873 -0.028653748401558335 5.013103984710428
3.5247172852491078 5.76333134465814 0.007419032939672374 -0.029068160420639904 4.962282820251726
4.525292063222014 1.0783085140194966 0.010862894681231616 -0.027964218550577624 5.082905006841619
2.447313410720711 6.454012727433929 0.007250875013868544 -0.029110561855334515 4.956502100051926
3.26990242303264 4.9426222445361985 0.008052438742808886 -0.028899104316454347 4.984135864331158
3.874448330921794 1.7359483598126324 0.009200702721580118 -0.02855428285615151 5.024102563742695
4.199066897394536 5.353031958646673 0.00817741459143157 -0.028863989512883385 4.988463044380856
2.6773422729865564 2.8536052501222025 0.010123402477577315 -0.028240338565197504 5.056592210347103
2.7960550940540294 2.8079111589869936 0.009115753413858285 -0.0285815156997968 5.021128972849643
3.031969890385053 6.627724276887594 0.008134015925604676 -0.0288762494954246 4.986959806486457
3.7483358957433137 4.596519714748387 0.011394226400867765 -0.027751965781287784 5.101977225082654
4.556729865167568 2.1532926944422477 0.011082248977567676 -0.02787801566825014 5.090761181337525
5.219230831326708 3.1703388331319404 0.010365661096175859 -0.028152319088118233 5.065184007166203
4.763401386548326 1.9972578580807276 0.01013734322357456 -0.028235337298630717 5.057085900612899
2.4710147990972686 1.8902801868538788 0.008514000783134305 -0.02876650466540536 5.000143748131211
4.499668476082025 5.2824110581045245 0.01025033336550185 -0.028194514819306245 5.0610905182641925
3.936863250814046 5.109698395091773 0.008474859001931396 -0.02877806047838148 4.998783349453472
2.1598028863304024 6.188111523235911 0.006469411553031314 -0.02929414129407969 4.929743404638211
3.500238505562452 2.4094790802788824 0.008768509870013472 -0.028689950063732705 5.009002889318895
5.278264718908186 6.163118662564076 0.007462857540728136 -0.029056939916770264 4.963790760625059
1.9857005028557664 6.800917183973182 0.007147537703524125 -0.029136106548005018 4.952953838674661
2.825841756008983 0.9765760641085731 0.010963610233825905 -0.02792488586620808 5.086509124124353
3.9600800892681343 1.4494070696033525 0.010148187816524231 -0.028231441409190376 5.0574700058536965
2.292010075774944 0.22956130579247375 0.00970470640471864 -0.028386945478480297 5.041804694039718
4.9840981532324 6.377324436109092 0.008641390769685314 -0.02872849396619317 5.004575082373239
5.895795659161032 2.5455011080731387 0.009463031418054968 -0.02846842174025291 5.033303349560243
3.7290408246646405 6.466339089639593 0.007124951342264014 -0.029141638052284743 4.952178710526372
1.3353125803058525 2.780087637498518 0.010293050210666807 -0.02817894812374465 5.062606012780908
1.7626505152850056 0.617778685260864 0.009854734048851985 -0.028335211607228156 5.047094594917566
0.8328138404599785 1.8409683883775707 0.007641859861048266 -0.029010377072077143 4.969956079175841
1.2369305325513038 1.0550596001933796 0.009784695679935397 -0.028359473381060048 5.044623875367675
4.980699272983071 0.6500071537587424 0.00790122169464231 -0.02894081366741636 4.978907063568292
1.036141987298883 0.6139598691830561 0.007956087116344606 -0.02892577877598346 4.980803335767673
2.978192110480158 0.40217605293202857 0.009646976223696244 -0.02840661630218283 5.039771711450529
3.3244965408573712 1.9424533766958276 0.011391636080933833 -0.027753029157185104 5.101883888620415
5.189520092000394 2.381205340362367 0.009309384476343312 -0.028519035058564273 5.027911055253914
6.6252473243637455 2.3919532078598484 0.009415101741585614 -0.028484308999791298 5.0316202111213535
1.01858509650655 0.34620065726609967 0.007467775284871694 -0.029055676421220335 4.9639600093851985
5.061776507802932 4.698099571237086 0.009123786562406342 -0.028578952373445276 5.021410046422549
1.9046771136138427 6.8016241989689865 0.007455903291544002 -0.029058725128731012 4.963551436196939
4.484341358959568 2.0556263360446834 0.009655682558592886 -0.02840365811524433 5.040078217092959
2.2290979273808023 2.5739754287088212 0.0079334359646038 -0.02893199947800931 4.980020341630424
5.2506817103287595 2.7980038989655722 0.010723280262752674 -0.02801805240209353 5.0779172088599545
5.12820753333532 5.361999076614132 0.010863826373874601 -0.027963856610244347 5.082938324370972
2.496685285765925 1.9838261380884916 0.009504599573987985 -0.028454570580807356 5.034763854247332
4.620650885389634 1.698828359576322 0.010230792232205233 -0.028201611484123545 5.060397522705971
2.0321092607911124 2.897600010878405 0.008424106194257226 -0.028792958077069417 4.99702021252104
4.649020619536011 6.628839376024434 0.008049178043514422 -0.028900012678609765 4.984023035642399
2.8643752331658296 1.713087501253748 0.008613348228134749 -0.02873691410539566 5.003599102552834
5.422867701180014 6.762898282226091 0.009980177740512915 -0.028291271662259556 5.05152515387919
3.861280980316571 1.7473672818310375 0.01161588160550939 -0.027659922171379813 5.109977458628191
5.436349717089057 4.203931004746367 0.010264608248945203 -0.028189320983232034 5.061596864912489
5.807384732560592 6.503508487957027 0.008459306440467695 -0.0287826359902331 4.998242961235838
5.994776151925373 4.768258556208245 0.010752642155081978 -0.028006797151490813 5.07896538265694
2.7464606490252987 6.684524286665182 0.007203093878715078 -0.029122421578131465 4.954861067028598
1.6035500653004122 1.3001230824824572 0.00918204021834963 -0.02856028951934153 5.023449052675726
0.6900623337122371 6.9310408875805285 0.009186293953174001 -0.028558921607894767 5.023597995027434
3.006374528337535 6.891587949803209 0.007278182776604243 -0.029103746416403873 4.957440280425221
3.69140292346142 0.24553293199549767 0.009245907378914252 -0.028539677586485433 5.0256860814225925
5.305939278530371 4.976708222731908 0.00998146049688558 -0.028290819117676898 5.051570495306301
1.115135868735485 2.137676574443021 0.009757453409941592 -0.028368857977592598 5.043663428717926
2.516143712857305 6.345690079681946 0.006966419897104998 -0.029179941634917977 4.946742264683853
3.6604019903703833 3.2887290093752424 0.010689720219222395 -0.02803087372228607 5.076719682275942
2.9134480431654133 1.7078300685287962 0.01087843534975315 -0.027958176699156203 5.083460800922044
4.252652584905216 1.392570823382738 0.008744733973007235 -0.028697205922203175 5.008174275485803
4.396632825043738 5.854178445136373 0.009984101978928404 -0.028289887021237074 5.051663865722514
2.9098490207640797 0.6596076956585256 0.008831446035900034 -0.02867063935309057 5.011197292872664
6.598846411273706 1.1456590906754007 0.008844271936154028 -0.028666685436571807 5.011644676844174
0.4422432637910473 1.3482348712411847 0.0080690905439021 -0.028894459292298752 4.984712115373408
4.827686673158619 5.7842329445943035 0.008244029805740976 -0.028845033759072884 4.9907717018817035
0.2690596746559497 0.8549727678539684 0.006616926898608056 -0.029261173565297706 4.934781889491656
2.123539901326826 4.337373010339713 0.007583336668389989 -0.029025730050661117 4.967939294256137
6.102498976862975 2.2402074312269105 0.007005465336979067 -0.029170592304791902 4.94808057065674
3.341288816579459 5.984855567254831 0.0077246567705979135 -0.028988440416422127 4.972811201293504
2.3297586528198164 3.441874170207997 0.009125590121999368 -0.028578376527109924 5.021473155025667
2.1352745277834697 6.469038400874737 0.007983613138156074 -0.02891819360299432 4.981755069149792
4.645205205260707 2.8126685239153755 0.009818480430210346 -0.02834779430646371 5.045815424446141
5.373803824674626 2.6330163352494025 0.008415084880074296 -0.02879559595599898 4.996706910190026
1.7060531556147533 1.2944220757985248 0.009495801223520062 -0.028457507957011886 5.0344546632768425
3.331371614488434 6.165304456812189 0.009077226825105509 -0.028593774727474947 5.0197813073586985
5.027004398337387 2.5916287967701646 0.00889370617129534 -0.028651387235850607 5.0133695856060925
3.8301539525500905 6.450646923392746 0.0097988927094787 -0.028354571089475592 5.045124528402715
0.34043842379385303 2.904227705153298 0.010444979886393264 -0.02812298695325303 5.068002960745364
4.962543950001407 6.466527828203703 0.008955643452998135 -0.02863208777478114 5.015532068156416
3.3249603005777257 2.0213127175489594 0.010359106290707553 -0.02815473169571721 5.0649511835553955
3.66891195327276 5.40493675853668 0.00930835225305937 -0.02851937198349509 5.027874861280858
2.8648941919779674 5.676846118152193 0.009193518128901231 -0.02855659686330926 5.023850962202804
1.9610735792477947 2.5284467661453007 0.010842669848153125 -0.027972066612317922 5.082181868644714
3.936403516588704 2.2677444722680877 0.009710887655794921 -0.028384831529120087 5.042022451924979
6.065164458664653 1.9906295951521056 0.010285995617703525 -0.028181523985629023 5.0623556744617835
2.220821885463962 1.1405111236351588 0.008969300587313307 -0.02862781247274093 5.016009090784718
6.175843412432739 3.2328553330123526 0.008183903726360232 -0.0288621502975379 4.988687869214896
4.746059376695083 3.7741247290507274 0.010053901761470113 -0.02826515627713224 5.05413224848842
4.9122069230042085 6.148200419493999 0.007138922018128297 -0.02913821875851513 4.952658144634868
5.071632105467219 2.4420280292522185 0.009978683985346726 -0.028291798562844757 5.051472355218393
0.6893470800709688 4.220050411814217 0.00877455796020744 -0.02868810088874759 5.009213704781295
4.878032189639825 3.6976130274110175 0.009345542621588876 -0.028507206687223244 5.029179178114304
0.7328659698362658 1.8569267692889126 0.00911291444814706 -0.028582421000691183 5.021029645690851
2.8659645660442816 3.253125746499614 0.011503595525679044 -0.027706809451497245 5.1059213793691525
1.3512710617801118 2.5016619431428686 0.009305609667038396 -0.028520266982002843 5.0277786970670375
2.5882178423462205 4.943018947886997 0.00933571628598495 -0.028510426188108718 5.028834501037718
1.1022224692115752 0.7922173006226976 0.008404754892768235 -0.028798612730346722 4.996348194012448
2.9543050901035004 2.1184996860026075 0.008826735816094411 -0.028672089823256273 5.011033009802685
3.10093368347606 1.8849485588730608 0.010697529449504892 -0.028027894385361442 5.076998290975191
5.955849683604753 0.5570103865866864 0.009184163174623741 -0.028559606908742374 5.023523386013351
3.028233791127269 5.8685626633032335 0.007202991875100856 -0.029122446807355165 4.954857564450018
5.400463533134969 1.9831703245633758 0.008948495050009662 -0.028634322697419484 5.015282413851478
5.509960845357572 6.106620533781244 0.007262638305036607 -0.029107629323773775 4.956906210546249
2.996899140804758 2.689577672010921 0.011080924790430472 -0.027878542031261666 5.090713682453391
4.12262143808668 6.603821634310119 0.007696950101931046 -0.028995809337357417 4.971855539482725
5.33642014954561 4.7162563716886545 0.00874631716298682 -0.02869672343812865 5.008229444734427
3.453394116375479 5.206708022940196 0.008760586975245812 -0.02869237034211627 5.008726745215231
4.993883095415887 1.3864699592301009 0.010518797790600698 -0.028095460363561475 5.070629068911177
1.050180051101754 0.4051272780609671 0.009589589309200354 -0.02842604047138592 5.037752207234119
5.780859665083915 4.061157634695817 0.009553126624690834 -0.02843831520488904 5.036469763106211
0.6845292227134753 6.666604493899611 0.008994468865824022 -0.02861991491639558 5.0168883668027195
0.748589236989415 3.031730860764468 0.009598460397845038 -0.028423046247561156 5.038064299796538
6.1390477835867765 0.7620714481231962 0.007811124824089161 -0.028965260726989805 4.975795238123681
2.1030592191894075 1.9101486292393641 0.01086330116769504 -0.02796406064469099 5.082919542831973
6.567709153896838 2.000561068928105 0.008799097121171095 -0.028680583847826364 5.010069194481981
3.9932182508397838 3.2998799083286254 0.010768917292834313 -0.02800054321508949 5.0795465613805755
0.8310397142596129 0.6561170284569418 0.00944960769717214 -0.0284728803314583 5.03283185628047
0.24766494478101206 3.80556855730763 0.008019405311443219 -0.02890828840403382 4.982992985325016
6.254621914565778 3.0307173525076667 0.008685478578943027 -0.028715195661090695 5.006110074324039
5.288414000370138 1.8279912949900556 0.008641983442021228 -0.02872831568658056 5.004595712559269
6.352383150519049 3.139645618091577 0.010899228120384402 -0.02795007739488071 5.084204618449868
4.753144473752907 6.234611862452463 0.009867113477392626 -0.028330903120519415 5.047531520173628
6.711739767070752 3.5169744686875886 0.009196079860970725 -0.028555772011813106 5.023940670688662
3.4823118067292618 1.6671774767736574 0.011107499487443283 -0.027867964675168642 5.091667094481152
4.6321142978738115 5.810613433317 0.00992605200600431 -0.028310307161422636 5.049612637686694
4.638288583341256 6.760293690183823 0.008373455924491064 -0.0288077287525519 4.995261544022477
3.05652149479187 1.9131073034281514 0.010346065122013817 -0.02815952656723918 5.064488026661818
4.160272985637442 6.194640114455799 0.010137654789708352 -0.028235225434989946 5.057096935251787
6.937908802232818 4.033226313618635 0.008303877422184518 -0.02882786186586397 4.992847116834014
6.71731520350966 3.555310880755112 0.009673483371248843 -0.02839760059346867 5.040704992360897
4.163389743548526 6.177653049566475 0.00999806499680924 -0.02828495529993954 5.052157477972216
6.664797088935663 4.668248680409162 0.010098940889891455 -0.028249095435119307 5.055726151531333
6.270824341672577 4.169555286598457 0.009505292233573034 -0.028454339204317784 5.034788196993929
2.227823949747179 1.2846297015438666 0.008082299239040774 -0.02889076736624697 4.985169280488868
1.4583825624953217 0.7676490348313646 0.008032751160114112 -0.02890458283386365 4.983454676576395
2.069043409615216 6.362410023328249 0.006318889915531471 -0.02932697785717776 4.924608009446885
2.0122642236406185 2.501895907592934 0.008290142019867587 -0.028831814810906818 4.992370686758482
2.9889147683317896 5.077350420915704 0.00771516302320932 -0.02899096858549751 4.972483714433352