300

5.544795705455638 2.525778044377409 0.009182387258205613 -0.028560177944829807 5.023461203831744
3.353035149451664 6.013566734289416 0.007178452616598632 -0.029128505248832252 4.954015028622383
1.9424954384901616 2.155802109376874 0.006484042194769765 -0.029290906384344704 4.93024287137978
3.2706218301554233 1.8020148702718377 0.00705981998564631 -0.02915748517568463 4.949944325996581
0.1411790748057226 4.6979923854942145 0.008693359820457118 -0.02871281064319656 5.006384548120773
5.7879966897685575 1.500444694674606 0.006861727526561243 -0.029204737549774894 4.943155972533331
6.808372152623981 2.509134072843244 0.006726633738410166 -0.02923614883238355 4.938532717963317
6.547551764387245 2.6909655817336637 0.007026569503701414 -0.029165515956513663 4.94880410763686
3.230565623504532 5.533905715079736 0.007951300316020945 -0.0289270949679439 4.9806378539168
0.296254945052937 3.7298067805453146 0.010338281497317017 -0.02816238512062202 5.064211628918418
0.07568426422158267 2.1543254720372524 0.006303498266866977 -0.029330289967874592 4.9240832100867395
1.1271725341291832 5.649977949668022 0.005260674731129279 -0.0295351536541332 4.888656161524744
3.0031676619827636 6.893998289088717 0.006245411299750236 -0.029342713536701953 4.922103187089118
5.948152637062424 3.948009777359298 0.008057364705066421 -0.028897731295199455 4.984306322183858
3.6003690889994453 4.527500398219847 0.0078876355624983 -0.028944519433447363 4.978437648220164
3.5211624683235576 4.203612181028041 0.007694995085723264 -0.028996328226703026 4.971788115990881
0.1794077462860922 1.7164938570140917 0.007986382779839239 -0.028917428829235273 4.981850845474645
1.760576418655338 1.5162369486072298 0.00619963474244539 -0.029352419475407204 4.9205433798044425
1.0200225769296936 3.1560259066843224 0.007755965315580633 -0.028980079399882775 4.97389139247443
5.951319307012368 2.326968992134625 0.006890287535863241 -0.029198012563753848 4.944134008909011
0.46685088113332973 6.573012427713424 0.009175575907526124 -0.028562366967133976 5.023222721787301
0.7896250900516609 6.593066172101268 0.008877851116325016 -0.02865630401074721 5.012816254832477
2.7162827576005 3.8860470389639707 0.007767478398471153 -0.028976995691915405 4.974288689360819
2.4155261583945107 6.741153070232742 0.006857897064936448 -0.02920563726143869 4.943024815641026
0.4175904843908722 6.317980882765958 0.006299585091330818 -0.02933113069210054 4.923949794445375
4.985878552654747 1.993104301431323 0.007387434799290035 -0.029076206889589958 4.961195934669048
3.653140451866394 4.348871456621874 0.006717320382522655 -0.029238290081305126 4.938214173451158
5.236904414581838 1.788593368541596 0.009584718106344965 -0.028427683317884048 5.037580848085806
6.498126007417243 3.406967915417102 0.008274370244285113 -0.028836345071116223 4.991823702938589
6.706710258248858 3.2468366711820207 0.008622525161167162 -0.028734161895643297 5.0039184608663705
2.8901248028312696 1.602490360358925 0.006722460239773384 -0.029237108754537715 4.938389968993893
4.7132573225199 4.645251350944641 0.008205280441915454 -0.028856080344868733 4.9894285958220665
6.836031039949727 2.215964624184906 0.007996652705552547 -0.028914590529813475 4.982206009472692
0.4199921464281582 3.5657989634234584 0.008899727707950281 -0.028649517390775397 5.013579758086684
2.8209383444986016 3.8404080567117824 0.007564276241589271 -0.0290307031423789 4.967282677062569
0.3235096727552717 2.1478653916489576 0.007035460588884991 -0.02916337247820022 4.949108968070628
1.88346262685383 2.3199569619541816 0.007760140590443951 -0.028978961644899288 4.97403546921486
3.518863744857413 1.4540215916243457 0.00560465936668664 -0.02947181354079541 4.900315148771771
6.603044115566897 6.057582379983821 0.008821734266562343 -0.02867362907847836 5.0108585748277585
0.14860266057306745 4.9148686948405755 0.0078057292384432035 -0.028966715227241643 4.975608964980344
4.921521329784162 0.3981670702933622 0.007294806844749337 -0.02909958407087287 4.958011521539908
2.851943731619149 4.74802486991721 0.005805256319766281 -0.02943295770155989 4.907126012252254
0.35329120272853404 1.631433702468045 0.008040601606601557 -0.028902400000759734 4.983726285508542
5.533500259175342 5.356512641627124 0.007843555980396837 -0.02895649546444426 4.976915064422159
1.4090097568375377 1.9715775788487033 0.006513115263051989 -0.029284455425535903 4.931235543554446
2.016102202467916 6.542627679684936 0.00749762099617499 -0.029047989248788215 4.964987335573115
0.916450918576581 1.781134361129707 0.006414751871356149 -0.02930615905281572 4.927877896594746
2.5616938986205438 0.6035682257965614 0.005731869825476688 -0.029447337202263127 4.904633278260036
2.880226791092994 3.4603757418107786 0.007743743576518471 -0.028983347553744182 4.97346968728813
0.14340279895796987 6.180977552626502 0.007675210080589385 -0.029001571512916657 4.971105849755198
2.7261152046906254 4.547717364165902 0.007201186795885476 -0.02912289320673282 4.9547955825227294
5.840365100457131 6.547383834799006 0.010003368128570986 -0.028283080208567984 5.052344973673579
2.5946110698417404 1.1275713588996594 0.005396061701319603 -0.02951071869872965 4.893241976841989
1.7214558817978198 4.257374030358454 0.005901888252822318 -0.02941373344292081 4.910410201875204
0.34390054954234217 5.166218961409702 0.007633648195504376 -0.029012538931077244 4.969673030130577
3.29753667095831 2.0341574883134963 0.007669364604703 -0.029003117876534045 4.970904297917644
5.294009202679725 1.9538347153248268 0.008205256714429905 -0.028856087091813105 4.989427773552289
6.99698964531748 5.457232144651795 0.007907760671029697 -0.028939027647274466 4.979133013612765
5.486733703347804 4.251514223378515 0.009561313577004965 -0.028435563695523615 5.036757661607804
1.7229924164479016 5.137441411507642 0.00617863400809862 -0.029356847272722714 4.919827965199073
6.561313147082536 0.8742658556031213 0.007664987839357302 -0.029004274881860165 4.970753394209367
2.16710564256588 0.4983873274662295 0.007155282796808702 -0.029134205465357957 4.953219671925638
1.162544342802285 1.7320798772818344 0.006461828371024409 -0.029295814958854173 4.929484548600435
0.2321248060894019 2.2415304154985387 0.008483531949276252 -0.028775504959350568 4.999084736421013
0.33058291410028195 5.272256956674825 0.005823788602884837 -0.029429296395070484 4.907755695324731
6.8806169520259175 5.989496689989055 0.0074671658173787545 -0.02905583305733584 4.963939033592334
2.0830585153694563 3.3165623206643136 0.008684154517884018 -0.028715596116213826 5.006063964527611
3.6692313668773036 6.178760836197858 0.0071461689494682614 -0.029136442290466 4.952906861012524
5.160447687819081 4.092634989437823 0.007748078185834559 -0.02898218908961493 4.97361924544144
0.25288794309725565 3.8286789501838623 0.00920782041708518 -0.0285519884275458 5.024351842685558
2.7598665221046605 0.9762531577081214 0.00634538908351054 -0.029321255726500958 4.925511674043636
3.7098459066431126 1.6814037448529515 0.00674566824139963 -0.02923176286126056 4.939183827324524
4.218493469108408 5.094099693740257 0.00775775264261113 -0.028979600996840174 4.973953067315206
6.20224400394783 3.2221111606460155 0.006303845596404324 -0.02933021531964424 4.924095052110113
4.229854593553793 2.897352987773817 0.006689069964620146 -0.02924476607888011 4.9372480674519155
6.718481454621592 2.96251151485761 0.00886750226556193 -0.028659508083186878 5.0124551380560565
0.889601052638473 1.946470259344913 0.00850237607194364 -0.028769942668195225 4.999739666490052
3.634159746396735 4.308940911472704 0.005856056935265044 -0.029422892399812328 4.908852284247161
2.3953576669859236 3.8307427448945526 0.006942216396565071 -0.029185709371253307 4.945912889915122
0.4967136641371314 6.809457013400208 0.0074756926627022845 -0.02905364037797706 4.96423250881275
6.307361298706019 4.355047847519978 0.00811057261757107 -0.028882842862417584 4.986148044881859
6.745658172196809 4.955280716863757 0.007501782845321432 -0.029046914709511595 4.96513061317083
3.1473256840597124 6.372705077668194 0.00677803035796227 -0.029224275944264928 4.94029105641215
6.894161199425035 2.31179148136926 0.0070720925107041555 -0.029154510929186278 4.950365252244915
4.008850439988387 1.1383446318910215 0.005100487714877553 -0.02956323772982897 4.883235146833471
2.0618516060695073 5.570716104269289 0.007558139723232712 -0.029032301388696207 4.967071302595013
0.9936968842892402 1.2733891792790155 0.0068095222637687925 -0.029216954094142617 4.941368785362676
3.904437115999845 5.002495194717423 0.007029240661818908 -0.029164872290449544 4.948895694824804
3.280637695675827 0.9703896113317068 0.005442983679909394 -0.029502100410991754 4.894832206538164
6.91104178731671 3.024431007644255 0.007566150594734212 -0.02903021469396675 4.9673472421164515
0.37174999476458137 2.876307457150117 0.007963378648049314 -0.02892377223855478 4.981055421792135
3.654783134011679 3.9136898499478696 0.006354788850142769 -0.029319219953301983 4.925832263753824
1.8158365382552155 0.09735070161439179 0.0057847481214527334 -0.02943699524699063 4.906429283396301
6.389089178945762 6.478269762407873 0.009594867453889785 -0.02842425933146344 5.037937892962868
0.33981522472367526 6.218584590553752 0.007857325742439258 -0.028952762082005257 4.977390627824845
3.2438186577044714 2.489369538554478 0.006717365587626769 -0.02923827969566896 4.938215719544039
5.777523859171223 1.5335076100980154 0.009236639528356166 -0.028542678399603783 5.025361362853552
2.770763048748361 4.418546245810211 0.007412988760223917 -0.02906970240027912 4.962074894499612
6.086044093779879 5.098794097851911 0.009573356467714405 -0.028431511495910146 5.037181206883831
2.5647541583163838 1.6365118877233784 0.007730510453723418 -0.028986879930838934 4.973013138361572
4.698715561556299 1.5246445490381146 0.009102701042465284 -0.02858567532404126 5.020672334315112
4.401630922132814 2.5960320616555057 0.007572663764892765 -0.029028516384822012 4.9675716069969855
4.7867939522896 5.877721326157362 0.006247742750623625 -0.029342217205283412 4.922182643632483
4.404814393085843 5.51091825650787 0.0068578713626830734 -0.02920564329667969 4.943023935596859
5.66255323538168 2.9994950708850974 0.007230235097379616 -0.029115695087643362 4.955793144446394
6.2916087853478 5.331179516852414 0.009153323140332877 -0.028569506042083515 5.022443725234384
0.5155471569101462 5.249011690374589 0.007237141131441915 -0.029113979258143186 4.956030344262726
6.818009750268466 4.37430137747807 0.009867035924942993 -0.028330930130440198 5.04752878279486
2.916077492601961 3.275446060219086 0.0062358676636313035 -0.02934474321717056 4.92177795111664
6.7221417787395605 1.3495851424880219 0.00904568376192213 -0.028603769074709337 5.01867835580208
6.035997877691168 1.903500669674449 0.007121980902072788 -0.029142364146213507 4.952076780663061
3.8746914751059407 0.5879698419100872 0.005592953229217123 -0.02947403729005902 4.899917966030301
5.026911854038104 4.110787000090733 0.007334357831216219 -0.029089640685365594 4.959370913439074
2.2253346193523624 2.0339627487064553 0.005790363944937488 -0.029435891109072406 4.906620061318544
5.205334158802682 2.3094172022931856 0.00918316531631255 -0.02855992777955284 5.023488446712233
6.085858099324667 4.268080192453783 0.008930381328676561 -0.028639977118084872 5.014649888590148
3.341975932840279 6.116021280987259 0.006668545086138377 -0.0292494530963254 4.936546292885853
4.209125633763428 4.1451449981828254 0.0068081661398180044 -0.02921727012937101 4.941322369962504
4.791661317841289 2.1468778537214694 0.009174016499366089 -0.028562867875431535 5.0231681256648
4.021746832103557 3.745062409414388 0.008051251829918846 -0.028899435011280557 4.984094793643086
2.2501118878376527 1.7595028478239103 0.006167139812487543 -0.029359264066615005 4.91943644760017
4.196851283145771 3.885982846084465 0.006279334807874016 -0.029335472629065 4.9232594431549925
6.844293567310875 1.2944166058009943 0.006875292118297576 -0.02920154718997052 4.943620463351499
3.7638015683805346 4.330658485419417 0.006493547427430129 -0.029288800620846794 4.930567394429241
6.510232868066026 1.5784841609945743 0.00702201522578851 -0.029166612799034347 4.948647957741397
4.25082360343988 5.619935554348623 0.005222144537627862 -0.02954199056306334 4.887351758999916
6.927123524255324 1.811019873925669 0.007793826065263755 -0.028969920180497828 4.975198061829749
5.871265667460495 3.561458211166162 0.007874421031444282 -0.028948117268996057 4.977981129685952
6.901198584505359 4.1979507777060325 0.009474206346648037 -0.028464704707780373 5.033695912876075
0.7352779431938129 2.4131903835305497 0.007258330273146347 -0.02910870388124362 4.956758209748355
6.048943781675753 4.1143047983883925 0.009284630974014059 -0.028527103387417003 5.027043213838176
6.5534780461599045 0.30004241404322657 0.008919700342689331 -0.028643305427213314 5.014276970510426
6.757530574625128 0.6853101894836875 0.007577186958210544 -0.02902733604381091 4.967727429127551
6.30943182392648 4.4555289678581484 0.009635334097662679 -0.028410567344324875 5.039361901420413
6.2362381720733895 3.094832919354784 0.006895706820377315 -0.02919673316395863 4.944319617543178
0.18028518688199832 5.688277815974076 0.0073874589522187695 -0.029076200753009027 4.961196765345875
1.9074680419578445 0.2709295772809617 0.005797536737388734 -0.029434479234031436 4.906863742218595
3.3304153588035237 4.519141756370108 0.008335659948174073 -0.028818687916496243 4.993949785524134
6.807823214799003 4.048495658282467 0.009462218185925833 -0.02846869204937126 5.033274783583678
5.9153558606791945 0.5924983630058452 0.008860999539772872 -0.028661519275086325 5.012228250086289
0.28079585979848387 4.038937290270516 0.009464708064490075 -0.02846786436060802 5.033362245092405
2.611310970605157 1.767896836256861 0.007481291346496259 -0.029052199224651482 4.964425215219367
3.741544601744236 2.4525415779421587 0.006207388648043857 -0.029350780673980992 4.920807552985245
6.922555833427629 0.3535187297358329 0.007830612368386084 -0.028959998445028945 4.976468089444168
5.466789552239878 2.520888391110863 0.009167813367338146 -0.028564859496620246 5.022950958545123
5.530874630272612 2.904730548066156 0.0076710997113709255 -0.02900265900255018 4.9709641232233555
2.9822421264935244 3.2253200704605973 0.0054912553527214514 -0.029493153691173956 4.896468665699976
3.2397110255863697 0.9219276665152246 0.0053033276736937475 -0.02952752471145243 4.890100489358495
0.41333919025001414 5.189168173316877 0.007939718567326838 -0.02893027599369984 4.980237498755585
0.22789449281686022 5.666507450817623 0.007121255421111325 -0.029142541433912254 4.952051886363098
6.926919454782071 2.2873974847585723 0.008884787661886025 -0.028654154117740027 5.0130583239330795
3.3365372810898473 2.0629138944206047 0.007753541986185745 -0.028980727849183752 4.9738077728870405
5.9321525725334965 5.4370516358825896 0.008313419880455239 -0.02882511144629369 4.993178147746571
4.927046839706012 6.483839807196065 0.0050992022532075935 -0.029563459479243673 4.883191665234449
1.0584064695843212 5.234098831678086 0.005074364319636045 -0.029567732864587446 4.882351569470226
5.648876272678295 1.2536180095034324 0.007323318763530897 -0.029092421732948192 4.958991447084874
2.9242125302681767 1.000625342778932 0.007365913148395631 -0.029081666449677405 4.960455823359046
3.8467774121641063 6.696545394135706 0.004632354300650436 -0.029640197260363252 4.867421075971706
5.3562724918886415 2.25182301250609 0.008423831169563873 -0.028793038541055097 4.997010660730345
3.063744078119633 0.27466108915934473 0.005609170661670839 -0.029470955269353775 4.900468222509787
6.209365920643413 2.245580627047636 0.008633052564793048 -0.028731000738114226 5.004284853408413
6.795079246593324 6.004486807120543 0.007221375426864685 -0.029117893758722913 4.955488864026036
5.173174092683472 1.719419289103975 0.00951083903411938 -0.028452485671151318 5.034983140238115
6.286542772782758 1.9339498005646256 0.006536723455318599 -0.029279194771521425 4.932041783975197
4.1392935523061976 1.281074213520588 0.005903279249587905 -0.0294134543041341 4.910457492824121
5.020708769462559 0.2085175017710353 0.007022316930065356 -0.029166540160494137 4.948658301920017
3.3167922915620704 3.2240936986757704 0.007826976488026816 -0.02896098132066445 4.976342543213106
2.5507083731410622 4.409381370931233 0.007286762442896771 -0.029101599493855816 4.957735087237077
6.847002159186523 2.3247519010447415 0.007667141642079392 -0.02900370560877165 4.970827653051094
0.3014038371320233 2.0946793224140463 0.0076998173149823625 -0.028995048082662282 4.971954424485518
5.215322133573689 1.4869148393949905 0.009534643040290152 -0.02844451761050355 5.035819880432115
2.8442211189170052 2.087110806084762 0.005821545562071912 -0.0294297401835069 4.907679477943604
2.6179042724734485 5.021148270318468 0.00635469441804277 -0.02931924042081063 4.92582904292915
5.652999665529846 0.9625245014700688 0.007916010221959454 -0.028936772144899533 4.979418091344858
3.9859199242566974 0.7725488735445348 0.005706303646603824 -0.0294523020949595 4.903765151474464
3.0771300497747895 3.9825848739535914 0.006401999076875039 -0.02930894757270706 4.9274427598181
2.1860045265911108 6.960183981283471 0.006105705068944017 -0.029372101824879187 4.917344389286724
5.16268352561051 1.4809702585912112 0.008686091120390973 -0.028715010378689836 5.006131406006098
2.9543161214540397 6.2878951464576796 0.0054804296881707905 -0.029495167238600566 4.89610162136786
4.010239213309028 3.759380171407909 0.005718816327115964 -0.029449875039067853 4.904190014558742
5.541822324208023 3.0459011149143844 0.006737163706149993 -0.029233724107553167 4.938892902348763
2.7275326817797914 6.769582102055665 0.007476701586452156 -0.02905338075658569 4.964267235210011
6.662116845961982 1.5973277308693277 0.007876997521103778 -0.02894741629321216 4.978070134467471
4.561257879827295 6.97088634139802 0.005434984904990666 -0.0295035750220634 4.894561087707271
2.5122993179039437 3.2341073357201933 0.006055898258716818 -0.029382411342163028 4.915648968948375
2.8238633469967116 1.3591820917535207 0.0062045545744030045 -0.029351379908502676 4.920710995256857
6.460590886384441 3.0644026377363036 0.008351300438871515 -0.028814159383534068 4.994492548585347
5.265641568376052 2.1976124400025574 0.008820964181059902 -0.028673865991813142 5.010831718013823
0.258530048703864 1.4394611191606443 0.006590452362540614 -0.02926714775404468 4.933877215184756
6.029992117906223 0.5269770767197527 0.009280601627199733 -0.028528414492172846 5.026901970818837
1.6781227588677865 1.8454556406168081 0.007835226695458193 -0.028958750363763615 4.976627427384204
0.09752408653669464 6.5142693328403185 0.008695890274645483 -0.0287120443774268 5.006472679094228
6.101771769942671 2.274116868193344 0.009025856181491463 -0.02861003181038134 5.017985251015117
3.7545136646444726 2.863951295260426 0.005470873938797689 -0.02949694116931083 4.8957776543306615
2.63278971653795 4.8955381694032045 0.005379960952458847 -0.029513658196672572 4.892696414167437
6.478461340300705 1.0807261699343187 0.009537992706215952 -0.02844339457828779 5.035937644146515
2.738313934535245 2.4792452831058505 0.008104917665341653 -0.02888443022872414 4.985952260940234
0.7031273415524246 1.2491537989846517 0.007862492685435825 -0.028951359359647832 4.977569093289969
0.10381451690365401 0.2697703805025045 0.007420583501749443 -0.02906776462842583 4.962336162899165
6.200202174988669 6.29093501829724 0.0073444270232245175 -0.02908710009094288 4.959717072119447
0.8427425590823583 1.590797879182765 0.007738357664708439 -0.02898478602048061 4.973283864096578
4.1547778090738055 3.2673025887935983 0.006347786331977013 -0.02932073683732327 4.925593432809338
3.3675447161101832 2.635668474981773 0.006765121303200521 -0.02922726695661061 4.939849355341102
0.3849098921081503 3.9024726045342284 0.00788717101024962 -0.028944646024007238 4.978421598507062
6.0293750540634194 2.829743835507725 0.008208406468027426 -0.028855191270474114 4.989536929117155
6.076425682358425 6.40252096728078 0.007941322059156828 -0.028929835878427467 4.980292925258497
0.7329701412299757 1.0858695535862886 0.008371684094265888 -0.0288082437060265 4.995200039194944
1.605975775607478 0.292504078280058 0.007465776379762636 -0.02905619009862405 4.963891214310182
0.5185529363469624 0.1300682669966954 0.008614646646376177 -0.02873652489703791 5.0036442857979555
3.1918611400895087 6.543688834678834 0.005643439119583203 -0.029464412346143234 4.901631138953236
2.3876155733914635 4.387314886755941 0.006520513766307531 -0.029282808953776853 4.931488193333964
2.5589121036828124 1.829594400389842 0.006126432894111339 -0.02936778541180711 4.918050138830418
6.369135638187299 1.1128143922439078 0.008790957906571905 -0.028683079665281427 5.009785418514894
4.37337654963864 6.389669631634319 0.0056933759560208325 -0.029454803856474816 4.903326233616706
1.5303289071081747 0.8848037811708597 0.008041251773910822 -0.02890221911737187 4.983748780849543
6.162682545980601 2.305015401130846 0.005962674379382365 -0.029401471293890327 4.912477221965989
5.5973443936436365 0.1311183732665206 0.009634773236949452 -0.028410757551895066 5.039342160215355
2.972642947014168 1.9424905328639759 0.006952342401209501 -0.02918329890770309 4.946259855020112
6.38375674274782 4.209915943951548 0.007894528930820852 -0.028942640048213165 4.978675813932619
2.206683016143569 2.639114295898137 0.00629413497501045 -0.029332300709565048 4.923763984779132
3.438969088930419 6.36894543662629 0.005247049079055188 -0.029537577354312356 4.888194843701788
6.782933969217465 3.8231387911988435 0.007917713740507665 -0.028936306072534137 4.979476962191206
6.863031094220494 2.9773994137809896 0.007902020528308809 -0.028940595563501904 4.9789346659946006
2.7442320295139004 0.9861425093045111 0.00701624373140336 -0.029168001712519542 4.948450082280502
3.9678061596276 6.097703864821347 0.005096788726759696 -0.029563875670736664 4.883110026972199
1.7863702645443105 5.864427189787394 0.006940202486262426 -0.029186188333690934 4.9458438871798664
3.951372290785432 2.103628567186264 0.0063019015019535355 -0.02933063308999101 4.924028769589393
3.9074403853174466 6.127190862502025 0.006534308858994783 -0.029279733737437953 4.931959316744873
6.714614925189355 1.7551707971154753 0.006908509669365862 -0.029193706413339814 4.944758143057836
3.855601655178847 2.8017503088114406 0.005893642946728352 -0.02941538666780498 4.910129888111393
2.743577163996046 6.557979110818713 0.005291477064090999 -0.029529650700274104 4.889699162699674
0.4001076457358517 1.8540531209778361 0.0067522152938977635 -0.02923025125832573 4.939407803613038
3.5681247923163277 0.13406673640398942 0.004910988950783387 -0.0295953068496558 4.876828697272753
4.2199721160517685 6.517907724449378 0.006626058869914335 -0.02925910702418017 4.935093985439938
6.74938561649493 0.8541533077922835 0.009673852960868493 -0.028397474692153455 5.040718007208322
3.564985312090467 3.8729553508041406 0.0075021128904613115 -0.029046829468614543 4.96514197567275
2.0228765104584236 1.3407653611200974 0.00822554186235666 -0.028850311282040235 4.990130820273722
0.8430161012088484 1.9377745372427608 0.006625457474833817 -0.02925924321046545 4.93507343137175
1.5482486042970864 1.0964727092428097 0.007547428995048198 -0.029035087662425022 4.9667023957700955
3.660928315853678 1.971775374297584 0.006838650574685899 -0.02921014991946033 4.942365867418878
0.8456168125080064 6.610835857125101 0.00888038601852787 -0.028655518563828763 5.012904714842552
1.133485846308557 3.6230766427479177 0.0066934599892342775 -0.02924376161461654 4.937398183202098
5.157930618966426 1.7523081439711283 0.007183130824847339 -0.029127351948866342 4.954175637648279
2.8531410641826187 6.17344068102668 0.005644144122782178 -0.029464277305260064 4.90165506628653
2.0258547784468743 4.228551759261537 0.007100279647448627 -0.029147659064288966 4.951332184849704
2.263444183353001 1.227457251016019 0.0069050666229191204 -0.029194520974543295 4.944640206734136
5.953499676916436 1.5693569779068641 0.008287726028452392 -0.028832509382246158 4.992286891744925
0.9073654834151778 2.8379496308710994 0.007190403265176108 -0.02912555752057194 4.9544253226977375
4.741181368973607 4.3361609047048715 0.007773442864032384 -0.028975396218854782 4.974494529545961
6.390477260215267 6.265393769883127 0.008866334027364706 -0.028659869520205335 5.012414375638672
1.9477653729587443 5.083764617888883 0.006744799354862631 -0.02923196335627569 4.939154103371122
2.1852004008145 0.27622233797314905 0.005597554671879594 -0.029473163754427836 4.900074086849326
1.7104952536114493 0.6808140026636634 0.006943727083517819 -0.02918534999258397 4.945964651420528
6.776725783224026 0.4311678644865938 0.007280650998970493 -0.029103129059109605 4.957525089044292
6.453662394972707 1.4255086553660445 0.00915534778220667 -0.028568857292283208 5.022514593273116
6.737402144331582 5.18062037429883 0.00834187326251955 -0.028816890020820454 4.994165392430277
0.042977650875809625 0.3955445363278886 0.008000381296081048 -0.028913559087689576 4.982334963642867
5.7319232833255525 6.999585791259999 0.007728939206917117 -0.028987298921006408 4.972958933305561
5.988081139862657 3.6842261057540964 0.007395936100470331 -0.029074045628322172 4.961488325527268
0.9424994982233167 0.9435802743709363 0.007204077633088108 -0.02912217824024226 4.954894847134428
5.536609298489205 0.37511843382649956 0.00812189865036134 -0.028879660010347398 4.986540203534335
6.604196899940049 2.342432869175617 0.008797409884115589 -0.028681101431619834 5.010010366466494
5.467712970353057 2.1842760524272316 0.007506416765033289 -0.029045717538901103 4.96529014870994
6.199731156080877 1.0121586305529873 0.008616605309294834 -0.028735937655553052 5.003712445846469
0.6648243309465763 5.583942717598735 0.007071906175053979 -0.029154556128523603 4.95035886093531
2.6325921503157512 2.424400147277221 0.005847539377634747 -0.029424586373082814 4.908562805148025
6.074771395577297 2.848744201081814 0.007164354035111828 -0.029131976096028515 4.9535310442512905
4.675902967340711 3.6420959132195625 0.0064597835789994605 -0.029296265907321515 4.929414751044386
0.24796967745958642 1.4815065373203558 0.007862566460678245 -0.028951339323965958 4.977571641538811
0.8757925179010291 6.551531225695608 0.007073607588578748 -0.029154143370759517 4.950417219757884
6.603977449880183 1.3699005366734707 0.009423681028076681 -0.02848147179976954 5.03192141954177
0.5427284091358217 4.861183343603761 0.007523859681409094 -0.029041204098564276 4.9658907285086205
6.582813768938393 1.8577096397944945 0.008137461959240378 -0.028875278576351703 4.9870791464847795
5.746827859438747 5.4992198322069985 0.009533416336542514 -0.028444928773933398 5.035776754551115
6.2976946975603765 0.6811157333098229 0.009325211103866585 -0.028513863958929228 5.028466055171143
6.813961490357074 5.740815335473698 0.008683071027957241 -0.028715923762321308 5.00602623298476
4.24726409089389 1.7869436929959361 0.008268036889239086 -0.028838161626535446 4.991604078866075
2.2019026228995076 1.4725085997457357 0.006981823256024631 -0.029176259938889247 4.947270172880291
0.4066734195713995 3.5016492733524505 0.007393712593123217 -0.029074611159743666 4.961411848873504
1.7602265816356204 1.8313333634526614 0.007873324681337293 -0.028948415474119565 4.977943256947987
5.237436396624599 2.4042850071250195 0.007709148309529805 -0.028992568570957517 4.972276251627428
4.849879270253042 3.244297138569639 0.008367362424551338 -0.02880949923299963 4.995050027428221
0.7122731690467419 5.126759028022796 0.006064220151765016 -0.029380694919469263 4.915932204247595
2.632813774586455 2.180578045851155 0.006740934217637646 -0.029232854904601466 4.939021882410403
2.0547183741873014 3.506239495781025 0.008466423072836024 -0.0287805434339199 4.9984902245872815
2.329366448834275 1.1982676785021211 0.007726264076966211 -0.028988012063833928 4.972866648161987
6.493074553178106 3.4309228486002197 0.008806969379649825 -0.028678167485840345 5.010343686455613
6.9301772549238585 2.759072252588695 0.0064928876995764715 -0.02928894687967952 4.930544869566754
6.360217981844138 0.8490697224161688 0.009214021531299217 -0.02854998786726107 5.0245690370662786
0.40644754462846144 3.8450734787506002 0.009339541715573592 -0.028509173270073275 5.028968680499491
2.924538657732132 6.680893147315302 0.006190117748106145 -0.029354427983944456 4.92021915887732
5.447379123129171 4.643890475950266 0.007647091478170611 -0.029008998464691783 4.970136419521106
3.8453136960395176 0.24209497967696372 0.005273746907870051 -0.029532822309283804 4.8890987762009415
6.8757886121756515 3.7130686139220654 0.010671068675037568 -0.028037979480209196 5.076054373733623
2.0443281450908475 6.844626604518589 0.0056184500314361285 -0.02946918762443674 4.90078309686309
2.5605945767719733 6.13613117076933 0.005976740181221965 -0.029398615219193007 4.912955649886946
0.1653335255174189 0.5529417668693095 0.008439529180328 -0.028788441208484908 4.997555905848861
5.1840854798081955 0.148041123768332 0.009241759830851216 -0.028541020921278637 5.025540759162558
5.853104218301825 6.37301666037082 0.009794997143440143 -0.02835591703613197 5.04498714407889
0.1336269303769258 1.0659070298770703 0.008619641489456332 -0.02873502706790517 5.00381810546688