300

5.243963308486715 0.15619779772353756 -0.02951246725102864 0.005386490207636324 2.9610639870867432
3.639453271123671 6.716842484132227 -0.019400910426410685 0.02288240972070881 2.2740423890670134
2.2327969526761624 4.835044726934955 -0.029814093685460594 0.0033346390681119526 3.0302078434657083
3.1418441912983086 1.2643685027743714 -0.012247463098149622 0.027386121442428888 1.991331187316876
5.9799164337673325 0.4175350450365884 0.012854295641380504 0.027106587456999932 1.1279903231172845
0.9361152532899668 0.4983910313943517 0.023120132130843178 -0.01911699480180797 5.592282563708695
0.5213237776632245 3.2922339285510933 -0.011768763645925539 0.027595220641378124 1.9739184673370165
1.348349125606775 1.6168491870233486 0.028844949413079645 -0.008244324918201379 6.004792354705055
6.879783511959568 3.556650702107189 0.026573238120786345 -0.01392346996175836 5.800549331704789
1.0600755131756625 3.3259802261896945 -0.02669767753971825 -0.013683348054669359 3.615213567924477
6.10207493044118 0.8576129970001293 -0.01581647617813641 -0.025491941497391746 4.157068237509512
0.1787960004925862 4.667060869038187 -0.0016183951820827405 -0.029956314810647373 4.658416273905559
6.876806366928268 3.6947496232831116 0.029995353510892622 5.279846177509963E-4 0.01760039593494933
1.7107633141638667 5.278231469236957 0.01936656223673713 0.02291148766733813 0.869050385071209
4.272546513846825 4.670578357348812 0.008247812899956979 -0.028843952266763014 4.990902856698982
3.417801792579425 1.779870689886749 0.0027682957190938635 0.02987200259125 1.4783883433786231
0.2348256953537297 3.564873572875532 -0.0277794473227984 0.011327060803221132 2.7544234204436675
6.5670814831461275 3.304683335744098 0.02967286406746024 0.004418273195947362 0.14781344356395443
3.553492632917066 1.9858665146268701 0.019534505861964393 0.022768466806723696 0.8616973624827664
0.7358044192259795 6.861951616909887 -0.029999736876746317 -1.2564762626915012E-4 3.145780920043553
5.014734278125268 5.198986457083671 0.017185459059869842 -0.0245898352353475 5.322366013672158
3.649509407409406 6.129230730631338 0.01882604313033929 -0.023357656133580804 5.390771856545281
0.7678365107962737 5.120872963787204 0.029639454992979895 0.004637101219417045 0.15519224898117479
6.305707671744787 3.7822689940526826 -0.021275655295441384 -0.021150567173235733 3.9240424574003976
6.146706597837801 2.022617171891819 -0.0032388492056444704 0.029824651813945727 1.6789688030815295
4.942517121779321 2.8996189896063997 0.011216404142563913 0.027824310918883058 1.187607274775825
1.1984175873446021 3.030334654624195 0.026916244952168163 -0.013248236021255126 5.825795344092374
2.595293476893223 5.541106280140054 -0.017840207763374912 0.02411901712258643 2.2076559180006043
5.805352813159893 0.47368877075609656 0.018052861477434685 -0.023960262779789264 5.358094474765748
0.5520489046037034 2.3430452199878147 0.0037310356909218295 0.0297670853909661 1.4461056109962271
5.726729722499103 5.3455067829284415 -0.015764306663711806 -0.025524236235633994 4.1591134513439405
1.1191829312145858 2.2676061824784375 -0.007745132179381928 0.028982976512496133 1.8319249443735623
6.683296657321168 5.084629543039721 0.028419173963626518 -0.009609919418243457 5.957106800833778
2.1450136764393153 2.6299288840184953 0.011698436938480005 -0.027625107659453682 5.112963991216176
6.292296959310433 3.9543687906713365 0.02578710522689536 -0.015330531759108226 5.746816939761769
4.654808905149083 5.740461666819943 0.028579836559144808 0.009121016514214288 0.30892414137442226
2.8785743122456653 2.077725083990857 0.022631163710937457 0.01969341080383861 0.7160992104002302
2.9100220222345303 5.888136449651207 0.01853875609379682 0.02358632066462913 0.9046528674774492
5.5538375616074225 6.593179684810699 6.101840945719124E-4 0.02999379394759408 1.5504554543284823
6.9511716942695845 4.480575580698974 0.027737381172663545 -0.011429684408695186 5.892319051297577
0.032432542793881296 2.0823838503802037 -0.024007609555464937 0.01798984945552209 2.498514417104488
6.36358644241439 3.650192386348283 0.00320497458301397 -0.029828311013569545 4.819425733737081
4.823675278104713 5.0532322371125895 0.02801585096024004 -0.010729030476870563 5.917451838171263
5.133954348336276 2.5197900069814043 0.029181864593920255 -0.006958360354430022 6.049108215244728
4.747730838289747 2.304433608930351 0.02082424564021851 -0.021595156714315375 5.479615595469265
1.5371535674309584 5.47238964188901 -0.018975340742880785 0.023236532522981315 2.255587603054499
3.6595884803293917 6.275944443584839 -0.02275689004540757 -0.019547991085050908 3.8512840447877097
2.3960976747793366 6.983312998878842 0.006967539952959619 -0.029179674210037223 4.946780649304391
1.5920553888400317 5.734185995932417 0.02489178588832672 -0.016745118551079255 5.691005948071368
1.879480490990471 1.526998420395658 -0.02758913673919304 0.011783018882532132 2.7379538725732284
4.631539266752662 5.391010111633339 -0.027533987053745126 0.011911320536539838 2.733298787248235
3.4237836697306427 5.193682013731466 -0.01812464921252021 0.02390600533177993 2.2195013314404672
3.913588313211283 3.8347223269467166 -0.028548208873928605 -0.00921953198869357 3.453965727133271
3.2441574349208553 0.12684664864882061 0.023393023600899114 0.018782077808585956 0.6765020346822561
4.331230740735176 4.6907984029985546 0.028338088728921084 -0.009846457596100026 5.948771768549967
3.0724526357353263 5.96471347331081 0.02327946030688162 0.018922651183708984 0.6825258387860849
4.2736178213269715 3.5727083884411126 -3.04431002262317E-4 0.029998455322980573 1.580944201039662
2.9312049792246793 2.432525068299409 -0.02082808888756588 0.02159145000438031 2.3382009251770373
2.8920245357198797 0.7022733953049005 -0.024130557320377714 0.017824595462673634 2.5053802100672162
6.313179206771413 4.849698795065376 -0.0030098266506555266 -0.029848633863763407 4.611892348587363
0.7973013293337454 0.6293867383084892 -7.570004495092982E-4 -0.02999044765120125 4.687152953529398
1.40836009254342 3.430735278073686 -0.01326894678440812 -0.026906041166112588 4.254229419288011
5.194863240718962 4.595011408232262 0.02990344044348872 -0.0024050467028153572 6.202930961662275
1.9202821076009804 4.575678587930096 -0.004446270447078663 -0.029668681789244273 4.563631939930908
2.687053211381155 0.49779048084071126 -0.028251897755767155 -0.010091098711125498 3.4846522303695875
5.364178416741908 3.609349225602947 -0.022679653459683043 -0.01963754870009714 3.855226135983904
2.043376049302713 6.423532980942661 -0.013101881434105237 -0.026987788032490703 4.260429194574332
5.882799329271076 3.083711710848812 -0.029090389884194854 0.007331385707049769 2.894712890442669
6.32044825515704 6.878844141696871 0.010627503527402559 -0.028054521360647844 5.0745010417116125
6.875379127448525 4.28740866536206 0.029507211254105513 0.005415208583756392 0.18150184611300046
4.006146956013718 6.645833504465679 -0.0060956465263151 0.029374190940793972 1.7754092956191965
2.4023753923067765 0.4837827495809938 0.029590169631195654 -0.0049418479536572505 6.117702800677842
2.482339003372969 3.9370401391145537 -0.008774675119322551 -0.028688065054136045 4.4155601720932065
5.814208651141389 0.6691549853244512 2.83088924096281E-4 0.029998664314616643 1.5613598892789198
4.668795799686021 4.881577258696429 -0.02238504388597446 -0.01997272665969765 3.870101273238805
0.14330194797062681 3.240558522878705 0.02961479947948209 0.0047920404620649 0.16042187817514186
5.877010493105913 3.3674616128241848 -0.01567115298119064 0.025581535611454594 2.120426334948747
4.9814302089104565 6.268365322961424 0.009013397300788291 -0.0286139593397723 5.017549808458388
3.664121196779519 2.080714157437274 0.026150586791054625 0.01470193220238481 0.5121636389341846
2.555305868466052 5.902438490778825 -0.011303831419672977 -0.027788907773347516 4.326055812375092
2.600431735976011 1.7366876086012215 0.029863175701865908 0.0028619463655850893 0.09554350832604623
2.87884869972549 2.170611329963329 -0.021423263012456197 -0.021001042876465113 3.917038828666705
1.692637226835726 1.513408871673486 0.004697297038207825 -0.029629974696830975 4.869612488934529
2.8934135320767282 6.010802249314255 -0.02868718922710052 -0.00877753805167074 3.4385212586449394
2.9072655353852435 4.23217358495114 0.01026022856273038 -0.028190915377839926 5.06144150244902
4.06380760666411 3.0030312348306842 0.0258913770639805 0.015153765001833186 0.5295273744141445
5.173944920222322 1.8593245957036504 0.02893681711822629 -0.007915845821283142 6.01616187759078
6.0380143024907245 5.95180003534183 -0.0015269818359610096 0.02996111357197267 1.621717724909697
3.4004354611215573 4.861131143915102 0.02741210479460786 -0.012189196475955122 5.864777033747629
4.633746141715413 5.32932402002075 -0.02504625514537015 -0.01651317968148531 3.7244830138889364
4.217287575366664 0.14302848766276846 -0.029838832133684306 -0.0031054946301368727 3.2452949131000253
1.231174605093851 4.645501903428089 -0.02238751173543055 -0.019969960397956715 3.86997770371283
3.633201062528861 6.838500694863625 -0.028915185980224193 0.007994499341987978 2.8718500969861593
3.9401166164542727 4.600636878652657 0.026986096921708152 -0.013105364280788756 5.831096464634415
1.239888191547255 6.2652788510500255 -0.028846572908769404 0.008238642571385837 2.863396691819215
6.447937242165543 5.21348583107168 -0.012640617787554207 -0.027206888501792485 4.277451254244363
5.154940622498717 1.4083396859939095 0.003303529361774147 0.029817556803935094 1.4604549123595145
6.810713387080728 1.579350036101181 -0.0030982554679958437 -0.02983958466626226 4.608929326576609
4.452111984292281 5.390772700981239 0.013394165650743896 -0.026843925318783622 5.175207842611857
2.546248769359332 6.727495964226651 0.019721742356615325 -0.02260647868243272 5.429740756019252
5.326117680296949 2.203029223254919 5.437623014811754E-4 0.029995071637845573 1.5526699241404658
5.755567461388682 5.460772217809738 0.020904689732941215 0.02151729414144497 0.7998378895676588
4.3406206385214 2.3822777909573443 0.0015000316322021428 0.02996247494954969 1.5207744142618758
4.114689162461375 2.131915063667422 -0.029989930653241872 -7.772125923731977E-4 3.1675026389185126
6.735477066546806 2.8923919264912445 0.027132268152434316 -0.012800000972828027 5.842381360876045
4.786788610987304 5.322461369423415 -0.017393221925383152 0.024443318740595982 2.1892476924596593
1.164826139181085 4.850021432379884 -0.011337363812999803 0.02777524404522276 1.9583364740585103
2.8599411824893126 2.2741879075904725 -0.016077170084957782 0.025328335951249118 2.1363764241367402
3.8316409888057823 5.190445665743869 -0.0018999894858078615 -0.029939773545466564 4.649013582117493
3.156360046535291 2.923374765708264 0.020346802897713703 0.02204558032444574 0.825449438216753
1.0822266271632215 2.584676919696317 0.023974988420332532 0.01803330059209686 0.6448893566217959
5.0896296144472455 5.1444368512321965 -0.014621511402353396 -0.02619563712359082 4.2032979885583615
3.4610140704339036 0.954701631195408 0.026375260117078685 0.014294952037570412 0.49666757195801337
0.7020572384074227 2.270633179068678 -0.02850417881925291 -0.009354773639167003 3.4587066819864027
4.458571247833444 3.7285193763057136 -3.2254245701831023E-4 -0.02999826605594764 4.701637358008707
3.084669985533519 5.289422836942559 0.013655208666316065 0.026712081092257985 1.0982291294763686
4.544209690844533 0.44610988643355975 0.02807448030327315 0.010574665748907995 0.3602293354162329
1.0600210238859789 1.440455498964372 0.027685060929556433 -0.011555838408646423 5.887766607295103
0.49384960944053347 1.5462787539033835 -0.012773624125777198 -0.027144696106115515 4.272556969241293
3.422034343555192 3.480260670620421 0.025885407249290563 0.015163960285439142 0.5299211912032484
5.848171486349404 1.4136821931265011 0.029019106163328118 0.007608644917558709 0.2564223379554387
6.524194189615125 6.845717465420274 -0.0037057259782434923 0.029770246807411107 1.6946368294510155
1.1733688546797802 6.197148066872372 -0.020880153507056153 -0.021541104649524603 3.9425702150411386
1.5508383076318624 0.8737455908773011 0.027978704143953433 0.010825530676374385 0.369180236423026
6.667179233657728 4.273105426340898 0.01425519926832476 0.026396766730422745 1.075635339446237
5.347675605030237 5.450033830774269 -0.026330929148087115 0.01437644497775498 2.641832736069319
4.1113746876518205 6.916175028919032 -0.0023493149513850757 0.02990787052364642 1.6491870871675367
1.9163044636309716 0.14396857949056915 0.0011269444283813672 -0.029978825798475498 4.7499626349926976
3.86765567489605 1.13539151366755 0.023639531093058233 0.01847085730821212 0.6632679690394403
3.8727296128796476 1.401283135448118 0.025975439766264076 0.015009214801220841 0.5239534897918245
2.455969607401428 2.5581809521427057 -0.0031053513017241913 -0.029838847050328198 4.608691524292239
1.1125466732528646 1.6411084542209626 0.0017450240479793282 -0.02994920518264172 4.770589299855432
3.3224453229634436 6.065870943468753 0.02998637440800278 -9.040740362801293E-4 6.2530449427175245
2.7429820446139 3.3038305256263683 -0.029744609776361588 -0.0039061732234982223 3.2721691713801917
6.594401658870058 0.6552848650220331 -0.028569329425244632 -0.009153874381476461 3.451666693237467
6.65773956606214 1.0462560277681905 0.010184094399537002 0.02821850848753915 1.2244431450800146
0.5416652084187354 3.0364291222706976 -0.028651671084384028 -0.008892791691717068 3.442541341506779
1.3078279879425514 5.214925507307481 2.9467383647235537E-4 0.02999855275392629 1.5609737076258987
2.3644349986984468 4.298665056620751 -0.023946031966464422 0.018071733537794978 2.495099285319342
4.52777182508815 5.826118493862976 0.025687487292090156 -0.015496870542748516 5.740354015180507
5.66636635327547 1.3872677985461066 -0.01620133983782495 -0.025249090824410014 4.141898807093271
3.4543065765734156 1.8183956678758832 0.026552112775431885 0.013963713945822107 0.4841510328132177
3.298889448499133 6.292537808081654 -0.010714358360216674 0.02802146543150188 1.936006140594036
2.493773949288554 3.935914135822316 -0.003792135111345296 -0.029759363422245815 4.585645415804191
3.1502367373403826 5.302140327047692 -0.023435073407549946 -0.018729584469035755 3.8158527300924066
4.218389381681244 5.769851630004328 0.008757567895837108 0.02869329197826215 1.2745637826513296
5.156144644299323 3.4547979125647093 -0.006064347941081855 -0.029380668543270014 4.508841407088439
3.7313225633976432 4.624126071435013 -0.029416231310578744 -0.005889425734528502 3.339190195815511
4.81864059837912 6.358053558298845 -0.011661387059650708 0.027640767931535675 1.970030551005971
1.3834757658275785 0.7857592001438357 0.01942797567131701 -0.02285943484241713 5.416818433576271
3.556890175225164 2.6758641515303716 -0.025149317264860305 -0.016355789223128286 3.7182119451471896
0.6909185676396948 2.8061127487730673 -0.02924508859022929 0.006687659781241895 2.9167817862825904
0.20820937813886672 5.725333742983466 -0.003608577124703977 -0.029782178750639838 4.591811107804575
6.271021028657841 0.10316272894351927 0.026010453410380125 0.014948455217394368 0.5216159496459363
0.48047709190223514 3.4332114601026884 -0.021811086080900925 0.020597973783154734 2.3847917189115817
6.336506523270035 5.52683689599938 0.024106365055358313 -0.017857300014778258 5.645616867234242
6.20446381123558 0.6260049992433352 -0.024189168674446173 -0.01774497446713271 3.774509510399543
2.5295230831895443 6.136698588297972 0.0013107582845557873 0.02997135153308019 1.527090470804139
2.425690950648487 0.12505333220235118 -0.015024129181015847 -0.025966816176654157 4.187861222913713
3.54003938075122 3.452951232457226 0.02209510604991194 0.0202930108323813 0.7429095889744539
0.8723092935948915 0.9661667835428469 0.026643488218954736 -0.013788565390439288 5.805619327235236
2.0135589391819826 6.47974263229458 -0.0020015382604541216 0.02993315627513975 1.6375638649682902
2.6943276919420693 3.8514392475623724 -0.029356909005239004 0.00617834068809069 2.9341636603012975
3.379925827437521 1.041716414629643 -0.027139082990749006 -0.012785545526931497 3.5818638898999335
1.9574780530131772 5.0552620509267605 -0.008463334749901548 0.0287814517512774 1.8567902667624083
2.1561685891647073 5.601052337922302 -0.009135102087302954 0.028575337440781924 1.880213356977724
1.1725284598525028 1.1929412374337625 0.028527231699842177 -0.009284236723798002 5.968544893892979
3.200498129383227 6.154068334918642 -0.02411732319296072 0.01784249763923983 2.504638118370994
3.623323622817263 4.3530674253335855 0.011022499104333543 -0.027901693738821055 5.088618830614777
3.802654907762913 5.0577518895211195 0.006097195097493387 0.029373869543236935 1.3661306389134849
3.979601658726046 4.408092320862434 0.002817089941202818 -0.029867440537534744 4.806430531464223
2.0837028144403704 4.716896118910146 0.004732608683823013 0.02962435509923892 1.4123809512015324
4.024477523549115 1.1469104160213073 -0.02173352888866392 0.020679790183790812 2.381033903879133
3.1969129718229263 6.9364578133942425 -0.018191576539675323 0.023855115656838358 2.2223039157166804
0.5077215387123168 0.8901536262334107 0.019541621079798274 0.022762360281253433 0.8613848174124908
2.5704391787767644 5.125508702154554 0.003720742572788196 -0.029768373732991217 4.836733915091467
4.413190034340708 1.4442719376959055 -0.024885034790547877 0.016755149759796882 2.5490102471014877
6.936508911044434 1.512139964634502 0.00706709191906744 -0.02915572348283355 4.950193735471749
2.2226726081286947 3.4060708924996357 0.022341540994231725 -0.0200213772254324 5.552501223131587
2.8820842340691706 4.034449032199065 0.01733208553241488 0.024486706824255786 0.9548438914064982
0.9027258092494501 1.9558551730716327 0.01805638542133915 -0.023957607257738635 5.358241557425947
4.009827964455097 0.6429351565292845 -0.0038732632286086646 0.029748913122363108 1.7002665059477666
5.961958810237252 5.0009698494605095 0.029288185702911595 0.006496320360924701 0.21827309059473032
2.488560413640939 1.5946732212916341 -0.022377836110332405 0.019980802061456467 2.412723225982407
0.7173044956058776 5.973927281775018 0.002688389166349411 0.029879299919681104 1.4810629798049781
0.13079786589386186 2.464406934344265 -0.02251868396425647 -0.0198219290816494 3.8633848147894163
5.746272662547896 3.930441126570307 0.01996408520519448 0.022392751102080666 0.8426736776653443
6.858793634164935 2.8509856582439195 0.018126311617399953 -0.023904744866844144 5.361163526080011
4.543927617854441 2.5917518816114553 -8.756796545387892E-4 0.029987217028971308 1.5999897951668813
6.756049486758987 3.0673390710903954 -0.006297891994684624 0.02933149427532268 1.7822994176750502
1.4773279295483572 2.635076806790609 0.024348656387174566 -0.017525493777332018 5.659312085663543
2.727137468284241 4.719551554184577 -0.017241580376404983 0.024550517430880485 2.183057482563804
4.358202567648027 3.8869043420166802 -0.026740958732109514 0.01359857073694202 2.6711446213688554
5.943560476372501 4.3943191347319654 0.029754287324616782 0.0038317601443917525 0.1280751927597088
6.788409929189128 2.389527183456623 0.028474827499685787 -0.009443738606247948 5.962948553395719
4.5948607232793455 6.982241935007846 0.018235987862124204 0.0238211827307642 0.91742570273384
0.15039860150847006 1.0512516093287159 0.028751653769643656 -0.008564018070423224 5.993691357371529
3.536152775135707 4.914556232546088 -0.022675995912753693 0.01964177205256129 2.4277729384987463
1.365027491412294 5.171631329418133 0.026540316603284323 -0.013986121499451888 5.798190178416662
4.5775300093166305 5.408464480202398 0.024838117829309645 0.016824621918406675 0.5953767632313387
4.712189642054579 0.679641841269442 0.006007019004530606 -0.02939244329209819 4.913985698380653
1.486042530054748 4.919386001373882 0.014539664247283498 0.02624115400618399 1.0648270778074356
3.494173754091602 4.315822719361799 -0.02860895173949844 -0.009029279061312104 3.4473085656260682
1.612969146663223 5.044019928107152 0.011083176406529604 0.02787764697283014 1.1923908582269733
3.483093012331047 1.396744545248567 -0.02735503270731073 0.012316744114495522 2.7185265720721574
2.3565024302011675 4.349455839177082 -0.023961371049623707 -0.018051390456755814 3.787236755211011
4.9779594175459385 1.9043854220210679 0.02025713380868122 -0.022128003295760427 5.453676023303023
3.0356639692590064 4.296284895731327 -0.028560333965679783 -0.009181901969027864 3.4526478852711397
4.95922344259745 6.5030942251645705 -0.0017043099324293093 -0.029951549670329626 4.655548046430214
4.812917174123401 2.106170191665662 -0.024192753302609997 0.017740087024562565 2.508877832679148
6.060267914280225 6.999498417797079 0.02325856444189494 -0.018948329216641246 5.599555939377604
1.3055017202547639 1.618177970665417 -0.009049434994110333 0.02860258251080436 1.8772168496138901
0.8206910250520966 3.324487454455748 -0.005558454417925809 0.029480562825085974 1.7571549607703716
6.597486935554651 1.7877383363535315 -0.005560350414085192 -0.02948020527867102 4.525966032587679
1.658402970253412 1.4129323608382676 -0.02492021172105807 -0.016702785629278728 3.7320723052523954
3.156890686556418 2.0079774228029987 -0.00334587488267051 -0.029812834841214185 4.600627299786032
5.010934320044878 0.686709562027966 0.023188666692494208 -0.019033805111548494 5.595875384204426
0.32094289022837663 4.6431595819264615 -0.00801993992703412 0.02890814009179359 1.841418825288172
1.160788309450921 0.702199453609251 -0.029712277563508343 0.004144944147879293 3.002984445897396
2.8771850484024664 4.865504246571117 0.022198518707533324 -0.020179835658183466 5.545385931177172
2.139802840366087 4.207016077887166 -0.022651432610445815 -0.019670094069282735 3.8566620320285487
3.634940117959671 3.663056782354724 0.02183891622027646 -0.020568464656452744 5.5277364513399
3.2458544404416774 1.3141850810787032 0.017798255763774983 0.02414999154797472 0.9356749933322863
1.5644089002391324 2.7990895962783604 0.01633012404377542 0.025165989921219233 0.9951972089604599
5.13670092854286 3.7427557932508386 -0.029999988111456717 -2.6707909982485716E-5 3.142482917373475
6.20082286940754 3.4293011294050304 -0.029835637886061393 0.003136034427715678 3.036866847665074
3.963158178963635 0.5133926659327306 -0.01895893570233445 -0.023249919505984273 4.028303502875016
5.844353668439029 3.0302638529493193 -0.019597766273396974 0.022714038766659356 2.2826770363007927
1.2104289556993049 5.954181213338527 0.020783700804975686 0.021634180845348707 0.8054455129898732
5.084303197859128 4.3990055828538 -0.027251695704617475 -0.012543726767708768 3.572972045666785
2.104244687875465 0.2304993679884526 0.029467794675717793 0.005625751234256466 0.18864187951267952
1.2351673927183902 6.127888135093978 0.02640825906038901 0.01423389803951756 0.4943541994593341
0.7098676167240306 0.7310172230805327 0.029977697301290584 0.0011565744732594078 0.03856203888828347
3.892274561318945 4.64324327382582 -0.009870862651038785 -0.028329597076632195 4.377114102419151
4.548584995593741 4.556487455476913 -0.029793899868859188 0.0035104886560694605 3.0243076590330706
0.721105091537058 3.680974668773093 0.01606558785020888 -0.025335684064718297 5.277511860374121
1.980178625463009 0.8893936485873462 -0.02960633351732522 -0.00484407015441614 3.303771663934871
4.145041205628686 4.837842873599561 -0.020763415071895563 -0.02165365083657211 3.947975415261661
3.25378626370448 1.7471627046378775 0.029857556727559555 -0.00291998394868244 6.185698166802637
6.700848258499626 5.005699227924191 -0.029640975774952873 -0.0046273702152147805 3.296456598475036
4.678263908044205 1.4382025213068441 0.027775488055003277 0.011336765998571653 0.38751862407551063
2.496315610281743 4.14718483040783 -0.029184033306075663 0.006949258952569426 2.90782743561265
3.010835884677617 6.916695981510451 0.02928748478896707 -0.0064994795742445745 6.064804348820295
1.4856761115971746 6.855164997758044 0.02040674677555954 -0.02199010427529143 5.460458381005736
1.8120529211756868 5.318877724855372 -0.019505043131485558 0.022793711686315766 2.278601993580585
3.1924534133072915 5.060362433147929 0.02435562490507321 -0.0175158081595848 5.65970981733569
5.170142520937603 4.216283407259849 -0.01878466982407614 0.02339094225550658 2.2474091693336513
1.3616587254033115 2.9226545294127377 -0.027286211897784126 0.012468465834625521 2.7129732091755567
5.963987777913908 5.719766448712163 0.029883786030008935 0.002638054683406427 0.08804888005714817
4.417095809472357 5.584836059953809 0.009712105670925298 -0.028384414798208905 5.042065363015367
3.556551410334105 1.051781365890749 -0.01995202573686224 0.022403496802856172 2.2983805617221478
4.382434802518701 4.510430093935196 -0.023618136023514046 -0.018498206690779194 3.8060180805056985
0.6389252991952032 6.739218963317606 -0.029985739013466232 9.249085448243249E-4 3.1107574826079207
4.249270247242166 6.418335388541763 -0.003463393492768336 -0.029799411160528824 4.596684537493362
6.352844335318625 3.900075896741454 0.012634663002398098 0.027209654367812773 1.136077460024104
1.9557289008742658 5.365409407914879 -0.02923399827409417 -0.00673597393925028 3.3680558773070017
1.2099657616970276 5.1453511250465445 -0.018049471688401365 -0.023962816440677367 4.066824953917748
2.160855430469156 6.842204305975101 0.015299207967019165 -0.025805701609952346 5.247543078211037
6.8330445588191475 2.3362021682056797 -0.019309473623413547 0.022959621695199956 2.2700531818301517
2.4111631553397395 4.395044281093497 0.020422314445766324 -0.021975647264147743 5.461166553572386
2.1899567432249825 4.331694966095707 -0.02964253284033779 -0.004617385278433613 3.2961197447050763
4.986071977314951 2.7093631078949447 -0.02916663549574871 0.0070219209521420415 2.9053369084771052
1.3546142796907257 0.6887805584946484 0.008111746101256857 -0.028882513311496008 4.986188674205847
4.965569517901499 3.921054102712366 -6.022389294645698E-4 -0.029993954528735243 4.69231300084267
5.241802667755043 1.3182002453147303 0.0285786316736493 -0.009124791047574132 5.97412909321921
2.1464949147087964 5.172413650324803 0.02416115302773823 -0.017783101089804774 5.64869135166905
2.7504958306821785 1.6708238337412191 -0.009098607110736776 0.028586978655402707 1.8789364677926819
4.726754209803084 0.2271542835845761 0.02899669227304364 0.007693623153132154 0.2593518218922636
2.356659997089961 6.990444865545447 -0.02959253990004364 0.004927634550605898 2.976590469901609
3.9577849322491065 3.8711622145463735 -0.028945902451623803 0.007882558674762856 2.8757193822208533
6.776051974739182 1.6526350179408351 0.011868543708183766 0.027552453071313477 1.1640555402915205
5.725809036156265 6.732258887521699 0.013323229868155251 0.026879202850536615 1.11061825425298
6.594325414954142 1.2345744599020985 0.027380752898824346 0.012259460456868482 0.42097298516105197
0.14921362413860256 6.050120529158743 0.02691502521208651 -0.013250713861250924 5.825703284589172
5.667212005897046 2.9592248603751803 -0.020658028489591574 0.02175421473929185 2.330354256938142
1.648497043630443 4.695479541484589 0.028953881393521293 0.007853200127967029 0.26485915551806727
5.7256869209346535 3.7508509485242834 -0.02754454966725004 -0.011886874426374474 3.5489988380859185
3.096411893510454 5.353242963391416 -0.024823983290181033 0.016845469824519968 2.5453763002316303
6.448027800169463 2.7491291651607295 -0.02856468463919549 -0.009168358166177249 3.4521737041530374
0.023320775179739742 6.4390776436853985 -0.0275791148510993 0.011806456878753844 2.7371041811606514
6.184081822232792 5.108917125918015 0.0181053903145569 -0.023920594506774896 5.360288621613778
3.7874082672588796 3.525356977749977 -0.029980143072206544 0.0010913392552391566 3.1052066501248152
6.111214826011821 5.6375699132957315 0.014712637142415648 -0.026144565559894303 5.224962023992159
3.906129283492082 1.617037001042266 -0.022355322070701608 0.02000598848133232 2.4115971522492505
6.7742093131445165 5.667446832369009 0.02860840254059566 -0.009031018994290716 5.977408576777975
2.2682765713741992 4.790889055831236 -0.0026522624540044363 0.029882528404990737 1.6593206509367162
3.7038905879100237 0.7705682041307359 -0.0075822924918702884 -0.0290260028348329 4.456874640513249
3.461498043011033 2.033312181857991 0.022213140127894597 0.02016373987281424 0.7370745309915967
2.6239621523638568 3.9146101772166753 -0.010159702586496941 -0.0282272996114387 4.366900054576252
3.3128030161642616 1.5577294027164679 0.02043620502376927 0.02196273034543901 0.8213864782117084
6.741033581318315 6.2390934600906025 0.004543501392212104 0.029653947378029902 1.4187612503055629
6.7072966319273934 5.600686414128287 0.004998209424747326 -0.0295807015222149 4.87977652742229
3.3014494088333137 1.0216484524679184 0.029835060347720228 -0.0031415241600045007 6.178275500315182
6.663033816063435 0.3234891026922364 0.029873556887092072 0.002751472135725457 0.09184480907928028
6.44507001936443 6.547469427098617 0.029996812859171277 4.372851379325022E-4 0.01457668746758145
1.521927695789278 3.929423016930057 0.008239230748680222 -0.028846404917597657 4.99060533206463
0.019264539090041666 2.511984478432315 0.027854334500721372 0.011141635854842997 0.3805033457769258
0.05047849948373599 1.115221892901481 -0.029888461920474743 0.0025845394228626445 3.055334412100861
1.7649008544884355 4.843391290308445 0.007228283230996067 0.029116179720775546 1.3274592004643049
2.0684138790447 6.780983404332357 -0.02245861083919232 -0.019889967299463143 3.866410259792861