300

4.433914204279998 6.790805876153151 0.008479735842854285 -0.028776623847063993 4.998952817533034
2.2860943883207767 3.2892909201504144 0.0091445725879945 -0.028572308135376454 5.022137450314837
0.8465624496453925 6.424527116636827 0.008875038705896678 -0.028657175156823044 5.01271811350632
2.210139621108179 6.079087770705672 0.009456982614651405 -0.028470431676147465 5.033090882922161
5.9092572150758045 1.929009413261242 0.007333390197270114 -0.02908988463735431 4.959337649711306
4.682456014425026 5.766896537312038 0.008368150097997608 -0.028809270451321436 4.995077368291295
5.678983325152875 6.768696722098048 0.007254894470520493 -0.02910956039210505 4.956640177970364
5.413104339999201 6.949437468050344 0.006324525094440079 -0.029325763115898584 4.924800163429726
2.1105749404200873 2.7959681548061734 0.010067080265709377 -0.028260465228367435 5.054598532755607
6.080528892826724 0.9645800469093277 0.007095710777171662 -0.029148771647648036 4.951175438708926
5.956996525882421 6.416629185534858 0.006631030529290896 -0.02925798069108003 4.935263907066551
6.944032527602802 2.8936600178782044 0.008626400844111846 -0.028732998598766303 5.004053344264314
1.9063670987118935 4.1610345109964655 0.007746602720035788 -0.028982583499369653 4.973568336389871
4.729317437667809 1.1830526764060683 0.0076887972735858135 -0.028997972282311386 4.971574377328307
2.4359761186644073 1.7770797343458282 0.00974137698580177 -0.028374382361920962 5.043096791225478
2.3462888948544696 1.450215433023017 0.007967014468718385 -0.02892277096778993 4.981181127511536
6.078048386384657 5.983415954618559 0.007283146630116653 -0.029102504620121965 4.95761084126403
0.6625381030425137 5.783573435482119 0.00942814389663083 -0.028479994779922673 5.0320781173521665
6.7639702290664285 0.3795711210361455 0.010152341592863908 -0.028229947930908505 5.057617142733633
4.845251108854888 6.593223817334528 0.006724426405281756 -0.02923665660638968 4.938457218485883
6.3303789661688015 3.8309305394552187 0.009388937388087945 -0.02849294394622227 5.030701797182256
6.637638913278635 3.8468123573184085 0.007291707004732794 -0.02910036097640596 4.957904997727519
1.5511906757499518 1.1351148339491417 0.0094894077024955 -0.028459640571444664 5.034230002654764
1.3052704436486577 4.0048899418483925 0.0076473503976337304 -0.029008930209433976 4.970145345019448
6.254636437600757 3.569259275437234 0.008187367887382627 -0.02886116780514357 4.988807895614351
3.8711893972538367 6.257546356298337 0.007691618839556339 -0.028997223998634455 4.9716716807654615
2.4863320145631445 1.5976482513590566 0.010389379125111122 -0.0281435747799512 5.066026627325589
4.133817707305601 6.055921403320985 0.0065487925777928 -0.029276497669172213 4.9324540110977955
5.310710307701803 0.6503488946187072 0.007694913435511481 -0.028996349894770977 4.971785300110861
5.514867781080203 0.48928195424432136 0.008397906928827933 -0.028800610396565274 4.996110414280838
1.8121430487555288 5.875505614562447 0.009524920110592333 -0.02844777490221043 5.035478079137994
3.555504302285924 1.8971699821313126 0.008239464909878775 -0.028846338034469406 4.990613449591604
5.725315253601038 6.480568428418512 0.008471910685962654 -0.02877892856464729 4.998680900871113
6.184414869009501 0.7946882066232762 0.009169072492664751 -0.02856445535318779 5.022995038378032
1.6773051810439747 1.0951149977099515 0.009799173380914765 -0.028354474092297525 5.045134427050634
6.208705798571067 6.411877704783641 0.009291769007302043 -0.02852477920536706 5.027293443381054
0.8057612968310868 6.592710080409177 0.007560037382528895 -0.029031807294324023 4.967136666873861
2.4437653811690336 5.727843522135957 0.009022353393669198 -0.02861113662963682 5.017862821225115
5.442887581028689 3.3099940535822507 0.006557489896407625 -0.02927455082932122 4.9327510960783005
5.938498415493149 2.1527029402899003 0.006393975945652677 -0.029310698927292995 4.92716902458934
3.833730859212486 4.669246633205399 0.008504362153497556 -0.028769355647323046 4.999808700406394
1.6663784107870658 1.991235887273839 0.007051723305978552 -0.029159444411989727 4.949666647467448
6.247267535197729 5.897186732579272 0.007265497492389433 -0.02910691577938279 4.957004439858029
4.369935059943947 2.6067951197575283 0.0072470085127456455 -0.02911152465289635 4.956369281001662
0.30355725218698015 6.238088825112533 0.009821866857375237 -0.028346621164364438 5.045934886905811
0.9026834979419766 3.8057156304480646 0.007392060795139765 -0.029075031164230204 4.961355036899535
6.810524111614185 6.047206684194345 0.008379728231618103 -0.028805904859320466 4.995479280926368
1.4681671469190825 4.87172322335636 0.008062147738650589 -0.028896397246718684 4.984471841889542
1.731055784267798 0.7138634706006016 0.00993936752763949 -0.028305635007017695 5.05008301832083
5.972207026682216 3.4300811133448748 0.008915006894966635 -0.028644766573716347 5.014113116236814
1.536629780143624 1.789919218881781 0.009720365439365245 -0.028381587265781903 5.042356374116425
4.6671909743852975 3.7958305746599974 0.008274815024382728 -0.028836217441132076 4.991839127260944
1.5238820145321263 5.402046748017322 0.009482707928627062 -0.028461873626666842 5.033994598733
0.5456362341422519 1.50291618668057 0.008661262835240569 -0.02872250904950472 5.00526687411645
6.1524612448873865 2.40885884875421 0.008636405981298376 -0.02872999289464224 5.004401573161745
2.233008634027259 6.309984400537149 0.008141482016914432 -0.028874145365157717 4.987218370649912
4.186100427653467 6.22020525314835 0.00867757704552116 -0.028717584449584964 5.00583491670998
5.793952948079255 2.6975576597844184 0.00698242426918491 -0.029176116111043593 4.9472907723211685
4.287301760330089 1.4912376355028665 0.008802127072799376 -0.028679654094746196 5.010174840892601
0.529098309943106 2.3780775610659015 0.006686835484006053 -0.029245277075278967 4.937171661947918
5.456002693175741 5.140391586634366 0.0066242098586853 -0.029259525692466315 4.935030791508618
1.0724029700218947 4.766265986273396 0.00947196577437001 -0.02846545036301311 5.033617199853984
0.04456265753480215 5.994794037220725 0.007950181739242607 -0.028927402412124967 4.9805991852971125
6.120020885505296 6.505845567072328 0.009312308168320509 -0.028518080520579064 5.0280135741819825
6.130916041815652 2.513089878460403 0.006609405757392807 -0.029262873330111364 4.934524862113243
5.69519255969645 3.234093245736682 0.0078019546927061865 -0.028967732099233447 4.975478660958959
0.9461054361532772 0.5736379135095715 0.009732529485404018 -0.028377418307797865 5.042784994939838
2.6070665439101828 3.455256704801416 0.009939899177440512 -0.02830544831551547 5.050101800854913
3.9662418678834634 1.3338546241731237 0.006078810182324697 -0.029377679737638666 4.9164288153381825
6.030837565252102 1.0617532275061412 0.008472655363132879 -0.02877870933689653 4.9987067767477935
1.6777720751566836 5.2475933596928375 0.00938772237159251 -0.028493344287287538 5.030659154766583
2.608773713413775 5.948308910463522 0.009238441020373855 -0.02854209535953998 5.025424479229372
3.15655857189701 2.3700309497325494 0.007998074434833316 -0.02891419729708687 4.982255179767761
5.051134538355063 0.47604702677619704 0.006571506856478433 -0.029271407510320663 4.933229932199546
3.1290982075116354 0.16471789909138362 0.006965327192770444 -0.029180202485549214 4.946704817746362
5.544830554778374 0.21084977959806805 0.006769930981471304 -0.029226153262208746 4.940013919817977
6.748453731071771 6.203342779264644 0.007761712300562557 -0.028978540718319408 4.974089705855644
2.465860334578452 1.5578493091046421 0.009334595373298787 -0.028510793205675438 5.028795185404067
1.2410049407431398 1.0831451971374948 0.008386799948467472 -0.028803846733108165 4.9957247850855895
6.342221530440573 4.0623654192929735 0.008544956326098505 -0.028757324656251824 5.001220016534797
5.097794540457686 1.5914117588637113 0.006205558191095657 -0.02935116773719447 4.920745188549407
5.524515221606281 2.190117037080609 0.007609606296919589 -0.02901885407809691 4.968844447669857
2.0715902791778285 3.645502424515636 0.009635251963140096 -0.028410595199798345 5.039359010436881
5.790131413966267 6.577847937692708 0.00857559767247257 -0.028748202110043038 5.002285699963754
2.9309104698789845 5.411040305387589 0.007863373339896782 -0.028951120180701135 4.977599511830518
0.9258419414075677 2.8267555754764473 0.007244371996265122 -0.029112180859216467 4.956278715948973
6.87773168361017 5.5360849757495085 0.007155327936338765 -0.029134194379173244 4.953221221291338
2.8199663428448387 2.272884553045259 0.008669768065107785 -0.028719942926427225 5.005563004574412
2.220135660117058 5.247477501373086 0.00971184845115929 -0.028384502808076712 5.042056301022401
5.738152419959891 0.27213346475777356 0.00704221495780196 -0.029161742205981285 4.949340579064395
6.205606796825405 0.12606327132005546 0.00976175396119182 -0.02836737844075754 5.043815026762261
2.4976002194459626 1.1643793844624777 0.009703508802402306 -0.02838735487715791 5.041762505855675
0.7119694276507105 4.3622574899314674 0.00682719681462421 -0.02921282909364283 4.941973769648158
5.20660791809114 3.724410143684197 0.007624932132651935 -0.029014830862378844 4.969372618003751
6.200617511681336 3.4761058709994828 0.00761005373596352 -0.029018736742590083 4.96885986660912
2.16963101327127 6.762985426081848 0.008240045934677902 -0.0288461720683074 4.990633591713972
4.675160926473114 5.8009048706607915 0.006748507754727685 -0.02923110745566066 4.939280966356886
1.6091851129301866 1.6673218878092688 0.007524551079339285 -0.029041024965631188 4.9659145360635755
4.883592213059235 2.3384026266292497 0.009276338678028734 -0.028529800923429313 5.026752546265966
1.4923496430814962 5.9113909711867985 0.007145833817730159 -0.029136524484731943 4.952895358878459
3.581679567978379 5.788298069159867 0.0071481440741839215 -0.029135957789211412 4.952974650384927
3.3013741639326937 6.864088484971258 0.008486678829592838 -0.02877457701588923 4.99919409787474
3.7239371983583758 3.154612027258372 0.00869144193410035 -0.028713391250532596 5.006317753302631
3.398134732768843 2.8009888407371752 0.009796411588220155 -0.028355428404349417 5.045037026329743
4.5322934463710585 0.259300622555475 0.0077661803829440525 -0.02897734360253843 4.974243894940153
5.087938955138022 2.5708607953001423 0.009577144329181574 -0.02843023577985285 5.0373144374524665
6.311160068044545 2.4873335766705553 0.006373454462663369 -0.02931516805703758 4.9264689417349015
5.591913065731283 1.6065940743210183 0.006997065930921259 -0.02917260818573377 4.947792639726343
1.7828351195221268 0.5331145582448444 0.007906474399225032 -0.028939379097941944 4.979088566231547
5.631467966535561 5.619269085435144 0.006486826879598829 -0.029290289807957073 4.930337942324313
4.942881594333334 6.173124203292526 0.007996598867357558 -0.02891460541931319 4.98220414749989
2.824510101918566 4.8667401253770795 0.00986657827987292 -0.028331089513944568 5.047512629291228
3.8163570888156597 1.3472826115085244 0.008301043568314088 -0.028828678007792017 4.99274881562224
1.1335878766658112 6.303574746504458 0.006803754774604842 -0.02921829770823485 4.941171387765598
4.080083238918537 6.5711985074456285 0.0067510186283049976 -0.029230527663391213 4.939366864521405
4.871684455354254 1.5030188226602845 0.006675387033386969 -0.02924789236773291 4.9367802162259
2.277369987345654 3.391714373022156 0.008333609603598306 -0.028819280889272967 4.9938786399019905
3.063679346529204 1.3997800388587474 0.009146678397530346 -0.028571634085087814 5.022211152249042
3.680477857507469 6.41220400951158 0.00874218894080504 -0.028697981331850957 5.008085590969826
2.8594395211181123 0.9949128596466194 0.009100280473867788 -0.028586446006751882 5.0205876577790765
1.1663739557051997 6.031069144484455 0.008899428922058075 -0.028649610204350705 5.013569329100948
3.038514419767835 1.1373456268398194 0.0074603301508027456 -0.02905758892339527 4.963703781001401
5.7558113156784545 5.564765971829827 0.007481194655742814 -0.029052224123513937 4.9644218870475045
2.619080812768538 1.5854284091218989 0.009833860560548302 -0.02834246260429204 5.046358026677943
5.404702066434883 5.844401669191444 0.008785095820696498 -0.028684875656366033 5.009581050559921
3.2304083474715677 2.906617393591279 0.007618429550351628 -0.029016538925004977 4.969148512238303
5.831078058280385 6.078691927121991 0.009267792759936897 -0.028532578175812662 5.026453017288631
4.696281765403867 0.8082867802858245 0.00927192876064389 -0.028531234411738035 5.026597977834105
5.650768061760931 1.4232909238820672 0.00843204044549838 -0.028790635524862586 4.997295785846518
6.602051314503274 6.671624612241737 0.009189942842731433 -0.028557747644856888 5.0237257647170965
4.841620587725495 1.3517357557527265 0.00804773435868784 -0.0289004147321798 4.983973081519533
5.444947332141119 4.56586874039343 0.0063989731176033885 -0.02930960837405012 4.927339517449874
5.660631760535721 4.953108170786839 0.007426166244198544 -0.029066338863254278 4.9625282271814575
5.077187050268402 1.6858562018056737 0.008161453278536021 -0.02886850672241766 4.98791010406025
5.078052168441257 0.3464599368228795 0.006876618189326645 -0.029201234944402982 4.943665874579539
5.972713812363628 2.9267478089587113 0.006081218371449423 -0.029377181333796236 4.916510789461837
0.7979014038555807 4.534822661742912 0.00955928477100727 -0.028436245790659294 5.036686314977016
2.165572506990822 1.7686801400800825 0.008498103295018168 -0.028771205056222465 4.999591154439577
5.57457302539083 1.278613592539763 0.00794519532707246 -0.02892877237655732 4.980426812609979
4.822497776979424 4.862717603733212 0.006868565174490479 -0.02920313018228999 4.9433901070143005
6.050994340204443 1.2695550624958862 0.009127959599350897 -0.028577619802086698 5.0215560676683415
1.5326103183104163 6.040920979086076 0.009543926421886726 -0.028441404122398956 5.036146266336795
2.6421518043254757 6.719935131369009 0.00882191635804786 -0.028673573055543803 5.010864925320154
5.814004630170776 4.618482636824592 0.008633174113987457 -0.028730964214894995 5.00428908400493
4.364691003987444 6.788766445925601 0.008338709581656915 -0.028817805650548468 4.9940556085293615
4.41188565956514 0.16798986544731118 0.0070168871180024545 -0.02916784694099328 4.948472140298476
1.8471538135848509 0.4828690388260329 0.009150953980566534 -0.028570264983817588 5.022360800164071
2.164320055071048 5.19474494855651 0.007961593971052207 -0.028924263541879592 4.9809937195416625
6.213492355243993 2.428814505772203 0.00866955194176106 -0.028720008167288306 5.005555479381838
6.032240190321005 2.9085483167486723 0.007557224377174873 -0.02903253967039456 4.967039774185013
5.799180107700361 6.547856663503171 0.008434763908448358 -0.028789837752386464 4.997390382601041
2.2377082048320163 6.330385259963377 0.009077590496242979 -0.02859365927583455 5.019794025926818
4.732438341987037 2.6777215218753354 0.008852182975948735 -0.02866424351976384 5.011920654920528
3.85321458935126 3.758127748801502 0.008653893646298682 -0.0287247301947042 5.005010319093148
6.875949810590713 2.4783492186189253 0.007610068631968507 -0.02901873283616514 4.968860379932843
4.529850752819582 5.516214640958979 0.006351126679536373 -0.029320013470332532 4.925707358621617
1.8593604873225553 5.27655623690209 0.009382036305775304 -0.028495217050535235 5.030459603640362
2.82373967728546 3.9828166920459234 0.00887159926523258 -0.028658240114792895 5.012598095509637
4.2278936749103195 6.51250677451474 0.0075327381049309396 -0.029038902469661648 4.9661964587827985
1.9765346986927694 4.5440122184170875 0.008630770198428093 -0.02873168644166098 5.004205415203352
5.108689167756757 6.5133790083472505 0.0062692777270563806 -0.029337623570784233 4.922916625701321
5.594904177250379 3.245305183982567 0.00814854977666983 -0.028872151574434735 4.987463157245578
4.0446420243078265 5.9797696263697295 0.007896548620453147 -0.028942089072574208 4.9787455970917405
5.18516975075018 6.201369446500179 0.00860424279692055 -0.0287396417147403 5.0032822627210765
3.04628823867519 5.550356868113456 0.007922430355050353 -0.02893501507290737 4.9796399657113914
3.948447117084514 4.482993179714463 0.009127144839236843 -0.028577880031303796 5.021527557372171
2.18097558934545 0.4817857839083744 0.007366525746643438 -0.029081511281638016 4.960476888172617
1.3826005567885804 1.6572443471082603 0.007639969226105579 -0.02901087503375518 4.969890908746958
5.738543183532427 6.5898303653201 0.007122659757477115 -0.029142198235191798 4.9521000751814235
6.176393147454547 6.355839005931329 0.008905845253323495 -0.028647616311376682 5.013793295656705
4.088448671871633 5.747765076617392 0.008925920762244135 -0.02864136760956325 5.014494146212079
1.7610544347978887 6.358945630558456 0.009063572633239923 -0.028598105726113824 5.019303820292428
1.4287245411688236 2.2630367927996997 0.009673036066103285 -0.02839775296152611 5.040689240891189
4.538716744828268 5.226307776103534 0.008647357204438232 -0.028726698616075783 5.004782772382212
2.9331565549907923 5.04987833504431 0.010973894209118883 -0.027920846081146377 5.086877423538404
1.9014717915667478 1.229169169908106 0.008695299553110521 -0.028712223280019187 5.006452105160626
1.0537065114872335 4.217548020889481 0.0075204895349564975 -0.029042077011718872 4.965774683189403
4.033656059430088 5.741606641763392 0.008470833619202695 -0.02877924560852465 4.998643475543597
1.851704755382324 3.554718158850483 0.0077186357664646415 -0.028990044185972754 4.972603503415475
2.8666695517462633 1.0145610442620951 0.01007314343103974 -0.02825830464514283 5.0548130867991805
4.429060638623549 0.30981261297168483 0.0070903420898547785 -0.02915007802817745 4.950991260553386
1.6117887107288906 4.031639129549074 0.00789328439845797 -0.028942979483893152 4.978632814224825
5.565165214967878 5.86554722079919 0.007141225960236758 -0.029137654191524077 4.952737214822602
3.49308342324121 4.247059691424855 0.007223364304785389 -0.029117400435484487 4.955557168924207
1.3636001576298933 0.4872187543354662 0.007310647624689411 -0.029095608453985337 4.958555923194463
1.765078369438632 5.637261827231068 0.007543588815509727 -0.029036085613982417 4.966570138082979
5.3122858476680035 0.3187834666923298 0.00828353689000288 -0.02883371319466089 4.9921416025875995
4.143830598138147 6.460330779309188 0.00862206717453824 -0.028734299323939498 5.003902522154277
6.144849545952556 5.703339104537207 0.008415236509750713 -0.028795551644046666 4.996712175918622
4.928656843241198 4.794340259109082 0.0075265457782925805 -0.02904050806455125 4.965983222231052
0.5721814144487053 6.111242563871792 0.008843595055491996 -0.02866689425965913 5.011621064829519
5.946592122618598 3.768720137189133 0.00907321273810295 -0.028595048707934147 5.01964092723703
5.009158307359307 6.5434959440224185 0.00844603221520825 -0.028786534001502582 4.997781803813346
2.638943039220618 0.12721369339447097 0.009233051562901471 -0.02854383924486688 5.0252356601273025
1.4396204543098887 2.136368119984597 0.009732698627812878 -0.028377360296901636 5.042790955403892
5.394914862000898 5.351952979359005 0.00636199703048231 -0.029317656689853883 4.926078122016265
1.6564543290405744 6.7507605281411625 0.009161253318066406 -0.028566964095651067 5.02272131247992
6.587183394165592 5.512162197350959 0.008443803295483599 -0.028787187877720537 4.997704375443222
5.998079493011496 4.535505230832858 0.007060339413738172 -0.029157359403121797 4.949962140606072
5.018790330643927 3.5374649263881746 0.006558199948661341 -0.029274391768803296 4.932775351076671
6.735099091578213 5.856650575505025 0.008379935773389746 -0.028805844483956077 4.995486485768227
3.0397065860621226 0.5305073566839937 0.007085436706535896 -0.029151270755795083 4.950822983715556
2.267689215297996 6.9025623936449945 0.008095716448916634 -0.028887010492239254 4.9856337223601885
6.138445324130848 1.1273645017302867 0.007994828729886362 -0.028915094908711324 4.982142928525536
4.905906155337741 0.0914118486288195 0.00712902138598945 -0.029140642650396457 4.952318377116963
4.899387516491646 3.6501510176299745 0.00833920800030425 -0.028817661423641953 4.994072904082694
6.615201323582703 5.347963706980898 0.008303870735866123 -0.028827863791859885 4.992846884894573
0.4944473258654262 4.556175150077845 0.0076993290587305035 -0.02899517773777888 4.971937585225283
6.390212775130626 4.390363713748452 0.00804086840547506 -0.028902325776411712 4.983735516548735
2.1296581293660446 3.819863914466463 0.008983788096837517 -0.028623269404998455 5.016515195079687
1.2234308670781215 1.6356974861296862 0.008262982747843184 -0.028839610193427474 4.991428824475225
1.4783002191866086 6.101407033511398 0.008614604105124577 -0.028736537650036593 5.0036428054087185
5.267614526779979 5.379781203559203 0.007959085811814728 -0.02892495381223917 4.980907005862528
3.346535120700786 3.675465198066312 0.007783656142857272 -0.028972654297626237 4.9748470272962075
0.41066006679167527 5.146617404380653 0.00933669634068295 -0.02851010525132935 5.028868876539775
5.052187475669252 6.569724689688855 0.0076168060420984856 -0.029016965136227667 4.96909256151539
4.479370595101475 4.394334173677675 0.006869822322867032 -0.029202834472910978 4.943433155644138
1.8885659550764942 6.21358099619182 0.009497051888986073 -0.0284570906000228 5.034498612122921
5.172866763489877 1.4464524405042265 0.008867919539343112 -0.028659378971703776 5.0124696977868055
1.12392767287816 6.909855897043317 0.008018225136039857 -0.028908615768794235 4.98295216074542
2.3979632626508174 3.6504728040208243 0.009643581628297357 -0.02840776889124462 5.039652213707719
5.5597476330474445 1.055469641828117 0.009920350756500692 -0.02831230546719917 5.049411260561208
5.7084502768516945 0.23033882985804802 0.008232317157536822 -0.02884837871038379 4.990365671191478
1.668332333862437 5.2591207892900504 0.009154968138466744 -0.02856897895241723 5.022501304574598
2.948882739930254 3.384756581176085 0.007771314002045467 -0.02897596726050076 4.974421058902368
0.6383371336817707 3.117280319134196 0.007792071730234091 -0.028970392095221745 4.975137505199651
2.8566449109386065 6.372885468356854 0.009160429987962737 -0.028567228119571436 5.022692491555997
2.896125395179638 3.4162407156933794 0.008453395667652536 -0.02878437252548878 4.9980376084496925
5.629634749303273 6.026451897127755 0.007190966748216274 -0.029125418404308764 4.9544446694307736
2.754959518164526 0.06923438948173409 0.008130976394441734 -0.02887710551410981 4.98685454745312
1.6414020897954462 3.8235955162393958 0.008341506086554885 -0.02881699630787303 4.994152650760817
6.278530325583187 6.115375104857121 0.008157379637874353 -0.02886965807631938 4.9877689966776675
2.526337598905523 4.4149415318450504 0.009221912880187672 -0.028547439864727426 5.024845454031164
3.1897630607558374 3.80218370881447 0.008839254601011313 -0.028668232908543565 5.011469658364172
5.644173575995393 5.119654824754873 0.006122257703392424 -0.029368656091371497 4.917907971868817
2.4093577025609907 1.124763270246865 0.00871491303705007 -0.028706276156211113 5.007135281606172
0.9186540399708252 5.607304477203539 0.008783001858064132 -0.02868551687457003 5.009508052536409
6.719859476113969 6.19959335276104 0.009340240228987507 -0.028508944429157725 5.028993181954188
0.4602495013183567 5.366404192794279 0.008137280998004225 -0.028875329573175772 4.987072879494978
2.5648642973410536 6.239890087290843 0.010029442430611839 -0.02827384453043206 5.053267028764582
6.665053754226586 3.8557657971205477 0.009114668629557503 -0.028581861656885827 5.021091019028479
6.885881832258528 0.8468262277799711 0.0075115054125051255 -0.029044401981068675 4.965465347091381
4.023437070156637 6.011471437769669 0.006648871992584048 -0.02925393138069192 4.935873747425838
1.749910193108334 3.439381932210318 0.008860133300394367 -0.02866178706743951 5.012198027147882
0.878284879509394 1.4831124388521686 0.00976541383965685 -0.028366118742969373 5.043944046781884
1.1986238579900186 5.503543230679844 0.0079457244297807 -0.028928627054977674 4.980445102499031
4.869441684666793 5.84112125140757 0.007649683896275215 -0.029008314950838967 4.970225786572086
6.725317489055599 0.08119842319267315 0.009281798695726132 -0.028528025045067816 5.026943931674998
3.5362121878012283 1.5744833101367615 0.006828126568589501 -0.029212611789487808 4.94200559667252
5.189629348704929 3.506362919985666 0.008893077121698997 -0.028651582492203006 5.013347630388088
0.7642297415955357 2.3270691248667164 0.008420022168723491 -0.02879415264733805 4.996878374339699
1.0568355457120389 4.535428307626046 0.00897099219815004 -0.02862728242395235 5.01606818110111
0.6141508972388492 4.948341222262285 0.008425432777502446 -0.028792569918501324 4.9970662860152375
5.6608291562145 4.694499249786833 0.008165374509420578 -0.028867397858499552 4.988045937417568
5.366703080912191 5.695863224663236 0.0065183866246292695 -0.029283282531366837 4.931415552608814
5.521996573972384 2.4172195133502634 0.008113812303075441 -0.0288819329323794 4.986260213083203
5.958650708900515 4.666256890251369 0.005983816255282435 -0.02939717576610069 4.913196349906718
4.604833593593627 4.2603319229519325 0.007926053011511367 -0.028934022942873183 4.979765167601054
4.793527719825252 0.9259840943996085 0.00781595823276099 -0.028963956858546375 4.975962111037284
6.827371779797776 5.206585761077643 0.007499689821218861 -0.029047455182606034 4.9650585571659
4.436939266744619 4.643745109960627 0.007745966029627472 -0.02898275366951624 4.9735463684193775
5.500889288895058 6.609208844834699 0.008326408948719648 -0.028821362112479716 4.993628793458016
4.370062278349013 6.452974693382308 0.006217642151733347 -0.029348610292022154 4.921156909372644
5.100310752489151 5.279606366804527 0.007941887719921202 -0.028929680596995272 4.980312478161764
6.47917441195251 2.8275598098695727 0.006749707915791539 -0.029230830351727966 4.939322024218075
1.564621332818429 6.699478609435379 0.007004488319386799 -0.029170826923204864 4.9480470775533805
4.952105615275616 0.10980211599339214 0.008448679419057846 -0.028785757173887025 4.997873764852022
3.513653013930038 0.8918151742281222 0.006937750381534442 -0.029186771312420267 4.945759872089955
6.137491537500098 5.745729834352032 0.006859029156106718 -0.029205371407254488 4.9430635785795864
6.705932180377986 3.7995388545685196 0.008366394117675485 -0.028809780448099998 4.995016416911701
5.5050802303895505 5.637161712100333 0.007350078453520839 -0.029085672533518778 4.959911370242901
6.318169914114274 2.093623685035229 0.008619564702634542 -0.028735050101524037 5.003815433230281
5.4956960070538825 6.128439260596468 0.006414446292173 -0.029306225938609494 4.9278674694748394
4.550071573500325 2.739636054024516 0.009514360190875778 -0.028451308408547368 5.035106898479858
5.190862972002295 4.946232121137055 0.0071474053455039726 -0.02913613901715636 4.952949295928149
5.636521543540981 2.988260618365537 0.008092539037240989 -0.028887900787885758 4.9855237295760535
3.1367137266312284 6.052006105371173 0.009255575271371379 -0.028536543700945608 5.026024852705856
1.1384905677082313 5.749729026099328 0.007946183211918775 -0.028928501038986105 4.980460961638714
6.188148045048881 0.7350889134257471 0.007763330059493576 -0.0289781073637904 4.9741455323737105
0.6611899582454197 6.0991134513442535 0.007830681749578803 -0.028959979684675428 4.976470485204489
4.122643445135358 6.668686379666105 0.008793709091383639 -0.02868223632173957 5.009881336571381
3.7869222869809227 0.5211901688310989 0.006610167641409373 -0.029262701238136995 4.9345508980478625
6.492898265105381 2.3608069290647 0.006806866318063641 -0.0292175729814783 4.941277882061623
1.557664633149065 6.454472564244654 0.00929264391645186 -0.028524494194324113 5.027324115433391
0.909219154288918 0.7606722426933115 0.007601924132914242 -0.029020867483199327 4.96857972675963
1.2633391411877717 5.474426432563499 0.006938681599698574 -0.029186549944417967 4.945791777698339
5.297209434857871 0.6724053917224816 0.009204765435696692 -0.028552973457659423 5.024244847381307
5.812016350331127 0.02128081349886702 0.006864988525729169 -0.0292039711775917 4.943267633935735
5.259298674277874 5.116276416996586 0.007587872074695003 -0.029024544740237763 4.968095552131302
6.154432678066774 1.0690267779282547 0.00900095237786462 -0.028617876516111623 5.017114913350048
1.8245510421011526 3.9478754621745447 0.010117194105609377 -0.028242563329652335 5.056372378442768
4.258311408964327 1.8867968448125163 0.007344305875365188 -0.02908713068023514 4.9597129071186306
2.8124625490161637 4.525894851548534 0.008087579723214808 -0.02888928961086867 4.985352059268799
5.641402394163403 0.9428030380942147 0.008599809681898324 -0.02874096855422809 5.003128015402105
0.9210241049164536 4.1047158291601455 0.00796153668945993 -0.02892427930895398 4.980991739142867
1.4605875398282935 3.4028876168206317 0.008451588589467946 -0.02878490316666664 4.997974829192449
6.052876292896436 4.816425572709531 0.006333806436803064 -0.029323759922989277 4.925116665314298
4.077491091055262 4.414320824200327 0.008557144641907393 -0.028753700206712102 5.001643876678324
4.650491325458427 3.6133969408274464 0.006538629740576463 -0.029278769118862374 4.932106891609771
6.022570741978468 5.329475539190666 0.00865324107178932 -0.028724926787609024 5.00498760095892