300

4.659549753307394 5.889036233692475 0.00825210604166351 -0.028842724314411435 4.991051700139202
2.550497503117165 2.3981822294268977 0.007377599332737795 -0.029078704030365363 4.960857684079274
1.1046930742533896 5.531632308368327 0.006717374662090519 -0.029238277610849517 4.938216029906487
2.4675400427988112 5.18603470000243 0.00657484116501237 -0.029270658749930088 4.933343843741906
6.1867155223189325 1.0418607728219411 0.008752736894596833 -0.028694766018456455 5.008453161931664
4.916344715590277 4.867576082826973 0.00926000146893761 -0.02853510772356175 5.026179962903191
5.9344065844548295 5.874927656213454 0.008580540902300166 -0.028746727080207826 5.002457653556359
5.660062035455329 6.053404329551141 0.009882307540648914 -0.02832560674852409 5.048067877352252
2.3727594291956127 1.9044155848868494 0.008044054533049988 -0.028901439179897563 4.983845755996775
6.357242673414695 0.07725124149445164 0.008209086315104131 -0.028854997866421164 4.989560489846615
6.207613230890921 5.521731186117306 0.009543100090685671 -0.028441681396484897 5.036117212666676
0.20871547056687112 2.0028819354815557 0.008105178379027552 -0.028884357071677125 4.985961287049248
2.1880312460025277 3.2751479654288094 0.008004164711335013 -0.02891251195025813 4.982465818642373
4.995391300743429 0.2922763988920035 0.009080661625136679 -0.0285926841071238 5.01990143369969
2.6944797968275136 0.8843681658544238 0.006538179109338471 -0.02927886975165213 4.932091500578074
2.6057739358537164 0.5576433633094322 0.008270628534671332 -0.02883741846354282 4.991693948631632
6.3243685832664 5.087066429666616 0.009361980858184701 -0.028501812475893236 5.029755867079719
0.9373205690383343 4.895626040070377 0.008532276831469728 -0.02876108920175251 5.000779131831171
0.04376921751437452 6.493079888642007 0.009037598358338964 -0.028606324753686005 5.018395699264106
5.075216427777213 5.6925741710273305 0.009091673835492715 -0.0285891844386827 5.02028659810582
6.561239015416321 2.930421885786198 0.006867537883052084 -0.02920337178177966 4.943354929717126
6.879909517612603 2.9493471635330346 0.008291044442411266 -0.02883155531798382 4.992401986439427
1.8212307020688723 0.24556757312982033 0.008456984463721706 -0.02878331832468886 4.998162289360513
1.5853711928156122 3.118503991190647 0.009873794292151045 -0.02832857543676147 5.0477673435485535
6.502014219513878 2.6731961948331726 0.008529110058616049 -0.02876202846824289 5.000669027477348
4.102824374362291 5.357217049462293 0.006557612659946423 -0.029274523330058005 4.932755289604519
2.75279915930947 0.7072327965160536 0.006312537744847128 -0.029328345797536556 4.92439141629681
4.355407911830798 5.15324890479095 0.008155673538254 -0.02887014009556281 4.987709900536917
5.571725282352544 6.7580713547762885 0.009560620389515008 -0.02843579676688504 5.036733284224028
5.78649221726135 6.6002694199034435 0.009819301260956481 -0.028347509992000683 5.045844380309637
2.0681388226718163 4.982151155620339 0.006682021282254311 -0.029246377409578445 4.937007050370993
3.816587749470583 1.0052258698859233 0.009988761427374928 -0.028288242171386094 5.051828574188576
5.972242811358164 5.5843718169715775 0.007857269169638612 -0.02895277743491713 4.977388673856326
6.465806885954355 6.908870483941286 0.008929348366227753 -0.02864029919107944 5.014613821639523
1.942528201509979 0.20425945426627098 0.00813476078232243 -0.028876039669843732 4.9869856013676115
6.4603673030186615 5.5169785965035025 0.009896017033121105 -0.028320820024854098 5.0485519146688285
1.068243131171585 5.7010513485456995 0.008491587420527202 -0.02877312883715541 4.999364689937436
2.701520049387845 4.834572026549407 0.0077452907539769175 -0.028982934136080142 4.973523069268584
5.678022653138299 2.4104890787832423 0.007504716427142287 -0.02904615691185635 4.965231609098106
6.208207527239235 1.2634588638219613 0.00865773667532552 -0.028723572125707544 5.005144109957834
4.06445375465426 3.768809752396993 0.008194489813961092 -0.028859146499660863 4.989054669272052
1.9354228645692726 1.1015169541087635 0.007038643737992516 -0.029162604381804083 4.9492181183764
6.50055145238868 5.00300063404154 0.008721111805612934 -0.028704393546528702 5.007351226432139
4.630451799907422 1.7147022091868562 0.00832893421273599 -0.02882063245107428 4.993716412355795
0.5624795011255752 5.345178749669476 0.007205919221063508 -0.029121722616965974 4.954958084244157
1.1716864776101068 2.916170087709436 0.00976077452306849 -0.028367715465116627 5.043780500050281
0.05791630930766262 5.151232574091028 0.008942874294996106 -0.02863607863070462 5.015086125546694
1.740237196424378 3.9829821159258927 0.008314269518090438 -0.02882486638963921 4.993207623478116
2.0009343287227295 6.8243670555029565 0.0079581819626709 -0.02892520250316356 4.9808757579212495
6.223623670185667 2.5350950872599887 0.008558812235297742 -0.02875320387575822 5.001701872962996
1.8148856947904322 0.9030856653917885 0.006585709257443694 -0.029268215414958602 4.933715155710628
4.91754436741519 2.900657904303532 0.006568628535455129 -0.029272053552205805 4.933131601114614
1.7842976980116085 4.509709188798544 0.007120554300170651 -0.029142712750502845 4.952027828101692
0.8058933095846376 0.610638031475451 0.007842715903425489 -0.028956723006206293 4.976886052842644
6.409225012848226 1.5154642746004612 0.008727597432611598 -0.028702422250644132 5.007577179635813
2.4881588236299153 5.416397748221874 0.009184109986024624 -0.028559624013011844 5.023521523642367
4.407766794061526 5.317336497997562 0.008356502694599196 -0.028812651087936292 4.994673098425638
6.049587870172512 1.8039043244989925 0.008059956305262022 -0.02889700857108339 4.984396005092713
4.558742080337296 0.6024774490123148 0.009600111728928324 -0.02842248853974776 5.038122398681139
0.8005882421733613 1.4891539819287736 0.009649753432389895 -0.028405673001956483 5.039869479335803
5.707540746786934 4.245609094882282 0.008344593995053199 -0.028816102287743946 4.99425980823007
1.3444000859455254 3.8772980630272462 0.009275990502103272 -0.028529914128943498 5.026740342352044
0.31051470080181875 5.104128685085553 0.01008769243782048 -0.028253114187288087 5.05532799181342
6.369717485286088 5.610562496172179 0.008751657905734508 -0.02869509511921845 5.008415559859075
6.392252082607761 1.621047149579665 0.00825733883753503 -0.028841226661189975 4.99123313000899
5.951678888099069 2.3406249620072788 0.008058567795608285 -0.02889739581837064 4.984347955124273
1.209664855916282 6.68243479564919 0.007803500463718766 -0.02896731572846785 4.975532023166126
2.869255171977406 2.563646028166212 0.006524451612242217 -0.02928193182082613 4.931622671720675
4.228220201867928 0.44221856667177056 0.00888796361951595 -0.028653169156275905 5.013169163436487
6.306087343447442 0.1739190863253222 0.007981721802216913 -0.028918715688495144 4.981689666763612
1.9469890298366437 4.357915005288433 0.00921143729293913 -0.028550821756969626 5.024478522119982
2.8725170994580127 5.05718263040415 0.007626980582856489 -0.02901429246403796 4.96944321876717
3.3957724283876716 1.4721660560209036 0.008217832145208345 -0.028852508293616005 4.989863598770192
5.303062686034453 6.581234889319935 0.0091613739937626 -0.028566925395401066 5.022725536792224
3.3757962654063274 6.268745554867649 0.008257032327483066 -0.0288413144142721 4.991222502528083
5.803299714692412 6.318104261602078 0.007679812825304895 -0.029000353014545913 4.971264559823643
0.008374006289429303 5.310904987095328 0.008458440846821623 -0.0287828903767641 4.998212887902
2.7253329223231346 0.6652496500741594 0.008537246308553051 -0.02875961448745614 5.000951920992368
1.504575619268053 0.19192240079276632 0.007713429969201263 -0.028991429735530944 4.972423935808883
6.589688296680484 3.1664179172278484 0.006663883397702301 -0.029250515517881517 4.936386918837059
5.353339373381289 0.6976144325479763 0.007930463991253646 -0.028932814257922254 4.9799176203683775
5.798355219410694 1.3019016413893403 0.00835786427210745 -0.028812256156174748 4.994720354987882
2.3432983916978807 2.756535819517968 0.008073582289739359 -0.02889320454727732 4.984867572283404
6.030629796347915 5.6799285812954885 0.008353861578288536 -0.02881341695687609 4.99458143448262
3.1934863191105403 4.519368282306291 0.008982403285754005 -0.028623704009301025 5.016466814842247
1.200059657186626 1.9387123622035636 0.010825885735496057 -0.027978566761755023 5.0815819071736295
0.13352462617806465 4.642674684869927 0.009200476096070163 -0.028554355877967928 5.024094627097208
3.066819312251003 1.377433416427123 0.007900899795687482 -0.02894090154812917 4.978895940920886
2.486154608434136 4.356859776096729 0.006679696250506098 -0.02924690852040562 4.936927552982189
5.9997340633431975 6.3802859813228565 0.009278432558812407 -0.028529120022383617 5.026825939900056
6.465574297399232 6.233680841026334 0.009184174066409683 -0.028559603406172987 5.0235237673836775
2.7573237367417773 0.2720358554750417 0.006333188405680464 -0.02932389340824568 4.925095589240918
0.9876556716842817 3.4743072080005386 0.009829727135937676 -0.02834389642291635 5.046212191783121
5.4522434770872055 2.8278737501799873 0.007215389230863693 -0.029119377710506388 4.9552832844777885
6.445398937483631 2.5793109022226988 0.009063196619987189 -0.02859822489294489 5.019290672132444
2.429751472407358 5.870994213329705 0.006994250591122461 -0.029173283302854052 4.947696134566347
4.906167911472904 4.900664428726643 0.009278309691958414 -0.02852915998167683 5.026821633185799
1.8772714780280662 0.7773048948171077 0.007303043413654966 -0.02909751805392121 4.958294579236938
5.142580226073455 1.4455567015567101 0.008060286076986726 -0.028896916589095347 4.9844074170784465
1.7514393746563346 5.018794899334788 0.006886818179556058 -0.029198831061563683 4.9440151889150625
3.815352817995954 4.888671812117404 0.008956342146210293 -0.028631869225742443 5.015556470703802
3.545464765695519 5.967158768697284 0.0061426334909440135 -0.029364401131232575 4.918601815768579
3.979977503604121 2.261095296558282 0.0062835826202541495 -0.029334563052045615 4.923404246624886
3.644436096940369 1.9052173425041568 0.006780770444601864 -0.02922364029647254 4.940384818065732
4.768800183337419 6.36038223399769 0.007665927065090684 -0.029004026655495785 4.970785776668718
5.358315510609559 1.68160605338462 0.008934191320253016 -0.028638788826574276 5.0147829218881945
6.572206861241159 1.5952415604729226 0.008834255700319538 -0.028669773738580005 5.011295292320725
5.878423884707262 0.7223468427020551 0.010225933005213378 -0.02820337380833874 5.060225224922197
2.051557247796963 6.64381879832249 0.006480232710217461 -0.02929174941893071 4.930112816349167
5.877915920368382 4.723185597868751 0.009018199872670182 -0.028612446086564696 5.0177176530691
5.17807874661504 5.274031310172175 0.009932990335960923 -0.028307873515785443 5.049857729628502
3.0836786069743596 3.974486768497005 0.006175343671000274 -0.029357539586025203 4.919715885783075
4.078024415050693 0.45601313114184683 0.0077423291980299085 -0.028983725409086624 4.973420887912346
1.3980740914481182 5.412602470337427 0.007228170476995391 -0.029116207712466473 4.955722234162373
4.315277741704928 5.671827937239117 0.007539076391442131 -0.02903725756961218 4.966414733767982
5.1331399570532446 0.6110233210394026 0.007217350447715882 -0.029118891677308998 4.955350635958939
2.547894030155625 2.502447424212128 0.008327023818112182 -0.02882118447136745 4.993650127331307
3.3191331158752977 0.5063537654404524 0.009067224521882663 -0.028596948079642512 5.019431519748753
3.9154607702579924 5.512735711536425 0.008464058160212404 -0.028781239018856392 4.998408055046259
3.1254201413154954 0.10435874099050646 0.009181787241573387 -0.028560370849316365 5.023440195047869
1.4304538948523065 5.1399340280852295 0.007057204429357747 -0.029158118348793588 4.949854622516595
3.29223752495782 0.2430777572545323 0.008073091716802464 -0.028893341622804644 4.984850593489225
6.010395951353619 4.671019786262129 0.010404668314867293 -0.028137925958705564 5.066569938686494
2.877621373755152 0.6926684697222175 0.007859134353054424 -0.028952271192786237 4.977453095990816
5.646100751959555 4.947066416730679 0.010407312981584193 -0.02813694788891199 5.066663929717807
3.472710179115109 2.009289075598262 0.006007394301494661 -0.029392366589071548 4.9139984668820675
6.083611380392052 5.184267558399767 0.009760407949269715 -0.0283678415933224 5.043767577861171
4.96448821701609 6.918189491455 0.008657216278920835 -0.028723728976231273 5.005125992608727
5.932711580680486 0.5375312258743712 0.009603021442233439 -0.028421505575532142 5.038224774080611
6.857885266399105 5.777970357052634 0.008104864314610416 -0.028884445198787436 4.9859504138995625
5.117216742453083 0.46399289697685925 0.00852650041996683 -0.028762802203337306 5.000578296618449
5.695109552692048 3.670498628518212 0.00843466248942844 -0.028789867465645422 4.9973868598660935
5.913098883640083 4.058710314298421 0.010066967956336232 -0.02826050523550666 5.0545945586775884
5.348792597547606 0.7968854731365999 0.010139135303711308 -0.02823469382325643 5.057149370743888
5.335875946614173 6.453503299480871 0.008065311320533066 -0.028895514414920546 4.984581323711075
6.244045724514271 2.037675928159377 0.009428767086216542 -0.02847978846891036 5.032099999092234
1.0702139098399701 3.6460774681848527 0.009761393994502864 -0.028367502309581 5.04380233733085
2.424746436577204 0.8760810407672097 0.00679613224649142 -0.02922007163728726 4.940910513680453
5.855226964004929 0.39242423992412206 0.009804042981332228 -0.028352790713088372 5.0453061722554935
5.056371053341396 3.962991604632437 0.008456270306899378 -0.028783528145393363 4.998137477967634
6.3358329802057884 0.3847855461373355 0.009503718772240807 -0.028454864777365533 5.0347328997407
1.7902031005466132 5.147864660856543 0.007216163147564956 -0.029119185933465335 4.955309861943055
2.8938765534778654 5.825334181491973 0.00899242941983326 -0.028620555779532254 5.016817107920145
6.064069737438113 3.7233007542358743 0.0083261325860453 -0.028821441951429053 4.993619204657511
4.593941721072493 5.887871700340912 0.006829089604504096 -0.029212386673698094 4.94203856324299
4.645645978444787 6.268144872094878 0.008550267951876423 -0.028755745824984524 5.0014047267482615
2.1098742433927518 6.591560944811569 0.007796560438062803 -0.028969184409224122 4.975292449646626
2.4372977647895753 4.306093122412741 0.008818040755524652 -0.028674765164407298 5.010729765256668
6.471214032438958 1.5358012371888943 0.008990826367857765 -0.028621059400780982 5.0167610979012105
6.294983226054692 2.0169693870137237 0.008384077496436555 -0.028804639288381065 4.99563026942594
6.0494326050662615 5.652581490303537 0.0078012110596542535 -0.028967932373621837 4.9754529899648094
2.5023683826467473 5.439348990939586 0.0071152683544158995 -0.029144003778558764 4.951846450729453
4.993749995093168 1.7856851562342182 0.008230765381886709 -0.02884882148768534 4.990311880863891
4.092954914112532 2.860064511429748 0.006609424772403455 -0.029262869035314013 4.934525511913138
0.15141948105110367 1.5908222849114284 0.010450563324110583 -0.02812091261336934 5.068201504507158
4.7724826467701 4.619126740137041 0.00882525282720722 -0.028672546321104286 5.010981287828789
2.1238186573031714 4.385481982817276 0.0077380189972687165 -0.028984876435788173 4.973272179797399
3.0737153638971226 3.087517772847035 0.007555281776477888 -0.02903304526359612 4.966972863614888
4.466249350591426 5.6139708043644285 0.009066287891861313 -0.028597245039721726 5.019398767122301
2.2530590735986653 3.6566037209778 0.007167701744585477 -0.02913115259821805 4.953645961165126
5.352239300074742 5.616325322306812 0.009418134694184573 -0.028483306319354793 5.031726691007482
5.854321573619833 2.3525575435062747 0.007173055384535276 -0.029129834816737105 4.9538297424627755
4.2803681904503 5.080705744736779 0.009398614617085608 -0.028489753303240533 5.031041452178307
5.4265190601369735 5.303800593091435 0.008760064523761484 -0.028692529856036316 5.008708536540736
3.2957464927804008 4.6553035525060364 0.006369404326392555 -0.02931604831021623 4.926330785424481
4.187455348212611 3.5847851304580094 0.008925452441568461 -0.02864151355486123 5.014477795055638
2.4393705955897307 6.589611113369246 0.006175285369806546 -0.029357551849591497 4.919713899881588
1.6484758868560567 0.7666718124234156 0.006314919582232319 -0.02932783303740559 4.924472629817063
5.990539415078226 5.695233991654028 0.008820636571757795 -0.02867396677247445 5.01082029267179
6.420477295541336 5.45896549711765 0.010026129562488342 -0.028275019469422073 5.05314986042961
4.318738065973012 4.847297807485209 0.008707772282634666 -0.028708443041617206 5.0068865386190655
2.024623972748728 5.467457866499569 0.00859861718619841 -0.028741325343226837 5.003086524514428
1.7013417786558036 1.3743175745975014 0.008905262395406203 -0.028647797501186092 5.0137729499473895
4.7703551453440785 4.326231261250334 0.008729061969574473 -0.02870197688542252 5.0076282048876966
3.2005059180116837 4.159916871209121 0.007162997551576843 -0.029132309659141414 4.953484481128886
2.1607737900957678 0.33653272417867625 0.007905970757193593 -0.02893951669234301 4.9790711629267825
1.334768734583198 3.3314722951894833 0.01008984470129932 -0.028252345635427546 5.055404170769739
4.26358595765797 4.84125988360738 0.009243324426301727 -0.028540514248172433 5.025595578832194
2.123451800873727 2.665512288190182 0.009093834216486078 -0.02858849732397747 5.020362165387519
3.1247915286880974 0.12165309914996586 0.006740461790784449 -0.029232963839593392 4.939005721622327
4.649229535544897 6.40670290771127 0.00771907899359548 -0.02898992617256265 4.972618792389515
1.899775973430283 3.147845054388685 0.007679897197370206 -0.02900033067118072 4.971267469170911
5.809188820379329 4.9689809931579845 0.008753422222107189 -0.028694556964719283 5.008477045381571
3.7379529269164604 3.350191490027032 0.00783699378746388 -0.02895827219250576 4.976688448891428
1.6342970630019773 6.5983455883620685 0.00554715615149457 -0.029482690830908494 4.898364383598889
2.022201617107006 4.744041916865478 0.007250588158131888 -0.029110633304020674 4.956492246055083
5.567031338958371 6.424907993213391 0.007665364320321682 -0.029004175386256704 4.970766374420444
4.373686440788627 5.559592665366987 0.008725718741269319 -0.028702993440550086 5.00751172618272
6.400615687840369 4.8098709295838775 0.008968924984265414 -0.02862793014918507 5.015995970596919
5.170749274846434 3.896933609495315 0.009349218086465695 -0.028506001493925848 5.029308111917153
0.8438992866354506 5.222148002697638 0.009415012056080953 -0.028484338643961007 5.031617062529685
6.193598682997799 2.872514614091261 0.006978994260874322 -0.029176936767019993 4.947173211777634
5.246489059848363 5.645193842183208 0.009822247027976717 -0.028346489435579186 5.045948298433154
2.89265245727531 6.233210068045278 0.008174955924166944 -0.028864685961186687 4.988377864277798
1.7158627225630942 1.2487213514226947 0.007415632117533578 -0.02906902819664607 4.96216582724894
5.641049839425266 4.455715484165264 0.008421145578516084 -0.02879382411465068 4.9969173897681145
1.9136538929882918 5.857667875119429 0.006605964524504011 -0.029263650365273886 4.934407266443192
6.848877332327464 4.620246784978644 0.00983504813735712 -0.028342050528073443 5.0463999279572525
6.249148069040069 3.640512680490589 0.008585960179104317 -0.02874510893704936 5.002646176907273
5.271150970695253 2.642654139774475 0.00901800463891899 -0.028612507620487157 5.017710829690887
6.979913999577882 4.959882078805658 0.009042406141533066 -0.02860480538601102 5.018563770867344
3.285576301750194 6.634076095575469 0.008754296863401451 -0.028694290136322232 5.008507526610534
2.5255500305405576 6.009850924499581 0.008150072189555952 -0.028871721862490752 4.98751588709535
6.422520504425014 0.24234721155375732 0.010046441507582018 -0.02826780877667622 5.053868322694409
5.142256363224224 6.192350186903853 0.008880270906247777 -0.028655554237034905 5.012900697738196
5.147359815828187 2.754349834010002 0.007017098609337345 -0.029167796061869943 4.9484793911428655
6.873218403309393 4.455101396881173 0.009134939494426514 -0.02857538941874925 5.021800320600464
0.7643322990317033 3.6665784683293303 0.008714580281568168 -0.028706377175047763 5.0071236898938025
6.628910535394963 3.4918759026458486 0.008600490844290199 -0.028740764729514076 5.003151715536145
2.3984559520761297 2.930329484449527 0.007984604527171668 -0.028917919886199798 4.981789351848116
1.5008060062059658 0.748533178108907 0.006886387298513682 -0.029198932685542967 4.944000432149915
1.7411277584639957 5.209834614911146 0.008353773169297916 -0.02881344258910966 4.994578366156797
5.526957893231429 4.48717181404658 0.008839405131588814 -0.02866818649513152 5.011474909148196
3.5921683896714116 2.7789473210657274 0.0087346355200772 -0.028700281223907994 5.007822397613515
0.6884727464842597 4.2595193228986945 0.009772693743431685 -0.028363611494256 5.044200698936034
5.304603574702494 5.675054104830357 0.00850622839456345 -0.02876880391152059 4.99987357008869
4.710059196781932 3.493779562962247 0.007068537515602411 -0.02915537304495556 4.950243317682366
2.1508518942213737 5.321894299131138 0.008661951319278565 -0.02872230142837527 5.005290844394435
5.443970203689543 0.5574946940777995 0.007516376647599785 -0.0290431417393404 4.965633067561942
1.394047094293325 6.020613815970625 0.006251707172079296 -0.029341372793967434 4.922317755388587
2.6606554328206258 2.758997376491729 0.008163581700656961 -0.028867904908681866 4.987983832996976
5.838318257134836 0.16852021668618644 0.010227549289611587 -0.02820278772619057 5.0602825337109465
5.972079807379855 6.338979941511592 0.010107597525202346 -0.028245999225881942 5.0560326077040365
1.9420074111000236 4.37067080502197 0.008781533734489151 -0.0286859663471536 5.009456872978475
3.19690146636239 2.488914573660922 0.00665332376576849 -0.029252919219590036 4.936025926978495
0.9089537633922526 2.228229267420253 0.010130879483769582 -0.028237657142286727 5.056856986249821
3.1034238011284314 5.4767639454729595 0.007019676353052146 -0.029167175795719414 4.948567768444886
3.1432084911322966 2.5203554147248317 0.007517514523721995 -0.029042847232763333 4.965672246584016
5.875456165282713 5.129936257954046 0.008950916168105578 -0.02863356596289652 5.015366967976001
3.001200797788484 6.17305384636401 0.007352467615475456 -0.029085068677302185 4.959993513323892
1.922804603783358 2.937582257959648 0.009177266579692965 -0.028561823788498704 5.023281914649168
6.529400578010841 5.22039730408646 0.007991274284433076 -0.02891607745374463 4.982020003628682
2.7897254348936054 3.52372686309012 0.006883372633145678 -0.02919964351140714 4.943897187668229
3.448335098551218 2.909458132440771 0.006683075404027741 -0.029246136550732292 4.937043093334509
5.901961373559955 4.226755755359834 0.010316023888555263 -0.02817054580817981 5.063421412352848
2.669837540129805 0.23243474361041033 0.0091692998825738 -0.028564382360965413 5.023002998977902
1.1860061330529397 4.717127998931437 0.0077957027488491015 -0.028969415227988057 4.97526284281391
6.973292592877651 5.305274075415055 0.007948371006800573 -0.02892789999875988 4.98053659008575
0.7261935021617745 4.47588409193159 0.007421809473554581 -0.02906745162786472 4.962378339462147
2.8190257511112033 5.3460212667373845 0.006852304808409863 -0.029206949837541116 4.942833341276091
6.903287201125952 2.957337426606838 0.008937885132572798 -0.028637636238993857 5.014911903831827
0.16251212175797664 6.959832259145001 0.0077115560660958775 -0.028991928239416223 4.9723592999143715
4.255100146105696 5.11120742396927 0.008357815034702162 -0.028812270438924217 4.994718646083421
2.023005411194088 2.5508670345153743 0.008947284355772541 -0.028634701022656896 5.015240132905923
1.1373528507472002 0.5903063322767433 0.009018950593250802 -0.02861220946023744 5.017743890730941
1.465085053985471 4.613059253587342 0.006716518877042939 -0.029238474210777923 4.93818676066629
5.101821481285383 4.941287592079822 0.009416036224264844 -0.028484000102221112 5.031653018227406
6.987705563872315 6.189669722014669 0.008189719541163862 -0.028860500581886633 4.988889378144072
3.80461214301169 0.6850686451204175 0.00919156983272901 -0.028557224024930467 5.023782737169312
5.436217377345991 2.6099421505227665 0.007553070580999406 -0.02903362059403617 4.966896703034812
1.029694258777814 1.4363894677927171 0.009475588392031574 -0.028464244669844947 5.033744466218385
1.332089543235823 3.6474482998313023 0.0082443259237609 -0.028844949125675434 4.990781967720073
0.8823386591730896 4.058326909069793 0.00940310938697056 -0.02848827010993588 5.031199224231684
5.910136116682562 3.799163380650457 0.007783912313066025 -0.028972585474936457 4.974855869099598
5.609914332677255 4.7989879836609095 0.008429536025583557 -0.02879136888710554 4.997208799645228
5.792101573773853 1.5277934290710191 0.009183867931953846 -0.028559701850832227 5.02351304825975
6.207517191623684 3.770708689032737 0.008081397422932506 -0.028891019637469005 4.9851380659434215
4.845372816859971 3.3623886988405123 0.007458305242834968 -0.029058108728970997 4.963634095596295
5.056447716443154 0.03415406183311247 0.007429621072176869 -0.029065455969653483 4.9626470890877235
0.08011199961918465 4.312434806416095 0.009968735406475615 -0.02829530551868418 5.051120735218392
4.663425007829117 3.7420519252956934 0.007858782561148607 -0.028952366684894457 4.977440945257516
5.7482559604514325 5.713257282757168 0.008004472670418166 -0.028912426692834493 4.982476470070299
4.5894187496861765 5.549703208698763 0.009129520123232565 -0.028577121309178284 5.021610674647603
5.343674719750706 4.382920071324966 0.009764667041806263 -0.02836637582707143 5.043917719793931
6.744709713245071 1.9370655782040562 0.009201076191644396 -0.028554162514693976 5.024115643071395
1.8234223765549529 5.8067988706634885 0.0066325866268696874 -0.029257627973522892 4.935317092793024
5.19688103868611 6.213186198816294 0.007985829461620164 -0.028917581638337592 4.981831711105528
3.755485281505664 6.9943794663619965 0.0069545500072017525 -0.029182772901102633 4.9463355019129995
6.389378442925977 4.851075073944551 0.008721096493870022 -0.02870439819861423 5.0073506930036356
6.937719657667163 2.899548248815817 0.008756888907271032 -0.028693499205668757 5.008597860944633
5.760772861759106 4.7435274155672955 0.010416049570318976 -0.028133714851555913 5.06697444991569
6.589895887101093 1.2048406067969455 0.009703772260272235 -0.02838726481929478 5.041771786688249
5.747118392653203 5.23353123150636 0.008659184925353938 -0.028723135560528953 5.005194530602862
4.802675775512081 1.845259198909043 0.009790776342887416 -0.028357374677560616 5.04483829711842
5.4450074111669995 4.052420526387473 0.008711878060634214 -0.02870719736680403 5.007029558115612
5.888985559791491 2.0937353143610045 0.00811192909727775 -0.028882461915853686 4.986195010087414
3.3740750365173606 5.1533188734901305 0.008739789190333897 -0.028698712251746118 5.008001971154123
1.3962728130992756 4.856515924872818 0.008052675517466329 -0.02889903834058148 4.984144057489158
6.477944845253246 6.851820974268864 0.009658418612115086 -0.02840272786042124 5.040174546175441
0.9260677334620911 5.208049462785437 0.007327618034226694 -0.029091339156946276 4.9591392295802725
4.35692914246285 5.769094438264396 0.0076432104976702385 -0.029010021256253904 4.970002636478467
4.001411180172876 6.616662066412986 0.007154043487925671 -0.02913450980835044 4.953177134214723
6.768184229243921 1.4733075163191218 0.008300719636542659 -0.02882877128001669 4.992737579198311
1.8140636896751814 5.56098749047693 0.007929421446308699 -0.028933099998562542 4.979881587240474
1.1799307685343623 6.871596037715449 0.008599494210852975 -0.028741062946897183 5.003117039066122
1.523559070088305 4.581903729316302 0.008279810932042768 -0.02883478335152919 4.992012382712692
5.5673014214742285 6.782873801721917 0.008734576072965657 -0.028700299315957942 5.007820326306536
6.067382961590094 6.127540754319792 0.0073769062703961715 -0.029078879859406374 4.9608338501338025
5.514968245213549 4.222825583995242 0.009070207194991464 -0.028596002193312355 5.019535821873119
6.4431268567055335 0.18543354704679682 0.010824648718063582 -0.02797904537561145 5.081537694513903
2.0985713696918533 3.0596710136967458 0.00866050875744665 -0.028722736430608242 5.005240620323379
4.5245478243844754 0.9961205445657481 0.008518260401777935 -0.02876524360626035 5.000291827018566
3.061128366776475 3.630317994697197 0.008700905188810422 -0.028710525054330367 5.006647346100662
5.924741144218867 0.057334277053422866 0.009743010135209104 -0.028373821623200717 5.04315434897329
1.2007409100784214 3.218252957025045 0.008762056912518822 -0.028691921487794803 5.008777976561853
1.7346042765211216 2.514693126537921 0.00960077946756967 -0.02842226299250453 5.038145892095159
6.307661935474974 3.9225315049041694 0.007996554028318233 -0.02891461781992263 4.9822025967600805
4.31475826251995 3.5155913914748553 0.0061298473125377334 -0.029367072920619342 4.918166404316349
4.8895502497091705 2.714999585033344 0.009622997595019127 -0.02841474823548954 5.038927711048609
6.280175591324244 4.436542876299644 0.008256265916456024 -0.028841533820460494 4.991195929255422