500

98.448682265264 94.28225140443725 -0.04101007635290814 -0.9991587329536427 4.671367400018575
63.96746435204963 98.67239967311983 -0.11673201509728343 -0.9931634491116392 4.595390220912896
54.61110305379067 82.54535212979305 -0.16900400702782956 -0.9856153639267893 4.542569928058028
12.161720303930501 93.0397089234896 -0.29378182303600947 -0.9558725021955798 4.414208125390624
80.23699297529055 80.06935914542684 -0.23607492635743796 -0.9717348553722513 4.47406436759987
81.80253419110761 55.35125034980629 -0.4028998948917268 -0.9152440519862642 4.297705896655204
49.270887222573656 8.167917776078113 0.4528901058154074 -0.8915663475336589 5.182393265463632
98.25564857320417 31.899582881409465 0.5242667956345566 -0.8515540658085511 5.2642428458845
14.649657692190337 86.43472940650275 -0.2991278113144433 -0.9542130540388927 4.408610497261391
57.57033079853302 28.31694632270361 -0.26697281329803496 -0.9637040608816239 4.442138521506317
62.633397712727984 49.82513121177824 -0.18097371513032587 -0.9834879330382899 4.530412556027839
10.944747810928648 88.89067195367424 -0.2947144844352233 -0.9555853560326678 4.41323226152715
25.860390322965344 76.32812914549787 -0.2679795446961307 -0.9634246019406264 4.441093722239991
95.07696011622103 45.79969814503874 -0.23090735648176403 -0.9729757410761091 4.479378842383442
5.79906939262528 43.00124023470085 -0.1258932253616311 -0.9920437973235081 4.586160811489918
10.731869085654669 27.86356015486528 -0.11545305336586599 -0.9933129378340436 4.596677889432998
93.00497422866349 95.02093310363877 -0.009637968053022193 -0.9999535537072755 4.702750863112933
67.64828537238652 81.54790977568393 -0.24686238446171177 -0.9690505472563741 4.462947891764716
92.02314461415861 0.8025789786455199 0.07796591410714578 -0.9969560252275108 4.790434099698242
51.52543081191436 3.8320754285558394 0.42866832620635037 -0.9034619339559614 5.155407273215726
9.132842622706178 93.76998718487779 -0.293118026543935 -0.9560762639638059 4.414902491763984
12.055337260792964 86.51121582653617 -0.2969626556708768 -0.9548890936317684 4.410878741229279
29.803200891118315 33.086912218329715 0.1469395515718718 -0.989145473721564 4.8598625041584
93.80062095816629 93.85565454070343 -0.014509445254926718 -0.9998947324585695 4.697879025983781
30.891221499535817 63.449050019344796 -0.36475610856690543 -0.9311030991588031 4.339018128913521
92.57496743953894 1.786240146772624 0.08576680356383949 -0.9963152389713016 4.798261282851991
87.47800415365711 98.88528033003122 0.06098703673943692 -0.9981385581920691 4.773413886595663
74.6562446482071 95.19039245726229 -0.09040825310409155 -0.995904788506746 4.621857111124092
10.775859499993887 27.77192699194619 -0.11558216169459533 -0.993297923031154 4.596547910954484
8.787050548898206 95.14938361134861 -0.2922462785569851 -0.9563430935964315 4.415814162024091
95.71290758309908 94.11133107571256 -0.025282831562207474 -0.9996803381222404 4.687103454492165
57.23363627929993 26.948640956113618 -0.31577164368008664 -0.9488352170148283 4.391119182644012
10.587422039986718 92.46840225135426 -0.2937397210888583 -0.9558854409680272 4.414252170660366
10.478244689549886 90.13730025684704 -0.2941794260607998 -0.9557502107154037 4.413792140566452
91.00518413972459 1.6128441251601413 0.08486846627549599 -0.9963921634738226 4.797359658031022
91.06658277450899 4.306812729225437 0.09149419868133121 -0.9958056093473571 4.8040113148763774
91.74406058461652 0.8816856755053459 0.08358723157499846 -0.9965004639826454 4.7960738541634935
8.623893341227813 90.07837183190614 -0.29403608857459984 -0.9557943181541466 4.413942110900667
12.308556702454878 90.63034432728914 -0.29424595888398736 -0.9557297294112195 4.413722526628304
14.475816886135398 85.80985925134878 -0.2990663006551528 -0.9542323342941391 4.4086749587960465
54.41710079419761 29.67459526414587 -0.2289358948975601 -0.9734415010813199 4.4814045754763585
96.93993761255373 38.76208163136752 -0.23097060447295314 -0.9729607288423303 4.479313837187081
10.450883590556913 39.12663669035903 -0.0984092563770989 -0.9951460286105283 4.613820188974879
87.0922786503148 99.4478440564057 0.06699961547396685 -0.9977530012615049 4.779438823690123
95.26878469198954 93.60934551521392 -0.027865274601386165 -0.9996116878425289 4.6845200984146835
93.23423327266156 95.99988522950116 5.864425044064038E-5 -0.999999998280426 4.712447624635164
85.91852443948983 55.07697146416137 -0.40290006065496253 -0.915243979015556 4.297705715541499
99.95561251327133 39.15279442762279 -0.22673217763341788 -0.9739571446555584 4.483667816573192
89.89519659839559 2.3665788252420645 0.08765228241296082 -0.9961511318006915 4.800153890239468
4.506234477632135 33.90828300898249 -0.1507417562298781 -0.9885731753030385 4.561070420336009
52.5210754592289 25.445125735955685 -0.34342757148860825 -0.939179164558838 4.361824967194013
78.79062901991064 84.06048453073818 -0.23600133613768914 -0.9717527305550654 4.474140097663954
13.71216677912961 89.1262635164185 -0.2966267378757689 -0.9549934965104108 4.411230509231541
89.84295675511453 0.4599708857622018 0.0822761301229395 -0.9966095717039813 4.7947582205662815
51.11049434164132 7.322734655601997 0.44128610442564214 -0.8973664658548598 5.169420348247678
31.357860098700414 34.23711722800219 0.14509405284146418 -0.9894178671471616 4.857997010992644
15.630387518513444 85.15747926551175 -0.29954671551036366 -0.954081634466859 4.408171462146202
8.368311335077445 41.91897965316436 -0.10599508486295713 -0.9943666536971634 4.6061944102683245
84.69481012990187 98.46081159261331 0.06318274364665923 -0.9980019743994901 4.775613837937575
72.02191698735076 79.57982453132003 -0.2359885432048956 -0.9717558373768748 4.474153262445426
11.906488939021623 42.66409195065739 -0.09727139179694162 -0.9952578943861163 4.614963539269816
8.571931410268554 44.21881498130453 -0.10512127091774638 -0.9944594101322777 4.607073133556274
77.53736838798879 82.30628895595353 -0.23600159184290295 -0.9717526684540753 4.474139834525797
96.5591076147605 30.97089699205349 0.5263699121357676 -0.8502556766045049 5.266714468155955
57.40137003871945 84.1804911343397 -0.16897947863603022 -0.9856195695094002 4.542594814378154
56.24404099341874 31.696640625434874 -0.21431694015972536 -0.9767641727462022 4.496396513118808
62.472999686228086 24.253198012234336 -0.4024907357432371 -0.9154240589152481 4.2981529019198295
7.902694480851667 91.36824310932707 -0.2937150917695142 -0.9558930091107612 4.414277936532287
91.58396814545306 2.3271348382628534 0.08648325947444639 -0.9962533040500672 4.798980410815985
53.58070151395517 81.92070011816773 -0.1690087883244719 -0.9856145440632935 4.5425650769783825
48.817829362698625 20.157545944534156 -0.21906980177815544 -0.9757091892305205 4.491527968099959
11.391246001036226 87.88177371328547 -0.29547873751923137 -0.9553493160483453 4.4124323879841905
0.4537874006244067 29.808618121686212 0.49270245158708664 -0.8701978477335338 5.227581572695554
84.36570764561313 0.9395554564766421 0.06315270515928581 -0.9980038756593405 4.77558373934105
11.323548007728506 40.9428403472619 -0.09747070300847753 -0.9952383945844498 4.614763276438909
9.336527182837184 40.38600405224025 -0.10122055722879376 -0.9948640102015414 4.610994777115986
34.67406118205182 79.38524499875997 -0.2679785897594947 -0.9634248675587072 4.441094713429651
92.98301309158697 94.87675665176441 -0.008140910444313214 -0.9999668622395133 4.704247980015338
97.56691599970311 31.420115743700148 0.5249042952931571 -0.851161254277234 5.264991649423521
51.69276718452368 8.433071997285374 0.44188018201622825 -0.8970740798514385 5.170082479484407
99.90841562497842 31.957178054977756 0.5099260194628058 -0.8602182599054836 5.247487766413895
34.85636277940799 85.49831572251004 0.04612598798400946 -0.998935630174687 4.75853134037585
6.898736142698662 34.296692264098255 -0.14638577072349915 -0.9892275805544886 4.565475291201034
19.326387212638252 37.29737497095693 0.04022256774137245 -0.9991907450753789 4.752622401743156
93.76228547216192 96.56262325622869 2.806975734500945E-4 -0.9999999606044353 4.712669677961825
59.62549015308367 50.08051360799534 -0.18097371513032565 -0.9834879330382899 4.53041255602784
93.18706608257135 1.5289173809861292 0.0845265813663836 -0.9964212247049499 4.797016540197926
99.18191639990494 28.07517885871172 0.5035127407119764 -0.863987800805494 5.240048691327544
51.181472107585314 3.329536579894334 0.42526367143472144 -0.905069505484447 5.151642173339269
83.63659582637239 53.95242764639817 -0.4028999278192635 -0.9152440374912214 4.2977058606784215
10.319488588189923 86.66807613552258 -0.2951981388462788 -0.9554360568984682 4.412726087815588
53.17602029543266 5.8274442073346195 0.3945542020120348 -0.9188726689126445 5.117971623355195
12.08750279228924 25.850758994711107 -0.11489652946457164 -0.9933774647720759 4.597238141685697
30.32527213321806 36.566683055813705 0.14962963973345403 -0.9887421154746251 4.862582665321806
30.1336205351522 23.688031041683033 0.07896729151924921 -0.9968772075186161 4.791438574206401
97.8802801160554 89.89501650225225 -0.04427699677185692 -0.99901929288521 4.668097503677191
98.05329776170638 29.8852960325381 0.5109210271922189 -0.8596276542624999 5.248644855674278
85.06313945936708 98.77617388371208 0.06305949082161195 -0.9980097698005361 4.775490338839688
60.542849797567776 51.87425617627072 -0.18097371513032565 -0.9834879330382899 4.53041255602784
35.75072829804392 83.7677999826856 0.04612598798400946 -0.998935630174687 4.75853134037585
92.30179523644887 97.70329460731875 0.01122477340027533 -0.9999370002465717 4.723613989510224
51.338732004712035 14.312837410226983 0.22505091517743986 -0.9743470047050983 4.939384271940352
57.95804457221 10.870361099249392 -0.2677166333612484 -0.963497692899012 4.441366604373282
11.420152829752228 29.48342720636178 -0.11600575071421029 -0.9932485418067486 4.596121453259491
10.42477381392868 88.99248668505042 -0.294427742833234 -0.9556737436228574 4.413532316710552
50.65765348409526 8.57996878028127 0.44188018201622825 -0.8970740798514385 5.170082479484407
20.551727775667928 39.57887266599808 0.04022256769517619 -0.9991907450772385 4.752622401696922
91.39404086317467 1.7441079270928057 0.08525140681947851 -0.9963594720959398 4.797743991464685
98.14807085469555 29.689289197975754 0.511507101234413 -0.8592790497776424 5.24932677054273
90.99727961900945 99.48698636341415 0.05798382257809354 -0.9983175227948431 4.770405343683363
55.79674473254543 81.20727202496418 -0.16900334657264107 -0.985615477175175 4.54257059815224
7.983214260909239 29.712501643486252 -0.11742182385037635 -0.9930821291734391 4.594695635376343
3.498338171329723 43.21345088302967 -0.17976087905949195 -0.9837103366132526 4.531645615181942
66.87318620138767 80.44488099609556 -0.24686238446171177 -0.9690505472563741 4.462947891764716
57.598539391033356 24.305814221351447 -0.35852965245744006 -0.9335183384962221 4.3456966244417305
8.924205741805325 91.54433410809804 -0.293797821204365 -0.9558675851055772 4.4141913886297415
50.29114518425004 6.937075104080199 0.44851661838861306 -0.8937744922681802 5.177493944750077
30.25370711622078 62.63848422935704 -0.36475610856690543 -0.9311030991588031 4.339018128913521
63.969230642696864 71.11683725773818 -0.1446032347442301 -0.9894897192500309 4.567276999304811
28.193633739404202 75.07792550495037 -0.26797937425096374 -0.9634246493504627 4.441093899155924
72.65851155896407 96.57846248615249 -0.09077779424462754 -0.9958711724274782 4.621486044153164
76.50850273994638 83.01215957645077 -0.23600159184290295 -0.9717526684540753 4.474139834525797
63.84773654247838 79.45588370898972 -0.20670768084124044 -0.9784027466648056 4.504180217747791
5.7634728708255825 35.537069628983545 -0.14977024424893914 -0.9887208270981315 4.562053088468903
32.45858555043395 64.53214362706588 -0.36475610856690543 -0.9311030991588031 4.339018128913521
6.762756638545198 73.13841942853375 0.30221841910550257 -0.9532387041834647 5.019408022618476
68.55356573108834 79.78771758153448 -0.24686238446171177 -0.9690505472563741 4.462947891764716
26.95162607550208 76.1202754304731 -0.26797940899612066 -0.9634246396859953 4.441093863091705
89.89239779457634 1.5928041791776502 0.0848902237171694 -0.9963903100277767 4.797381494274528
61.01874324524971 49.45367241726508 -0.18097371513032565 -0.9834879330382899 4.53041255602784
7.972097486607661 27.29880477385343 -0.11618096558155024 -0.993228062046446 4.595945045577119
55.07912774181013 23.566577227803887 -0.35497914433638394 -0.9348742199281188 4.349497221731907
32.21684169594231 31.91194622909566 0.14285811030494958 -0.9897431789712414 4.855737526763564
13.452575379527135 87.73593852580022 -0.29773622762391616 -0.9546481753820512 4.410068521996302
33.48064191435159 85.89612207194858 0.04612598798400946 -0.998935630174687 4.75853134037585
73.87310839196259 80.01609300604233 -0.2359925886267396 -0.9717548549470955 4.474149099440962
10.200277021380204 86.31969576255662 -0.29519647189224035 -0.9554365719305358 4.41272783252009
11.203885978502218 91.28758736776857 -0.2940537733692902 -0.9557888775076231 4.41392360812796
59.59932257201432 50.031779386798036 -0.18097371513032565 -0.9834879330382899 4.53041255602784
76.77267554004541 95.09077296135797 -0.09021226201817543 -0.995922561136941 4.622053906378779
96.46038517652889 38.65008317763054 -0.23097060447295314 -0.9729607288423303 4.479313837187081
11.027847140739981 89.61206993587942 -0.29450342785199696 -0.95565042300175 4.413453120287418
10.737793209320126 39.34696167824116 -0.09741829852926942 -0.9952435255311446 4.614815931505671
7.410246044928286 43.9513559688063 -0.11000255383032738 -0.9939313045431288 4.6021633609739325
51.89035217727043 22.09402115785094 -0.28346266777248497 -0.9589832720018143 4.424986018441782
55.69377122471386 28.86694322189715 -0.23805865324402428 -0.9712507799819989 4.472022431559553
55.28851718991668 81.3029136063177 -0.16900790026438245 -0.985614696343467 4.54256597800001
15.927045430491093 85.9813303624601 -0.2995271896036772 -0.9540877646674455 4.40819192773662
7.565116017807004 42.468190583782686 -0.10817234777113566 -0.9941321557910098 4.604004555260408
9.888328745984888 87.70105469909723 -0.2947232873812289 -0.9555826410495335 4.413223049416002
62.939379503292315 72.40410971901287 -0.1446032347442301 -0.9894897192500309 4.567276999304811
92.0007847790265 6.206847042526403 0.09647608957164397 -0.9953353023684853 4.809015361014199
61.179641324558936 22.949396087535348 -0.40215579079521047 -0.9155712533330647 4.298518762981351
34.39331029960408 84.1691894978711 0.04612598798400946 -0.998935630174687 4.75853134037585
75.35100429359751 81.8855534815548 -0.23599867448606554 -0.9717533769639394 4.474142836684544
89.13591871418477 25.074060427719523 0.40983318471410113 -0.912160490652329 5.134660155741217
10.243413518154336 95.8616541535857 -0.29195824271200327 -0.9564310662627594 4.41611533280405
29.645435931189454 76.3456174312522 -0.2679792193814439 -0.9634246924278576 4.4410940599048905
54.48496372307285 26.126468051356106 -0.3423867113698885 -0.9395591199479214 4.362933008714016
35.196817698786816 32.923058949025844 0.13619650204803968 -0.9906818423842633 4.849010099003721
61.236706343917426 86.0593593591269 -0.1689060908521469 -0.9856321486604657 4.54266927243257
6.8817200091499 41.959980769578415 -0.10939089744986431 -0.9939988086286187 4.602778731058734
73.84298579293588 79.9037679752563 -0.2359925886267396 -0.9717548549470955 4.474149099440962
67.70297725782169 99.46555638599195 -0.10106784191431388 -0.9948795360900652 4.611148279625859
97.76656712916031 33.845784014944684 0.5302891398403177 -0.8478168600396055 5.271330549814024
11.354388184230778 25.23584057278128 -0.11479241736986921 -0.9933895011093996 4.597342947227962
51.38466223877754 25.42095754055722 -0.3164685355471355 -0.9486030075899251 4.390384621880266
92.52819116004085 2.3966464264930494 0.08774562661219194 -0.9961429139488138 4.80024759548279
6.772617491081934 39.95988876834362 -0.11162422446710006 -0.993750488056292 4.600531640762981
80.98154124172805 80.31005624055 -0.2361054732857064 -0.9717274337408266 4.474032932023849
15.369109063740234 86.04001923732972 -0.29925157724804535 -0.9541742469353054 4.408480789907579
94.85410236410267 96.76540251529347 -0.0018350435537118042 -0.9999983163061605 4.7105539358010935
60.073870176801 85.31545826202961 -0.16891528285567226 -0.9856305733984657 4.542659946427038
31.308609016734934 64.11217721886855 -0.36475610856690543 -0.9311030991588031 4.339018128913521
95.30926701504123 97.57266151591328 0.003935717728385843 -0.9999922550329889 4.716324708273775
33.778211954760295 76.52695825064042 -0.26797871690720926 -0.9634248321923022 4.4410945814549425
11.008887843859208 42.88386496638452 -0.09763752917333365 -0.9952220420071726 4.614595650736435
7.795423466437736 90.41625865288148 -0.2938953642186238 -0.9558375985965412 4.41408934045306
88.0628188815265 53.38667753606186 -0.402900451164278 -0.9152438071091338 4.297705288869091
12.49927134817173 40.99950368098865 -0.09650849590437179 -0.9953321607474943 4.6157300414968825
7.690329263664226 30.609969313100375 -0.11937048316163267 -0.9928497810594301 4.592733172639512
85.99464949433755 57.09042506107194 -0.40289998044726577 -0.9152440143238266 4.2977058031768145
30.803829282892057 77.40487468555908 -0.2679791005850908 -0.9634247254713809 4.441094183211208
52.25380855866467 5.627831396291776 0.43495309655834974 -0.9004531102696591 5.162375167789419
8.076173838934922 95.52288110146117 -0.29215850819499767 -0.9563699106984042 4.415905937801982
0.3663236299771741 44.94703639645889 -0.21219957743425127 -0.9772263501035597 4.49856373130331
91.69686996658108 3.5996989846411376 0.08938033336793014 -0.9959975682736568 4.801888751217957
7.0486939810778795 34.22401791780632 -0.14561106389818954 -0.9893419116111666 4.566258389079362
12.588400776035837 41.06232726995785 -0.09612519674807589 -0.9953692513585819 4.616115131042937
53.19801743745072 8.721151104124177 0.3182663172643202 -0.9480013456187745 5.0362891282515125
95.38775813099514 39.47381469895829 -0.2314097488544363 -0.9728563759030039 4.478862464472805
12.793088118172847 90.7981208372242 -0.2945734279665182 -0.955628848212555 4.413379870798927
98.09491585157673 44.14074144472697 -0.22397214806119944 -0.9745955452867883 4.486500716848991
29.976603577919466 77.71287212607037 -0.26797916096997243 -0.9634247086751666 4.441094120533886
5.2194957907510116 37.894674144660115 -0.14174632220865552 -0.9899030155223895 4.570163652874418
60.21937142459024 49.816328411296254 -0.18097371513032565 -0.9834879330382899 4.53041255602784
57.83075901567314 23.435926718143644 -0.37660938826537116 -0.9263721545201923 4.326255516026162
55.58526510196365 80.33337019110851 -0.16900916814910127 -0.9856144789325839 4.542564691610041
92.35700438688448 98.35950613923681 0.02023623453027306 -0.9997952264399125 4.732626596310042
81.96893458133806 55.4503838499669 -0.4028998948917268 -0.9152440519862642 4.297705896655204
33.15498159025945 84.98661158779521 0.04612598798400946 -0.998935630174687 4.75853134037585
64.1277057545512 97.17196316467545 -0.11728719715113087 -0.9930980381535509 4.5948311988073485
0.2127863838919013 38.43247788183707 -0.2275756870867885 -0.9737603948851977 4.482801664902313
33.89603529064651 33.6994025248309 0.14022817287281542 -0.9901192148083744 4.8530808412347515
85.31860762602822 0.332015394923027 0.06350787867183567 -0.9979813371734981 4.77593962725697
85.33986536106865 98.7863031508761 0.06303523355133342 -0.9980113022061067 4.775466033214244
33.85321404870616 85.33675392019889 0.04612598798400946 -0.998935630174687 4.75853134037585
55.76997692002086 27.714182566310427 -0.2884461665499014 -0.9574961143538215 4.419785349360218
93.44281774974829 96.60465194745728 0.0013283555297798045 -0.9999991177354041 4.713717336305123
97.60487113422019 94.73171171195222 -0.036011026476362534 -0.9993513926403058 4.67637016621556
1.6695970436932979 40.516671464321334 -0.21163073495898102 -0.9773496979181615 4.499145793546205
54.95537831469729 8.855671614828978 -0.05204696650542412 -0.9986446381359003 4.660318486965931
29.302606426440022 65.19464933237727 -0.36475610856690543 -0.9311030991588031 4.339018128913521
32.84729345374953 34.0960663573954 0.14104123879362437 -0.9900037216897519 4.853902068907162
77.25587835268573 83.56185506955424 -0.23600209750677978 -0.971752545647502 4.474139314163028
61.230578830739574 98.1509567487178 -0.1176376801221984 -0.9930565825850345 4.594478272641611
95.16768411364146 93.52352248698614 -0.026171852108357995 -0.9996574584112391 4.686214139550889
4.688138615400912 35.759337637411875 -0.15019184035319313 -0.9886568722723375 4.5616266690772
53.21984631587593 24.603585766329157 -0.3469872744206243 -0.9378698371256783 4.358032100133668
64.90234787836626 70.141512606756 -0.1446032347442301 -0.9894897192500309 4.567276999304811
26.7485746524819 22.700942391239476 0.07896729151924921 -0.9968772075186161 4.791438574206401
7.706541339442301 73.85905036798579 0.30221841910550257 -0.9532387041834647 5.019408022618476
50.70999300376687 20.44329366373369 -0.236830322894311 -0.9715510270478728 4.473286925118906
8.301675093897408 89.17058695389282 -0.2940894723861783 -0.9557778937763832 4.413886257597055
86.16147122241053 0.5532150401225483 0.06501423138081737 -0.9978843368436853 4.777449100006136
90.44593246712456 24.724587491695416 0.40983318471410113 -0.912160490652329 5.134660155741217
99.05730979083042 29.38932987981815 0.5092479417111418 -0.8606198544438569 5.246699687964313
96.99492731568581 43.92548031612638 -0.22929667190958225 -0.9733565822714662 4.4810339391880065
88.47909247803092 0.3353278140785403 0.07845377259751508 -0.9969177526582709 4.790923457135051
11.856827394723183 87.25481800177826 -0.2962617202477783 -0.9551067967069584 4.411612706569391
76.26369544781382 80.81037723585587 -0.23600031556299653 -0.9717529784128094 4.474141147904956
7.399184509812516 74.62243384788675 0.30221841910550257 -0.9532387041834647 5.019408022618476
71.40934720700541 97.7349514988358 -0.09208422221145572 -0.9957512219524067 4.620174120986266
9.948586215500066 29.641174493078847 -0.11673840388582174 -0.9931626981810134 4.595383788143991
9.645430214010148 89.71385277391136 -0.29413372521537684 -0.9557642762161208 4.413839956940041
16.376576669545457 87.22699370076268 -0.2993969295479024 -0.9541286488609848 4.408328453190074
27.023981182227807 74.47733915008614 -0.26797951652388946 -0.9634246097768224 4.441093751481761
90.37061960105123 3.2034423032655255 0.0894482407804575 -0.9959914719621255 4.801956931726112
15.102952234523418 89.49264943297794 -0.29758713514005103 -0.9546946616584472 4.410224693513192
73.79903182263908 97.68211558575332 -0.09077779424462754 -0.9958711724274782 4.621486044153164
60.75752997919876 85.08568182571615 -0.16891528285567226 -0.9856305733984657 4.542659946427038
53.38937452980349 4.304161445642913 0.36449747408480265 -0.9312043768076902 5.085482074843359
82.61590520606265 98.9587073744114 0.06290831639865797 -0.9980193102980955 4.7753388636691385
10.388688757552881 27.77611633838835 -0.11567098702329441 -0.9932875831102778 4.596458485829449
55.88070053084885 4.366899635518575 0.2594758112818687 -0.9657496069683984 4.974868364567014
85.00689301468566 0.23361340754781446 0.0633835356727496 -0.9979892421292031 4.775815033237184
59.613247380821555 21.37657438064387 -0.3959238252177732 -0.9182833574801006 4.305315312229256
13.31836288053776 39.90018038083941 -0.09475892412374537 -0.9955002492711442 4.617487669433233
28.98827614839504 34.43176989770383 0.14983667214010005 -0.9887107623981749 4.862792058332589
12.281298634054677 28.381150602258607 -0.11531808408617805 -0.9933286160595058 4.596813766264141
55.12642654924661 24.871032042554795 -0.3525681087667058 -0.9357861554226309 4.352074957665583
53.55932843927788 35.020813361681306 -0.180038141335672 -0.9836596299861028 4.531363754343308
69.13027887429854 98.91550754237137 -0.0945126001384456 -0.9955236654219076 4.617735103913779
12.671386537863308 89.831638072108 -0.2952301483089162 -0.9554261664458931 4.4126925851776235
91.52986993356582 96.4317603737996 -4.2160657175630977E-4 -0.9999999111239454 4.711967373800443
18.722485721220803 36.414857317929446 0.04022256778752435 -0.999190745073521 4.7526224017893455
98.22346889202585 39.53473185088624 -0.22931707449478528 -0.9733517757445933 4.481012978076787
19.461305445574837 38.57995563826164 0.04022256774137245 -0.9991907450753789 4.752622401743156
8.26665032738613 86.68939684680653 -0.29466578951271705 -0.955600372797566 4.413283219340157
52.55277691707507 8.139546806391094 0.4403132732779677 -0.8978442077416559 5.168336541130492
62.822852037096084 70.12943036757439 -0.1446032347442301 -0.9894897192500309 4.567276999304811
11.083107423853978 90.56228615169927 -0.29414474403371355 -0.9557608851367276 4.413828428116294
95.3922505777433 21.505575680244558 0.4311949258127584 -0.9022587965508176 5.158205710332665
5.395933877413114 73.8443815569334 0.30221841910550257 -0.9532387041834647 5.019408022618476
78.17925515001511 81.2901803341977 -0.2360121829949329 -0.9717500962068212 4.474128935491103
9.856886167251707 89.96459495849268 -0.29410201842828926 -0.9557740333135266 4.413873131045866
93.21061089149161 95.94094861536233 -0.003079187603862182 -0.999995259290613 4.7093097879149735
96.47408652744939 33.603471038857506 0.5381203886770802 -0.8428679892426976 5.280594479556186
10.157555320991829 91.43700520986985 -0.29387078531836325 -0.9558451556273999 4.414115054866401
8.085908287917295 41.174671548960845 -0.10487567316473055 -0.9944853408563872 4.607320096426053
6.95013661988879 88.28538227086351 -0.294097554852716 -0.955775406792649 4.413877801158477
98.43887270773143 38.909506418085186 -0.23006809257657834 -0.9731745335643421 4.480241328558426
28.137852058330274 78.13801788987217 -0.26797923011130964 -0.9634246894433159 4.4410940487676775
31.12671290825672 34.793823088272184 0.14629330688624675 -0.989241258925388 4.859209199471328
69.60063247533527 99.83726590936973 -0.09676948369582997 -0.9953068205459272 4.6154678264067375
89.70921097015925 0.940700953950415 0.08350347676256514 -0.9965074858567615 4.795989805514926
93.14126532548714 0.4480236729920388 0.06661988876060225 -0.9977784275186175 4.779058246663567
4.2666820774651075 73.9734935334575 0.30221841910550257 -0.9532387041834647 5.019408022618476
7.748783208812414 91.0434848489282 -0.29374791814795215 -0.9558829220065311 4.414243595291872
28.681930573628744 25.000020742291877 0.07896729151924921 -0.9968772075186161 4.791438574206401
54.1961470464674 30.60010746441745 -0.22162330336637612 -0.9751323558394395 4.488910123368912
96.73420977940378 29.240603520458585 0.5202895099709341 -0.8539899447968958 5.2595789047263946
5.87707599310997 91.49596725639627 -0.2934884436579726 -0.9559626213609091 4.414515034048299
92.637295155367 95.65283151694592 -0.001494525410703847 -0.9999988831962747 4.7108944544176214
11.274318966604534 97.35797997172483 -0.2915170288526599 -0.9565656390906572 4.4165766131087
10.558884216609586 93.32608377101698 -0.29330228279033593 -0.9560197544559306 4.41470976478369
34.70227913405949 75.83273403710763 -0.26797862114286347 -0.9634248588293587 4.441094680854855
9.292223882567754 41.57384077807446 -0.10211289532249526 -0.9947728165811816 4.6100977912722785
63.54140416083784 0.7421865771212329 -0.11669226426659862 -0.9931681204410129 4.595430245278706
64.5765591060699 72.08986179632672 -0.1446032347442301 -0.9894897192500309 4.567276999304811
2.6775544376314726 43.69968635496381 -0.2032984321733492 -0.979116820137341 4.50766344752358
7.4852875675344706 41.470581285808464 -0.10810125796854418 -0.9941398885597631 4.6040760643909255
91.42241139425852 96.90734405407512 0.0046584272509768545 -0.9999891494689067 4.717047424484543
54.41851606611268 33.54695351609575 -0.19845471061876035 -0.9801100590409345 4.5126079608290075
90.67543581296142 3.2599525029240595 0.08835151099272029 -0.9960893586949432 4.80085584219194
77.56742656589307 82.42270818240108 -0.23600159184290295 -0.9717526684540753 4.474139834525797
55.07775122103297 83.05540129129749 -0.1690001385308043 -0.9856160272522809 4.542573853012797
56.40094575775254 83.25877449888318 -0.1689938520199063 -0.9856171051577148 4.542580231264862
56.43098090842089 22.76807846198747 -0.36488492670331596 -0.9310526248632328 4.338879775139405
59.61101241013309 84.38514728266809 -0.16893905973354556 -0.9856264982722134 4.54263582285816
51.28832647078984 6.143105688500543 0.44262876408459206 -0.8967049554925781 5.170917121890363
52.47506503660219 13.84502530228513 0.22505091517743986 -0.9743470047050983 4.939384271940352
6.842857789419741 32.097049290040026 -0.13183090173419953 -0.9912722195986065 4.580173204288267
1.9819286730140344 41.608643223809594 -0.2042177315710257 -0.9789254916039241 4.506724449091711
55.43631740842931 11.236681848944544 -0.2677082205524594 -0.9635000304352023 4.4413753358924595
84.10423897084297 52.64962682846043 -0.40289990648389556 -0.9152440468832715 4.297705883989545
89.26635259981079 1.0799107266320809 0.08196717594097143 -0.9966350295209685 4.7944482192956865
13.879459911126762 86.89517453109924 -0.2985536402004665 -0.9543928561777117 4.409212162690155
50.15966999204159 33.8454394337473 -0.17223519363014764 -0.9850558553072946 4.539290655823066
92.82045808198285 22.117556274194147 0.4311949258127584 -0.9022587965508176 5.158205710332665
53.800903938369956 23.809420029585972 -0.33841611594761883 -0.9409965634724325 4.3671557919658
10.818168946119238 86.8349331949814 -0.29528184283118963 -0.9554101911190903 4.412638478480254
36.36166835161891 85.39745551442267 0.04612598798400946 -0.998935630174687 4.75853134037585
93.09015176992075 98.12354718179256 0.008348039338258955 -0.9999651545124995 4.720737116688134
61.043004341807446 50.38110032840606 -0.18097371513032565 -0.9834879330382899 4.53041255602784
29.303537137139266 76.51104605015857 -0.2679792193814439 -0.9634246924278576 4.4410940599048905
93.5136522291816 95.20358807962928 -0.011279253407606054 -0.9999363871979892 4.701109487802693
17.12625705308463 87.26546471773516 -0.2996691732787107 -0.9540431785755056 4.408043108102125
50.824320940691116 22.950459238361866 -0.236830322894311 -0.9715510270478728 4.473286925118906
50.30526094060718 9.084675281927995 0.45257329955140746 -0.8917272052220634 5.182037960796963
33.4787506026019 77.50161489026699 -0.26797874304876224 -0.9634248249209719 4.441094554320959
53.710493550287495 26.64158637931751 -0.3352342667335644 -0.9421348026729558 4.370535106062797
32.01534650408637 33.17087530071997 0.1426753963565224 -0.9897695344243069 4.855552921788136
96.96565197279149 93.3873213704702 -0.036571814766482046 -0.9993310274201868 4.67580900825492
58.44944751222962 84.18545811804094 -0.16895775434555307 -0.9856232937824205 4.542616855589697
10.147470785931068 89.25282718367492 -0.2943642497769467 -0.9556933025051789 4.413598754034972
96.53466134577779 91.44147036945175 -0.03801921752610965 -0.999277008190773 4.674360597680364
0.6223408759414829 41.5541480378382 -0.21913717263767615 -0.9756940604351168 4.491458919470974
73.9052833793141 81.76980992633389 -0.23599418148269682 -0.9717544681174931 4.474147460286533
95.75653109233659 32.02768798445449 0.5381203886770802 -0.8428679892426976 5.280594479556186
60.57302934097044 23.54658189261765 -0.3916520485974913 -0.9201134021572495 4.309962588623421
35.34829271716203 86.52492362975077 0.04612598798400946 -0.998935630174687 4.75853134037585
58.309673793186676 24.032567281286617 -0.3739914503984984 -0.9274321511727031 4.3290799092142835
97.92230174915039 41.028843793263434 -0.22783341698534182 -0.9737001253490642 4.4825369818503376
61.49247639532268 0.03292572603378474 -0.11732275957536593 -0.9930938375025902 4.594795389151024
2.155511915311088 42.83716911373615 -0.2055699834798263 -0.9786424177870607 4.505342886094867
9.46292471363347 39.71625769613129 -0.09986538214683452 -0.9950009575114321 4.612356854336734
54.299152644474695 2.928796964746383 0.2910547595973142 -0.9567063953563547 5.007718123907834
32.07181468350707 83.49945210540822 0.04612598798400946 -0.998935630174687 4.75853134037585
97.08218759025624 40.505353906061465 -0.22949950696843832 -0.9733087774705639 4.4808255468650975
13.28563000530222 87.77179218067718 -0.2974643418844132 -0.9547329287854656 4.410353311383892
7.926936718594319 30.357673496707125 -0.11937048316163267 -0.9928497810594301 4.592733172639512
90.17275306289477 53.836306534007505 -0.4029006421674613 -0.9152437230273952 4.297705080178039
94.811892718942 41.6500615685359 -0.2308465413755062 -0.9729901717566147 4.47944134615685
75.35039875429074 81.12529154539627 -0.23599877514569098 -0.9717533525178771 4.474142733098975
30.151094412881275 75.44745310600292 -0.2679791846596327 -0.9634247020858239 4.441094095944875
85.23513113513538 98.16545217859058 0.06282830012329021 -0.9980243507568429 4.775258688794324
32.72621663478341 87.14578103445288 0.04612598798400946 -0.998935630174687 4.75853134037585
74.21273154443708 95.32301826867707 -0.09045136412363644 -0.995900873946887 4.621813822744757
9.432891038003397 97.91418374867109 -0.29157910738162707 -0.9565467182205654 4.416511715165086
8.088741560491142 28.5010500465644 -0.11711085287321946 -0.9931188489497655 4.595008766804674
62.139260406115326 50.63545335671844 -0.18097371513032565 -0.9834879330382899 4.53041255602784
98.63690649403632 37.893775686368535 -0.23051155377205146 -0.9730695882502929 4.479785618832366
7.6450824610157495 93.42769927960182 -0.2930782708785459 -0.9560884515246703 4.414944073605821
36.32322226612818 32.104484359710696 0.1319325815910735 -0.9912586917221532 4.844707332290856
5.771734617699399 41.94877837294757 -0.12285991760426439 -0.9924240226064025 4.589217858184836
72.66903058954412 97.81156734479926 -0.09133747517242895 -0.9958199966003525 4.620924028393117
10.406854152152844 84.67601788409468 -0.2956422182307814 -0.9552987379870147 4.412261262055681
6.608266106399903 90.44167699990255 -0.2937615864810595 -0.9558787215479435 4.414229296089717
64.93015943538741 0.8539885484633396 -0.11566163402027257 -0.9932886722477814 4.596467902032825
14.640863896461223 86.81535522667596 -0.29888928833127715 -0.954287793760783 4.4088604557376465
1.8731175006286926 37.162323509775085 -0.2273646718807017 -0.9738096867358533 4.483018360781196
15.375730042241301 40.54341454792527 -0.09247828125445062 -0.9957147018580286 4.619778373277867
12.912291579495596 43.33993686504919 -0.09610983408875566 -0.9953707348477911 4.6161305651623366
60.07902997040414 11.807592947028459 -0.26772083975622935 -0.9634965241038597 4.441362238615518
92.34710369825608 0.9880949545011318 0.07796591410714578 -0.9969560252275108 4.790434099698242
97.97753190652793 39.04542681337903 -0.23022888178272344 -0.9731365073786291 4.480076103984967
9.230073090612605 88.49554188665469 -0.2944605567350788 -0.9556636335695041 4.413497980645937
10.330749038537096 92.64389911074744 -0.2936724515728211 -0.955906110027135 4.414322543935082
61.1597345743462 0.8573768979264238 -0.1172333565451576 -0.9931043953750058 4.594885413428226
99.92700505875086 43.102860086839534 -0.2167173478343435 -0.9762343935488281 4.493938337770076
97.25292374352378 32.24228302143926 0.5289200857040879 -0.8486716343432131 5.26971656440408
8.974624139644042 89.69806974228135 -0.2940382644041356 -0.9557936487894255 4.413939834437775
95.7763741354904 43.544299737489965 -0.229880573201696 -0.9732188459254474 4.480434012500201
8.822357537999814 88.0973541950551 -0.29446238754422605 -0.9556630694558381 4.413496064898991
15.734119282983393 86.23056270983305 -0.29921627800582606 -0.9541853168941242 4.408517784238087
55.51682824508804 81.94651126347193 -0.1690037705818743 -0.9856154044702777 4.542570167954807
7.248809956411854 71.78086175884796 0.30221841910550257 -0.9532387041834647 5.019408022618476
91.69704388585205 7.169823177179495 0.10229427416563211 -0.9947541814302298 4.814862503129985
55.06175501604187 7.304944195102679 0.13152989879534221 -0.9913122039614397 4.844301109450532
72.87642795090572 79.05704335546461 -0.2359885432048956 -0.9717558373768748 4.474153262445426
98.52882950131931 38.83234456809383 -0.23003988693224184 -0.9731812012262677 4.480270311589463
64.41961446016201 98.96307670998289 -0.11672981275490885 -0.9931637079626923 4.59539243841505
10.460674583335555 41.894547596602315 -0.09880059140106807 -0.9951072520782869 4.613426937500082
49.15972355265951 22.35384512497975 -0.22007239302887843 -0.9754835425708334 4.490500298053689
10.460689866677944 91.45908191564077 -0.29389894444695613 -0.9558364977614974 4.414085594805893
71.09189505487373 99.9067211339777 -0.09384982422739058 -0.9955863651599934 4.618400838982556
10.013978141106257 42.02660772135443 -0.10118003150561686 -0.9948681325806563 4.611035511968984
8.590714866692908 33.54601162625734 -0.13688444724979926 -0.9905870219728891 4.57507341268155
96.5811673660908 27.409525130475032 0.536795709827759 -0.8437122530285502 5.279023633955452
10.223428612083614 30.231078608650915 -0.11687740724901445 -0.993146349575302 4.595243826678153
93.78015744473805 20.2377881527277 0.4311949258127584 -0.9022587965508176 5.158205710332665
88.90928370854535 96.70763635895881 0.010347315139081619 -0.9999464651017136 4.722736480175213
11.45677857347358 90.3377448648112 -0.29424260446040307 -0.955730762150282 4.413726036429945
55.36889668556805 23.73134417996827 -0.3583469141623366 -0.9335885009522831 4.345892369313592
96.03435956953581 43.748869944551885 -0.229880573201696 -0.9732188459254474 4.480434012500201
62.859433652013486 0.9502664993177224 -0.11669226426659862 -0.9931681204410129 4.595430245278706
11.660576629077104 88.67277145677825 -0.29499919354320203 -0.9554975017282151 4.412934305732386
75.072628571789 80.81162022089492 -0.23599674155082384 -0.9717538463918698 4.474144825805262
98.9324227967668 41.71452994424172 -0.22529814376279628 -0.9742898677585836 4.485139943672581
0.8138122432188457 43.176536325363124 -0.20982773427288975 -0.9777383708998566 4.5009902119166245
7.519259506981644 42.70068166809749 -0.10814052258751468 -0.9941356182003033 4.604036568235758
28.08241596165048 24.08553768131574 0.07896729151924921 -0.9968772075186161 4.791438574206401
77.04520736150047 81.00116339814711 -0.2360011287561421 -0.9717527809200377 4.4741403110737386
8.437538214063958 40.01177843056799 -0.10246379946909437 -0.9947367339142338 4.609745036853107
97.02881282560726 41.791514536565764 -0.22858884604256577 -0.9735230554357345 4.481761077961375
54.619595150199316 84.44749230940867 -0.16899601893340704 -0.9856167336163989 4.5425780327296525
34.06253835711969 34.23884086133438 0.13876984194704545 -0.9903246593748901 4.8516081101150315
62.85619188052675 96.34554071371072 -0.11743648029765265 -0.9930803960885035 4.594680876818481
90.74103558472437 4.179934318809113 0.09120157513478151 -0.9958324521187963 4.803717462745205
9.793382164365356 91.28862547563368 -0.2938810928593705 -0.9558419865541491 4.414104271155217
97.95320318968636 88.6127626153709 -0.04661246063635652 -0.9989130485249575 4.6657596239078405
56.35164725338663 32.32569645265838 -0.20718474849948823 -0.9783018348082578 4.503692594165456
91.53288598541074 19.955509142060873 0.4311949258127584 -0.9022587965508176 5.158205710332665
98.76195975964261 41.98233246786005 -0.22549870987166326 -0.9742434664118694 4.48493408000616
8.664246812731122 29.062370759593428 -0.11684326953412436 -0.993150366442351 4.595278199906091
9.527722743959046 89.12375991913169 -0.29424133506709926 -0.9557311529598327 4.4137273646209945
52.97508263090227 81.34636077116731 -0.16901116535144053 -0.9856141364583546 4.542562665257213
98.09423636120577 27.688848879188956 0.5164113023517091 -0.8563406838422496 5.255043874004826
10.03723566593918 43.840848854648556 -0.10204913404291922 -0.9947793595773338 4.610161887384276
54.67079587947231 31.020616319566937 -0.2173299476181082 -0.9760981988859063 4.4933107810043555
63.026295893335146 69.80689219986093 -0.1446032347442301 -0.9894897192500309 4.567276999304811
93.94890239099195 19.647571053419664 0.4311949258127584 -0.9022587965508176 5.158205710332665
28.097255574781343 35.85817489730974 0.15233468478536186 -0.9883289653811348 4.865319080203557
9.17236165802414 30.909403630708116 -0.1202876040920815 -0.9927390857127499 4.591809395436108
26.07737420788687 74.73573824198722 -0.26797951652388946 -0.9634246097768224 4.441093751481761
97.26410404002219 37.61667217499885 -0.23125476455187546 -0.9728932284028174 4.479021769968115
97.16396039554608 45.3992485169277 -0.22985546772980908 -0.9732247756580752 4.480459808748916
84.0487754520554 55.224339423794085 -0.4028999336649908 -0.9152440349178715 4.297705854291351
98.52027263691893 92.20085634978955 -0.041691174031627753 -0.9991305450279581 4.670685719283108
91.50725761659601 2.732459709316913 0.08751421093233883 -0.9961632711984969 4.8000152861314085
5.078732085286865 35.490009970824175 -0.14977024424893914 -0.9887208270981315 4.562053088468903
12.964859440414738 85.86860449366267 -0.29794536944763494 -0.9545829229693523 4.409849437126939
30.80143351703364 85.46783176949826 0.04612598798400946 -0.998935630174687 4.75853134037585
0.191940855330871 44.52251109793244 -0.2101308271286458 -0.9776732764529422 4.500680207776331
96.76110676319047 41.3095144436188 -0.2295995437048849 -0.9732851840701721 4.4807227655575055
52.76889171881983 34.11031160434582 -0.17801620731890164 -0.984027555473826 4.533418891277735
10.753784135725866 29.872990274201317 -0.11619772269343569 -0.9932261017718269 4.595928174196757
10.405395643684928 91.76150056133727 -0.2938762817496706 -0.9558434657541935 4.414109304524796
76.5980953105523 83.55610245098288 -0.23600065114902682 -0.971752896912191 4.47414080256406
54.63721558016851 82.5801360764574 -0.16900400702782956 -0.9856153639267893 4.542569928058028
9.03261539168865 96.97483022155942 -0.29164472821164356 -0.9565267129078814 4.4164431126442185
77.36650127597474 82.91808526120865 -0.23600159184290295 -0.9717526684540753 4.474139834525797
14.434855737323543 87.41662538911629 -0.29875723655803077 -0.954329143222719 4.408998830044693
72.98472104102834 80.10221976750832 -0.23599104719755853 -0.9717552292849263 4.474150685673205
53.87607292703608 29.77718665419441 -0.22535633582286937 -0.9742764093954498 4.4850802155938005
99.15863898035381 41.775635259456934 -0.22529814376279628 -0.9742898677585836 4.485139943672581
91.38106821506615 99.68130106758922 0.06226980888654962 -0.9980593523940511 4.7746991018178
90.59351279436243 96.21443090480696 -0.00221632581523557 -0.9999975439469243 4.710172652754981
66.43298023858426 1.570274425698233 -0.1108661757614923 -0.993835344044486 4.601294424091992
9.462308671363166 89.27081391646415 -0.29419816206525384 -0.9557444435817698 4.413772537054183
57.21120736454393 86.12744075408678 -0.16897122105738852 -0.9856209851937889 4.54260319243087
52.275093375014116 7.011767087521429 0.43663875998832424 -0.8996369230283173 5.164248032930685
32.88372493135432 83.69900377824882 0.04612598798400946 -0.998935630174687 4.75853134037585
7.664905982654001 27.634708658392043 -0.11653539540994834 -0.9931865391841791 4.595588191751722
77.58006538696726 85.04077595482832 -0.23600133613768914 -0.9717527305550654 4.474140097663954
51.53021342958215 5.4433292047899675 0.4336635880605555 -0.9010748539330375 5.160943596031232
84.69738065066457 55.19538484106659 -0.40289996687230833 -0.9152440202996646 4.297705818008877
73.03462141892089 97.73240873686689 -0.09085022284597244 -0.9958645676038671 4.621413315025642
66.3262307189803 95.70823099038897 -0.11764061323068303 -0.9930562351240281 4.594475319024417
55.38677439249583 29.095635432866978 -0.23514422525238401 -0.9719604895933045 4.475022029032084
10.34065981215412 90.80164516433258 -0.2939990936820124 -0.955805698305966 4.413980816584141
56.71730216049742 83.55563916722792 -0.16899250102361738 -0.9856173367985076 4.542581601975783
59.59077322214606 51.999135576531245 -0.18097371513032565 -0.9834879330382899 4.53041255602784
93.00447894844635 98.6678913969847 0.006911016294893182 -0.9999761186417262 4.719300051694927
56.291376683458076 25.642905020688616 -0.3489881287163818 -0.9371271450635917 4.355897852926583
60.23612558999942 99.257996542476 -0.11757553538654014 -0.993063942291013 4.594540851659208
64.41208942626227 0.3478574413935662 -0.11566163402027257 -0.9932886722477814 4.596467902032825
10.231533578025118 40.90421474224346 -0.09887759705257344 -0.9950996034574172 4.613349552929474
51.05321413264175 7.643016362517103 0.43948793505974093 -0.8982484928664923 5.1674175037558
98.92832679256514 41.51638208676177 -0.22623060571406012 -0.9740737718665099 4.484182769291878
11.619173638263018 92.98568017416413 -0.2936886148359925 -0.9559011442171811 4.414305635051475
9.945962364346071 90.8080171084111 -0.29397744574207113 -0.9558123567913148 4.414003465397153
92.52423940634232 98.11259039555965 0.00397883787030248 -0.9999920843932725 4.716367828753331
8.276229658547177 92.91284858948892 -0.2933198275756733 -0.9560143716236578 4.414691412825325
57.33700607583636 85.1027769579382 -0.16897459359683634 -0.9856204070121438 4.542599770689158
53.415711551886446 79.54160984310995 -0.16901418728045045 -0.9856136182591679 4.542559599219813
54.182467042587156 23.238629582232072 -0.34365182875351796 -0.9390971305431418 4.36158617669825
62.426001456318865 72.98298811332823 -0.1446032347442301 -0.9894897192500309 4.567276999304811
55.460369884184274 32.245166198441716 -0.2116895197013649 -0.9773369670940547 4.499085646062295
57.670351939577095 81.47993038007677 -0.16899884701316406 -0.9856162487034298 4.542575163378558
97.7049197587115 42.70635811751541 -0.22744058983743987 -0.9737919583229251 4.48294040032466
10.247528161095703 86.37295046861009 -0.2952579592485892 -0.9554175723213167 4.412663476633469
35.97229299935308 86.19015837926597 0.04612598798400946 -0.998935630174687 4.75853134037585
51.3759279614379 33.912554070061496 -0.1735634732215604 -0.9848226849353485 4.53794206568112
13.750225465317667 86.48617743498431 -0.29861825133294884 -0.9543726420905263 4.40914446329752
55.306163257740046 2.4073080755148877 0.2594758112818687 -0.9657496069683984 4.974868364567014
3.423719048690348 42.17135734490295 -0.1833600107134786 -0.9830458313177229 4.527985651943955
57.06150139867763 83.54630422605672 -0.16898669506321162 -0.9856183322623484 4.54258749265694
3.6066156929834 34.23307678534222 -0.15214023285704573 -0.988358917370711 4.559655625767111
31.419895718127442 76.36875581659967 -0.2679790268127149 -0.9634247459913567 4.441094259784263
33.4031258981109 86.0642896357646 0.04612598798400946 -0.998935630174687 4.75853134037585
11.90960234617803 26.918897298121166 -0.11499503145814044 -0.9933660668353541 4.597138982441516
52.765901979582594 4.514912788015345 0.41282480600731497 -0.9108104520398428 5.137942291004672
13.876989273506105 83.79544799448432 -0.29936710689539187 -0.9541380064273108 4.40835970946385
27.722478884183943 34.240004024528226 0.15150507347752126 -0.9884564799274528 4.864479726331235
11.079627116668089 95.6186017124498 -0.2922541686697593 -0.9563406824427935 4.415805911718554
49.65753373248893 5.413754202422678 0.4423953938109371 -0.8968201132528563 5.170656885469468
92.77906530695036 4.103594632787385 0.09130667430898391 -0.9958228212019612 4.8038230022685475
72.71740763816732 95.33905881414749 -0.09060736305289771 -0.9958866932340247 4.621657180609308