500

48.866214363006215 12.305717980863303 -0.83815416076648 0.545433408208406 2.564686527365039
12.636052032218647 9.13593372802555 -0.47472467864517776 0.880134353087773 2.065447514695052
3.3867671297014477 90.00549687074133 -0.40923595478499386 0.9124285908010634 1.9924128562217192
62.945029636192665 95.98387999170895 -0.41198399182808615 0.9111910834053389 1.9954266808715557
27.395434951260935 82.35309993470943 -0.21507058215522545 0.9765985074181777 1.7875604295238272
31.13478526225801 51.19186945537998 -0.15459493621399512 0.9879779378594397 1.726013774231146
83.72021040581289 44.45410034684092 -0.8971968639769378 0.44163082690177813 2.684177100375231
27.82476110764791 72.52246060232262 -0.9462366868565466 0.3234750878301849 2.8121929250492452
62.61326996653973 85.49712500616144 -0.14580986548030997 0.989312631643109 1.7171278643261625
9.67496003777488 36.98640214100457 -0.5595624469507958 0.8287881924607986 2.1646540894963575
12.056781488077588 57.4827561897351 -0.43623232553868296 0.8998340725684445 2.022203652757107
61.44685580523038 91.347204435953 -0.3870270412879937 0.9220683647712146 1.9682015011332794
75.75264768972725 79.53342848828368 -0.35129625014594923 0.93626435616945 1.9297515630740056
44.12355664869888 48.92257035622375 -0.1576285115511241 0.9874984821994296 1.7290850059824525
53.61194645302101 52.48529324356467 -0.4100924947361525 0.9120439385035563 1.9933518014505154
62.17896798903037 43.91767688383147 -0.7350638748587974 0.6779978612632713 2.396557213973344
38.22904853623592 6.613346822993644 -0.33359389975112513 0.9427168769300973 1.9109096221778195
17.475464297979485 85.85631138480369 -0.3745789875191684 0.9271950075950122 1.9547389884939836
37.155939850172 25.31688552121511 -0.7321780923631948 0.6811132365938818 2.3923106469878164
86.06195188715273 40.132880167093994 -0.8933835218105783 0.44929487305925037 2.6756167481936606
59.87811828046013 96.84513934803672 -0.3937679249051796 0.9192098896965093 1.9755234292400723
60.59609974758628 86.69096799257657 -0.16809288459348187 0.9857711611469684 1.7396910323657229
72.20209029581336 66.78847860429 -0.8751017428920081 0.48393898333092544 2.636442342449853
39.29821996233166 5.594704916324451 -0.33275467810198983 0.9430134273705975 1.9100195462302503
80.86882587644666 61.565132597189184 -0.2570930171880992 0.9663866620111847 1.8308092256427873
37.57584119032212 26.34513830257834 -0.732177468023825 0.6811139077410038 2.392309730342788
31.623203626307298 9.247415568044165 -0.41597535182973183 0.9093758885467169 1.999811417789602
23.231748672648138 7.6577751697210985 -0.5216624544295732 0.8531519698380315 2.1195947221733262
62.21188112283485 43.762508374112954 -0.7350638748587974 0.6779978612632713 2.396557213973344
59.47391518018651 98.3920212944992 -0.3685241025467586 0.9296181935838531 1.9482172085893537
42.705206233302285 7.261345240702672 -0.3316266821294026 0.9434106972574798 1.9088236371836869
10.248953111948651 34.74736544453405 -0.5595624469507958 0.8287881924607986 2.1646540894963575
61.35255261681958 95.41137167687037 -0.4069341679562618 0.9134574883100718 1.9898915755835442
61.15079349711005 92.87998875501614 -0.4005946505974588 0.9162553824740676 1.9829620817897466
36.08121400697242 26.107620962386825 -0.7321773145730333 0.6811140726960657 2.39230950504894
35.915510676754195 28.935706637683 -0.7321727406045728 0.6811189895426415 2.3923027896511315
36.81594330973402 25.395515144194324 -0.7321784110807404 0.6811128939810802 2.392311114924143
59.267815972856766 92.84037558567529 -0.3916093795213263 0.9201315633489169 1.9731763452993907
63.01408743286917 93.37365512174944 -0.40511811485195004 0.9142643562005478 1.9879043448546232
62.31492100281005 84.76968653932639 -0.14173725540543303 0.9899043137748896 1.7130124950268004
4.206973437108807 38.2668270426038 -0.43124723830908296 0.9022337942300704 2.0166710370267227
42.91494190465238 38.446844316551896 -0.10753014750436275 0.994201824267935 1.6785347837358822
57.23404152496265 50.15028823306999 -0.40027005404977223 0.9163972303706469 1.9826078449398197
31.113990594107243 10.07929691517506 -0.4236674946090818 0.905817781902996 2.0082866530891526
41.7590312983176 6.335276305638045 -0.331779299083509 0.9433570356443288 1.9089854132742063
38.4232420023849 7.774832009397651 -0.33382320910973 0.9426357011378688 1.9111528757317082
35.65505753000419 51.15391077826777 -0.14854315154528863 0.9889059268347993 1.7198912438465122
46.0612563247406 39.550502394101834 -0.11327398329081878 0.993563789954843 1.6843139558464162
34.92850888601136 26.880339052644473 -0.7321770255771359 0.6811143833579042 2.3923090807502168
50.114444577144944 38.7862656264452 -0.17168201422830767 0.9851524176443517 1.7433331072853695
0.06307562406745951 20.426590239986577 -0.13504097213591565 0.9908400152620941 1.7062511400545608
28.650098550753704 89.01726444767986 -0.3907624325226263 0.9204915650504354 1.9722560624605439
63.51535365161924 90.20686506386141 -0.39026559381831744 0.9207023222962111 1.9717163705838068
35.33533547274611 24.57330439950649 -0.7321791659483264 0.6811120825174173 2.3923122232103644
85.58005160665299 43.612654783048235 -0.8962973820835312 0.4434534957244204 2.682144567291656
74.70408079857675 67.41880513648228 -0.8740910325532816 0.48576215045013343 2.634357762082737
63.432335995266016 83.99123461614657 -0.139299398550945 0.9902503105595801 1.7105502068874507
55.53723826139122 52.857239474948145 -0.4032914218866055 0.9150715977630821 1.9859072350790814
29.318459641627175 8.41058870298599 -0.42456152658112234 0.9053990888813104 2.009273869930881
21.87443090078375 84.57777620083176 -0.3880914615820138 0.9216208642642246 1.9693561644669864
63.820542061999205 65.74538326400005 -0.8819173655487736 0.4714040308944236 2.6507105307909393
60.82609148280702 65.53735918788887 -0.8819989258787964 0.47125141352429856 2.6508835745691344
27.39308870772188 87.2540944382406 -0.39060575881072995 0.9205580596485449 1.9720858620385495
25.992137429458605 71.52316978060841 -0.9462373796615214 0.3234730612142188 2.8121950668127726
6.315526334032009 92.19335043547937 -0.40924382923672314 0.9124250589674002 1.9924214864499352
5.823650960925736 40.38710283896391 -0.4395249619878457 0.8982303756774109 2.0258660718344026
14.870548527459011 21.610907320519495 -0.37095149058401905 0.928652244725384 1.9508297310797147
58.61494499676771 94.26735992949375 -0.3962774861860977 0.9181307934831655 1.9782551596625138
36.58255193028269 26.879140211672443 -0.73217677905387 0.681114648362741 2.3923087188092214
2.346872121565198 89.31564624839099 -0.4092346980130423 0.9124291544784033 1.992411478830024
98.33475638570421 30.374951059293313 -0.2079102452997364 0.9781479079870301 1.7802343592226928
61.19844523634421 89.54897860471313 -0.3069839501865822 0.9517146916633378 1.882818663230199
47.42921554737761 33.040536503542036 -0.3544647420780179 0.9350693806470001 1.9331379060249068
28.988149204897713 11.042862191718426 -0.4255027316608337 0.9049571400619858 2.010313670805275
58.703018487987165 54.398914833654196 -0.39972611295165905 0.916634624386706 1.9820143570735445
56.29980854474495 51.2872609033797 -0.40171080536297454 0.9157665798961165 1.9841805766007725
84.60658781550877 82.62157154194327 -0.3587226878753872 0.9334441778721733 1.9376954736247287
38.17219138785287 6.415946842170213 -0.33338020859878437 0.9427924673620547 1.9106829554131357
27.063302781505545 72.0074483303418 -0.9462374348613252 0.323472899741322 2.812195237460113
86.15585360231798 44.724321961198775 -0.8969627747395205 0.4421060740722529 2.683647329055997
47.249619021002935 35.10500164647114 -0.3544647420780179 0.9350693806470001 1.9331379060249068
81.2676249671166 4.1344319019154 -0.6284244697333173 0.7778706099605505 2.2503224371051203
53.219068570436804 40.634042910956175 -0.1917284004500412 0.9814480222919951 1.7637192432241175
67.26948964429583 65.93012715172516 -0.8809260936734657 0.4732538615639689 2.6486118419017997
39.031850232661185 8.549693820199694 -0.33355645157219654 0.9427301276688705 1.9108698987819008
9.048873928433295 57.73813858595221 -0.43623232553868296 0.8998340725684445 2.022203652757107
38.168195574598286 26.11828296325521 -0.7321772771564724 0.6811141129177505 2.3923094501145887
28.86739980031385 68.75680409599734 -0.9462447625928747 0.32345146353905124 2.8122178915197376
85.7277190518752 39.636847537380056 -0.8940008564532165 0.4480652504501051 2.6769926384947262
33.07617697954309 49.85484980242932 -0.15407906746629332 0.9880585210242951 1.7254916495166317
59.687459146573055 88.13762191524057 -0.23636238084536756 0.9716649756583333 1.8094167659776026
87.74371298217646 42.14663011108185 -0.8940817529937406 0.44790380548019443 2.6771732173657683
63.59560599353261 42.57360116359484 -0.7350638913879008 0.6779978433429389 2.3965572383526297
72.2168585587867 70.37432527442918 -0.8756336916178573 0.48297581523683275 2.6375426434752787
75.90660189533374 43.84104662471184 -0.6536756418771325 0.756774837859002 2.2832276188775937
48.087492797410285 7.551635626587705 -0.8316728161706325 0.5552659964762917 2.552909888510927
27.59098252524127 70.49589187930751 -0.9462411282319109 0.32346209552650906 2.8122066555179166
29.66392564354724 8.776124150845412 -0.42456152658112234 0.9053990888813104 2.009273869930881
9.966233572917394 59.531881154227584 -0.43623232553868296 0.8998340725684445 2.022203652757107
82.16199048575253 2.4039161620909653 -0.6284244697333208 0.7778706099605477 2.2503224371051247
43.21079651212258 22.302891003236578 -0.9833756267610032 0.1815829746766035 2.9589967052972277
93.6410027393062 40.992941885390096 -0.7580898095697686 0.6521501672364057 2.43117536866962
7.603729258017099 13.84781240931246 -0.33091400780531355 0.9436609133784364 1.9080683141888521
62.8888093197117 45.48821437681986 -0.7350638626260947 0.6779978745255811 2.396557195930953
60.97067796460576 91.5214231798868 -0.3879294638436205 0.92168906420875 1.9691803961542638
85.12025451345401 44.8710093754768 -0.8969627747395205 0.4421060740722529 2.683647329055997
67.9676256067755 69.57669799335461 -0.8778920568021117 0.47885857683010946 2.6422385891656694
36.41487228433858 26.287033654124006 -0.7321771578175915 0.6811142412034515 2.3923092749033175
27.68600101229 70.2997579661255 -0.9462419875484096 0.32345958171066064 2.8122093121501766
36.47856413378684 23.823162000468805 -0.7321795412508908 0.6811116790759317 2.392312774224926
4.564160377950435 88.64060359862589 -0.4092353855604798 0.9124288461053637 1.9924122323652989
53.190451014793446 37.90535320388555 -0.18034100090986951 0.9836041497425814 1.7521294521377606
52.341052726274796 51.118056185124296 -0.427360171747527 0.9040814585002417 2.0123671808137944
16.70036512698063 84.75328260521532 -0.3745789875191684 0.9271950075950122 1.9547389884939836
6.035830686656629 18.779461004644478 -0.14127221010916555 0.9899707887866549 1.7125427226789252
59.641350887069855 94.43415738601915 -0.3986956633071526 0.9170832939597524 1.9808904660696658
84.75174764122016 43.22302183483123 -0.896367598159253 0.4433115484286551 2.682302931846141
80.23131149313163 60.75456680720143 -0.2570930171880992 0.9663866620111847 1.8308092256427873
13.076805201699116 80.59081240234103 -0.46910031131451846 0.8831448906745833 2.0590680960340797
78.09289448843555 78.28879583457434 -0.35246997053776125 0.9358231242436306 1.9310054790905433
21.306026813030194 9.070788826862291 -0.5337461668578881 0.845644741818047 2.1338206840614444
26.364327987151018 87.96075947977704 -0.3905474711955888 0.9205827897276435 1.9720225451932996
13.454970669881881 85.814531862292 -0.4124801959860784 0.9109665679481802 1.9959713144770597
51.86564051022449 40.86987465275026 -0.19616882761349788 0.9805701357234707 1.768245622925531
82.4361899273448 62.64822620491025 -0.2570930171880992 0.9663866620111847 1.8308092256427873
46.89858678376931 3.3428149727140015 -0.8238460439668145 0.5668136341340332 2.538959639242385
18.380744656681284 84.09611919065424 -0.3745789875191684 0.9271950075950122 1.9547389884939836
76.84976073386802 79.33017563089649 -0.35222798814435735 0.9359142291726195 1.9307469146166185
34.994288230348715 26.05211956195996 -0.7321779352455917 0.6811134054909667 2.392310416310192
10.44212702059933 57.111297395221946 -0.43623232553868296 0.8998340725684445 2.022203652757107
52.88579742110892 35.58859287610343 -0.1766646884253844 0.9842710947008257 1.7483931297077127
3.2707823974160717 17.91744820633971 -0.1408057946633348 0.9900372357589521 1.712071597884054
76.899240665227 48.3957023959476 -0.5746834039731669 0.8183758214890112 2.1830135633028473
62.011960851523575 87.61466534445091 -0.17777769166893267 0.9840706744664561 1.7495240340479652
79.8919041020602 4.532238251353934 -0.628424469733315 0.7778706099605525 2.250322437105117
23.727884190464074 85.00328375743861 -0.3889812853027515 0.9212456565347917 1.9703218596397438
59.444019342897484 87.63166408864076 -0.21980566144185915 0.9755436798001957 1.792411582305093
61.926315646402124 94.10892111842597 -0.4052739005962423 0.9141953103661751 1.988074745926918
9.02270634736394 57.68940436475489 -0.43623232553868296 0.8998340725684445 2.022203652757107
25.171493494597595 7.439050727000692 -0.47996198589658023 0.8772892864353302 2.071407707365141
42.4162094861189 38.31967169988596 -0.10753014750436275 0.994201824267935 1.6785347837358822
61.64761637128652 92.25800283670286 -0.3959387818077165 0.9182769087048969 1.9778862825617076
57.469027807925166 50.720108047300016 -0.40029616267136364 0.9163858260310344 1.9826363356239718
54.91766003719992 55.284738573109436 -0.40069909692663586 0.9162097105587664 1.983076077226234
2.2839110983399884 32.319219437415555 -0.5672738155611197 0.82352924549085 2.17398802551503
6.140196471805318 37.313620330034574 -0.4272771114724099 0.9041207165040483 2.0122753102517446
4.056023504246859 88.70909611818381 -0.40923496799577397 0.9124290333880756 1.9924117747245034
63.74989425522433 84.83676053101158 -0.13974802405279751 0.9901870983674442 1.71100326386583
54.79117620845154 53.13752345008741 -0.403736257521402 0.9148754201324966 1.98639340830889
59.9264745485375 89.77761127765498 -0.31167378414227087 0.9501891665760229 1.88775037881606
12.046954062294576 81.87808486361571 -0.46910031131451846 0.8831448906745833 2.0590680960340797
36.701505644396626 30.909336469406515 -0.7321533354483617 0.6811398486301024 2.3922742999755044
13.514381686880464 20.20792559613144 -0.37095149058401905 0.928652244725384 1.9508297310797147
80.80457248731268 2.805305677276456 -0.6284244697333167 0.777870609960551 2.2503224371051194
25.208391231860094 86.85326764569145 -0.39020749280130707 0.920726947885049 1.9716532663224247
22.56811836113402 55.06817926620719 -0.3304712707073137 0.943816051589023 1.90759918307033
60.8875759851561 99.18322892762318 -0.35980945443839113 0.9330258069832513 1.9388599889386728
79.55142280942981 79.56180304305373 -0.3535734952541919 0.9354067475989971 1.932184943575486
2.141879824962559 20.979771513845193 -0.1355360679042332 0.9907724129673066 1.706750829853598
80.48241256261358 49.053740018898544 -0.5743923781318419 0.8185801096679831 2.182657993757303
14.483656362867126 2.155099163140658 -0.772764957179666 0.6346923041562023 2.4539823738975355
54.2558933133465 51.81874588145454 -0.40861532490025976 0.9127066978261171 1.9917327643242253
23.6978620490097 84.89180729371876 -0.3889812853027515 0.9212456565347917 1.9703218596397438
16.442260542542435 11.037453825462086 -0.5397975496179999 0.8417948713471727 2.1409929191709374
27.19104394645318 74.39278626284262 -0.9462335690337428 0.3234842080127948 2.8121832866598635
62.86064112712894 41.995570130734514 -0.7350638937875394 0.6779978407413263 2.396557241891931
3.428597195248825 34.49695363835244 -0.5672330657919638 0.8235573137749732 2.173938544485732
37.47564892130736 26.993711871086795 -0.7321764690807364 0.6811149815739376 2.392308263712479
54.112503298595136 49.54600238042232 -0.4185896974720517 0.9081754594626835 2.002688193559586
28.01971716791907 82.27055716124622 -0.21507058215522545 0.9765985074181777 1.7875604295238272
63.18694561032794 84.92396202285337 -0.13983478439047334 0.9901748497485027 1.711090884553253
40.250038533158076 8.577701189392567 -0.33264312225073556 0.9430527838988029 1.9099012514954656
13.268159635095428 0.90522917625445 -0.772764957179666 0.6346923041562023 2.4539823738975355
81.28621339364578 62.228259796712926 -0.2570930171880992 0.9663866620111847 1.8308092256427873
40.63302299287308 9.582428804498623 -0.3327711989697906 0.9430075976025899 1.910037065512996
83.70530953314613 79.75922536497481 -0.3576570590737101 0.9338530013309079 1.9365541141262381
63.006144547561 65.2857565744037 -0.8820118855636305 0.4712271572442416 2.650911075851891
58.451534472154115 93.21617790354985 -0.391945244963828 0.9199885460973114 1.9735413925993444
37.448915287537744 49.273548139471025 -0.13819740016014986 0.9904047044461044 1.709437445433553
64.28107397830641 63.42638698923927 -0.882054263342058 0.47114782873329614 2.6510010141015887
52.958214525926145 38.5050474586778 -0.18494896666705538 0.9827481262911614 1.756816259662944
39.46940411660147 56.600947333790465 -0.9044753729692434 0.42652584879717204 2.7009444389667405
80.71450694092904 80.62469309466816 -0.35449129337317725 0.935059315189476 1.9331663011778357
86.77103951154076 41.9269592353366 -0.8945527254453008 0.4469624384647821 2.6782258269848285
58.74850886487613 98.78909667891354 -0.3641122267650154 0.9313550806863202 1.9434757460683327
50.12202532830368 50.83173795917147 -0.4457708780241612 0.8951470964626811 2.032831577847389
36.58620878555786 28.21368040149814 -0.7321743089659166 0.6811173036197822 2.3923050922785856
53.42652834359197 40.678569226676565 -0.18671762263693747 0.9824136243949441 1.758616269755469
64.36956475367089 63.63377073472311 -0.882054263342058 0.47114782873329614 2.6510010141015887
87.87761640976656 45.10070925903212 -0.8969645414532851 0.44210248967348964 2.6836513252031438
41.449494995825184 39.31457289326407 -0.10706772187209157 0.9942517301635037 1.6780696729236086
63.52886233493462 93.5100106006098 -0.4092315598720712 0.9124305619633044 1.9924080395070527
47.38125537668338 47.934996724872995 -0.26901766453945175 0.9631352429257996 1.84316927764207
79.8846527953454 80.93068897168831 -0.35399307827628224 0.9352480422500129 1.9326335383855289
51.53155454028158 42.60225911348762 -0.24999735502876402 0.9682465194766373 1.8234738502233925
9.64275519993986 57.47395338925312 -0.43623232553868296 0.8998340725684445 2.022203652757107
6.702926433276685 18.096661469489053 -0.14438477479730855 0.9895216201815554 1.7156875310235449
4.350255143747564 87.72053672986817 -0.409234660316971 0.9124291713855127 1.9924114375160538
42.87199263618208 24.589934263505807 -0.9833756267610032 0.1815829746766035 2.9589967052972277
31.30141934883331 51.291237548793305 -0.15459493621399512 0.9879779378594397 1.726013774231146
79.56624377796805 3.6227277672005638 -0.6284244697333142 0.777870609960553 2.2503224371051163
12.781530566317974 7.565699962222252 -0.4722902560707369 0.8814430860927084 2.0626836043831447
46.20628828726796 38.691459928524516 -0.11765754363741988 0.9930542293476267 1.6887270369619098
78.8017486529474 50.0640869521187 -0.5745991658672873 0.8184349690626724 2.1829106337445974
29.783849442117123 10.601709378803193 -0.4236674946090818 0.905817781902996 2.0082866530891526
29.940149197589346 8.796613170021523 -0.42456152658112234 0.9053990888813104 2.009273869930881
80.26447623641477 3.972870099604248 -0.628424469733317 0.7778706099605508 2.25032243710512
8.157799334945818 35.74087303668432 -0.5595624469507958 0.8287881924607986 2.1646540894963575
38.70716088980619 8.610425723857121 -0.3335564515721963 0.9427301276688705 1.9108698987819006
47.91070445677195 12.49322365599288 -0.8381689216199003 0.5454107248950403 2.564713590541109
50.868153559870954 44.252189523958876 -0.46645612793530145 0.884544335074057 2.0560764147265895
4.6273376992602175 12.139331830407988 -0.3521954994870022 0.9359264555193966 1.9307122015583784
79.28021080335087 63.31073191022164 -0.2570930171880992 0.9663866620111847 1.8308092256427873
77.35347406438544 50.77258926452652 -0.5746522560841489 0.8183976934091381 2.1829755031940654
27.11148989990924 88.50579034662273 -0.3906779855955119 0.9205274094621153 1.9721643231268116
9.863277229666505 8.4816434784336 -0.46816851589816855 0.8836392027981252 2.058013303506345
41.49981492004884 6.107982479993761 -0.3319454624692778 0.9432985794254422 1.909161559237478
50.64264414816675 40.41967971278975 -0.19557497869811233 0.9806887516981282 1.7676400436202737
1.1243737704588195 19.135253859723466 -0.13666402343866382 0.9906174562855009 1.707889379545496
14.009922437368488 79.61548775135884 -0.46910031131451846 0.8831448906745833 2.0590680960340797
72.52156171275232 42.853963838607214 -0.6536802913578965 0.756770821775163 2.2832337627038264
47.82918494795051 4.023897743057983 -0.8245339340420453 0.5658125057058637 2.540174320709562
0.6855485135958305 30.75089803023114 -0.5673139884657988 0.8235015716384684 2.174036807728761
58.89165648192122 91.86262724999696 -0.38346625505840254 0.9235548880448222 1.9643428785177257
30.158920501111908 11.875634385053322 -0.4244234659477207 0.9054638157060303 2.009121389439084
24.581524608781805 55.886831268862686 -0.33047126709024505 0.943816052855517 1.9075991792379428
28.797682792731415 70.09439368285109 -0.9462426511235544 0.3234576404951152 2.8122113636495714
46.20536579041659 47.13189907021078 -0.23043243859755502 0.9730883265366942 1.8033183843853449
34.87850103634801 23.332453266020345 -0.732179977625278 0.6811112099831036 2.3923134149047893
60.70991284003124 87.85625560849368 -0.19096881076966848 0.981596104980668 1.762945353700281
26.117595786793377 85.76546094605757 -0.39029746814150973 0.920688810816297 1.9717509904129304
47.491802052843674 4.6627027431872925 -0.8245339340420453 0.5658125057058637 2.540174320709562
20.12459840094201 10.14671232313325 -0.5422917408315061 0.8401902569215705 2.143958687825356
61.24733660583937 44.73738585543039 -0.7350638626260947 0.6779978745255811 2.396557195930953
60.275356161222206 92.43137640470576 -0.39453195130854857 0.9188822228102299 1.9763547546716638
64.22224098674222 86.11040120321252 -0.14461930716989455 0.9894873703053009 1.7159245510397403
76.9176142573538 77.68367830923216 -0.3514832912798497 0.9361941550506948 1.9299513444119178
35.32649887290484 27.76550023181603 -0.7321761281977568 0.6811153480118782 2.392307763234737
64.34114258323525 89.64108428558283 -0.40919952656264574 0.9124449284537158 1.992372932115244
22.445797893297023 10.175393133693076 -0.5337461668578881 0.845644741818047 2.1338206840614444
13.963290694178717 0.7626752723764683 -0.772764957179666 0.6346923041562023 2.4539823738975355
88.28145245672555 40.70838333815296 -0.8892445881439749 0.4574320304227203 2.6664874174014215
27.400746812003106 8.740301011955733 -0.4329962941106825 0.9013957007255001 2.018610521004137
61.78791805739224 43.619544003390416 -0.7350638748587974 0.6779978612632713 2.396557213973344
3.6171165839205264 8.386538876381676 -0.400506917947556 0.9162937349322812 1.9828663324873106
29.55297698495741 10.317996560458358 -0.42455180196295017 0.9054036489047368 2.0092631292599408
10.879110705059036 17.57917219911949 -0.37095149058401844 0.9286522447253842 1.950829731079714
64.86411541733786 62.74710913124253 -0.882080807304514 0.4710981313750002 2.6510573559986574
70.78988812028514 68.19580690033771 -0.8762015636044944 0.4819448308022808 2.6387196768891807
63.770085662218804 44.72300565800805 -0.7350638734726103 0.6779978627661317 2.3965572119288137
3.22726422092841 19.30998356889326 -0.13950151066665598 0.9902218582326492 1.7107543118662474
3.1347363291791472 44.25459628253276 -0.5060898748289795 0.8624807467970447 2.1014414755048625
17.909268269880876 11.087631020092283 -0.5492243090007901 0.8356749717459562 2.152232060298132
63.281926346595114 92.22213891564199 -0.40218511176376825 0.9155583738219891 1.9846985692041337
36.72795978906382 8.323285239614563 -0.33594383933175076 0.9418820185219818 1.913403456137289
66.8975758895966 63.851779646290275 -0.8817777346558344 0.4716651637181029 2.650414410648925
44.39691783797975 39.645911036423286 -0.10930216163483551 0.9940085701149424 1.6803173050085622
67.34253844743769 67.67897781830325 -0.8794434045860663 0.4760034644097336 2.645487951590772
57.9508121410422 88.505600649303 -0.25538755279055764 0.9668387651928578 1.8290448541099948
87.0248001369653 44.43122974445228 -0.8964053569247485 0.44323519273249734 2.6823881135150134
11.930426596098343 79.60340551217723 -0.46910031131451846 0.8831448906745833 2.0590680960340797
61.77259127279208 93.33808344907429 -0.40206703163340807 0.9156102348016322 1.984569602237749
31.25806678900988 58.36054221372815 -0.9715373501873976 0.23688642255488174 2.9024328555458507
45.530159933855664 4.040438221070814 -0.8238656103164042 0.5667851940003187 2.53899416000776
27.989414624422402 86.09116207386226 -0.3906216751771226 0.9205513059475927 1.9721031520123986
60.498986179468574 92.69456312333915 -0.39760288587043047 0.9175575977275244 1.97969919500137
38.38294456144881 7.5969546624939515 -0.33382320910973 0.9426357011378688 1.9111528757317082
25.887072476565645 74.14337994629959 -0.9462340132919742 0.32348290849651373 2.8121846600163143
60.87754930624691 94.304817712257 -0.4016065753481273 0.9158122944343721 1.9840667622123282
55.187736197218264 51.740566821263755 -0.40402650320893085 0.9147472791458654 1.9867106821219103
57.404575325239094 90.86008557069209 -0.362341718904881 0.9320453201111286 1.9415754488197303
44.454151058748 38.74374246094168 -0.1090913787519825 0.9940317253900861 1.6801052540933572
78.04320170446725 81.3536770755654 -0.3534826597516399 0.9354410773826999 1.9320878373317096
73.84594121595586 68.38248845671912 -0.8747064577942852 0.4846530848895675 2.635626136972341
18.390740103390264 12.006716252418782 -0.5492243090007901 0.8356749717459562 2.152232060298132
35.062513914601816 25.20127794787718 -0.7321790914476726 0.681112162603826 2.392312113829469
38.62939386094712 24.883335395102186 -0.7321794036896357 0.6811118269511177 2.3923125722591627
44.410736427136584 4.214023589500003 -0.823534367223809 0.5672663801083936 2.538409983607431
58.44651109448349 93.9217250816733 -0.3936753630581966 0.9192495355021927 1.9754227342281117
74.45491193381027 45.15303632532069 -0.6536756418771325 0.756774837859002 2.2832276188775937
3.8619723337513374 39.21813678929501 -0.4321667267172186 0.9017937238185487 2.0176904098681177
26.19559274422036 69.80911747810087 -0.9462433693829202 0.3234555392922782 2.812213584223794
56.59814829486889 94.46181036323428 -0.3885394359190983 0.921432095564111 1.9698422865025726
37.82506948255139 7.343158099815861 -0.33382320910973 0.9426357011378688 1.9111528757317082
61.88253160093309 0.7260057521182404 -0.3522582726927364 0.9359028311312717 1.9307792730655489
61.332293095865154 96.3568146180922 -0.40471029011805637 0.9144449579239631 1.9874583201923297
84.6334215916813 79.0680263348686 -0.35845939906848395 0.9335453171750482 1.9374134272545094
56.328784555623976 52.7584252482025 -0.4017901762008557 0.9157317589275177 1.9842672497209703
12.208331231860893 11.204063423460212 -0.4742603137386903 0.8803846629811761 2.064919982880309
13.684133665072132 81.56383694092956 -0.46910031131451846 0.8831448906745833 2.0590680960340797
51.94437509511253 51.047572314723425 -0.43013786176462887 0.9027632136261163 2.015441809055777
54.66844976968385 51.69595934306773 -0.40803358235122383 0.9129669192657679 1.9910954734920627
36.7917241160548 9.288290878404403 -0.3369210053170351 0.9415329182647617 1.914441109474873
3.9378548012753383 42.45904223560676 -0.47070418629747024 0.8822910908549606 2.0608850687914955
35.637245435372854 27.82573169123607 -0.7321764273223229 0.6811150264628723 2.392308202403576
27.423269255272576 87.37047607905394 -0.39060575881072995 0.9205580596485449 1.9720858620385495
3.8594189420051923 90.56716676927539 -0.4092363802521529 0.9124283999734529 1.992413322523639
5.205346008359124 90.88364604112584 -0.4092380172912763 0.9124276657376764 1.9924151166806183
4.907375188900524 17.169018694123217 -0.162732698487543 0.9866701925379942 1.7342559679457235
12.538370330037749 98.58413780866043 -0.772764957179666 0.6346923041562023 2.4539823738975355
85.77190102766266 42.4342038703762 -0.8955552897947179 0.44495024769146824 2.680473948225231
94.77733577119636 40.52512977744824 -0.7580898095697686 0.6521501672364057 2.43117536866962
52.31662809930306 38.89880820156534 -0.18474979659561827 0.9827855883446184 1.7566135970789625
51.41767160953913 46.761530655360204 -0.48239291990549477 0.8759549479425588 2.0741807750341446
5.163013983181145 14.31788072061316 -0.2914457500974653 0.9565873586610507 1.8665341796381723
33.46232565670531 48.50796349773224 -0.1543532271779111 0.9880157292572644 1.7257691286749373
34.70801178639455 25.277112800193187 -0.7321793560827379 0.6811118781274244 2.392312502363304
61.911338339980134 86.09890052882847 -0.15504995270828367 0.9879066312993141 1.7264743441382626
99.78646337382968 43.23491747491343 -0.5232229498967097 0.852195837059408 2.1214248415487087
28.612430698060283 58.37418538388383 -0.9715373501873976 0.23688642255488174 2.9024328555458507
1.8128116090579287 18.25057128387784 -0.13747735755970283 0.9905049097093873 1.7087104636837653
60.125229836783156 88.14018926670447 -0.21376010519869829 0.9768861844787454 1.7862187484086594
82.77293053932752 4.0335716938280335 -0.6284244697333204 0.777870609960548 2.2503224371051243
43.93845197974472 23.348164282579962 -0.9833756267610032 0.1815829746766035 2.9589967052972277
10.466388117157065 58.03872530636293 -0.43623232553868296 0.8998340725684445 2.022203652757107
79.20956377746775 79.72726609349395 -0.3535734952541919 0.9354067475989971 1.932184943575486
38.905727086184655 6.898878878724655 -0.33313783934894753 0.942878136343141 1.9104258911644532
64.92912172753383 86.08195832396389 -0.1384908437918822 0.990363714089835 1.7097337381519138
1.1970976038185537 33.04746084780218 -0.5015804811890598 0.8651109876138154 2.0962210483530774
84.75528963612774 45.37081170934968 -0.8971450736529486 0.4417360261742814 2.6840598437139707
83.40488620930441 80.73322446515508 -0.357441064054482 0.9339356967840986 1.9363228299146105
1.1766364934067877 21.726449254805495 -0.13504097213591565 0.9908400152620941 1.7062511400545608
76.42168894755837 49.898444962803396 -0.5746834039731669 0.8183758214890112 2.1830135633028473
46.84611375648254 10.156201645865075 -0.8381541608091791 0.5454334081427912 2.564686527443324
7.544376138652636 92.7492103353791 -0.4092447674814923 0.9124246381422519 1.9924225147480692
60.73560250545325 91.86720004058263 -0.3890734192263132 0.921206749026268 1.9704218719094848
45.71381994163127 7.086126589737955 -0.8295712539059678 0.5584008727544043 2.549135762103528
50.186805358258205 45.63600561007328 -0.5051472328408068 0.8630331819537855 2.100348882882233
23.761095329532473 86.75298507465885 -0.38934412344968816 0.9210923697084858 1.970715748423536
25.169517172008167 72.56759898806004 -0.9462340132919742 0.32348290849651373 2.8121846600163143
12.699381348270963 20.575698554698043 -0.37095149058401905 0.928652244725384 1.9508297310797147
81.75955490487064 5.161039809156132 -0.6284244697333173 0.7778706099605505 2.2503224371051203
7.368739538649412 18.906818222001043 -0.1389232255235887 0.9903031542967649 1.7101703403203443
46.89381706251255 43.07737877855175 -0.4874228812665758 0.8731660408065521 2.0799321753410247
10.13512479433082 10.403806791290258 -0.4697890015862855 0.8827787344451389 2.0598480734091553
51.576370660099414 49.46198403025391 -0.4513931816498086 0.8923251624604469 2.0391223441026636
56.34461183197976 50.528828310965395 -0.4028495874523625 0.9152661961907373 1.9854244450420506
90.6992170082794 39.52029408719689 -0.8777258769191842 0.47916310895815944 2.641891666160218
78.48307687121567 2.1355682848135835 -0.6284244697333129 0.7778706099605541 2.2503224371051145
43.936315425625196 41.11401857890792 -0.10846931782443532 0.9940997973496934 1.6794794796914803
62.0031323923099 87.80681044219577 -0.1777776916689329 0.9840706744664561 1.7495240340479654
53.30696731216724 38.613001148928696 -0.18288483666609578 0.9831343430669155 1.754716307835101
39.41941059669103 49.64648507111928 -0.13819740016014986 0.9904047044461044 1.709437445433553
42.90890822291081 43.148168924048974 -0.10731534700630709 0.9942250330266865 1.6783187330459288
25.2076682016489 86.09690877851132 -0.39022798735781333 0.9207182619469814 1.9716755255310028
80.05837822582174 78.66468489116353 -0.3538266200129546 0.9353110300697882 1.9324555613674796
29.839003852737953 8.105091020248551 -0.4244427317931351 0.9054547848611663 2.009142666867465
79.13747882249201 5.781897213858247 -0.628424469733315 0.7778706099605525 2.250322437105117
22.800430465712978 7.797037838092652 -0.52398068619137 0.851730145350287 2.122314241971653
60.04720643246128 1.267109256366674 -0.35281572900819863 0.9356928242561302 1.9313749747037448
53.225013869301534 36.962719363450915 -0.17916054504278536 0.9838198509381543 1.7509294507908006
11.562644181464933 58.29307833467531 -0.43623232553868296 0.8998340725684445 2.022203652757107
44.551038701205535 37.66791151076094 -0.10920811349130762 0.9940189072385242 1.6802226904777984
58.388347099087795 96.51062424091933 -0.3862519159222602 0.9223933312022498 1.9673610116595266
81.91827363016667 48.07284618300862 -0.5742161432369266 0.8187037442482533 2.1824427166154523
53.49851670109034 51.30240113500792 -0.41538024572555243 0.9096478722346245 1.9991571040903768
21.356132413647977 10.292332574854006 -0.5390012317983605 0.8423049757183262 2.140047229683845
59.154108931958305 85.43785853146996 -0.16979152855538035 0.9854800032627894 1.741414449018181
57.277912993219545 93.29448303336596 -0.3870298923412372 0.9220671680709223 1.968204593154655
13.64752455981857 11.508189736349367 -0.48032352776500337 0.8770913912902019 2.0718198663314307
62.59749189229386 85.8553243792884 -0.148153946986656 0.9889643107778334 1.7194976846066716
47.97464613646547 39.43211303779548 -0.13836757220029416 0.9903809443660537 1.7096092682048132
66.20088531881235 66.57095488577355 -0.8812549624067235 0.47264118656071885 2.6493072017531034
64.708999626053 67.21032543357103 -0.8818315641726415 0.47156451565913277 2.650528549374467
9.710898973300337 14.7466563487577 -0.34487898179917176 0.9386471583684503 1.9229061805181242
37.45324152897271 25.51998004008621 -0.7321791495114446 0.681112100186671 2.392312199077946
43.991736083830766 38.87761903988333 -0.10887452546504336 0.9940555003141232 1.6798871014054113
59.56710997004494 90.8423436016705 -0.36742379107006823 0.9300536316555614 1.947033869321252
61.093232428313904 95.59689188343309 -0.40640769839702673 0.9136918422989402 1.9893153013449303
9.805568391884401 11.240650294261416 -0.4703057471102749 0.8825035434688329 2.060433527096302
49.53738890004457 47.702033188275045 -0.4602852489382879 0.8877710795074473 2.049112807673587
26.695740179304664 72.80015155724897 -0.9462349907962218 0.32348004914194345 2.812187681840782
59.59818398056174 92.43569005526251 -0.3914993589896762 0.9201783804842801 1.9730567779059875
45.01810365393862 46.5396598413961 -0.23043243859755502 0.9730883265366942 1.8033183843853449
58.99298748678913 90.33685798654054 -0.32920711665888613 0.9442577372418732 1.9062600893685882
63.56549854300652 85.1175832098621 -0.14033515656386175 0.9901040570728898 1.711596239794897
4.292076402977006 89.40762576358284 -0.4092359829500316 0.9124285781686813 1.9924128870899298
47.386448646731736 1.9997152778375373 -0.8240213455470061 0.5665587543078843 2.5392689843095164
36.24293278648123 31.940852480742272 -0.7321163451576014 0.681179607117738 2.3922199951050938
4.506875862022896 10.811520168176884 -0.3851907795203724 0.9228369646760406 1.9662108719861389
22.728963991151762 84.05674005279882 -0.3880914615820138 0.9216208642642246 1.9693561644669864
44.532829312196014 38.693708656870264 -0.1090913787519825 0.9940317253900861 1.6801052540933572
13.092265153583485 9.442800668228784 -0.47541159156428764 0.8797635015197612 2.0662281428234732
58.28518954596829 55.960266729098834 -0.39987210028369624 0.9165709483802689 1.9821736270800263
98.8198745443285 32.53312257876474 -0.33341673502537944 0.9427795504809254 1.9107216984855242
61.17984281535959 94.315577122428 -0.4028489642733963 0.9152664704794183 1.9854237641703267
19.854023326321958 12.254213290203758 -0.5481124848820823 0.836404629301147 2.1509021906505965
57.31217025134838 54.56904165242566 -0.4001491796749066 0.9164500171888804 1.9824759470145001
60.42375358893748 46.81190373596179 -0.735063846874475 0.677997891602989 2.3965571726984027
25.985132297570896 67.9442075093794 -0.9462482486872936 0.3234412649249161 2.8122286694872907
61.646186067702374 45.650916481027 -0.735063859770205 0.6779978776218465 2.396557191718713
29.58621828766405 56.74927485445066 -0.9715373501873976 0.23688642255488174 2.9024328555458507
34.1114734716232 8.468223761050815 -0.356472998565282 0.9343056252072319 1.9352864912027288
62.14514422413273 93.08788681333235 -0.4024969602589764 0.915421322114732 1.9850392048680734
3.6078807979330105 18.1056240098795 -0.13999648081853203 0.9901520011384244 1.7112541873208007
45.25484473902869 46.80958467760096 -0.23043243859755502 0.9730883265366942 1.8033183843853449
11.526252400891075 11.413824749293624 -0.4742603137386903 0.8803846629811761 2.064919982880309
61.87246265731903 90.70110313210188 -0.38817635695897573 0.9215851105014977 1.969448281547838
24.92873163830117 85.79076449082311 -0.3899545393873902 0.9208341094959333 1.9713785500307088
48.47910549225184 44.90988004057107 -0.48779650788534956 0.8729573683146606 2.0803601251767807
50.516019852719 48.66377083971089 -0.4554466468585939 0.8902630801427538 2.0436701786788034
54.78043423736432 53.444359132809176 -0.4034764276669977 0.9149900394633146 1.9861094203781977
73.85539946107463 44.23855547625376 -0.6536779666205987 0.7567728298206532 2.28323069079071
26.899472374614632 85.94774609056077 -0.3904838475888007 0.9206097787728774 1.971953433892449
55.415558293862226 50.58770774590308 -0.4028495874523625 0.9152661961907373 1.9854244450420506
46.36846653140626 44.47458314002134 -0.4159006580814174 0.9094100519608544 1.9997292819575518
3.4079820939655785 92.01335146438461 -0.409236799379299 0.9124282119891884 1.9924137818771501
79.03575945924895 50.56233011313224 -0.574537802410243 0.8184780471103721 2.182835659135184
11.501942839282366 6.717079342705966 -0.47070224087071577 0.8822921287415448 2.060882863821242
35.60353308813604 28.800193710636634 -0.7321727406045728 0.6811189895426415 2.3923027896511315
60.50789794377195 94.1471304962044 -0.4011764672664461 0.9160007871784904 1.9835971640004861
48.23190878036441 6.55724488201226 -0.8274960503546142 0.5614715368097603 2.5454296235143343
5.830557791227435 41.07004411212094 -0.445752899202572 0.8951560494419404 2.0328114931800187
25.394899994315875 53.67440081611008 -0.33047125985610815 0.9438160553885045 1.9075991715731686
48.36588167679903 45.23112705983195 -0.48963299847351405 0.8719286248345307 2.082465122199221
54.71091462886089 38.72112330865302 -0.18288483666609578 0.9831343430669155 1.754716307835101
60.0990687343588 91.75191748710589 -0.38603872231363684 0.9224825770031946 1.967129891933017
1.7397190103286049 88.71810217643437 -0.40923434512447515 0.9124293127527973 1.9924110920728333
27.585395135321164 68.27421957167903 -0.9462457644702547 0.3234485325706446 2.8122209889919465
62.18779368826998 66.28435110338937 -0.8819639273333421 0.47131691130570236 2.650809312482204
4.2759701631522615 39.68558496093242 -0.43381581729157426 0.9010015741760075 2.019519891136713
12.133870452337387 79.28086734446377 -0.46910031131451846 0.8831448906745833 2.0590680960340797
29.803839012626607 56.44847419261484 -0.9715373501873976 0.23688642255488174 2.9024328555458507
69.81601153605547 69.42982668138269 -0.8767631353953323 0.4809224515571571 2.6398861340685915
60.395175839563436 45.04442055472434 -0.7350638578568869 0.6779978796962055 2.396557188896701
75.97083837956664 77.94197682370417 -0.3514832912798497 0.9361941550506948 1.9299513444119178
43.1659545861595 37.162792558529894 -0.10757768497527231 0.9941966815954281 1.678582598568533
46.21549660703698 49.06742267029751 -0.1701583701440648 0.985416728633077 1.7417867075728901
33.49293501641426 51.132488571729766 -0.15336832072639903 0.9881690939295584 1.724772353111833
48.887009003032986 10.10510239415191 -0.8368551521628055 0.5474243822653205 2.5623092592461143
36.473951327317714 27.293899142034235 -0.7321766306004007 0.6811148079455066 2.3923085008525935
51.05730885794459 40.29981213768488 -0.1936297590011264 0.9810746742369644 1.7656569104516628
61.031529183003556 85.20909220399601 -0.15325837032777667 0.9881861524654523 1.7246610872868156
77.21269570474225 4.103947948903618 -0.6284244697333126 0.7778706099605543 2.250322437105114
49.88142236584074 50.303984597862794 -0.4485506006819599 0.8937574383622511 2.0359393126274936
45.6337366954767 43.3840172211643 -0.47870724581322815 0.8779745855125384 2.0699780193396764
2.3428331263156403 43.37353485645058 -0.5106554641519485 0.8597854365664482 2.1067433024494
62.207338131990646 45.71779726688156 -0.7350638626260947 0.6779978745255811 2.396557195930953
61.1451453919043 94.65060095397057 -0.40548567962144444 0.9141013967946529 1.9883064140401137
26.45732977345053 88.51581859927371 -0.3906290063149039 0.920548195058483 1.9721111158815727
3.4129544094532838 90.04113419368859 -0.4092359547849941 0.9124285908010633 1.9924128562217194
59.65739794838728 0.32228138243090143 -0.3562499849659243 0.9343906828579674 1.9350478075842763
27.222487536841136 87.86576003617995 -0.39060575881072995 0.9205580596485449 1.9720858620385495
62.498966314945434 86.64886188379954 -0.15228253075099124 0.9883370026605669 1.723673656914481
22.83919914292389 85.09645489051718 -0.38867746419109983 0.9213738811307689 1.9699920887861435
3.683652886647906 38.3635280423646 -0.42929184032566475 0.9031658296402737 2.0145048714942173
48.74153718703663 45.156389437871994 -0.4884742677616233 0.872578300059511 2.0811366889038854
36.848919324264564 24.057123198544474 -0.7321796419422767 0.6811115708349693 2.392312922058823
35.72255665406619 7.979769233652034 -0.33739066082312585 0.9413647231489687 1.9149399740822959
15.16090825574899 12.50017339301608 -0.5031865264405454 0.8641778286954013 2.0980785111141596
60.03610181127924 91.92602530979372 -0.38717960400204726 0.9220043135716979 1.9683669639325467
6.157294122723551 94.29325460468586 -0.40924717982770853 0.9124235561421391 1.9924251586350772
86.76532081045262 43.30819521128522 -0.8959124829740066 0.44423059648267166 2.6812773689521068
79.29498711906292 2.3351199576541797 -0.6284244697333139 0.7778706099605532 2.250322437105116
52.38058607640404 35.4154118547784 -0.1766646884253844 0.9842710947008257 1.7483931297077127
27.43955580832907 89.99755405570606 -0.3907624325226263 0.9204915650504354 1.9722560624605439
86.04778475475281 41.74201638595128 -0.8943802936891636 0.4473073778292567 2.677840190008474
34.49386226311628 51.30581672774403 -0.15217867169540972 0.988352999631721 1.7235685731073433
21.692880293924606 10.228184291265048 -0.5354304905045907 0.8445792975428734 2.1358137016140897
14.973932180295625 6.059406181550126 -0.47141140680670185 0.8819134229234331 2.0616868131083534
5.419176225257753 37.5439179395987 -0.4299557456352688 0.9028499636125706 2.015240086858533
61.04593294557729 93.61702917217009 -0.40152129649776014 0.9158496866073372 1.9839736458500428
5.544940150068949 91.24069881135003 -0.4092393534608142 0.9124270664436555 1.9924165810925678
9.01415699749568 59.65676055448811 -0.43623232553868296 0.8998340725684445 2.022203652757107
43.526006537881095 25.09090655902543 -0.9833756267610032 0.1815829746766035 2.9589967052972277
4.201684553590868 20.388822998742366 -0.1371322690620968 0.9905527450781613 1.7083620755454578
8.868688671833084 9.591554596201286 -0.4679819429806234 0.8837380273837268 2.0578021738010777
13.097984929690847 10.899082635966339 -0.48032352776500337 0.8770913912902019 2.0718198663314307
57.178890292464345 52.58075671414745 -0.4009627081410921 0.9160943765137746 1.9833638146323744
85.52385363817804 43.93459292942 -0.8964728002230604 0.4430987682901239 2.6825402983598856
48.41271291916992 44.56108905043241 -0.48779650788534956 0.8729573683146606 2.0803601251767807
62.3832741160275 95.92185599011604 -0.40893549014988995 0.9125632936382382 1.992083578447992
60.640584696056955 93.62344383998087 -0.3995784171572255 0.9166990174218178 1.9818532344161668
43.30847940095959 23.78121058490139 -0.9833756267610032 0.1815829746766035 2.9589967052972277
59.03017674877629 95.93490624189714 -0.3994766591136499 0.9167433658464057 1.981742232244078
6.29402752297679 93.25627265086206 -0.40924382923672314 0.9124250589674002 1.9924214864499352
2.176064715396517 86.87220951706955 -0.4092335343997128 0.9124296763711267 1.9924102035386866
2.347766465175352 17.563602907967347 -0.1408057946633348 0.9900372357589521 1.712071597884054
11.533576015321106 82.45696325793108 -0.46910031131451846 0.8831448906745833 2.0590680960340797
4.984968879808038 40.96203817338635 -0.44119542062051087 0.897411054547185 2.0277266416816553
6.446753482145852 88.98707771182079 -0.40923659863104533 0.9124283020275581 1.9924135618617658
47.140258293962034 45.78289379876134 -0.39123490984422704 0.9202908482209196 1.972769406468851
59.45685978916495 87.66566543428195 -0.21032983532677219 0.9776304825297812 1.7827086567242336
82.38355518706169 4.826274558671326 -0.6284244697333194 0.7778706099605488 2.250322437105123
0.9878484148199316 43.271725987669285 -0.5200695360484635 0.8541239240732786 2.117728687603791
61.76549200274948 85.63168220650891 -0.1497568841888234 0.9887228507716687 1.7211187062549154
2.8285682456900068 6.6359130711219585 -0.4046207830963716 0.9144845662374401 1.9873604410554566
52.41425955324607 49.62735677114636 -0.4433321774432128 0.8963573954865658 2.0301090626814093
5.8856817529372965 91.2791474256276 -0.4092393534608144 0.9124270664436553 1.992416581092568
48.74934786059376 37.98630291972869 -0.14484894978051438 0.9894537794902206 1.7161566373851203
81.3341971670717 79.59147115046602 -0.35509581189523254 0.9348299120024272 1.9338128833306216
79.8143880858195 4.700405815169955 -0.6284244697333153 0.7778706099605521 2.2503224371051176
63.40392232844741 43.50353370473145 -0.7350638804215189 0.6779978552323442 2.396557222177974
87.42573874866639 40.861964694897885 -0.8934784968269399 0.4491059738055951 2.675828179463654
61.655702059977145 82.61377259534125 -0.1376215286065986 0.9904848887610468 1.7088560182411412
69.53692963288721 67.55736859004845 -0.8775443766873879 0.47949542953436364 2.641513011566658
61.75441889575112 98.89429579446325 -0.36916646410483006 0.9293632883756153 1.9489082983487074
84.1339159498946 41.6993911718101 -0.8952174527758997 0.4456295684146529 2.6797152582201282
37.61989074157168 28.741137492508606 -0.7321727838429339 0.6811189430633157 2.3923028531324957
21.358311766779742 7.8403113569448735 -0.5337461668578881 0.845644741818047 2.1338206840614444