300

0.6029903210767648 1.4810467502168123 0.007487316184821515 -0.0290506470900135 4.96463260052614
5.2998989441583895 4.942062899499218 0.008955477135609166 -0.028632139795579048 5.015526259385529
3.942054684496195 1.0939852856865258 0.008402840778754344 -0.028799171287502406 4.996281729163294
5.273243251962798 0.7415048862499062 0.006566979311364125 -0.029272423588150596 4.933075260220608
2.223918459771046 3.6580396764351724 0.007796474135450298 -0.028969207635958123 4.975289470530035
0.7944499618825254 0.4422230673767336 0.00766284442966605 -0.029004841238088788 4.970679495145438
1.8743926887063591 1.4649088140030888 0.006645199649323349 -0.02925476579329653 4.935748215891784
1.6021782843399868 1.643998016205364 0.007394468755532377 -0.0290744188561604 4.961437856612891
5.176609045779264 4.460843743349894 0.007250336884551648 -0.029110695887603063 4.956483614387489
2.402868807425183 2.6959796036790338 0.006307370917396748 -0.02932945741247829 4.924215247836545
2.104482054835826 1.1004038522324888 0.007649937401902698 -0.029008248098548975 4.970234525649831
3.099310759766229 4.584253631416768 0.0059878090082916505 -0.029396362755963898 4.913332172757441
4.975950779057202 5.8282838076815775 0.008203823389133672 -0.02885649462079383 4.989378102397286
1.0460109782569307 2.9125990800785133 0.007198788944037677 -0.029123486016258436 4.954713247727728
5.643855816113445 3.4804063041836035 0.008286501602826117 -0.028832861307653116 4.992244425161898
5.55568588381168 3.153632440985556 0.00804232028268932 -0.028901921812755704 4.983785750823015
2.2013808223449916 0.6608629715906982 0.005776995278943281 -0.029438517719937378 4.906165919492568
3.7509257531986986 0.45254106389242255 0.006064482047133334 -0.029380640862649635 4.9159411181146755
3.0597262664047635 2.1060370684426375 0.005189240953124357 -0.029547788044630634 4.886238078025711
0.9983345227752316 1.2785937030943608 0.008206420673161676 -0.028855756093630686 4.98946811046296
2.495426059122835 5.521046172749925 0.007418127407846831 -0.029068391523456395 4.9622516683586335
2.816182010236578 5.54095242248882 0.006819254457468805 -0.029214684127066848 4.941701899199847
4.712188463833416 2.8267499830145844 0.006892499651864137 -0.029197490449507004 4.944209772140277
4.388256767299835 5.6761736653277115 0.0073907440013235405 -0.029075365915270955 4.961309747653644
2.451434981360066 5.267061618096492 0.006828524758702455 -0.02921251871406825 4.942019227454669
6.988616309187945 0.9347481037770143 0.006786734889424508 -0.02922225572300448 4.940588919472612
5.6977354066937895 3.301740674467034 0.006834875010207885 -0.02921103359340158 4.942236614149918
0.26647746051242005 0.7362821717728082 0.005839417748919739 -0.029426199216915545 4.9082867976629245
1.5896608624487962 2.3690865689964538 0.0062639101151134285 -0.02933877008447661 4.922733669265398
1.7734808634040269 2.2027869812495395 0.006085085521320082 -0.029376380549656224 4.916642429135794
4.8883531984641 0.5411841920846107 0.006536482483901695 -0.029279248568527955 4.932033553858303
6.7955420668199835 3.60630732671446 0.006261329384757825 -0.029339320959005988 4.922645706950741
1.869953366639854 1.163433402240139 0.007818612306617746 -0.028963240523097646 4.976053745847006
2.5285942796562724 2.5324555194891123 0.007400459465907729 -0.029072894587458206 4.9616439094810065
4.82161208652685 2.7811450110464784 0.006947412197577811 -0.02918447299090643 4.946090919202979
2.3482343635766028 1.0937849321329705 0.006711266922717829 -0.029239680167403227 4.938007139596958
3.8231257912912415 1.2442058447872573 0.007327555758792759 -0.029091354843007622 4.959137088894455
5.516815353370393 0.392583171222734 0.007457148966181441 -0.029058405484406385 4.963594303923687
1.6775507770409457 5.015857568565108 0.005569571983298875 -0.02947846447701868 4.899124742876357
2.203470467586439 3.8684650223910086 0.006773058516825963 -0.029225428625216966 4.94012093267377
6.969225931140485 6.351057469964047 0.00872401842616537 -0.02870351028184405 5.007452488465974
4.8530594836314584 3.6899353113463564 0.008383861982089074 -0.0288047020166028 4.995622787502258
2.375314215776139 0.5764775846292963 0.00750189264263057 -0.02904688635255843 4.965134393171695
0.6670230004773297 4.331755410189598 0.007519406318400473 -0.029042357490720323 4.965737385191577
3.4066374229257304 0.9095783688560868 0.0068941614199844285 -0.02919709811462773 4.9442666872812415
3.9816893089128915 5.475610269868267 0.008758637064810266 -0.0286929656321359 5.008658786723687
2.8991422694924034 0.7155392087799782 0.007506791173513236 -0.029045620776242047 4.965303039047495
4.55000206894932 6.539975969321201 0.007214603954627736 -0.02911957228013265 4.955256317087888
4.886582421312504 2.403511841997534 0.006548336864483708 -0.029276599602912283 4.932438445283848
2.195219239051275 5.1349053036052 0.005850697910944697 -0.029423958502466444 4.908670149630836
4.72521730215813 3.489161070281456 0.007084847255754025 -0.02915141401995167 4.950802763350606
0.9057757026852501 5.5031632004560365 0.00674446924545547 -0.02923203952168075 4.9391428106306
4.576563962491683 0.06230847302510205 0.005371959982321305 -0.029515115550313175 4.8924253270490485
3.755595624447372 3.2074203045489345 0.005969912383139641 -0.02940000248533384 4.9127234063983005
2.3861867644818604 4.117969028146266 0.005819827599940888 -0.029430079964331838 4.907621103244999
5.286253371897457 0.9699463056470409 0.006665177816491128 -0.02925022059189562 4.936431171914018
0.3475090618545625 0.9079653105186453 0.005885540935628968 -0.02941700881964439 4.909854461248997
2.0425535307699763 4.409122199404669 0.005833928972176172 -0.029427287893171596 4.9081002742469915
0.6047662401406374 3.2222060646824313 0.008861207928498325 -0.028661454848767157 5.012235520774129
3.6768201164226357 4.068775771637146 0.006365531246926696 -0.02931688953392566 4.926198672670025
1.5525202091176564 6.8123935436860865 0.007517455856073584 -0.029042862418363395 4.965670226546772
4.148925278959509 6.432865952055114 0.006337144356293443 -0.029323038747842936 4.925230496574057
3.1261681676558344 0.6617232957819512 0.007538721361887131 -0.029037349745247524 4.966402507097103
2.257085201433022 1.186929714624857 0.006867471620151115 -0.0292033873642497 4.943352660702308
2.3699399121309788 4.22230322704716 0.006174209769831227 -0.029357778078698677 4.9196772620912
1.9428102446877078 4.945626693110354 0.0074047748979042 -0.029071795760003676 4.961792347178852
4.0843469151853595 2.259378293835115 0.006336874484877417 -0.02932309706976583 4.925221293191353
5.596682651564777 5.1023128362642325 0.008632443512053438 -0.028731183738426206 5.00426365502394
0.2488449793997699 3.056127057475075 0.0065899661307194215 -0.029267257240745515 4.933860601645378
2.3860442441620453 2.802119640898764 0.006807728275796124 -0.029217372156354615 4.941307383509101
4.711648474205231 6.903608645056506 0.005735579140939466 -0.02944661494837768 4.904759244180896
5.713245295102716 0.6219318755503758 0.006885846569337547 -0.029199060207882415 4.943981913390988
6.2204945349131915 4.035417615457198 0.008553902838635132 -0.028754664773340512 5.001531134705223
1.294127257731702 2.1844721848203634 0.0070890968725501845 -0.029150380881415583 4.950948543314871
6.217450919501018 1.8345246696537554 0.007035817779764732 -0.029163286306072338 4.949121216016497
1.7814972461231373 1.9173692157195392 0.006403382803093324 -0.02930864528901069 4.92748997179493
2.8772322306033096 0.8824543856426498 0.006166282233221014 -0.029359444194675465 4.919407237854525
5.667627719082008 3.2587743210174662 0.005894290660410521 -0.029415256885000976 4.9101519077135265
4.405552497791122 2.774608003380938 0.008302962390427451 -0.028828125425409596 4.992815375750391
2.5284350537826414 5.757925525372277 0.005307545779952031 -0.02952676680223748 4.890243344556415
1.4232737698099176 3.3240790922634393 0.007666544992167595 -0.029003863326858198 4.970807081600757
1.8257564130680561 3.914783971738861 0.005165892569285784 -0.029551879025919787 4.8854479421829495
5.122195078495108 5.308700858572186 0.007566813563997157 -0.029030041896072223 4.967370079399711
1.9256883572873202 1.2587985525214647 0.006685465957861303 -0.029245590179141155 4.937124833230589
5.990562616065113 0.07576054782034501 0.006495032195313092 -0.029288471397152946 4.930618088762777
4.067483712326309 4.513264688708752 0.00888184928365076 -0.028655065054934224 5.012955779236951
3.002462649330549 0.21487234446987652 0.006519687428223259 -0.02928299294536451 4.931459974200701
5.900710065101587 3.942569505495587 0.008794547686655154 -0.028681979202752873 5.0099105741461925
5.260327658689381 6.905820435783737 0.007209270266957165 -0.02912089322493332 4.955073156201058
1.9942527858843664 1.9851885166746277 0.007934289696272752 -0.028931765362929723 4.980049849965087
2.418386353103133 1.8279886462242292 0.00843832740590699 -0.028788793489667452 4.997514161071533
5.681183178533738 2.8628240429874343 0.008093801684350478 -0.028887547045299732 4.985567438353973
3.8044168607898556 6.034409144829069 0.007057181412510109 -0.02915812391960295 4.949853833136253
1.4725549425028255 5.438578213744139 0.0077165110477126955 -0.02899060981163604 4.972530212805435
2.3785736476064736 5.168054465306391 0.006458383672123527 -0.029296574549657648 4.929366966814616
5.232712643169597 1.4255949797598695 0.007016404537942544 -0.029167963030694122 4.948455595398864
0.7991789190097394 0.4789644717537518 0.0069407708418948565 -0.02918605317819287 4.945863360669926
4.7694780706577395 3.358717168530159 0.00581759363169746 -0.029430521645673103 4.907545196163479
1.2189100761396998 4.072344589277167 0.006656437854190723 -0.029252210772748387 4.936132382204547
4.55637769721259 0.5737779567629414 0.00645847873770616 -0.029296553592438095 4.929370211754275
6.736910525725603 0.4755957014885336 0.00831615665683428 -0.028824321994784036 4.993273093220052
6.410438456859293 1.5378229204613092 0.008133087542768822 -0.02887651099114397 4.986927656236739
6.744136943827984 4.809544876538186 0.009805253063027269 -0.02835237225295256 5.045348852026843
6.31292374971774 4.431876327482985 0.009892937262432202 -0.028321895987408408 5.048443170918434
0.728644469784233 1.9556345464920777 0.007178839255029163 -0.029128409962619867 4.954028302185843
1.3899093465014678 4.295664143101865 0.0069490778554363265 -0.029184076428064063 4.94614799301669
2.5053770250529497 4.187378772735708 0.00564589905543053 -0.029463941078136317 4.90171462799384
1.9262498894041191 3.3408449454095246 0.006128473899827024 -0.02936735956226128 4.918119637448861
4.9391604068406085 2.22196083079945 0.007219969434470328 -0.029118242415456914 4.955440578116756
1.732634870258367 0.29113329143596417 0.006419397507337199 -0.02930514179530263 4.92803642015263
1.0710047437298595 0.8521498218364938 0.006310317090160287 -0.02932882367606364 4.924315699902524
5.886622319711806 6.5342112677022515 0.008249480001214188 -0.028843475513702695 4.990960654431378
0.1269957546721499 3.0776003113633132 0.0070197763753946495 -0.02916715172311913 4.948571197723898
4.1779628091641365 0.9615288205028582 0.008486293081387363 -0.028774690784381975 4.9991806920323985
0.2486772038196582 1.2609422378913058 0.0064868770992696926 -0.02929027868592189 4.930339656874792
1.1862568930286286 3.2333497632828596 0.007258305538426531 -0.029108710048898537 4.956757360012232
5.300550557537563 5.047779535977396 0.0073163653125448294 -0.029094171213722358 4.958752441822637
6.267300887287108 3.101763544424645 0.006636739949342275 -0.02925668612206113 4.935459051988131
6.830676489477873 1.0965073889595696 0.006898816508279262 -0.029195998540640693 4.944426126959957
6.034525446326283 2.6899862291382655 0.008095003226683764 -0.028887210366526903 4.985609032378317
4.231043844459686 0.6935492442177007 0.005762136079198951 -0.02944142978533471 4.905661190801105
6.2709554597684365 2.8474776140083695 0.006272335058749166 -0.029336970070387058 4.923020838836863
1.835266738452825 0.2311242498460601 0.006878461498345541 -0.02920080080093315 4.943728999400267
5.80339242285149 3.2828633022478786 0.0057635779481515406 -0.029441147552967107 4.905710165184274
1.5398010609838693 0.5254249989856127 0.006755465775292344 -0.02922950020371292 4.9395190076913975
6.173715960233624 4.543997048462339 0.007599614385191929 -0.02902147241606435 4.968500138385863
1.9484280615845369 0.7555783204643985 0.006903349478521092 -0.029194927058949858 4.944581389791851
0.9353816623449277 2.517526018565694 0.008469672869099212 -0.02877958723627642 4.998603142894516
2.035315629070958 3.1709977533833986 0.006551775944250195 -0.02927583016715913 4.9325559153794885
2.7287754650921223 1.350412394637124 0.006148556449907924 -0.029363161505231272 4.918803525448938
1.1348222120399165 3.075654156997028 0.007828119434685421 -0.02896067240442287 4.976382008476438
1.5820462832084532 6.2472558303497525 0.007340240579537787 -0.029088156838041605 4.959573146887295
1.7780238302176594 6.629846099270731 0.005580645517134398 -0.029476370122728607 4.899500404474951
1.4082634730346235 3.420183167616706 0.007057629675003478 -0.02915801542235874 4.9498692066674375
1.301641753918872 2.0510356063495823 0.00856409380476944 -0.028751631211169734 5.001885564280391
2.2079967599173256 4.635792119508525 0.007620060793192072 -0.029016110585467117 4.9692047303449645
3.8774601756639995 6.203492365423397 0.00804177681132414 -0.02890207303493729 4.983766946885099
5.354637745778476 3.466711591426024 0.00787626930202891 -0.028947614441986697 4.978044977936225
1.9106172554842404 3.0135329067518044 0.007416136915668483 -0.02906889941583718 4.9621831927848525
0.9303488089994915 6.536137683499881 0.007816937878454833 -0.02896369248221604 4.9759959341150335
2.404887348217775 3.0101603021202252 0.007670339452866618 -0.029002860077547484 4.970937909907233
4.570266227927907 0.6968180782333946 0.006383949434075452 -0.0293128843620543 4.926826960494418
5.741165032927557 1.392493674115424 0.006854551574965483 -0.029206422627671095 4.9429102677215155
1.9320372660617715 6.296093660215324 0.007575472872033214 -0.029027783428382692 4.967668378825273
0.5205972928227862 1.4746010666503548 0.008742995094569214 -0.02869773574302228 5.008113682047182
0.5928733647177281 1.8605228990754827 0.006723329099035279 -0.02923690896497209 4.938419686782946
4.981618917698331 2.166807294989846 0.00662414920287535 -0.029259539424571362 4.935028718481313
5.233062155460693 6.860181157525622 0.008381228474623623 -0.02880546839154257 4.9955313624137725
2.424605306326641 4.133587116620026 0.007354734863373284 -0.029084495441548945 4.960071466388558
2.2585957559170913 4.614499526872459 0.007175509914800953 -0.029129230292999388 4.953914005066702
1.9481113423663372 1.23206070861905 0.006657662940627305 -0.02925193197327311 4.9361742625357135
5.3398479593851595 1.0021915730320232 0.008345852291835718 -0.028815737879201712 4.994303474952447
1.062432040860243 4.411659966701261 0.006028075613234929 -0.02938813203320555 4.91470214621013
6.96216038921553 5.433561918303137 0.009902951056423217 -0.028318396147629658 5.048796763511594
3.055553449013096 4.1755355360934185 0.005537700321310101 -0.029484468371523367 4.898043668467574
0.6892273810681833 0.2038977735712263 0.006890699109234461 -0.029197915435626484 4.944148104870333
4.910305915021691 6.9370030343777405 0.007754485934068713 -0.028980475287654107 4.973840344601628
5.8517623936451795 5.639739716189824 0.008471368156856621 -0.028779088268237333 4.998662049314515
0.42296025258038616 1.2090941010941643 0.00694095732041802 -0.029186008830878803 4.945869749977302
5.07003003537805 6.2168852921642435 0.005788570781455218 -0.029436243787346286 4.906559144095655
1.2775439221624696 1.202360569692603 0.006884282866644865 -0.029199428922703604 4.943928360543454
1.8570101000911792 4.960421287812547 0.006705869220998872 -0.02924091855586722 4.937822541565423
0.2200575733110225 0.6714335196281446 0.007382858140349727 -0.029077369304658075 4.961038535615357
1.3110295522434205 0.8796399624451691 0.007880650462641742 -0.028946422029080977 4.978196328951685
6.121941035573133 0.218565687970544 0.0074842793900378 -0.029051429603581567 4.964528067437006
0.08433635061585197 6.165453375146883 0.007440956262928578 -0.0290625561486457 4.963037096940907
5.313158402060486 2.1637179778695455 0.007598852920995158 -0.02902167180375871 4.968473900517225
4.537361998561786 3.3473096968109455 0.007683222134383127 -0.028999449953985765 4.971382122604888
1.88320271766415 1.2727917144995846 0.006744346445006389 -0.029232067854151708 4.9391386097472
2.308966777067278 1.0352772206191274 0.007188538699111004 -0.029126017774000333 4.954361304993323
0.19289275138493436 0.422824178238009 0.0064512235839212445 -0.029298152062378582 4.929122573211961
4.843836872994865 1.0257879132822734 0.007138376569917598 -0.02913835238900874 4.952639425338248
4.62452985638106 3.964132889728103 0.008011479735912427 -0.02891048585619177 4.982718833007448
0.6703626270216246 6.906878988300827 0.006895301657245604 -0.029196828852729638 4.944305740563672
5.981296372333151 6.71542124461963 0.008952561762796891 -0.028633051494440946 5.015424439318432
5.070348583986324 2.922045745997614 0.006982351776811666 -0.029176133459813604 4.947288287674089
4.139233375568538 5.888961115525554 0.006988693117132155 -0.029174615139099084 4.947505640165627
0.15732848464238072 0.4204212966161344 0.006335650565621275 -0.029323361538376575 4.925179554294068
4.925082341698722 5.223294687869389 0.007482510575735681 -0.029051885231151583 4.964467182294511
6.054452194405245 2.7124154563701586 0.0071615314812052844 -0.029132670094649846 4.953434156890297
0.5877757324459023 1.9980713963148669 0.009003397529289966 -0.02861710734734689 5.017200355897903
4.718161313912933 5.709085512409741 0.008902386340195396 -0.028648691374125665 5.013672557924603
1.6953426949488943 0.5456768315499577 0.00753531350830432 -0.02903823428398439 4.966285147844128
6.5490647192234785 5.910197938496708 0.00881972583739559 -0.02867424691518814 5.0107885311118885
4.5276720877797905 2.179849367946795 0.008328696731407011 -0.028820701080234847 4.993708172389284
4.822005735791497 0.29807849509588413 0.005750968319294492 -0.02944361328693323 4.905281883622647
1.5329556981771693 2.0217365908557223 0.00846090154889169 -0.02878216713487645 4.998298380809501
0.29978916860381954 1.146465986249094 0.006330771320208154 -0.029324415330765418 4.925013162807048
2.29587643470991 0.3881234179038456 0.00703130859470889 -0.029164373805140628 4.948966600349135
1.0674609949294274 6.47606996129398 0.007423523488040614 -0.029067013933710306 4.962437306701941
3.6655030513999427 0.7815296744778307 0.007330820757286792 -0.02909053225749802 4.959249323084624
2.1326959718289777 5.46350654544831 0.007519493812396376 -0.02904233483735997 4.965740397826831
1.1434612956960382 1.2245218828885929 0.006319703978696103 -0.02932680244454981 4.924635767697432
5.762138794023929 1.8061586513256598 0.008070630062674139 -0.02889402932080364 4.984765396530559
4.635406707755161 3.8382563617140852 0.005904285886077458 -0.0294132522543065 4.910491716616284
1.4962543674226882 0.02503354246514748 0.00804633009859295 -0.028900805731752136 4.983924492230818
4.724762381835847 1.4152337583325454 0.008643258306734018 -0.028727932153969474 5.004640089446395
2.725110214502236 0.19377130793569905 0.006466668102128484 -0.029294747031795885 4.929649753743674
2.1540820544159343 6.223243182034773 0.006324460010376615 -0.029325777152142907 4.9247979440826075
1.266668214359667 5.247974758757896 0.005664400149625111 -0.029460389864102734 4.90234258908532
2.855558521885543 0.5333512412189467 0.008171772981884887 -0.028865587233460815 4.988267594843663
6.15010594199251 2.207624609552444 0.008264066163264994 -0.02883929975656792 4.991466391600631
5.330890792975967 1.5661015150824544 0.008940585466072041 -0.028636793317755767 5.015006198389386
2.4998950995122846 2.8714269005565596 0.005556644693575699 -0.02948090398460259 4.898686227680102
1.0934851251487228 1.7855554424063786 0.006678393440296191 -0.029247206038468164 4.936883007980713
1.1537372754848725 5.36231135451765 0.005910114958056734 -0.029412081551337947 4.9106898989837475
2.7719830402429797 0.03490129472795451 0.006787120224671187 -0.029222166227982814 4.940602105854949
3.6214155778380053 6.236818259818372 0.007730045125204754 -0.02898700402529206 4.972997085322276
2.5593837457499777 6.081372455559377 0.007373346670210855 -0.029079782648446503 4.960711440159867
5.150295212680282 5.475197340132874 0.008732902899509518 -0.028700808472022846 5.007762028704969
4.396167310018505 3.3301566307959787 0.006311146078655563 -0.02932864530069315 4.924343965305368
4.563501696400297 0.7698346469691344 0.007727168656504765 -0.028987770948348725 4.972897853589201
1.4109437745871147 0.062321401056053397 0.007034182851615981 -0.029163680693801864 4.94906515521881
6.326819093748828 5.320500156739608 0.008456595634873125 -0.028783432565770272 4.998148780560987
3.5241558161702726 6.8225839740508825 0.007377272578025396 -0.029078786929813877 4.96084644718762
1.2122806974497047 1.2575070460688142 0.007232557565761998 -0.029115118255949757 4.955872912124288
0.6481572523006475 6.084247643941141 0.009000305456255596 -0.028618079979168688 5.0170923079233685
4.958546602921366 0.8783908204983871 0.006420709060959096 -0.029304854463970943 4.928081175440306
1.498394387544097 3.17817223048429 0.006792342683737713 -0.02922095277137066 4.940780825236873
4.1425283658091185 1.564094811728927 0.008019499958750082 -0.02890826214789826 4.982996259380833
5.393454866249459 5.300425105454277 0.0075958931990369955 -0.02902244659757036 4.968371918713138
1.9154153581055142 2.796090827858967 0.007399665392647672 -0.029073096706007297 4.961616596393988
1.9477567611286628 1.9382765682055796 0.006133481793660787 -0.029366314053466628 4.918290166329938
4.746287982151208 6.92585654507701 0.0069669641053713175 -0.02917981170526067 4.946760914806074
5.8978623518678726 5.023457192212173 0.007613342644677214 -0.029017874039542237 4.968973205712346
3.757819626959325 4.801675289723659 0.008245930422055608 -0.028844490487346414 4.990837593092934
5.958997876107159 1.0460415884879786 0.009125455080908357 -0.028578419647809845 5.021468429740135
5.846298567574281 5.054680578544623 0.008002450333679058 -0.028912986505323174 4.982406523774149
1.7572937780806155 0.7051004377078347 0.008540039436841567 -0.028758785204128334 5.001049042202322
5.849327768247613 1.741095782929191 0.008367626357033565 -0.028809422575766373 4.995059188740996
4.722959334300711 5.494181853626879 0.008456924903630434 -0.02878333582429867 4.998160220103852
2.414840767144904 0.7965721444239142 0.005960984207859022 -0.029401814013316513 4.912419736350548
5.5620856425157505 6.075477669180733 0.008740986251713932 -0.02869834767625739 5.008043682746366
6.168986714693436 5.447323890351174 0.010670377638522684 -0.028038242474365524 5.076029727404367
1.75536471880963 6.79547174433666 0.007493608398715373 -0.029049024650867408 4.964849201194637
5.597843037860415 2.8239317280006087 0.005969916028162173 -0.02940000174518179 4.912723530378649
3.9859392611092463 0.271235936018407 0.006656040086028846 -0.029252301283372167 4.936118784341822
2.830945361401127 0.8736451107061232 0.005678953123765347 -0.029457588010868705 4.902836597005115
3.550576089574805 0.036196267132316155 0.006778618365185136 -0.02922413956062992 4.940311176965214
5.675080253400808 0.9160946616996991 0.008246147068087961 -0.02884442855269392 4.990845103929884
2.8468761933275766 5.554838557988147 0.004434110797790238 -0.0296705015365922 4.860736185433375
3.1881910527220945 2.5769862927705085 0.005857823678110355 -0.02942254070871803 4.90891233114465
0.1825968124704049 0.6985900603914834 0.007383599366226692 -0.0290771810944434 4.961064027201891
4.8188750163551815 5.107805519717024 0.0079698873341624 -0.028921979459932506 4.981280457715933
4.0316839579279105 3.171889847825477 0.008072480589404156 -0.028893512371009743 4.984829442401874
4.265723030991297 0.16759512660805093 0.006598146186076269 -0.02926541417624509 4.934140105556803
0.9623401129628228 0.5112921811215385 0.007407155600409468 -0.029071189275833256 4.961874238485343
2.870360856388328 1.7731943841353803 0.007463878999093687 -0.029056677550726412 4.963825914463694
6.885889222910465 3.314725481988664 0.0067070888929396735 -0.029240638819666806 4.937864252901282
1.4703286045647719 5.225651997108736 0.00702594312601733 -0.02916566685659647 4.9487826310387915
3.9836032984152 4.035722007732223 0.007098528185724728 -0.029148085659207047 4.9512720960136605
4.125334277262794 6.202845576003104 0.0061908687547573 -0.029354269605312438 4.920244743047364
3.716388712975084 6.62207778677324 0.006222760880360699 -0.02934752539867463 4.921331323873842
1.7875773356334188 6.373474150828783 0.006582425478497933 -0.02926895411216501 4.933602961049736
1.4786032035842127 0.37189698462046644 0.006913961832499476 -0.029192415655076243 4.944944905354239
1.7687335737672003 4.12840652660064 0.006392118183007885 -0.029311104126840053 4.927105643302945
2.0790907133515653 6.345390024099743 0.004965031048643385 -0.02958628849122524 4.878655011096422
0.7838131893712474 5.952756360759848 0.008210970676059233 -0.028854461709706097 4.989625794944541
1.0556250497219495 2.6411852097063044 0.006855232970847379 -0.029206262700239603 4.942933598129219
2.9420604626317854 6.882813064256532 0.006730249335882701 -0.029235316722704588 4.938656388455705
0.5805742214968801 6.326476347212307 0.008478440586759391 -0.028777005494262098 4.998907807127626
1.6529426583061317 1.293602941085728 0.008632633632987318 -0.02873112661485129 5.004270272263404
0.5062229236771784 1.1338603529110074 0.009165385646319904 -0.028565638553237925 5.022865969927847
1.2031858941685079 6.952481997444492 0.006142320673530028 -0.02936446656664353 4.918591162833277
2.6419123740859716 4.519472201044083 0.007072738735606036 -0.029154354164993224 4.950387417824739
4.617867361593092 1.3600156420075873 0.0058746624850345005 -0.02941918320903774 4.909484673535163
1.1404369782185972 1.8053681822873073 0.007993759760215742 -0.02891539045034591 4.9821059594541595
6.7197102557889625 2.594729136715583 0.007176145479444358 -0.02912907372468013 4.953935823918249
2.272664156659358 0.42723078686395244 0.008268294234605445 -0.02883808784316308 4.9916130026559795
2.8819356659836277 5.498643033355032 0.006747745275210482 -0.029231283476797158 4.939254881911655
1.6246991338966916 0.31463899043280863 0.007875122437494884 -0.028947926464506307 4.978005359529837
2.545881159748958 3.8035539434742174 0.00552874275750438 -0.029486149350522912 4.8977398709466105
1.6210979991348922 0.806354689632054 0.007702285586429682 -0.028994392505191025 4.972039552792355
0.8704241308519003 4.470887044930866 0.006156041908617412 -0.0293615930770002 4.919058459121192
1.318107185993407 6.625795849716506 0.006555285620101635 -0.029275044499349416 4.932675800039358
1.8262722898010377 4.683787136218028 0.007104853281676192 -0.02914654456099136 4.951489100423938
6.274582469136853 0.735017887947901 0.007465104150698206 -0.029056362814695653 4.963868078893454
4.198985550666121 0.41086752728490855 0.007169983025844175 -0.02913059119566759 4.953724272630214
2.4935835070325205 2.4631300283387714 0.007703036451905741 -0.02899419302930522 4.972065449801882
3.7423553277100345 0.7664218923520347 0.00775462847146287 -0.028980437147661825 4.973845262998809
0.29615511751879015 1.359356674100608 0.006958169485962652 -0.02918191010548518 4.946459531671059
6.812195915163696 2.1840020419500683 0.004866091320804272 -0.02960272209202379 4.875311835236191
2.6865049707383526 4.061483026928204 0.007914649326322541 -0.028937144400257294 4.979371061673534
4.586823462664802 1.1077937498839703 0.008367590617233038 -0.028809432956280023 4.995057948181801
4.079480336598428 2.4562326610154135 0.0072920710388120445 -0.029100269757597066 4.9579175073541215
4.311873999684971 0.13321107439307622 0.005298913377090489 -0.029528317206066645 4.889950993679433
1.5745149458453522 2.390488372038262 0.007025886352134056 -0.02916568053323797 4.948780684439379
1.9710399139243957 1.7089808716673376 0.00806259138112937 -0.028896273465984126 4.984487194787177
1.387575097192768 6.79617009578716 0.007119584156714504 -0.029142949772379936 4.951994538835891
2.5396702000296165 2.818355440227771 0.007495465573836356 -0.02904854550285494 4.96491313416517
4.907197421580294 5.617836029913951 0.008090296604415945 -0.0288885288800343 4.985446105090192
0.6104079192202544 3.6262702999212704 0.0064926049358671675 -0.029289009562406737 4.930535215296565
5.856310144623748 6.189124033646737 0.009340328937950351 -0.028508915365739313 5.028996293574413
1.9887361083527446 2.682065121413827 0.00724884922916748 -0.02911106636406159 4.956432511317905
3.9861972906211722 5.772390743390314 0.008423305124792883 -0.02879319243805101 4.9969923909195915
4.52459059957823 5.069063430899761 0.006580847526915638 -0.029269308940039707 4.933549049249159
2.209388005823234 6.504370410947418 0.0051801136798153334 -0.029549389541311845 4.885929187699327
0.2243051607389126 6.098171619049972 0.009262965097384335 -0.028534145818731628 5.0262838236779555
0.9107655520481313 5.327442544307834 0.008768894360006151 -0.0286898325492334 5.009016290903047
2.1583837759649316 0.012112818801680428 0.007088133281474618 -0.029150615200781813 4.950915487582027