300

4.795062698508206 5.428842235480042 0.007582596806568275 -0.029025923338784943 4.967913804480102
2.6688760786804537 1.9331597367659104 0.006901799590586837 -0.029195293497606346 4.944528302548161
1.2273339651692035 5.067823920531061 0.008125256192014298 -0.028878715549936308 4.986656465171426
2.583017292392873 4.720268599646977 0.007470123158822194 -0.02905507287879396 4.964040816257507
6.337980960675904 0.5865381582675884 0.009464442487193147 -0.0284679526556901 5.0333529160861366
5.053218712895733 4.407757711829381 0.008810929351290502 -0.028676951092585966 5.010481772531714
6.070561665678125 5.414999593140617 0.0065456739222301465 -0.029277195099664793 4.932347488164322
5.792266204518021 5.592121554421217 0.007372050220343099 -0.0290801113400334 4.960666857896088
2.4974009613570285 1.4411445697659242 0.008109566994142586 -0.028883125232002045 4.986113227723537
6.4943292714714085 6.617367066680947 0.007953387457324853 -0.028926521186510963 4.980710006409305
6.350750764630203 5.063707132919415 0.009596346511903601 -0.028423760019101546 5.037989928478982
0.3497129468851071 1.5443630844503224 0.009157489274660858 -0.02856817092822835 5.0225895531553455
2.3107743619999903 2.811312052953243 0.00621064012906347 -0.029350092830982093 4.920918334335577
5.139547867734958 6.8346300077163225 0.008198292062180734 -0.028858066589139066 4.989186423665956
2.8231830224285015 0.42214116398280016 0.007901390861727683 -0.028940767482052134 4.978912908850402
2.7380428645550676 0.09653874485205372 0.0070257319978839486 -0.029165717716077375 4.9487753921181
6.468111573647206 4.629393385614735 0.009517722267064778 -0.028450183880724202 5.035225070290467
1.0605877328886995 4.4319603223794175 0.007656638323892454 -0.02900648013077597 4.970465533263396
0.1946232196659333 6.037610979647521 0.010541137592843898 -0.02808708632536905 5.071424326598213
5.209886116285671 5.232108569451542 0.007872089235499943 -0.028948751459576382 4.977900579701323
6.692427763982521 2.4688417360137644 0.0074183513231588245 -0.029068334380321616 4.9622593714175345
0.008460311254287192 2.487173388237494 0.007067112104908227 -0.029155718589955207 4.950194427817541
1.95240073367898 6.784014873510192 0.009119292264529288 -0.02858038678174416 5.021252791355076
1.710569633486313 2.6555878286457744 0.00830957189512617 -0.028826220961474105 4.99304465611116
6.632253219319286 2.211325918975167 0.007677927026008129 -0.029000852342358732 4.971199533613085
4.238371056959565 4.896928191208414 0.008247731619645855 -0.028843975508419325 4.990900038767596
2.8777245243390035 0.24399362998929006 0.007255963042774678 -0.02910929405399396 4.956676886774213
4.488690051926683 4.692282598529825 0.008336208691975407 -0.02881852918946131 4.993968826825185
5.711874003360711 6.299199187524772 0.008929457308447485 -0.028640265225318946 5.014617625450496
5.925089089383893 6.140904909817913 0.008541931095284314 -0.02875822340067993 5.001114819560636
2.184081150506118 4.516639509287348 0.008648365866577287 -0.02872639496765685 5.004817884926238
3.9507748562465665 0.5445342234212042 0.009271715165504514 -0.02853130382386605 5.026590491481553
6.1141853800579975 5.126087413922866 0.008278467477110607 -0.028835169086211754 4.991965791554727
6.613844158389482 6.452540189794235 0.009890960995676094 -0.028322586226932282 5.048373393009693
2.0693551614886165 6.741600748930475 0.006991956482251334 -0.029173833216605313 4.947617497985594
6.596445313121514 5.056905658941192 0.006875061898375306 -0.029201601392620718 4.943612579532634
1.19034042880256 5.237052153877075 0.00886540720849843 -0.02866015622824663 5.012382037241957
2.81626155788831 4.368622436567874 0.0075353692381521144 -0.02903821982223963 4.966287067033192
5.814219113299181 1.95042210226439 0.0084570293839788 -0.028783305126383926 4.998163849995978
6.349853131316768 0.8049524855223658 0.00941208406355878 -0.028485306274999095 5.0315142712090175
4.191215727660162 3.3062841038731245 0.007000474975559886 -0.029171790313872747 4.947909499089793
2.063474840046249 0.6392967024478529 0.006674803376340553 -0.02924802557245861 4.936760260746373
6.640689392197066 4.544206964644765 0.006821601603928323 -0.02921413615969643 4.941782241279209
4.76513059323703 1.2542399792241083 0.00873918766649806 -0.02869889543048178 5.0079810112618866
0.6909428818938305 4.882812799823636 0.00734077835663304 -0.02908802112758425 4.959591634767182
1.3014496543083787 2.454456620293394 0.005770638016887964 -0.029439764552014462 4.905949973585679
0.19625592780807033 4.691800600834986 0.009673206215092335 -0.028397695003649484 5.040695232532954
1.860648871519332 3.51861019932149 0.007055822973946416 -0.029158452670886528 4.949807244716875
2.1279267826223593 6.361601330963292 0.008096263005267942 -0.028886857311752168 4.985652642898905
6.351636077082741 2.0726018686697163 0.009039816603322598 -0.028605623848787023 5.018473244079017
1.9415946490075153 0.44037015293264764 0.007693405843470245 -0.028996749930425957 4.9717333079929915
5.057159433349454 2.4417583516337276 0.007211419160695766 -0.029120361153130467 4.955146949039504
1.9003721795646602 4.044338320263665 0.005693335987881002 -0.02945481158196567 4.90332487668577
0.940487112966912 0.15039384586690221 0.005559409930897193 -0.02948038265050577 4.898780026085031
6.552161169992928 1.057481339096684 0.00806538960570998 -0.02889549256386029 4.984584032962255
2.6131125636670642 4.953365348656602 0.00918617511057269 -0.028558959834663004 5.023593833717586
4.542679010763122 4.856908050210103 0.009559603044440973 -0.028436138796129034 5.036697507524542
6.191396121075104 1.3454702273745094 0.009622508038697408 -0.028414914024948303 5.038910482147283
4.6906485192618455 0.14116570028478279 0.00943716796360382 -0.02847700582622284 5.032394990319544
0.9389986502706702 1.0297982514777617 0.006562773793653748 -0.02927336673724653 4.932931594290752
5.84287104417042 3.7852799511074235 0.009238585177026436 -0.02854204869883778 5.025429529901672
1.4679842849850537 3.413948595384849 0.007040191787723422 -0.029162230703292772 4.949271202100625
0.44321440403711293 4.643019520739701 0.007581738220241111 -0.02902614761830676 4.9678842246111
6.50706703793953 5.150820334130251 0.008993916660385211 -0.02862008845384733 5.016869072413961
6.5319818241001775 1.1620100949092524 0.007661598085308261 -0.029005170483539667 4.9706365251710976
6.083669724178082 1.8792912211623407 0.008023029870159243 -0.028907282675867903 4.983118368803672
1.323243954065045 6.216263349480669 0.007998261030724997 -0.028914145681385537 4.9822616332084815
2.9864270290279076 2.098325144095253 0.008270374275965284 -0.02883749138422848 4.991685131670956
4.366913045563044 6.98301850623119 0.007628797022819844 -0.029013814916081182 4.969505824288693
6.451150933201417 6.716665137262684 0.008480424734091527 -0.0287764208394548 4.998976756882932
2.0600309214008172 3.891613707473928 0.0072958388317948325 -0.029099325348545018 4.958046985676803
2.9988604402773333 4.594343728925641 0.007850339808592899 -0.028954657050112364 4.977149348419989
3.511101584859239 1.006678893951024 0.0057528887374629425 -0.02944323812311363 4.9053471076284065
5.437144773324332 6.120549653491266 0.00768943655802783 -0.028997802768831727 4.97159642322532
3.5025612179829815 5.805965214647616 0.006629102938971502 -0.029258417493509783 4.93519802501029
5.94081292258076 5.858373258370967 0.009329483163421044 -0.02851246646474912 5.028615882786378
0.14557849605171985 4.85110955217384 0.008220831665742973 -0.02885165379529426 4.989967560786912
2.850756190856154 0.20232603364942722 0.006558032327790813 -0.029274429319589658 4.9327696252271185
1.6299121945404502 6.728752918199185 0.008090790788760625 -0.028888390478053742 4.985463211725512
6.721665760182456 2.7051447261549 0.008915604916931 -0.028644580446660337 5.014133993485219
5.504057182140464 0.24222042369948454 0.009388439739756583 -0.028493107925478385 5.030684331563389
5.941359778044112 0.8438083169230135 0.008762011877113743 -0.02869193524085327 5.008776406942533
2.459722830784698 2.29110947048242 0.007044993636591492 -0.02916107104789509 4.949435865235703
6.173785516812954 5.222124807688109 0.007220596537391991 -0.029118086915939426 4.95546211460193
3.316085379069306 4.055444930471616 0.006975529126238713 -0.02917776539437171 4.947054450666594
1.3332913598049771 1.4780331393664408 0.006879044197800994 -0.029200663535692138 4.943748954360713
0.2756526791291328 4.184387145058369 0.007713439973043781 -0.028991427073917043 4.9724242808709604
3.1823300655205795 0.9119392882495796 0.004661875813491692 -0.029635568391707643 4.868417149496042
2.596647787865123 3.890086341729884 0.0057587550888430344 -0.029442091295061302 4.905546354246151
6.143983969711172 5.922640694953257 0.007519108601965873 -0.029042434571362002 4.965727134094035
6.606016707693053 5.774996614896522 0.009352677845114675 -0.02850486655161713 5.0294294838156475
2.890286508062451 6.811144753534593 0.009306883501888323 -0.028519851322934327 5.027823361590449
1.1181308056968127 3.0132367373705846 0.006455910213972102 -0.029297119710120494 4.929282539362781
5.588996015948124 2.367886265859959 0.009404027220534603 -0.0284879671446638 5.031231442349559
6.574272228339929 2.1172167484612276 0.008347776527581237 -0.028815180496494616 4.994370252848723
2.5502847185605675 5.4065451518716285 0.008343354163918555 -0.028816461290301118 4.994216782861859
5.041516063670189 4.440367426279077 0.007768604074282089 -0.028976693923514596 4.974327536786005
2.0074037841929186 0.31560719170467677 0.008985485438847777 -0.028622736616687343 5.01657449500741
5.2862884196477395 0.9877078681470617 0.008896450202566256 -0.02865053531425301 5.013465360098349
1.866218703929392 4.552818630224099 0.00711199574915174 -0.029144802563476863 4.951734161407845
3.949763920269985 4.42812015811609 0.0070534954499366686 -0.029159015791650488 4.949727422184455
3.671827978491524 5.5042548154155355 0.008028371720983044 -0.028905799548009734 4.9833031661057055
4.093701566611187 1.7949085494345074 0.0055104886583528 -0.029489566201390028 4.89712083314782
3.7506307145397324 1.437245812051247 0.007567669206486011 -0.029029818855466585 4.967399553893025
4.910697503169587 5.901997905984426 0.007597130451100048 -0.029022122749877692 4.968414549818055
5.497932461505058 1.2224834590143066 0.008512643530451922 -0.02876690633563948 5.000096566757518
6.710977133876011 1.136203056163368 0.007227566813798038 -0.029116357566702694 4.955701501323473
6.0176281701434835 0.26314431475953926 0.00778859938404922 -0.028971325817690637 4.975017648685008
2.169534552926847 6.178841835502213 0.007853506827373569 -0.02895379820528555 4.977258728605095
6.015041105518825 4.263415329674871 0.008284750666047702 -0.02883336446551845 4.992183698566585
5.317030666498051 4.814798648536055 0.008149988114902602 -0.02887174559542506 4.987512975089644
3.1943450899737202 3.507674424916354 0.006109742308979856 -0.02937126229697766 4.917481842770698
4.208173941602524 6.994235949066392 0.009129238032642463 -0.02857721142699816 5.02160080345931
1.5154700947533362 4.947344931744032 0.007452444708742426 -0.02905961231439843 4.963432417554987
4.453938925992972 5.212489566092843 0.007660150588886612 -0.029005552795207678 4.970586620727935
5.2825649159085355 0.15514106666381192 0.007157522605166312 -0.029133655283134885 4.953296551643813
2.6589221684221633 2.035657931045788 0.005958455359790147 -0.029402326603950715 4.912333727166816
3.4442794969827326 0.04316794528242769 0.006637038704493016 -0.02925661834927375 4.935469263517062
4.051191276889022 5.052504603853843 0.00811201874594085 -0.028882436736977442 4.986198114002255
3.251770833069001 6.641496888395615 0.008799780460596787 -0.02868037419290932 5.010093020423842
1.5524133359749528 4.675895906571757 0.007610162896443597 -0.02901870811544844 4.968863628335031
3.4208338357137302 6.780844930034127 0.006373528058218523 -0.029315152056421285 4.9264714522296424
6.148271545271493 4.211400240633458 0.008159945948781736 -0.028868932819087034 4.987857890807778
2.9993826315763363 0.22870956238990617 0.008084608364540825 -0.028890121280326884 4.985249207452711
5.785060187935815 4.487922718667125 0.009441341856750307 -0.02847562227492096 5.0325415645261495
3.5901576848647023 1.5441118303173973 0.006232722104760937 -0.02934541148399225 4.921670759071113
6.225182038251442 4.725939187039035 0.009263084591866453 -0.028534107027273978 5.026288011452284
5.102754473645417 6.458599460585819 0.008886625153038877 -0.028653584302655345 5.013122451089476
6.078214502718703 0.08035836938875807 0.010664429980925266 -0.02804050522337182 5.0758176093447
0.0018774417062132898 5.3202296709581 0.009509386792646953 -0.028452971072066124 5.034932099738478
5.261448080910938 0.006337602011837383 0.009956748984764882 -0.028299525608292152 5.0506971480711975
5.825592529212613 3.208804359346614 0.006635689568059778 -0.029256924376228316 4.935423149869856
6.042506874703737 3.5968334829519857 0.009117366182690474 -0.0285810012751606 5.021185400345041
5.5000991625611775 0.34150203978039095 0.009702473321547625 -0.028387708809353682 5.041726029248259
5.476734352763777 5.994912681634723 0.008796365979213454 -0.028681421609811047 5.009973969709633
6.381538928202865 1.5780126891483024 0.007159808563263039 -0.029133093576505485 4.953375016913982
1.2003202255254686 3.18441748666937 0.006667104988205721 -0.029249781385101706 4.936497058124232
2.5482134922276143 0.41255482647635056 0.006539864351679924 -0.029278493374175287 4.932149059260741
5.998240769548966 6.934425844039096 0.008292367610820982 -0.02883117478367829 4.992447879806153
5.189861131530019 3.502114888814765 0.0071473974673316966 -0.02913614094975483 4.952949025536386
6.480194549210926 6.927128945622468 0.009656829897918702 -0.028403268057085672 5.040118611439317
1.9120648426876778 4.683752231011636 0.008641850440294979 -0.028728355695507066 5.004591082923647
3.0171815858398223 5.361725634551174 0.009227738417498332 -0.02854555733732003 5.025049525899027
6.1924310842585895 3.2609516604891775 0.0062662422595799105 -0.02933827206814087 4.922813160132003
4.726867523797862 5.426724583679785 0.007905521218144767 -0.028939639497918127 4.979055629215567
4.781916888598375 5.808032546276913 0.008205355974117659 -0.02885605886703885 4.98943121337197
2.234150618481571 6.1282038657258155 0.008266373078783055 -0.028838638596895845 4.991546384595619
2.551240485247501 3.839998130970988 0.007248671754140603 -0.029111110555949664 4.956426414842772
6.611242195805635 1.0770127029127843 0.00934697973360193 -0.028506735517411227 5.029229590766269
6.433148315309669 1.5575589521774105 0.008266768439734177 -0.028838525266799184 4.991560094040558
6.186872618010656 5.1929936422953045 0.008371373675226964 -0.028808333912076847 4.995189263857298
2.6313635000734026 4.9771838071793315 0.009067721598648716 -0.02859679046692827 5.019448901958019
5.130236663510574 1.3256921976381735 0.009072109335468606 -0.02859539879430436 5.019602340281257
4.208160016840598 2.394310670331333 0.007859934465794909 -0.028952053989197542 4.977480731672189
0.28424524343532726 1.1297505761115687 0.007920304110824943 -0.028935597156306444 4.979566483018102
4.907282958981777 4.158613869453775 0.008548251225238715 -0.02875634540393137 5.001334594482375
2.23599084019644 3.9189755187485042 0.006197939743266683 -0.02935277743142606 4.920485633667216
3.1869084837531387 2.6212247041827363 0.006700060449100464 -0.029242250084054743 4.937623893919805
4.603645680381424 5.154375359787157 0.007309027863847791 -0.02909601539189682 4.958500253297864
2.369189891837722 3.1912153848481295 0.005154941454322751 -0.02955379127290617 4.885077381633264
5.4878302052786 5.1560461839008065 0.00851234397716503 -0.02876699497713347 5.000086153652199
5.989911034155195 1.892356230098676 0.007836860921378237 -0.028958308149803477 4.976683860703215
4.419428372229157 4.621459230104467 0.008220121085971465 -0.02885185625452836 4.989942932137082
5.561895589971951 4.843600531301561 0.007678220708906866 -0.029000774588712516 4.971209660325533
3.4253669750694704 4.193442332221109 0.006784309421085503 -0.029222818920818888 4.9405059195499526
4.3204267885575645 3.123974836672162 0.008756910000054687 -0.02869349276841253 5.00859859605142
2.569409948648663 6.127670314457445 0.00731305683686114 -0.029095003002248314 4.958638727348262
1.7791901281382565 0.3050161776198994 0.006499125712796285 -0.02928756331566814 4.930757856416788
6.127303306397124 5.235352322151737 0.007661269063902305 -0.029005257391212607 4.970625181644838
6.561128495982082 5.000247401764869 0.007445547514898263 -0.029061380252895633 4.963195078393794
4.4532373042599085 4.386689871843783 0.008602260282582274 -0.02874023517702504 5.003213281559505
2.1427220055984084 5.002479146185093 0.007048390528246663 -0.029160250186878074 4.949552354079899
1.8422293536162289 0.9158060381255719 0.006870559076247868 -0.02920266114551528 4.943458384550185
4.906826686268432 3.866379335821401 0.008959400193851512 -0.028630912457803602 5.01566327821641
3.3202982223620774 3.6953813272243643 0.006163124692468099 -0.029360107186880126 4.919299691367007
2.295443939584165 6.8760335875252165 0.00917277364895184 -0.02856326703276596 5.02312461316685
1.4660846899840174 2.8703617480775856 0.005912040980551937 -0.029411694467409974 4.9107553834740285
4.399946321773506 4.38117674551807 0.007461358222241361 -0.029057324953949068 4.963739161641926
2.2418859043798043 2.20060721097643 0.006597012904575038 -0.02926566966151416 4.9341013814660535
3.250384699023591 6.658503957275029 0.008554548577809974 -0.028754472671740815 5.001553591629583
4.787428080902607 5.947292421392781 0.009040346124750647 -0.028605456506490257 5.018491755228422
2.022311855897505 2.683926826280844 0.008573896385545206 -0.028748709549646482 5.0022265215878114
5.947151487693978 4.509480037842623 0.007131200785868249 -0.029140109391552257 4.952393166813439
3.858085195953917 2.885641109073357 0.007415690012499716 -0.029069013427333788 4.962167818886929
1.7567575112105114 6.134540154543131 0.00748642545345206 -0.029050876646495628 4.964601939320991
2.1334901842880196 4.277334103548005 0.006336670251891771 -0.029323141204836662 4.925214328277945
5.706278107886656 5.965952790981419 0.006607012560825475 -0.029263413762257717 4.934443080176103
4.510120694159953 5.099527506715799 0.00878520110328799 -0.028684843412066716 5.0095847208791495
6.541754216244126 4.351210525506161 0.00825395797220012 -0.028842194399753183 4.991115908621324
5.308976146481881 3.437460986511505 0.007414845464015706 -0.029069228863951063 4.9621387657731555
0.9690087611719127 4.759071570075454 0.008928136703711245 -0.028640676929846544 5.0145715157083615
6.323274621368567 2.410540587787011 0.00724463432570379 -0.02911211557903057 4.956287726944544
5.377894185705127 5.183743275214086 0.007277107718720618 -0.029104015242748495 4.957403341781546
3.0187786016477816 5.770197938946253 0.00885026649015727 -0.028664835304832978 5.011853795803653
1.853991236217719 0.7893088595604434 0.007032473348956269 -0.029164092967144027 4.9490065381123465
5.777883706723906 3.9960138187559684 0.007462694145850681 -0.029056981881907244 4.963785137363975
2.038891292911606 5.39446637285298 0.008882517864655864 -0.028654857814759252 5.01297911135717
6.9865268157181175 4.1606188244424605 0.00755958864179045 -0.029031924145101248 4.967121210039541
6.3774724461345675 3.178251785109638 0.006793684196687722 -0.029220640907339376 4.940826734763473
5.405361086900513 2.1820209738054754 0.008218602757378329 -0.028852288795109707 4.989890307543425
0.11225730071466183 4.498768898005135 0.007745281373565397 -0.028982936642864554 4.973522745615669
3.408341754490423 6.170280894985702 0.008418683465430165 -0.02879454407885099 4.996831882463023
2.653545549416715 5.547448179185058 0.0073420359739536254 -0.029087703720939728 4.959634869890548
6.569721886014466 6.785837375741998 0.0090110672147048 -0.028614693212614953 5.017468377707242
5.274533316433994 5.731209304567685 0.008361152007965658 -0.02881130224581478 4.994834465811504
5.284569291968126 2.294592593079476 0.009613653338168207 -0.028417911068435824 5.038598876998569
0.011752089885079605 3.9958330353778257 0.005994137249510053 -0.029395073033316926 4.913547450411711
0.9009054494195712 3.206818718856421 0.006936145051058264 -0.02918715285584875 4.945704870460421
6.760426100873431 3.030374232319624 0.00879251857178835 -0.028682601297036446 5.009839829625854
2.5157994725657984 2.4651561179073234 0.005626344671528008 -0.029467681375316388 4.901050998439086
1.6304198367639273 0.2867010243706563 0.007791839525990052 -0.028970454549440867 4.975129489982149
1.8622558501726476 4.745574139673399 0.009022746494858243 -0.028611012664523486 5.0178765607016595
5.665543835023367 4.02776307530157 0.008342722792405359 -0.028816644086518472 4.994194872832578
3.707200182420025 2.313117728917238 0.008362628806281639 -0.028810873632160974 4.994885723796582
0.8138606918603976 3.7964595353263006 0.008032716100229516 -0.02890459257718596 4.983453463624148
5.440997063670505 5.215086896838225 0.00900302298588802 -0.028617225181969894 5.017187267830465
4.849645286822347 3.0346884432217553 0.007792089759736272 -0.02897038724587942 4.9751381275420625
2.2711633731080494 4.857463421081729 0.008223468385219793 -0.028850902372669223 4.990058950827495
5.588357174041677 0.10004642398599842 0.009415364240198044 -0.028484222233095987 5.031629426686745
1.5146535941596484 5.556309367043329 0.007706911893160804 -0.02899316314359398 4.972199114845611
2.78197684003567 2.294709930514471 0.008433609685514305 -0.028790175888181013 4.9973502915048105
5.981360188059228 6.710605080031289 0.00740634863157609 -0.029071394874473275 4.9618464802133255
6.108004707115543 5.8788172037159585 0.00992799696242516 -0.028309625153189095 5.049681339867732
2.056750765666128 3.9048306936779476 0.00615429676486706 -0.029361958915064688 4.918999023215473
3.309268831411694 2.022427507729468 0.007066338379066951 -0.02915590612401757 4.9501678901984985
1.0466450989274827 1.7689955701271913 0.005579155106054379 -0.02947665225738139 4.899449841805914
3.2260558143265285 5.013040921558706 0.006343638707107987 -0.029321634469341596 4.925451977927152
3.25220952628639 2.0531218865546976 0.005803743138555542 -0.02943325611585761 4.907074601396612
6.011854051681236 4.670013662465241 0.007067498279450373 -0.029155624981638893 4.950207673080589
3.1252956637831466 5.709509412686062 0.008417454796061883 -0.028794903277424892 4.996789212514813
2.04144452507854 2.4726121287877487 0.0074738385322241484 -0.029054117394858883 4.964168691844119
6.673333305378964 4.762674546948169 0.0093833710156885 -0.028494777563299857 5.030506443789128
2.906707422198749 3.0585617610931233 0.0056028250778503335 -0.029472162308643243 4.90025291039001
3.5556021698328286 2.441830960677619 0.006248580573287648 -0.029342038797928342 4.922211197207871
6.038961238207814 3.766908195213433 0.0064835184596708185 -0.029291022317138534 4.930224990947689
2.803227641777639 6.771542991454164 0.00836566696745465 -0.0288099916034288 4.994991177304015
1.3085666849333286 4.253236249740152 0.007920744115729296 -0.02893547671377024 4.97958168940274
0.11020538342688915 4.845373518658866 0.009426419078156507 -0.028480565713534675 5.0320175555016915
0.8507641059236637 4.012524068486341 0.0077430906361472575 -0.02898352199785955 4.973447159234563
2.9455896407972224 4.883291431615478 0.006809038700091582 -0.029217066792897865 4.941352234604407
0.036980824177198945 2.4964676727265718 0.008530810190924106 -0.028761524255268973 5.000728138301595
0.3215192260110362 6.507133184231863 0.008558441233775705 -0.02875331430718914 5.001688970024903
4.393882454482679 4.65191343411552 0.007114425443492696 -0.029144209555398544 4.951817528555485
2.1425287352286 2.086219128717613 0.007243203352877316 -0.02911247164341885 4.956238573386075
1.2628071349386696 0.12725719617134712 0.006675852606909245 -0.029247786103751904 4.936796134445311
1.582667987602535 4.147866361575503 0.0065276162652535726 -0.029281226509379636 4.93173074830324
5.2355942937361934 4.480570422366127 0.009278586481131274 -0.028529069962271253 5.026831335175262
0.1328961842848961 5.732448148148539 0.008198351743389582 -0.02885804963422963 4.989188491761064
3.9441105011597783 0.22595848192536586 0.008739618593291424 -0.02869876420412201 5.0079960267449595
5.576224542992041 2.1509698944948052 0.008259028521778426 -0.028840742845433965 4.991291716227781
1.1666916080028717 0.9766862176595302 0.00867045350817471 -0.028719736000920707 5.00558687110987
1.4627203815980498 3.1860662016912698 0.006565946843414612 -0.02927265519302022 4.933039989349994
1.004757006863726 3.594697388558736 0.005742980590671364 -0.029445172336652604 4.905010601799136
6.034454555598239 3.3357274395596006 0.007178364791378154 -0.029128526892410855 4.954012013528161
5.751042821844565 4.340479064828376 0.007791867458901499 -0.028970447036642564 4.975130454168438
5.933671127543934 1.0693573619322765 0.008415757254916629 -0.02879539945592556 4.996730260189015
6.334927619353323 3.3081837865605763 0.006149972107025458 -0.02936286503532666 4.918851737705093
4.977252331715437 2.901185053978836 0.007193121653885109 -0.02912488628084939 4.9545186572212065
5.195066759781035 6.57480452157436 0.008128418140579559 -0.02887782572376073 4.98676595748147
0.20818370749154566 3.850183162741505 0.006916520768461887 -0.029191809475594955 4.945032563825514
4.792289039628698 3.279947358384986 0.008425212271421309 -0.028792634443230297 4.997058627586876
5.883192835728782 5.252857860198556 0.007215709605193538 -0.029119298324195894 4.955294286593622
4.727748328070175 5.090262064446382 0.008332769003519236 -0.028819523950509473 4.9938494720494875
5.481908863627793 3.9234514334631703 0.0067785566530044646 -0.029224153874868795 4.940309065280611
6.880593526841065 1.4769779965411485 0.007450084490596324 -0.02906021749889316 4.9633511985234655
1.943839636593912 5.34236916363686 0.006717244099843175 -0.029238307606684798 4.938211564452601
5.330226914465608 5.752426671974009 0.006824754617677095 -0.029213399740675425 4.941890170312913
3.8730110551072565 6.529170473043966 0.006020406614209097 -0.02938970405090169 4.914441197543312
6.533771589558378 4.393670611540636 0.00680179247959722 -0.02921875457757388 4.941104228491469
0.06038708525625126 2.435674956021153 0.006893476509872227 -0.02919725983046765 4.944243229189183
5.903069602576701 4.2853712371412 0.00946605766654878 -0.028467415623016662 5.03340965337981
6.724596865140996 0.7444465472357946 0.00696675106219526 -0.02917986257057084 4.94675361376546
5.8844033858025915 4.773801385659926 0.009409974907756356 -0.028486003093368427 5.031440228473302
4.944302603015225 1.3868041333843208 0.009789895696673033 -0.028357678717558368 5.044807242004774
5.576896527641863 3.5910243185206188 0.008603107104867303 -0.028739981700449665 5.003242746385178
6.0195502148777145 1.6319953965110943 0.008749209360614844 -0.02869584178176569 5.008330231225308
3.512811973410107 4.694169623832412 0.0073126149486850206 -0.029095114067696458 4.958623539608544
1.5119527993079696 4.390844706913328 0.0073892705042019665 -0.029075740427643985 4.961259069439112
6.625446283151679 6.395257363507678 0.00816008168404167 -0.02886889445250316 4.9878625925870566
1.0487398080282242 4.744184385961949 0.008910449714942882 -0.028646184490739326 5.013954027238308
4.498246665676474 5.310504789368084 0.008335873338271346 -0.028818626193632076 4.993957190105718
4.120855732073544 6.151991960354343 0.00644758802655133 -0.029298952347138148 4.928998486624343
6.904982446719658 1.0135334193106773 0.00705818040202989 -0.029157882114659854 4.94988809438244
1.9344985987351948 5.09660169166701 0.008767652940139271 -0.028690211953230096 5.008973020812289
1.2949908289965222 6.405991418602064 0.006269890317185731 -0.02933749265718631 4.9229375064483465
1.6364541122422542 4.115574097641429 0.007755144107285896 -0.02898029916814574 4.9738630555893035
5.707784411306605 6.324079518955157 0.008121985777864445 -0.028879635507121065 4.986543220451433
6.207514164724144 5.668748464528267 0.00977634760634222 -0.02836235229102069 5.044329523998199
5.644283564283311 3.760800613785718 0.006895521159039911 -0.029196777012972387 4.944313258571544
6.592771448887442 6.729743742234437 0.010741420901127558 -0.028011102745604644 5.078564751650603
2.221967413306336 2.595998459082701 0.008455761546532808 -0.028783677608467215 4.998119802613762
4.66442598018755 0.5371243729869484 0.009046402644511044 -0.028603541724642835 5.018703488344716
3.1787492457889805 3.165119356371061 0.007708216577525 -0.02899281630324948 4.972244114839624
6.066710927367193 6.599160497738266 0.010153320181685483 -0.028229595981667504 5.057651807867414
1.3330194672525997 2.7572019644534733 0.008418979686433533 -0.028794457470829687 4.996842169878863
1.858252832282111 2.051220523343033 0.006081079729859769 -0.0293772100329335 4.916506070100903
6.4392845084792745 3.46116236554495 0.008859684229592026 -0.028661925883511706 5.012182359258305
4.446807436242722 3.054648909558616 0.009066053560638117 -0.028597319329539277 5.019390572944207
5.029579999983536 2.2560737167370917 0.008478104051997629 -0.02877710464385709 4.998896112575806
6.414979416730498 3.9761476921890972 0.007009697042843553 -0.029169575714561743 4.948225640717411