300

4.394956389821549 6.935625063516693 0.007693552128797237 -0.0289967111176678 4.971738352883375
2.2421342817346823 3.4326830808410573 0.008734177988952681 -0.02870042046481714 5.0078064559573665
0.8004945431750043 6.567254693168818 0.008963401414243177 -0.028629660058882 5.0158030330323085
2.1665849093085714 6.222598675963041 0.008314250966243381 -0.02882487174074363 4.99320697987252
5.8693496347688185 2.073583158871284 0.007981010924076685 -0.028918911885300397 4.981665084906782
4.643148586485726 5.911553685611594 0.007712088201947505 -0.02899178669149906 4.972377654580065
5.641296060769212 6.913807248320915 0.007476705649701798 -0.029053379710934097 4.964267375064637
5.376658038570837 0.09482697964585639 0.008584308552251868 -0.02874560221459511 5.00258871973484
2.0639813306685793 2.9384781714992165 0.007621193265521 -0.029015813157820983 4.969243759632837
6.0402321648755555 1.109024202245138 0.006955916001176622 -0.029182447337133585 4.946382310405079
5.920755372256842 6.562155460918528 0.007309627415744084 -0.02909586477565158 4.958520859330683
6.904633585895038 3.038324950343915 0.008328154663056921 -0.028820857723326057 4.993689364141855
1.8675753060640574 4.305871084965336 0.007713792387939723 -0.0289913333083486 4.9724364367218925
4.691169288975956 1.3280925397692986 0.007353806217767881 -0.02908473025681205 4.960039537285354
2.390791292401933 1.9199999584576926 0.007119683768980727 -0.0291429254370544 4.951997956894413
2.3022302552139284 1.593523315440455 0.007465836479321316 -0.029056174656413997 4.963893282701615
6.0389793431149466 6.128208855010417 0.00877995778978173 -0.02868644873820479 5.009401935611635
0.6199922881856955 5.927342854548754 0.007354511263464489 -0.029084551983408202 4.960063778454212
6.720179997940639 0.5229439601952618 0.009571511353719196 -0.028432132709412153 5.037116310797049
4.808368518542507 6.738587455135528 0.008941853438242352 -0.028636397418128443 5.015050476424321
6.2852467695644005 3.973937686345425 0.007042044488403362 -0.0291617833717924 4.949334733416454
6.599362245818412 3.9918151663684305 0.008122221890900682 -0.028879569102654105 4.986551396223168
1.5060005906359397 1.2781254372434692 0.009186970039862017 -0.02855870412828071 5.023621668514533
1.2656420830601323 4.149526754631018 0.007135158003111836 -0.029139140692042192 4.952528968740603
6.2146293227348535 3.7137605030278227 0.007953104130433007 -0.028926599086143697 4.980700211712303
3.8354047398671605 6.403204992161574 0.008789724306247934 -0.0286834577173003 5.009742410852933
2.438663193222466 1.7398313739425222 0.008623074898417597 -0.02873399692518046 5.003937592756506
4.097920823941342 6.201520670164789 0.00828570958994119 -0.028833088918656574 4.992216956165661
5.26938485680021 0.7945174595119835 0.008625218111890712 -0.02873335365950714 5.0040121816648275
5.472764655329097 0.633164301981842 0.007700111820147564 -0.028994969873362926 4.971964581584121
1.771377276363721 6.019795970578667 0.009207238629100393 -0.02855217604363635 5.024331466308803
3.5140420739583185 2.041315670097767 0.007288411362589608 -0.029101186570476376 4.957791748431631
5.68609804023449 6.625314204507163 0.008362504928779517 -0.02881090958848988 4.99488142412048
6.142578317597087 0.9386872529028053 0.008737812957889012 -0.028699314011191048 5.007933110512989
1.6338619770329208 1.238642069742356 0.0066505504102205015 -0.0292535498570877 4.93593112188806
6.168719710112202 6.55637247913566 0.008901441485015869 -0.028648984964372445 5.013639577348782
0.7629278469588704 6.736432801429182 0.00897750619929173 -0.02862524030364948 5.016295734431626
2.399862377663078 5.8712394458256965 0.007658071006390431 -0.02900610191771866 4.970514925393417
5.402662785612829 3.454406564093594 0.006826984637997618 -0.02921287867966018 4.941966506522569
5.903005117614128 2.298354509192117 0.007903042395409735 -0.028940316530687016 4.978969975289629
3.790691638684643 4.8129055699303445 0.008626491442854416 -0.028732971398488523 5.004056497391027
1.6260954065055586 2.1356598018724493 0.006009288668126442 -0.029391979343064444 4.914062918279836
6.210098025689838 6.0424725254929506 0.007513006146319248 -0.029044013817745115 4.965517017765927
4.3319756726169585 2.751882375738865 0.008063675801510016 -0.028895970870834946 4.9845247230193115
0.2572645028366041 6.380725045122951 0.0076249090783510245 -0.029014836920907897 4.96937182343429
0.8671267064540782 3.9514117369641744 0.00876072218168321 -0.028692329059443113 5.008731457497035
6.766404514824625 6.190525558503713 0.008425557950420638 -0.028792533289450296 4.997070633421466
1.4285341113256864 5.016325455453318 0.008261285252716728 -0.028840096497294264 4.991369965121621
1.6874147736887446 0.8573113887708258 0.009186062818841835 -0.02855899595378471 5.023589901793576
5.9303680670100025 3.5741016701372263 0.008500607709794257 -0.028770465212856505 4.999678201435704
1.494449840119877 1.9338089968267467 0.007133141936318442 -0.029139634282474017 4.952459781740929
4.626448284620965 3.9401220944446687 0.006386959840132307 -0.029312228574445463 4.926929660716334
1.4825287194816459 5.546126354071674 0.008923178051438276 -0.02864222221585347 5.014398387171414
0.5019851205786571 1.646384863080688 0.007224602440720132 -0.029117093254195904 4.9555996913488425
6.113178934897915 2.553599759910134 0.008230549971921927 -0.02884888294474668 4.99030441401692
2.191796858912696 6.454167566008269 0.00927131855433738 -0.028531432706122548 5.026576590600128
4.146302036832924 6.364729767647038 0.008745849577916492 -0.02869686594665797 5.008213150751935
5.755537624531042 2.842490035707872 0.00917575354887055 -0.028562309899768074 5.0232289412130955
4.249783031655264 1.636403449016939 0.008913888620247872 -0.02864511458636211 5.014074077066336
0.49110759368427553 2.523145880129833 0.008400591771147967 -0.02879982739348486 4.996203637263895
5.4212228429636555 5.2862350509180835 0.008330291861489564 -0.028820240066703137 4.993763519510632
1.0293186686161244 4.9099061133894075 0.009252215531866906 -0.02853763318412865 5.025907120320249
0.00166577438433535 6.138512445580788 0.008628435931631078 -0.028732387533474096 5.004124172554363
6.078270094354668 6.6498908496683375 0.009318974105363113 -0.02851590295999009 5.028247327344761
6.094391846682293 2.6585232066977165 0.008728229631122946 -0.028702230009293485 5.0075992056733005
5.655565578717844 3.378722288487754 0.0065972276453698415 -0.029265621254215123 4.9341087191068755
0.9027471536834631 0.7171404629208986 0.008515486364661623 -0.028766064937235714 5.00019539128003
2.563850257034625 3.59879961590658 0.007756712863762654 -0.02897987932254272 4.9739171878061885
3.92788735826906 1.4787585564121528 0.007893051247649824 -0.028943043067410405 4.978624758711668
5.99011627411027 1.2060134342287276 0.008673407887426713 -0.028718843911590942 5.005689742011411
1.639926203683719 5.392641087866064 0.0073094736886783074 -0.029095903395401208 4.958515575866351
2.5660789644381787 6.092066718263588 0.008401053470240368 -0.02879969271693992 4.996219668615945
3.1150604221207168 2.514170208485292 0.0066542239913122865 -0.02925271445649863 4.936056700956559
5.012217880793701 0.62087269120827 0.0068540206427170096 -0.02920654722881856 4.942892089147485
3.08956871133194 0.30937249898264935 0.009690944609763026 -0.02839164652799314 5.04131994110028
5.508606251202853 0.35637469062877464 0.006571380117897274 -0.029271435963172433 4.933225602427583
6.705897613276508 6.347146243150586 0.008266359532096625 -0.028838642479945466 4.991545914854807
2.4196981965388633 1.7004943190784425 0.008345364532077548 -0.028815879143741945 4.994286548140972
1.1970777732018898 1.226562987863691 0.008816803929043802 -0.02867514548309734 5.0106866326182145
6.3005513433004925 4.206422971560184 0.008634337513153723 -0.028730614607225972 5.004329577120155
5.059689292315286 1.7363726622433842 0.009107434973251893 -0.028584167439475797 5.020837943683511
5.485822427090663 2.3350144876758256 0.008759085432779425 -0.02869282876227562 5.00867441316831
2.0258750192342263 3.7883116708420848 0.008440536112630364 -0.028788146000244312 4.997590882993256
5.751927423235185 6.722873198519408 0.007791328343452455 -0.02897059203130848 4.9751118450631235
2.8874316219356286 5.554550965371456 0.009635979013506248 -0.02841034861544763 5.039384601365764
0.8921256225476739 2.9728834541812983 0.008899460718490966 -0.02864960032740485 5.013570438939376
6.836929080639513 5.680331553088951 0.007261904850201424 -0.029107812318115232 4.9568810125982665
2.776364764864966 2.4162713333789236 0.006335362530901854 -0.029323423770120104 4.925169731599853
2.179910071330862 5.391889038786328 0.007809025857696226 -0.028965826678239857 4.975722773873965
5.7007664333439445 0.4173457365661411 0.0077562215207755076 -0.028980010830237084 4.973900233219634
6.159370432180612 0.2686726159290739 0.007936121073497369 -0.0289312630610347 4.9801131503928
2.450370698208792 1.306737545882376 0.00791250369819615 -0.028937731169288865 4.979296914537863
0.6733246932455789 4.507099787596855 0.006625377761283864 -0.02925926126067241 4.935070706983946
5.17039601007266 3.8699449828895007 0.007262219695712546 -0.02910773376769831 4.9568918291423785
6.161553234373457 3.620909290179731 0.008871383926675953 -0.028658306775270505 5.01259058149952
2.1283816733041965 6.907193036720016 0.008524362601291545 -0.028763435855990883 5.00050397162358
4.642235400828818 5.947227816762432 0.007550592523874563 -0.029034265145486453 4.966811352686964
1.5729380767363643 1.8128714668381112 0.007642257213734807 -0.029010272399257447 4.96996977611616
4.84230648834719 2.4825631344739394 0.007302941904335005 -0.02909754353105959 4.9582910906481406
1.451562956214139 6.055654137029815 0.009193845079597215 -0.028556491602652556 5.023862411441665
3.540334468910485 5.932442181757021 0.00964068397743173 -0.02840875239160092 5.039550213416336
3.260089661730031 0.008263164591272899 0.007654148215323715 -0.029007137313045158 4.970379687605879
3.678242926928294 3.2974207402789655 0.00823182829211323 -0.028848518210978603 4.99034872520479
3.3532901248995794 2.9440810636401564 0.009160133421430459 -0.028567323215548085 5.022682110218423
4.492331011181645 0.4038281853016804 0.008950275279749516 -0.028633766298143605 5.01534458563931
5.047728606764972 2.7152779295045586 0.007492811895156642 -0.029049230108624206 4.964821782004096
6.276083672877427 2.6331364227677314 0.006784033146928918 -0.029222883058681422 4.940496465504669
5.551780613015932 1.7510522781629794 0.008725973372073021 -0.028702916031474443 5.007520597422843
1.7405121383998527 0.676960495062842 0.008753080786675605 -0.02869466111913382 5.008465146441561
5.5950452756134625 5.764749224010679 0.007281430637797779 -0.02910293400787865 4.957551877965795
4.904110604109117 6.31797593801823 0.008243971059644037 -0.028845050548885358 4.990769665271856
2.776642874867439 5.0088803263073025 0.009329061741618603 -0.02851260435353228 5.028601102557388
3.775249633863919 1.4914525932818887 0.00910784024505928 -0.028584038309351575 5.020852121907301
1.0952667366650022 6.448458328656023 0.009215328923374577 -0.028549565895719255 5.024614830491585
4.041826404610787 6.7161545609751325 0.009061181463784963 -0.02859886344735328 5.0192202085385835
4.8350302376500185 1.6484092803708337 0.006678242100230273 -0.02924724059549399 4.936877833470152
2.2330269921643624 3.5349517891396993 0.008351041159874544 -0.028814234529934698 4.994483550278112
3.0170651790391405 1.5422777370656366 0.009689391814319406 -0.028392176497560026 5.041265249627939
3.6396512432286228 6.556459325494183 0.006710225040178973 -0.029239919286997953 4.937971507255133
2.812685593893404 1.1373287431034487 0.009705580314191425 -0.028386646698135724 5.0418354798131455
1.123675252957884 6.174835868122587 0.008904358644730756 -0.02864807841943345 5.013741403150666
2.992669633153037 1.280025907373513 0.008793521399874892 -0.028682293865553054 5.009874792753864
5.720326235240232 5.710451425681294 0.008807460633977606 -0.028678016618673873 5.010360816407175
2.5736681567504136 1.7283029469515452 0.008991388323032748 -0.02862088286591506 5.016780732286513
5.367371866538671 5.989610932240506 0.007656366702275661 -0.02900655182748002 4.9704561691047715
3.192886889793491 3.0518365465396937 0.009723410712189599 -0.028380544112509128 5.042463673569334
5.793572436889151 6.223789088541614 0.008201922495876745 -0.02885703497193762 4.989312228995688
4.65250565832871 0.9517410307861627 0.007320178774536727 -0.029093211969612807 4.9588835170412775
5.609596823478811 1.567498479400985 0.007215369119227927 -0.02911938269389123 4.955282593816256
6.558561566703135 6.815152442003178 0.009073294430470877 -0.028595022786806555 5.019643784109414
4.802351099616927 1.4964788300353322 0.007922562600372914 -0.028934978863707026 4.979644536139468
5.409608427866894 4.711604871324716 0.007399443083960806 -0.029073153286962604 4.961608949858333
5.625517292402495 5.098906055835437 0.008364725571336603 -0.028810264943527113 4.994958501430133
5.037703976931561 1.8305634954224426 0.008340373789635676 -0.028817324043865666 4.994113358307565
5.03879169719335 0.4912018356400286 0.00758132114233372 -0.029026256557413734 4.967869855596989
5.936251495034633 3.0721711669514162 0.007390840944123976 -0.029075341272952596 4.961313081845269
0.7582889696718828 4.679372514754715 0.006038311746360421 -0.0293860305460565 4.915050467056325
2.1201096399655364 1.9115548208643207 0.007415792340368224 -0.02906898732265257 4.962171339058493
5.53473563997171 1.4231683033522535 0.0074912322851248435 -0.029049637499464653 4.964767405383812
4.785011433327573 5.007916880529015 0.006529543700340478 -0.029280796762816134 4.931796573729976
6.008000839904383 1.4132330527554309 0.007391444062373952 -0.029075187955932405 4.961333825190444
1.4917921414009425 6.185186354622552 0.008524357648440851 -0.028763437323822548 5.000503799430987
2.5964967850419343 6.862794994853311 0.007219791376739136 -0.02911828656491249 4.955434463132422
5.7761102247367075 4.763529690434245 0.007899728187857105 -0.02894122137294789 4.978855458375634
4.324915464520278 6.933354416475052 0.008653093781032566 -0.028724971157803716 5.004982473334259
4.373581843816388 0.31294983373874496 0.006991686620009125 -0.029173897891909908 4.9476082478489705
1.80728501630052 0.6273944875305904 0.00854512665997115 -0.02875727404266702 5.001225939687405
2.1242328114775852 5.339263761044011 0.006745660885400798 -0.02923176455876678 4.939183575680494
6.175328624626808 2.5738175403674273 0.006956714780297056 -0.029182256928921665 4.946409682397466
5.9934738856394105 3.053398104765902 0.007525059556150611 -0.029040893214162446 4.965932045017386
5.75875894407992 6.692235841457547 0.008064070173058276 -0.028895860815071624 4.984538371022386
2.193898246589785 6.473797789474374 0.0070162231946919815 -0.029168006652533975 4.948449378196971
4.692661383394723 2.8222902785064385 0.008489209440080164 -0.028773830525017932 4.999282045068895
3.812685979674263 3.902497832275029 0.009247231106136183 -0.02853924870892202 5.025732463767447
6.842844512328449 2.6246087477524114 0.008278173854663206 -0.028835253382482533 4.991955608780444
4.493174816487035 5.661609089463541 0.008184071538491183 -0.028862102713642653 4.988693683482633
1.8175255497092782 5.420552597553216 0.0071419657932163295 -0.029137472858992555 4.952762605860494
2.7767337908242182 4.12521378430881 0.007180383289809678 -0.029128029384279018 4.954081310395663
4.188915155951371 6.657321762642133 0.007319370597309036 -0.02909341530414138 4.958855738245169
1.9353488285688702 4.688202956845896 0.0072068157634379544 -0.029121500760638387 4.954988870396516
5.069068833983594 6.65794599114948 0.008019435082395736 -0.02890828014530163 4.9829940151665735
5.5529100990318785 3.3892879488734877 0.007799336910835317 -0.02896843702637893 4.975388293165969
4.008018278065125 6.125201449923361 0.0071555957083405605 -0.02913412861334243 4.953230412288712
5.1482361655226985 6.34661571681519 0.008959796761828164 -0.028630788357758043 5.015677129288627
3.004240754594458 5.69433135369346 0.010018478342962165 -0.02827773137455687 5.05287927343374
3.9021714725552394 4.625674772543853 0.008592579497893878 -0.028743130963281883 5.002876461180085
2.141056247632152 0.6263415956933005 0.008651925426152823 -0.028725323086438735 5.004941799743463
1.3423867061727477 1.8016925837379978 0.007097597402160343 -0.029148312320215843 4.951240163215183
5.701546728478077 6.735173130867596 0.007597240983072747 -0.02902209381566257 4.968418358361928
6.1373735240133716 6.500627142027474 0.0086295540571904 -0.02873205173276055 5.0041630879452885
4.050729948768715 5.89285863914716 0.009127496578006626 -0.02857776769130992 5.021539865474128
1.7173875653373234 6.502417479738009 0.008094225475546892 -0.028887428302827645 4.9855821087608
1.3910635077906484 2.4080932986771924 0.0074710340428241415 -0.029054838673290936 4.96407216664086
4.502161995611518 5.371703368005815 0.007424561401737474 -0.029066748837663803 4.962473014478189
2.8842623319868683 5.191638485054065 0.009660679487537939 -0.028401958943690197 5.040254147896667
1.861349128702393 1.3736657927500942 0.008928217780966677 -0.028640651655568707 5.0145743465524575
1.0145613617101 4.3622607107381635 0.00908920706743433 -0.028589968780768225 5.020200316028595
3.995035122273905 5.886519284437435 0.00803052447312285 -0.02890520155069974 4.983377641624132
1.8080810794446405 3.698181417664314 0.008966142263332649 -0.028628801807160563 5.0158987690684524
2.8194905262389485 1.1569005295729031 0.008303344909745004 -0.028828015250963977 4.992828644738327
4.3925513586812635 0.45527551713630515 0.0075280691090560264 -0.02904011321412636 4.966035677963431
1.5694527754887335 4.175474526608928 0.0067548465695747495 -0.02922964330643643 4.939497823470063
5.5327363249019355 6.0119894742116955 0.006356596810084869 -0.029318828028999024 4.9258939288331955
3.4517173155255634 4.39115784482326 0.009036965746191415 -0.028606524607196922 5.018373584925996
1.323246304085976 0.6316632173029371 0.008234922588025025 -0.02884763508451317 4.9904559869798675
1.7289938643624247 5.782842690779399 0.0070037214366386125 -0.029171011056149027 4.948020788263406
5.271642825464576 0.46314042345929973 0.008435474927696418 -0.028789629430477304 4.997415079573167
4.104405158271107 6.6050032253929905 0.007692373398653189 -0.028997023838588896 4.971697702625385
6.103095089645444 5.847327479976427 0.007983109755925548 -0.02891833256992606 4.981737662079768
4.890806799091144 4.939459512137907 0.006369408485765584 -0.029316047406522206 4.926330927304896
0.5323002098799022 6.255770773260913 0.008499062447831683 -0.028770921735458133 4.9996244918522486
5.905286488908373 3.9128850052302386 0.007213105367740499 -0.029119943525938937 4.955204854198262
4.967934239140316 6.687653917344991 0.009260765232217385 -0.028534859861470384 5.0262067287596315
2.598275363805524 0.2715626451895595 0.008240394763838876 -0.028846072421321013 4.990645684471467
1.398404051720382 2.2804938081293167 0.008605832157485187 -0.02873916583474882 5.003337565210185
5.359911198655294 5.497765232679504 0.009147580865142087 -0.028571345161117045 5.022242738547957
1.612774266819973 6.894225416961077 0.007382628765835775 -0.02907742754278401 4.961030647202831
6.546383866607882 5.656471907867572 0.008658868268173083 -0.028723231021499398 5.005183506156941
5.961045507623787 4.680797409814589 0.007095300082788462 -0.029148871620273433 4.951161349138228
4.981721130164057 3.6827582279218176 0.006658154771819506 -0.029251820029435726 4.936191076198952
6.694670656016166 6.001034482367212 0.008305234275057775 -0.02882747098925616 4.992894184565855
2.996917508720631 0.674219800770144 0.009887299100817468 -0.028323864787330382 5.048244103538315
2.224114708478476 0.04604880800791089 0.007308814822057779 -0.02909606890796192 4.958492931278295
6.099603988089709 1.2722300974193541 0.008470145364166829 -0.02877944817938459 4.998619560649407
4.866420109575151 0.2360646227632301 0.008921518011766667 -0.02864273933068768 5.014340429912604
4.860083317419838 3.794849260836977 0.0073676704926595865 -0.02908122128645207 4.960516251729501
6.575122826799334 5.492489984267411 0.008025996425749334 -0.02890645916354784 4.98322099338714
0.45837203062787113 4.701738367098965 0.005888341040338607 -0.02941644845647863 4.909949648743908
6.351469410505651 4.535226848314483 0.0071393344764455 -0.029138117702305972 4.9526722998938375
2.084301841736308 3.962816649186059 0.008052423570836395 -0.028899108543964436 4.984135339333179
1.1805782117042851 1.779424130721656 0.007369453660811281 -0.029080769466112055 4.960577569030648
1.4348954475949272 6.244961362336544 0.007025058289917565 -0.029165879997408967 4.948752292871971
5.229806400470099 5.524924841551289 0.007074213837038142 -0.029153996271315156 4.950438014400384
3.3008503745803184 3.8182801222889102 0.009666275220177607 -0.028400054988816134 5.040451173749596
0.3742648627611219 5.2919842399290875 0.006445084604607004 -0.02929950314321828 4.9289130433503905
5.010441560482636 6.71378091166821 0.008840132604299106 -0.028667962179729622 5.011500284857135
4.441090751006984 4.539297514181744 0.008247964986862647 -0.028843908777686285 4.9909081294514435
1.8420527424586963 6.356179389567181 0.006884664695404741 -0.02919933889717107 4.94394143714675
5.13029699344521 1.590203573979893 0.007574020097045743 -0.029028162524857598 4.967618331411066
1.077276764542611 0.05235857051576802 0.009926770338889768 -0.028310055292050176 5.049638011345721
2.352621720509416 3.7933616591463206 0.008399171833987324 -0.028800241535500253 4.996154333949272
5.520944584414408 1.200235486964664 0.009481526875997322 -0.028462267093464996 5.033953103064743
5.666997493397407 0.37440782829540925 0.008229163895652107 -0.028849278354553268 4.9902563682477545
1.6266369703104253 5.403118559748433 0.00908106053505664 -0.02859255741549952 5.01991538519869
2.9083673408698765 3.529140669690457 0.009717133915080087 -0.028382693819938944 5.042242516450306
0.5983930327225478 3.2618580692998833 0.007941981358728305 -0.028929654890745102 4.980315714936134
2.8130236574377068 6.516363615645579 0.009692653116789785 -0.028391063304455243 5.041380118116534
2.8562944344608394 3.560815770177398 0.008424287619841077 -0.028792904995817846 4.997026513566962
5.591418530146688 6.171461886341823 0.00708197843087496 -0.0291521110985915 4.950704353353237
2.7127626060701377 0.21313381653189123 0.00844137186896682 -0.028787900947617136 4.997619914383241
1.5980499913135466 3.9670745318869294 0.007823908198295938 -0.02896181038030319 4.976236599088595
6.238052991839596 6.259768050254946 0.008537228959036322 -0.02875961963762719 5.000951317732711
2.4784279474053954 4.556935500174754 0.008306813591051955 -0.028827015939280196 4.992948970102173
3.143876951527855 3.944906494716487 0.009663319617895844 -0.02840106078938583 5.04034710529113
5.609358276833538 5.265527411788243 0.007601044531302139 -0.02902109787780541 4.968549417599471
2.362589015182763 1.2672525897336975 0.00855398404362903 -0.0287546406164525 5.001533958769723
0.8754854098495501 5.750938295095875 0.006910357527484386 -0.029193269067412438 4.944821439986738
6.676454481113261 6.343127628918283 0.007112317468590962 -0.029144724054723452 4.951745200078354
0.4197415886649431 5.510785638080283 0.007990896362968906 -0.02891618189381666 4.982006934055802
2.5185170320082695 6.382488054642255 0.008399388876925727 -0.028800178237194583 4.99616187010749
6.619228798247505 3.99852995670836 0.009164516006535143 -0.028565917565622864 5.022835526514652
6.842894284764261 0.9904872123474457 0.008436261952331586 -0.0287893988174752 4.997442416770722
3.987519545246143 6.157088723119178 0.00873281184903324 -0.028700836176135783 5.007758856305403
1.7074643386897408 3.5831884477763367 0.008604598419845599 -0.028739535243862076 5.00329463669523
0.8332640377853077 1.6261415245550974 0.008281329557065443 -0.02883434724017997 4.992065049538313
1.1569361085852565 5.647615615081142 0.006730594963980029 -0.02923523715366179 4.938668210751695
4.833668059527335 5.986739494749229 0.009065480564006901 -0.028597500977246473 5.019370536282562
6.680613890877766 0.22424508830969592 0.009790743048595904 -0.028357386172853993 5.044837123022258
3.493927769585274 1.7182650903427574 0.01072119369982353 -0.028018850898116152 5.077842737830855
5.150217149502445 3.650970537848339 0.009266049763845832 -0.028533144267219 5.026391929966298
0.7255798676816007 2.471960236539403 0.006852626750289471 -0.029206874304197925 4.942844364073668
1.015482594908021 4.679571808104464 0.007766481720068006 -0.0289772628398862 4.974254294014271
0.5759899020270541 5.0933058890237675 0.00712142175283181 -0.029142500788681365 4.952057593889906
5.625346706097925 4.840196740737423 0.007164229363567042 -0.02913200675590687 4.953526764710529
5.331985936006725 5.841766840451407 0.006727068014749878 -0.029236048910975112 4.938547572077116
5.480934681736942 2.561464764216458 0.007070068237466864 -0.02915500188848497 4.9502958202384155
5.922868593524488 4.811843723794418 0.006447740206137218 -0.029298918857769505 4.92900368065555
4.565479282478877 4.405052881001917 0.008601856482824894 -0.02874035603552752 5.0031992316080744
4.7530086588158476 1.0703156055756746 0.007853007795161834 -0.0289539335595205 4.977241493179133
6.791699835651287 5.352179839354155 0.006821236728941991 -0.029214221356862014 4.9417697516251495
4.396982098876168 4.78832007689284 0.007524793777464449 -0.029040962081284982 4.965922893151117
5.460807105125369 6.753715000050861 0.007999175153933292 -0.028913892800117667 4.982293248432937
4.332327544569079 6.598075227715292 0.0086274558847329 -0.02873268182674544 5.0040900632455605
5.064689366313093 5.425248583119109 0.006614622240137442 -0.029261694630015517 4.934703128537503
6.444885160369918 2.9735662162369785 0.007296544027943474 -0.029099148531327897 4.958071219856897
1.5221510854707463 6.843190074891952 0.008947756657548926 -0.02863455344155534 5.01525662698397
4.914049023642809 0.25483278294832845 0.008538499613690097 -0.028759242416082763 5.000995499922977
3.4723549148488972 1.0358694779123532 0.009525145493440995 -0.02844769943824598 5.035486001836637
6.096687199638206 5.889928586298177 0.009091593680891106 -0.02858920992860035 5.0202837944383685
6.661530800760708 3.942790736464684 0.008445560900371159 -0.02878667228211906 4.997765431098762
5.471226375926258 5.783241347518643 0.007350375921715892 -0.029085597360368226 4.959921597566307
6.281975882154718 2.239110009671252 0.006905455623863038 -0.02919442896558962 4.944653531205438
5.460533757355007 6.274234680312708 0.007635012553408308 -0.02901217991308646 4.9697200569126405
4.5135656155650565 2.8849966703859415 0.0069392553890995435 -0.02918641352829862 4.945811437121702
5.156019496393674 5.092119488645694 0.007887244989711242 -0.028944625865128658 4.978424154402453
5.59775560211916 3.1331343976506036 0.008156604795863137 -0.02886987700361923 4.987742157458748
3.0952319812711013 6.1960911878756555 0.008193853150063546 -0.028859327271355335 4.989032608262606
1.0955640558102695 5.893428566123346 0.00825877432139845 -0.028840815638747276 4.991282902305735
6.145729830151085 0.8789086251593243 0.008924806836896863 -0.02864171473435344 5.014455254263478
0.6200992321565336 6.243345693232281 0.007620006370290069 -0.029016124877673424 4.969202854735604
4.078956948593707 6.812159542355093 0.00849347679039651 -0.028772571174835865 4.999430354960825
3.7505363344504112 0.6666849542616828 0.008405695800713847 -0.028798338113611027 4.99638086615678
6.457579821121283 2.506538831965709 0.0070367643440429825 -0.029163057925505775 4.9491536735377295
1.514400552802127 6.598031834065094 0.008227248198449569 -0.02884982473224245 4.990189965232825
0.8663186011411499 0.9043716188729184 0.00796853612775101 -0.02892235177126381 4.981233739000983
1.226440428608761 5.619757332002853 0.00702941036716793 -0.02916483138799112 4.948901513655977
5.254948313529338 0.8162751893895458 0.0078029267108926485 -0.028967470285553725 4.975512216315508
5.774278257064286 0.16643457056051614 0.009204606400359064 -0.0285530247261909 5.024239277551772
5.2252004231809455 5.262312179646051 0.006946260245353707 -0.02918474719102118 4.9460514479809765
6.11376898787427 1.2133108108836455 0.008483821538594514 -0.028775419581672127 4.999094800180043
1.781404944999725 4.091432273074429 0.00814539739355056 -0.02887304108162387 4.987353974715531
4.219386039570914 2.0315961878696163 0.007531044675702274 -0.029039341695234352 4.966138143341189
2.766832872294906 4.668705865314618 0.007688100105385081 -0.02899815712712754 4.971550335441105
5.599993055821076 1.0868376391372099 0.007342122186348521 -0.02908768195990751 4.959637833769305
0.8809538026276583 4.249208945137012 0.007894040050291503 -0.028942773393100973 4.978658922612327
1.4151720516945974 3.5458021434024003 0.007659717196677572 -0.029005667247400495 4.970571679059454
6.01476510752267 4.961388738937223 0.006559990078167389 -0.02927399067729484 4.932836501510917
4.035031872346562 4.558183722941689 0.008736534513265792 -0.028699703216209668 5.007888564641483
4.616693681599414 3.759506633660889 0.00786720572423701 -0.028950078999763235 4.977731888513174
5.983226702843278 5.474182966413521 0.007087445683904237 -0.02915078238534443 4.950891899894637