300

4.852780623542615 0.2287614411601542 0.023877992057252224 0.01816153890268662 0.6502490229300751
3.979506013335261 6.842981151103804 0.02510952578318909 0.016416811960406993 0.5790476286853992
2.2104488449093878 4.982305052948808 -0.0058257707538444435 0.02942890407615701 1.7662303951688854
2.7834208141886276 1.1062064812086023 -0.022756491584034658 -0.019548454946254953 3.8513044282963578
6.74326792444614 0.4857271762935525 -0.028909005461094053 0.008016820021082808 2.871078078305747
1.1678180748427769 6.818994362546623 -0.028251086453219824 -0.010093369814521773 3.4847326191641566
0.6001587826379176 3.336755164434366 -0.02970182141718913 0.004219218470452201 3.0004842217029486
1.4594909884676774 1.2604540038481975 -0.01722568224790317 -0.02456167484302065 4.100775245437799
0.04593428922227246 3.3049930907666836 -0.02254729824773028 0.01978937446530079 2.421245245575969
0.8481509088059387 3.266898901620615 -0.015677112813806807 0.02557788368538676 2.1206593255757373
5.82920743753999 1.0735408445908963 -0.020395081515096374 -0.022000923844070142 3.964849927004362
0.22157926853673054 4.777888894474686 0.029687192086150907 0.004320951983067955 0.1445344329973719
6.931148373357235 3.4032938844353566 0.023297497305134647 -0.018900439659363583 5.6016132242333185
1.8130172380582221 4.967916761340401 0.025621879271358793 0.01560510501739461 0.5470501830654129
4.449879906357076 5.022227202784459 -0.022282051853306537 0.020087562450595106 2.407942193577564
2.6630499628298585 1.574203751579943 0.008664886646296568 -0.028721416041115232 5.005393042759887
6.976911886521889 3.357099607392293 -0.013717895110412003 0.026679942911103358 2.0457116806578703
6.746991029640815 3.2299081268147414 -0.02745416767910781 0.012094158798669385 2.726648715457112
3.177202958857635 1.8533016127586972 -0.02923812271345694 0.006718048838229234 2.9157425460091906
0.833489017943138 6.850890335288968 -0.022026772357354906 0.020367162284355318 2.39532185766591
5.44463861826665 5.072886403467433 0.02999668920895458 4.4568655060234615E-4 0.01485676488681209
3.8994893024756156 5.9349650615480884 0.014399848534589175 -0.026318137513526484 5.213037937608114
0.4864230556686819 5.225324468555805 -0.028508911603552792 0.00934034042103461 2.824984937610806
6.521539439242701 3.2122407250862226 -0.020697085018754904 -0.02171705946316009 3.9510341616352993
6.235602181683365 2.0749621283055477 0.02181923925975772 0.02058933700062844 0.7564050273662191
5.318004760599431 2.908886740732482 0.028752526404825157 -0.008561087859602431 5.993793270338877
0.9664692063032702 2.969432567368398 -0.011647071078021213 0.027646803346924608 1.9695126776041014
2.621743776782201 5.851157347485067 -0.012603181191697486 -0.02722425065725855 4.278826812078798
6.012203893443016 7.677984932491716E-4 -0.02900466092725878 -0.007663526896589313 3.399906697837876
0.26243134752723973 1.8109917199269254 0.01259332891017334 0.027228809503174984 1.1375960217667562
5.686773299771156 5.315253487464432 0.029815771379708072 -0.003319604951343006 6.172304744933103
1.1238928476986474 2.102862936193234 -0.00824954607274709 0.0288434566165989 1.849370291534831
6.433018259850555 4.948162280895099 0.028324062277722276 0.009886733337544305 0.33583514843248574
1.787466301097467 2.6224445821736886 -0.01381230081259631 0.026631191228751884 2.04925336496175
6.549131048417942 3.893071416826895 0.029947786617640283 0.001769202279075354 0.05900764648520762
4.972242136911606 5.852874328088673 -0.01590572697243185 0.02543634898090632 2.1296220254456886
2.6185466283870924 1.8451652115554724 -0.029724720479720416 0.004054749363707894 3.0060194146175023
3.007278814104849 5.766757435888558 -0.029636185990875093 -0.004657948036878334 3.2974882881862317
5.5368549076630424 6.9308182698066245 -0.024674476411854 0.01706371043474603 2.5365582805443596
6.717293923460931 4.161964129220664 -0.008461587903649238 -0.028781965362859027 4.426455733348186
0.010616229513554756 2.091522507306159 -0.029746612506703383 -0.003890892490938017 3.27165545753678
6.78560334864835 3.374508200380416 0.012993553654536406 -0.02704011027023898 5.1603387033272625
4.836456920211939 4.8930159687045895 -0.021258297210201452 -0.0211680135988888 3.9248628102548535
4.787562195159536 2.35589408572181 0.02999978901325652 1.1251293300482475E-4 0.0037504398923104976
4.585631291572653 2.4370153848574865 -0.029474011451540647 -0.0055930893926747416 3.329126259013685
1.7297223028783886 5.710329842219714 0.021857067428718617 -0.020549175249056775 5.528619342833905
3.046458516166605 6.784288258417384 0.002720550030879663 0.029876388796664842 1.4799865680987183
2.2161278066029633 6.846601090696609 0.027928442969460045 -0.010954545782533286 5.909389743958291
1.584617548300201 5.9295216414766045 0.00217001342111373 0.029921414434350965 1.4983993199365007
1.6568283117681812 1.6147044103887749 0.002564100519864894 -0.02989022228963894 4.797963402800941
4.879342625001445 5.448373570703341 -0.024074470951925834 -0.01790027509243585 3.780945000574624
3.3784069831653336 5.126041768337086 -0.004911463670379868 -0.02959522807167633 4.547933223107834
3.822875857456214 4.023367853950142 -0.02290100041547788 -0.019378962303753054 3.843879935338091
2.710361057285753 0.20954932194204623 -0.012425250284061938 -0.027305917955242204 4.285352751047536
4.7207379379287575 4.701782617104108 0.02996548108731284 0.001438729719543032 0.04797605963459284
3.4728106403952363 5.713379841408718 0.012947841778500177 0.027062028624604724 1.124536439636723
4.42691959272036 3.755057880447379 0.020984181080482046 0.021439779485375763 0.7961369271837773
2.0570592972396997 2.75626203519569 -0.029767916064656726 -0.003724402390659741 3.266060532399382
2.683310156070639 0.3870810533445176 0.029542400246629723 0.005219826402087729 0.17488430998731364
6.4700982344993045 4.277636569668848 0.022851146823719096 0.01943772334510481 0.7048559484705623
0.7541730194286593 0.5733512577735416 -0.010908375011741309 0.027946508808851557 1.9429392439265256
0.9030861881092973 3.845475636050131 -0.021073833939526172 0.0213516632394124 2.349645943989666
5.115720549209313 4.599166800075695 -0.02946978315476307 0.005615325530300329 2.9533045620755747
1.7016020794742672 4.474511547544086 0.02997514014119056 0.0012210542641448291 0.04071305521292834
2.0039241009763398 0.6471972977638467 -0.029601469570847132 0.004873704878858709 2.9784126021514075
4.920227009041437 3.9889372405926102 -0.026763997373101988 0.013553171016872392 2.672841649550125
2.340785091387435 6.315547001336707 -0.015447230113720135 -0.025717369263083222 4.1714890395039514
6.03742493274782 2.8957266368042607 -0.02696885162063614 -0.01314081589035138 3.5949956148736004
6.676658454474641 0.004258426422830376 0.028592487285564155 -0.00908128134267692 5.975651179800309
6.485947062732317 4.393245340462553 0.02245969673777145 0.019888741097599374 0.724763009227821
3.7726251719767596 0.047265964265885405 -0.02121445671303004 -0.021211950084114722 3.926931735177076
2.3722543257679343 0.7561721904260208 0.027615784730656855 -0.01172042805148428 5.881814106754084
3.0634172370709605 4.1388105430487405 -0.013160075329128088 -0.026959458772973805 4.258271758341836
5.821790367584444 0.7019674945564297 -0.029414992582177283 -0.005895609501184353 3.3394004163828868
4.606378389266851 4.867885416454699 -0.029582498298623725 -0.004987563975722449 3.308620333380787
0.27226392555492623 3.1644507779368967 -0.02945312596559859 0.0057020497064285535 2.950360915375152
5.65174070972651 2.9788046486225843 -0.021378664027266722 -0.02104644208433463 3.919160190669963
5.1833058141708515 6.486589447580174 -0.02996719963827678 0.001402478463172963 3.094826326325259
3.7593069739102916 1.872106048492869 0.0026635376756008475 -0.029881525514114146 4.801290629045957
2.620315497120341 5.969457198486944 -0.029666754733252546 0.004459110179961658 2.9924028284988675
2.361872891447772 1.3077708699132393 -0.02962123363686786 -0.004752106672843951 3.3006662381311296
2.699148992395256 1.9378404872786166 -0.012344844010161457 -0.027342363218361004 4.288295431554641
1.9369548292920642 1.3302426962157128 0.028810598220068456 0.008363577595849051 0.2825296752179305
2.7619772368941473 5.757841561563842 -0.016902231200706205 -0.02478537029051359 4.113884294390835
2.9754164305128787 4.345065218034193 0.020805758822716968 0.021612968324849203 0.8044254218970845
3.9406321137586406 2.5296471891942782 0.0270046179940151 -0.013067157571458137 5.832511771063034
5.18694906980263 1.9358510084505425 0.015027992809591908 0.02596458033773806 1.0461197719170234
6.011921802134432 6.033486268567039 -0.012412726795873744 0.02731161316163873 1.9973739675538917
3.2607465404408607 4.860554087558228 0.02346609956680648 -0.018690697448750397 5.610583483931988
4.7064282278882885 5.042706027303507 -0.020155712682969673 0.022220424078796864 2.3075095457963095
4.408689021597187 0.016389687708961986 0.01572135843399215 0.025550712103382632 1.01920257016875
0.855146356683892 4.425189261352257 0.014155025729791913 0.026450619020902493 1.079426384817127
3.1439012157363053 0.3100084314416257 0.012303259555125888 -0.027361100203010906 5.134962170377307
4.024575349254575 4.623455711381581 0.029753667520732927 0.003836569961004535 0.128236845655185
1.4707708823987187 6.383484021448033 -0.01997676995528637 0.022381435658901952 2.299485585869605
6.182618741800151 5.1450319379107325 0.023532814072237472 -0.018606629513200447 5.614160921765411
5.318891413519481 1.6945601077280852 2.1445739458140426E-5 0.029999992334670003 1.5700814687520737
6.593714585736151 1.5852126767981634 0.0032369847485651583 -0.02982485422827003 4.820498942923853
4.307314770948994 5.559301823526444 -0.00677888266568117 0.02922407825415418 1.798727567295182
2.5946343068657494 6.656191627942773 0.0032857617905290176 -0.029819519940064418 4.822134538292907
5.555447916295643 2.196272254057836 0.0026917486155495405 0.02987899746294522 1.4809505452362663
5.48342930706975 5.368259357787666 -0.019736006835999423 -0.022594026515196087 3.9944060401714045
3.9922309417609414 2.443459984726109 -0.024195386813470665 0.01773649505811477 2.509026297424128
4.335063720591613 1.90433316704669 -0.0029892913415269016 0.02985069743365257 1.6706050008589481
6.58213494998145 3.0011705163026736 -0.0287234775925037 0.008658050299746346 2.8488266052863613
4.936121412006029 5.378683051074766 0.0087556967344704 0.0286938630144842 1.2746289945046192
1.1705067640163365 5.418635849407076 0.004518308681356862 0.02965779638914488 1.4196107518625938
2.8815746919605427 2.0144709644871903 0.026501350182231764 0.014059816446836154 0.4877738838221408
3.8025012149043524 5.2647684006250515 -0.0297722111514258 -0.003689910995527836 3.2649019392660996
3.002559351297879 3.1015768929036085 -0.018206760081173525 0.023843529255263077 2.2229405602592385
1.192641607288402 2.2458181205008163 -0.02999063609637219 7.494975216620237E-4 3.1166068032014596
5.2944561942397925 5.238285980707224 0.002808908760313999 0.029868211054166455 1.4770286885503179
3.0511670427625632 1.037253337170565 -0.028984254973470007 0.007740346480157012 2.8806291534090556
0.49439379657564797 2.504518116526415 -0.01933974651787872 -0.022934127509547812 4.011812865511263
4.524095939356071 3.8737613396308612 0.021892268224951543 -0.020511669653316304 5.530333909969247
3.3822425262316687 5.605081176804069 -0.016916926850334496 -0.024775342297139544 4.113291258155869
4.312233164192456 0.5327595198175605 0.029642162752330472 0.004619760531061322 0.1546072214964107
1.068984951558331 1.1102212657948793 -0.029914742000087202 -0.00226013518804047 3.2170019427922116
0.6805678055742044 1.818293143661697 4.788594749154246E-4 -0.029996177983257863 4.728351640771575
3.4452036508992467 3.43440870012331 -0.025710964976314216 -0.015457887306703447 3.682907042769835
5.7968608949862155 1.8125165828061174 -0.024361031094297613 -0.017508288437841798 3.764759430878239
6.435458401379681 6.348310248089607 0.017222149101712204 0.02456415234276146 0.9593264325276347
1.348273238535378 6.189598842716288 0.021562561956961806 -0.020857994195324327 5.514394728601767
1.7148142722049036 1.228992275900895 1.1916962430708885E-4 -0.029999763309077 4.716361311641762
6.974420334412287 4.293948945238557 -0.02999913885597639 2.273057409032532E-4 3.1340157230614523
5.675440698472877 5.512916112815614 0.02714522562612017 0.01277249880434634 0.43979055514586385
4.16941212888929 0.12639803718052556 -0.027755115337100414 0.01138655227117732 2.752280918824866
1.3700864076993189 0.034429180379366056 -0.006515262228242767 0.029283977839378875 1.7897162047204058
3.5325648157693674 0.8142885702285096 -0.01615894165457432 -0.025276245856615316 4.143577100641971
3.937582734743158 1.0250177746387437 0.023420617792625623 -0.018747657512653365 5.608153796417509
2.4157774250532267 3.0323620442871455 0.02021301314398473 -0.022168312963351554 5.4516839547143885
1.0213712267113362 1.5225643684560228 -0.027517543043358635 -0.011949260431378374 3.5512648608699235
3.538993734484068 6.132043427874354 0.02984676743485748 -0.0030282789979674983 6.18207045869143
2.42845816864402 3.704621179739515 -0.015461256512378663 -0.025708939049646298 4.170943544454008
6.66899564199582 0.34820578686591347 0.02966160480963416 0.004493239379010182 0.1503403438494677
6.643502965923916 0.798722563356979 -0.028558127018381882 -0.009188763856034546 3.452888153893769
0.4435387889155343 3.070347096292366 -0.02989181844577725 0.002545425309195098 3.056643007773088
1.560404790991134 4.9889001578528545 0.014800380275356339 -0.026094994610170796 5.22832128085201
2.3918881634223426 4.377711370787155 0.008531705700027026 0.028761258627677026 1.2824260330720385
4.664842243356324 5.507513929574296 0.02229712771836164 -0.02007082697626256 5.550285667335299
5.489699928015162 1.1168364424344115 -0.02753301872766549 -0.011913558651470237 3.5499678068979263
3.4595529001627283 1.8265398950489047 0.009724139018102162 0.02838029457839758 1.2406959713427685
3.46020782457514 6.486802324728772 0.003120315016476714 -0.029837285972386125 4.816587933932855
2.7476076147758257 3.7964617361972293 0.013746913682336413 -0.026665002610357865 5.188392293707681
3.327365239225806 5.711484895480461 -0.0225851769315999 0.019746133367531164 2.4231614305122875
3.9691675246211093 5.598951887450389 -0.025522987976194077 0.01576632756119993 2.588237946982848
5.326861645222925 3.801087238864472 0.028689175991853506 -0.00877104217915159 5.986483132379009
4.074302582974699 4.73348611902842 -0.015148461757896144 -0.025894480229762446 4.183066420342485
4.738487352850456 6.408937194944072 -0.029581835728530494 -0.004991492254850912 3.3087531255160245
1.3294288304726598 0.4642859427373106 0.02385960396895726 -0.018185689386012255 5.631924482932493
3.9215687392660032 2.286743983884406 -0.024466216203113633 0.017360998378621543 2.5244589672747226
0.5451671744810991 2.747167385080184 0.020756631639374357 -0.021660153346348302 5.476489322848397
0.10570179608482494 5.668172536446861 0.02324781334311855 0.018961518261033823 0.684196560719047
6.168477259432547 0.10896088196332353 -0.024035899809062258 0.01795203387833036 2.5000886388831405
0.32333181859990784 3.175474193613265 -0.023334392373778382 -0.018854870260666158 3.821210306445164
6.409956294176919 5.323939819385516 0.019250268856180305 0.023009283973317696 0.8741153318388257
6.430688268858509 0.13264720450346726 0.02564066729528894 -0.015574215249966853 5.73734028327063
2.7135255829302776 5.816074494907605 -0.02141273408338129 0.021011778103587547 2.3656452539529083
2.1557685530331225 6.916001299325282 -0.023271848135223268 0.018932012158539974 2.458664636002807
3.5731030762321843 3.506203280675592 -0.016131073029496422 0.025294040462469677 2.138506032740107
0.7364680893175749 0.8355607565965875 0.005303704119863647 0.029527457096894433 1.3930720688147118
1.874181799428321 6.47910794797989 -0.018526386755437354 0.023596037671353962 2.2364154656454436
3.016737522983925 4.012731573693159 0.029173408089023304 -0.006993730082817728 6.047895994911234
3.274109984355151 1.0617936318700734 -0.021934848203058355 -0.020466128952705925 3.892365854106781
1.8673998923724553 5.370254721598916 -0.017011544304826685 0.02471047066255353 2.1737180678094257
2.061523159567112 5.511873683044719 0.026351186433679032 -0.014339280788710778 5.784836273883061
1.568524736236126 1.010004342025675 0.02256970822114955 -0.01976381215282554 5.563971055451636
3.7187744777984117 5.734616079136991 -0.027465251266216507 0.012068967349512235 2.7275661121766746
3.8743830500029035 4.460916050560551 -0.027235527120874285 0.012578794157156762 2.7089260832428206
3.996066625335594 5.323025410688703 0.008527739989195397 -0.028762434713992445 5.000621393154676
4.097759526692055 4.65894827078434 -0.02968226172509501 -0.0043546915944713705 3.2872636848074706
1.4717049042244057 4.9435011581334285 0.025477247203896276 -0.01584013493981536 5.726936208935896
4.172454020301326 1.329219302039722 -0.019925866445003187 -0.022426766294227435 3.9859717825026317
3.0942290204056038 6.991461542482052 0.020450394804795793 0.021949518270977637 0.8207401992813544
0.6403710688496281 0.429869601779178 -0.023841685598203162 0.018209174276623084 2.489347164612399
2.6494659815551826 5.369841215999598 -0.001967244808876438 0.029935429642180662 1.6364182408550256
4.537311455121426 1.4950260131187139 0.02909277820330853 0.007321902513219909 0.24655378592527089
0.11835721820308966 1.3356461873882237 0.028529317616199593 -0.009277824979703139 5.968769644395585
2.0827864865471657 3.0988375766968117 -0.028320727815779125 0.009896280916816904 2.805420401633173
3.246071257553382 4.3700577495327835 0.01815609724791037 -0.023882129987177054 5.362410128907424
1.1804305847299261 1.6728552679172535 0.022675157783640973 0.019642739612563877 0.7138623847884449
3.8767864001629193 0.8887567975607308 -0.02253576350778892 0.019802509010754404 2.4206625635410526
5.493176455694617 4.945822909887047 -0.027729477587981288 0.011448845911166915 2.7500354805677976
2.306251060522028 1.4755541780990522 0.028504000243556607 -0.009355317745289292 5.966052190079172
0.7433375896616251 5.879023945651388 -0.027440041368853675 0.012126175393569024 2.7254822320766414
0.20641495734021292 2.403287499785985 -0.02879246265733364 -0.00842579931674425 3.4262826895853475
6.156211429854909 3.736830681941809 -0.00561437546929302 0.029469964168451254 1.759052179928383
6.78020541783744 3.2073563943215064 0.00783234994248946 0.02895952855932543 1.3066572181396783
4.113235328264723 2.3350746062353878 -0.022344775897252055 0.020017766861005842 2.41107015656305
6.714009571854609 3.201142317682535 -0.025543517609516498 0.01573304510043496 2.5895414415404145
1.2633307582272941 2.047236176619523 0.029719146730602868 -0.004095402007727308 6.146244302629801
2.455484247615538 4.809473077921689 0.027273928137038286 -0.012495312880263192 5.85358173613174
4.1538307357273405 3.763129542744593 -0.005686511210771617 -0.02945612992654956 4.521684782199582
6.213975181679653 4.148457553034238 -0.01785022957155463 -0.024111601030267497 4.075113810510522
6.523977559764836 2.8529578783382954 -0.015064648058243847 0.025943330142471105 2.096885199842389
4.389543040611353 0.25059789884541495 0.02240672868442241 -0.019948396167679294 5.555763069615015
0.1988481317946352 1.0536558573664274 -0.020393880639862676 -0.02200203700676449 3.964904508569337
3.507782313096929 5.038238190091171 -0.02830422856185859 -0.009943371939039004 3.4794281655073345
1.2668144913349773 5.4982024770021685 0.01623711853716441 0.025226097233025803 0.9988884790093717
4.806636451368662 5.37696377459196 0.008444151721007742 -0.02878708567591728 4.997716478957609
4.520057846568422 0.548693730197118 -0.019294814995061662 0.02297194189236825 2.269414900582605
0.7702150249475392 4.9727825056555846 -0.02739260094773896 -0.012232964208152106 3.561598152015458
3.6976409575842344 4.605737589624499 -0.0026406335434690847 -0.029883558263518517 4.624253803702134
1.7983605105130591 5.3807153063825295 0.029681199269175777 -0.0043619273198299965 6.137270498890909
3.2576358125127043 1.4841548368678767 2.128445479804395E-4 -0.02999924494380475 4.719483858173375
2.56491142407631 4.142808509594283 -0.012180497337400793 -0.027415971341784924 4.294298031181278
4.638978996117839 2.176644499595261 -0.02217209601900797 0.020208863355564828 2.4024848578857783
3.0571556727777756 4.440400181661568 -0.011431715926252 -0.02773654396246 4.321449482252346
4.392870822089688 6.96642806963252 -0.012543628157313838 -0.027251741093938263 4.281013206809602
4.263962648715017 2.058092959335728 -0.029679812116112616 0.004371355939780552 2.9953601748419634
6.197741245179566 6.492502606235643 -0.029683647130736866 0.004345237970226344 2.9962401090034945
1.3061908709362728 1.2909225800092219 -0.02627311378085286 -0.014481833180172994 3.645359413761566
0.6856849752253118 3.4528649937993396 -0.016329135598735858 0.02516663129221107 2.146356168111814
6.628113368170973 1.8752554386433022 -0.019865200227486505 0.02248052089970048 2.2945116834212276
1.3165522077648244 1.1706747833365398 -0.025367565095607614 -0.01601520031470447 3.704727987623037
2.9273743400893166 1.7733621154440684 -0.029869482328927822 0.002795357830738071 3.0482786963822974
5.251393477505856 0.698884185876345 -0.010167270126788834 -0.028224574720780243 4.3666319486776946
6.957776480085149 4.507467974403295 0.022711527420544164 0.01960067657571724 0.7120088444994938
0.9768706856447928 0.685300500501443 0.013600018648231304 0.026740222376931733 1.1002941480028137
2.435968559818327 4.960163099157856 0.009036053848953533 -0.028606812664797383 5.018341707839943
2.039314536732026 3.9980650872376535 0.025757217810051275 -0.015380693439685265 5.744870589056744
4.026501488013961 3.997387842988026 -0.010139571866860028 -0.028234537048741928 4.36761312804232
3.264256500179797 1.0368977983902694 0.02945877509449192 0.005672792075525286 0.1902384710488776
1.2219443218265529 2.38472893204817 -0.028110670334794932 0.010478082521553266 2.7848013487251544
4.818708150060924 3.911998289224863 0.01451119836815 0.026256906175713097 1.0659115322137551
6.048444777231733 3.2476306106965125 -0.02992890869919144 -0.002064079474115011 3.210449701736919
3.1421148432282613 0.3946604546187044 0.022422555823790324 -0.01993060436436905 5.556556827649357
5.869623844528831 2.8535970685498184 -0.005852777571006688 -0.029423544903772574 4.51603713150251
1.6470426356466092 5.805052209132184 0.02795315525567233 0.01089133193196674 0.3715331431899892
5.267329548312783 4.590987670545659 0.003192836097329464 0.029829612764090484 1.4641665096799195
2.0146469980503907 0.24409967307295327 0.027758388935506872 -0.011378569492916484 5.894161170119412
0.914156244538178 6.686926416541844 0.02999099514702836 7.349898576994711E-4 0.02450211350492748
0.7297351450883963 0.1684817808229596 0.02940659402893195 -0.005937358639797987 6.083958027028718
4.158750347673097 4.70591368189522 -0.008969520596299645 -0.028627743541406757 4.40876118482704
4.324204710911292 4.579488261082943 0.02041871846538478 -0.02197898851702131 5.461002931223589
0.4381286249538535 3.6189299296800606 0.01636193811892749 0.025145317277624226 0.9939325202579403
1.7942539418626002 0.8228663945846287 0.007093544839177517 -0.029149298818575 4.9511011330595
4.477982051961567 4.988085252561027 0.029156258788443093 -0.007064883117315874 6.0454563101670935
3.272748086535862 1.1554564412391708 0.028660296590314598 -0.008864953432207156 5.983208083284865
6.706092572352965 5.347726805569655 0.02985508522045029 0.002945146257768953 0.09832992029008922
4.376423077341561 1.2712594867710953 -5.461494059999325E-4 0.02999502826847019 1.5890023127312762
2.7104717413536212 4.337051254125584 0.014494068811338651 0.0262663657419937 1.066563797603119
2.3561353157547655 0.3617744582007488 -0.025397050332190342 0.015968401122973788 2.5803010911710293
1.1499843796956117 0.01580220905853296 0.029994395182301424 -5.798772697157066E-4 6.26385486102266
1.345685607653245 5.426481856476333 0.02703344106479047 -0.013007423426509193 5.834722587722962
3.477915974525025 5.234168534434251 0.006051138733026016 -0.029383391908247628 4.915486986114239
5.024443171641659 4.252351839847419 0.013721452203134006 -0.026678113678390174 5.18743766341833
1.5767003655102072 2.6443044319718814 -0.029528700666519955 -0.005296776089949793 3.3190822864218323
5.947268995269926 5.98164072264313 -0.026090539264503245 -0.014808232875242557 3.6578259033525953
4.43208093277893 5.636215600147078 -0.015090899949758305 0.025928068549477122 2.097897391143767
3.2455720659177225 0.930528204094318 0.012863973618543814 -0.027101995918039114 5.155552048440595
4.3790527093046725 4.564365309679643 -0.02205334122148751 -0.0203383908156137 3.8865580325208486
0.6669588989586162 0.03490448416073615 0.021905551087372795 0.0204974835420961 0.7522035973451014
4.5116849925481 6.331027424679049 0.023552103496124625 0.018582207105396122 0.6679870083993942
6.384706121536824 3.6396654131230584 0.0105923088451252 0.02806782843986122 1.2099384780156974
1.876167580968951 5.356847429302777 0.02912939354277113 -0.007174847164251199 6.04168303451285
1.3310388848278143 5.404523076054103 -0.025869456733664566 -0.015191155594787942 3.6725647723678785
2.146864459500416 6.423860050047917 -0.027972530314049327 0.01084147350822717 2.771842534068539
6.977108091986548 2.4757508981020715 0.023811908491308306 -0.018248096174712562 5.629306283935655
2.0562112386070064 4.8127512069185086 0.004299187782518324 -0.029690351705741802 4.856190334908785
2.1003228015869526 4.1547081833145505 0.002809524906495474 -0.029868153103260027 4.806177247477045
4.728480389285231 2.8923452667279497 -0.007447868091510438 0.029060785620685835 1.821682276494869
1.3429849921843264 0.8023012770807305 0.002085541339384289 -0.029927420826421365 4.781963141141949
4.9962205296131845 4.131106426676846 0.029632802415608596 0.004679425284957685 0.15662037270035162
5.609987787890615 1.091782530490202 -0.026005049686193972 -0.01495785381726211 3.663569980102469
2.1404534855683295 5.099412111869158 0.012009323615312605 -0.027491383128222104 5.124244948164987
2.5042792940708583 1.2302329265008474 -0.022686937571144747 -0.019629133033401674 3.854855128755558
4.57747249457779 6.99686955347583 -0.012345635303105113 -0.027342005942555214 4.28826649118445
2.2916077934324885 0.20123432994167617 0.011857882022663857 -0.0275570432727567 5.11874283954907
3.9104645547889505 3.932139732038808 0.028144855586543716 0.01038590891605539 0.35351434597021125
6.614225692005299 2.0087346575596086 -0.026510516226615155 0.014042525748538773 2.6544711028717494
5.3197560951889 6.729336633775042 0.0033239387189415892 -0.02981528855122353 4.823414895324752
6.4154246042120056 1.72509401790108 0.016135667482012603 -0.02529110979988662 5.280280338553121
0.27039395626296264 5.862993202527627 0.023253869651654224 0.01895409048790985 0.6838770981713522
5.5995109663973635 2.5634055082826617 -0.027713965574097128 -0.011486344595116368 3.5345025087719524
1.2325498900112288 4.767492106774133 -0.0109897477619975 -0.027914609868806527 4.337332670373515
5.831064176831841 3.563957179932018 -0.010370036871254542 0.028150707545083503 1.9237467901606058
2.954760358812653 5.443768786393384 -0.0292285986579977 0.006759365391047824 2.914329210526308
6.823802671867512 2.416662295585276 -0.020980862240119132 -0.021443027297029287 3.937884367300167
6.797541082653194 6.268796374499121 0.02443043250414622 -0.017411317229329776 5.663993449833342
6.349230472317333 5.017709581964393 -0.018054932443331003 -0.0239587022700887 4.066597049834033
3.7341474840176856 3.9096520970334474 0.004028301607579736 0.029728316234835274 1.436112790211082
5.997738197745271 5.476662812793418 0.02809502883235227 -0.010519950328271258 5.924904196135342
3.6585116868903276 1.4749079814298924 -0.02819860928614516 -0.010239064133373126 3.489894524589424
6.758312443607512 5.799712244870586 -0.021779787462115927 -0.020631065365246115 3.8999118682676883
1.801391001806792 4.513176982882358 0.02446501233273836 -0.017362694824218962 5.665982280868464
3.6743337310167785 1.0609996237698318 0.024997016574057163 -0.016587620757550235 5.697319880758641
3.63766654129806 1.569082181254362 0.026943586511625033 0.013192541297664279 0.45532182799559306
2.7965167617427613 4.142963207952446 0.003829850932368886 0.029754533130866515 1.4427852997171018
3.2027632680463456 1.6693370860896242 -0.029886111267787327 -0.0026115806113224545 3.2287556672978406
6.592855398475161 6.102036870328853 0.012904424998005197 0.02708275863849284 1.1261401682090986
6.721876560192545 5.538671220515834 -0.011461380760930708 -0.02772429892806971 4.320379724552908
3.385863525519556 1.0158482469773504 -0.014605955302249445 0.02620431395226159 2.079293573805531
0.14487735019597486 0.04573739914215021 -0.014503499375803676 -0.026261159644160086 4.207797379856718
6.311020032332756 6.313638903641997 0.02392213396347954 -0.01810335622566541 5.635370698261793
1.1592009977992122 3.850103576080155 0.029702656101637123 0.004213338404149241 0.14091046477967184
6.912969455239398 2.5154239737077075 0.01659806996904689 0.02499007949772517 0.9845128240236285
6.869761605754979 1.0880059836724765 -0.02135231515847499 0.021073173405378676 2.362773971880298
1.1842896316065388 5.06610753650451 -0.016459286463848057 0.025081704270264172 2.151536462049931
1.8128960967935 6.674200318311869 -0.010463496886883965 0.028116102733098863 1.9270688170967816