300

0.33759771910289094 2.5271994763663996 0.007188902270190255 -0.029125928039285775 4.954373787703528
5.017861882385037 5.98390480852625 0.008460209210521595 -0.028782370647919282 4.9982743264733855
3.680847702004995 2.141602073505116 0.007315292401422861 -0.029094440999642607 4.958715564809041
5.02108440241791 1.7910840972161763 0.005586770395160636 -0.02947520986442262 4.899708197989749
1.9720753428940425 4.707777608809385 0.008322065807733979 -0.028822616478934474 4.993478105005082
0.5263296599242233 1.4879459076191848 0.006257802430245971 -0.02934007342772011 4.922525495945004
1.602796661146579 2.5097069428613357 0.006059624455585794 -0.029381643103428823 4.915775787865114
1.3360370144062277 2.690192540941589 0.007573082534423354 -0.0290284071372649 4.967586033167205
4.924744242210202 5.510180949535393 0.005923067101120218 -0.02940947595785459 4.911130286603614
2.136476407658382 3.7420659045246265 0.005641742862360981 -0.02946473718659304 4.901573569575934
1.8394321760018708 2.1469485735712763 0.00820653088715964 -0.02885572474913938 4.989471929945543
2.8787451988315347 5.641096807351693 0.005588175258728758 -0.02947494355003469 4.899755860751811
4.69404280123496 6.870312420404918 0.008134917765650972 -0.02887599544511143 4.986991037828101
0.7853122232804055 3.9600256193473706 0.006684518521610894 -0.029245806744458955 4.937092437483517
5.3980521148745035 4.531502905853378 0.00467262395629916 -0.02963387563858327 4.868779836977442
5.315915602588517 4.205973992189958 0.0053845136913177535 -0.029512827928004658 4.892850675047553
1.9365907737093748 1.7075732281775058 0.0061813951506582004 -0.029356266009004265 4.9199220205949885
3.5024907078278 1.503191939431544 0.0071740006625266575 -0.029129602031165255 4.953862193102275
2.8034532223521733 3.1547256622304274 0.007044665618240587 -0.029161150291563926 4.9494246167495035
0.7266758730977981 2.323440692601624 0.007285971086447778 -0.029101797630514972 4.957707894444626
2.223230615252251 6.565412348955448 0.009981719837137313 -0.028290727616887116 5.05157966226149
2.5490173254189004 6.58644622690549 0.00956701562113161 -0.02843364577582382 5.036958193465396
4.485254983468857 3.8819169627732912 0.0049369551446849565 -0.02959098636239368 4.877706136653611
4.109463572135571 6.718624381010942 0.006910132076088617 -0.02919332243323824 4.944813717275411
2.193249001985067 6.314870140997346 0.008559950343965358 -0.028752865076524935 5.001741455173645
6.737040328332057 1.9841314278074678 0.005256857074837702 -0.029535833384123914 4.888526904964877
5.451406932245142 4.352601331165461 0.0043547323488256065 -0.029682255745985542 4.858061384623019
0.012124756930430629 1.7853245933873405 0.004868615192198537 -0.029602307107897748 4.875397093918666
1.3276481489355505 3.4162495375323814 0.0054610267817179715 -0.02949876584688517 4.895443828108846
1.5209422321007233 3.2524683403221792 0.0060252414673316775 -0.02938871322906715 4.9146057087137525
4.640082639434489 1.5917783597404305 0.007243854714434882 -0.029112309576468844 4.956260947418022
6.523487384330258 4.650972074477777 0.005921106010772741 -0.029409870853323902 4.911063604790466
1.59654497138665 2.207933748041561 0.0066536572119970504 -0.029252843378127186 4.936037325726712
2.2632041342613047 3.578877532991063 0.006502122792414877 -0.029286898080752063 4.9308601904219
4.5941834110327555 3.8359467370603344 0.005707295414988911 -0.029452109925199695 4.9037988252979
2.073085381810921 2.1376217276243645 0.005888525920011035 -0.029416411448192625 4.909955933655867
3.5788568463697317 2.295626587854549 0.006588378525028625 -0.02926761466896374 4.933806356863127
5.257431024895321 1.4405386191397467 0.0065039463890420495 -0.029286493155863964 4.9309224574885
1.4098718663158019 6.061585977442454 0.009515647707713494 -0.028450877819545164 5.035152152165976
1.9481367789845254 4.917138790494943 0.006871267323965157 -0.029202494505822765 4.943482637467906
6.671820946816897 0.38868321789428556 0.007695221443890428 -0.028996268155221095 4.9717959224414034
4.627643030883485 4.745517104051009 0.004051728796250458 -0.029725132359026338 4.847860602033787
2.10652782712182 1.6220134922922649 0.007356706713567113 -0.029083996739281838 4.960139264267415
0.392143305540819 5.375009881473344 0.008172289457869807 -0.028865441015456354 4.988285487335814
3.1432288574801466 1.95650230065081 0.007403345461472287 -0.029072159809310653 4.961743178304198
3.713275559016697 6.520931512333054 0.009685638439260102 -0.02839345713406395 5.041133055098661
2.6364041924601653 1.762561524202568 0.008131713547594425 -0.02887689794247071 4.986880074796976
4.281841936285226 0.5856402081998466 0.008035159070614247 -0.02890391355352983 4.98353798303303
4.6519772841132525 3.4565836351864814 0.005239079992330518 -0.029538991872336506 4.887925055297327
1.9318154972419557 6.18142925402369 0.008360348493941405 -0.028811535416562783 4.994806577076524
4.503608737392275 4.545220898690762 0.004816496041190904 -0.029610831901268703 4.873636702950712
0.6314446955096675 6.54700741078673 0.006758215104354592 -0.029228864647866042 4.939613068791711
4.317334451785241 1.1102121054016332 0.00803874461937427 -0.028902916547374268 4.983662035804967
3.5269005549970487 4.262358110509744 0.00581682269728221 -0.02943067402742218 4.907519001166711
2.141445160812505 5.168870923430534 0.009338839423926496 -0.028509403329675564 5.028944046715593
5.044841693225133 2.0222492451545273 0.00764027419971198 -0.02901079471771181 4.969901421150607
0.08748056258358541 1.9553642203140778 0.005119963389845151 -0.029559871022835082 4.88389396449966
1.792740522657123 5.459005618278632 0.009216877029699708 -0.02854906614618758 5.0246690561803415
0.32387219780500676 4.26455685058802 0.007676222924677173 -0.029001303446753227 4.971140773682276
3.4753694389488 5.129181173030951 0.006996908114620111 -0.029172646037607955 4.947787229987257
1.2764743125912046 0.8558452197419066 0.008034127048653337 -0.028904200431184683 4.983502277942874
3.881790512646256 0.4788632424674657 0.007969297883644554 -0.028922141885443724 4.981260077061716
2.8614013234075806 1.708373527648179 0.0074364671827587756 -0.029063705129245852 4.962882637319311
1.9876913880299796 2.232263135542353 0.008115596279911543 -0.028881431699648925 4.986321981536163
2.115700550786966 5.271200205350346 0.008566050235769215 -0.028751048387115872 5.001953610883182
1.680432876530351 5.99241565385559 0.008336265760147486 -0.02881851268154192 4.993970807085456
3.857420917639076 3.3143373279746795 0.0036840127053167472 -0.02977294158102395 4.835500154546587
5.3239798832322 6.146482378166713 0.007194974606317288 -0.02912442858520059 4.954582278653865
6.968140345026049 4.098354702585746 0.008803041154162205 -0.02867937353636105 5.010206713168004
2.1213956572783745 3.8487718167276346 0.00595362227105982 -0.029403305627999386 4.912169352138914
4.4675605681655615 0.9552058987096956 0.006427662375253179 -0.0293033301245738 4.928318456779433
5.4541497319901335 1.6699311802472983 0.006049036251978948 -0.029383824809276354 4.915415433259991
5.961723955785208 5.0833891021188125 0.005136155517110258 -0.029557061871980067 4.884441764463809
1.0312783926244118 3.2315350237800105 0.006757926847122387 -0.029228931296387532 4.939603206728745
5.969153356349056 2.885331285759339 0.007200678669738139 -0.02912301884584045 4.954778134906943
1.5135076102585001 2.963138198173239 0.007759225006075158 -0.028979206809453876 4.974003874552947
2.6102714622011325 1.9283801047508127 0.007648025772626975 -0.029008752158292392 4.9701686267144645
5.426686432148118 4.311073600206664 0.006434800904670058 -0.029301763382384643 4.92856207141954
4.17906306982823 3.8296951312970338 0.005887061486438199 -0.02941670455803804 4.909906151027581
2.255070663485686 6.801711174063369 0.009913456805548998 -0.02831472009687742 5.04916777431594
1.1631279994540613 4.371727575899132 0.007306535225895529 -0.02909664143836446 4.958414584827425
1.5539227887151166 4.959476119557848 0.007813209827331021 -0.028964698379132105 4.975867221714664
4.841525590210367 6.3506785007743005 0.006443627484582543 -0.02929982363154994 4.928863311720204
1.6529108784588444 2.303375653282778 0.005768014855836327 -0.02944027860980346 4.905860871713159
5.711096492237112 1.118119008999543 0.006832687778434195 -0.02921154528131704 4.9421617379012215
3.832566633021845 5.566317552352495 0.00513371045958635 -0.029557486647499878 4.88435904176411
2.7295880917995805 1.259178255137042 0.00907427367396978 -0.028594712051180003 5.019678029538303
5.646164756514515 4.991328814523989 0.007866655721700706 -0.02895022845775545 4.977712890253564
4.978282280237422 0.9478267315543792 0.005947862948960237 -0.02940447119640797 4.911973482735506
1.720312864326638 3.0293659362396195 0.00867845406556439 -0.028717319426295497 5.005865456329061
2.1523590727022497 2.8742815505305894 0.006170838073203592 -0.02935848697522236 4.919562414982964
5.4414264315333245 3.915196822107055 0.005146559690720903 -0.029555252043416018 4.884793778208969
3.5361255525569133 0.08013312222790712 0.009137500366430913 -0.028574570636380085 5.021889939980783
1.200557288517792 6.483118566728945 0.007917509892913743 -0.028936361849679945 4.979469917498046
2.113854520167889 6.214075520366814 0.008421692302082957 -0.028793664212271364 4.996936377349714
4.994516028084722 2.478373348380402 0.006886981263087454 -0.029198792596302373 4.944020774194777
0.5209212792989969 1.5220007947285372 0.0067512816136772935 -0.02923046692361966 4.9393758614731045
4.541613408427873 4.413769859697138 0.0060637716490039555 -0.02938078748755274 4.915916939052005
0.957512859435739 5.119524279651416 0.009096923993341659 -0.02858751430011649 5.020470244869274
4.302799169155824 1.6230885170592653 0.007007399404848693 -0.029170127760791965 4.948146873159237
6.480140315607933 1.524299614132516 0.006490506270130053 -0.029289474702653893 4.930463562171274
6.145202124005417 2.5842246358064385 0.007020131528706052 -0.029167066244647696 4.948583374224201
6.462148986349158 5.851192160056097 0.007238519363282985 -0.0291136366231939 4.956077683719097
6.0495287872051104 5.47806755489418 0.007007054602416118 -0.029170210588865465 4.94813505278101
0.45255460102538897 2.9993656750034425 0.006208805655295898 -0.02935048095576571 4.920855831581392
1.1214489858501484 5.340993565145577 0.008439971698938602 -0.028788311477422838 4.997571277282294
2.269110993999308 5.240277093893438 0.009323986316300723 -0.028514264485927684 5.028423101365747
1.6666506287486382 4.388689751164473 0.0065495577492987 -0.029276326499214366 4.932480147207086
4.695458657070074 3.2734219439097156 0.00481821850325331 -0.029610551674274954 4.8736948732249585
1.459461407959307 1.3355020763407672 0.008231406217076818 -0.028848638645341117 4.9903340944999375
0.7973100771863093 1.8962678700305817 0.007579475515428678 -0.029026738551050084 4.96780627138739
5.5922172150388025 0.5725967888310006 0.008043466089309875 -0.028901602953298664 4.983825395693289
6.851353976920401 4.121081819674479 0.008996379751177697 -0.028619314306471424 5.016955135184436
3.9270902795284903 2.011370985985458 0.006339013573879869 -0.02932263471978885 4.925294242711676
6.989529567117598 2.308674278618478 0.005724733614938295 -0.029448725355064105 4.904390945914082
0.9214806759713089 4.279692534538993 0.008976519391712866 -0.02862554976957129 5.016261261280164
5.018131425359719 6.089351239114538 0.006576781541486439 -0.02927022283064417 4.933410135072715
6.008141517218798 4.1492780591540255 0.0041946678487502454 -0.02970529854484989 4.85267089112996
6.579857929526139 2.146355967245273 0.006281401030749115 -0.02933503027254112 4.9233298779654024
5.773897390131158 3.7374310948295806 0.005206216168373 -0.029544801796731884 4.886812607415175
3.9770610248548413 1.7426634066078084 0.0071476958242270155 -0.02913606775809542 4.9529592656457595
6.010064330182098 3.8948026647045397 0.004251001627113077 -0.0296972891888516 4.854567568147719
1.5637415810188295 1.2759668271349647 0.007827769188592359 -0.028960767074270047 4.976369914643957
5.560803343782029 4.334522254571095 0.007057037869294389 -0.029158158661193694 4.949848910215609
1.2579764800572233 1.567476380837371 0.006721467528200212 -0.02923733699000903 4.938356015304878
5.910283506593398 5.590485811469401 0.0060966324572924386 -0.02937398632601112 4.917035513858077
1.6707459836882415 1.7987693209864843 0.007824575618105298 -0.02896163007146787 4.976259643983861
0.6782844656071928 3.5657596167168575 0.006115296383227751 -0.029370106403370105 4.917670945420304
1.7678170898439107 4.216860151903246 0.007468931372416614 -0.02905537926364292 4.9639997982870225
2.478587592461834 2.400606882518021 0.0076514210278401384 -0.029007856802161818 4.9702856709633485
0.8709745295485841 4.122369376805323 0.0074273325747480625 -0.02906604085224003 4.962568353890705
1.302126987925501 0.28991282099954996 0.006665521554100977 -0.029250142263103872 4.936442923554283
1.505961183596958 0.6744342082096711 0.008126067272151023 -0.0288784873338005 4.986684551023793
1.1530290400739942 4.4689470683369334 0.006813882206311324 -0.029215937590269355 4.941518014415313
1.0276377437774358 3.0951098975074554 0.008575121210453222 -0.028748344234512627 5.002269126376309
1.9516512370264636 5.684184426062736 0.008705177735588434 -0.0287092298850355 5.0067961641084935
3.605958075996571 0.24837665809400844 0.007595063611938419 -0.029022663708395357 4.968343334493239
5.118335919398684 4.519827983038406 0.005329087282505007 -0.02952288652444817 4.890972950926099
1.6448937432136037 4.060033779453231 0.00599405872361449 -0.02939508904592502 4.913544779015927
0.6436373387458864 0.5769355070701804 0.00755600407659857 -0.029032857289533625 4.966997742247232
2.1390987615027264 4.056401284072242 0.008069608008095057 -0.02889431477982629 4.984730024187057
4.323386738730773 1.747700429747066 0.005843038518227309 -0.029425480469730855 4.908409844934379
5.501671293671311 2.445167963303269 0.004778628221190989 -0.02961696662934334 4.872357985328936
1.6539740236934195 0.3388243264084302 0.009026056747848024 -0.02860996853519114 5.0179922613735695
0.2599156686178511 2.5218604839023437 0.00489175400700174 -0.029598492237527613 4.876178800040231
0.320870048124604 2.905297638736924 0.006511516067570308 -0.029284811054568437 4.931180934863663
4.7567809067083555 3.2222861288476903 0.005654830306548039 -0.029462228262712 4.902017761598112
4.953629857923255 0.902863730783455 0.008232606460633774 -0.028848296151841115 4.990375699606378
2.1874803627034276 5.186171454934353 0.007887376508012831 -0.028944590026822755 4.978428698195267
2.013446924795912 5.66565309537879 0.009321114431215914 -0.0285152034143223 5.02832238553626
1.6710169344918875 2.2754363980390138 0.006721851742677148 -0.029237248659021733 4.938369156551547
5.092915741684713 2.0531447839408203 0.0074861654097935545 -0.029050943658635437 4.964592988012507
0.8022695242922812 5.459170659178875 0.010261493005477565 -0.028190455145288715 5.061486355659761
6.6593387420309895 6.46971581544373 0.007589515777988501 -0.029024114977991382 4.968152184043254
2.8410940956553903 5.23343228453984 0.007690278727555881 -0.028997579435058048 4.971625465866165
0.40769737877588186 1.24604874297745 0.006025242977843918 -0.029388712919383563 4.914605760111452
4.6479416123300386 0.9839820655231507 0.006185682640703351 -0.02935536288769909 4.92006807309321
5.552096168953876 6.67659568302591 0.007210173799667354 -0.029120669528336574 4.955104183277509
0.1591474913983249 2.255584883785686 0.006495000085472659 -0.029288478517835472 4.930616992432549
4.793387061099915 0.25999935822005327 0.008563920675591747 -0.02875168277965956 5.001879542742998
1.0023288664294554 2.2461664580028025 0.005825573060508643 -0.029428943211007013 4.9078163311043665
1.6013327128620605 6.009044543723491 0.008074189756844477 -0.028893034796823744 4.984888596911827
6.965026577029873 1.7203073190390035 0.0054921096911786935 -0.029492994611264232 4.896497633126456
1.0386062862316852 1.9241802138315445 0.008315471119493278 -0.028824519771556874 4.993249310007069
5.8379629029345885 1.2598868236862086 0.007573627565408133 -0.02902826494126871 4.967604808993144
6.787756901246585 0.2033812800667108 0.007901368817733357 -0.02894077350048113 4.978912147156986
5.066419985824883 3.2144073631251433 0.003829756515371394 -0.029754545283586006 4.840396834266057
4.307455871763659 4.401918912226471 0.005010867882328385 -0.02957855985449342 4.880204472501161
1.6071776728134823 2.3163123841166633 0.006532650475523932 -0.029280103786780486 4.931902677808
2.046871524464624 2.0826364428668622 0.007560848854281051 -0.02903159597064407 4.967164618103258
6.944545961307591 1.4732577965624292 0.007441031997744886 -0.029062536757973084 4.963039702865904
4.603975099835414 2.078191357653926 0.005526085863837318 -0.029486647402264934 4.897649765209336
4.392893580278064 5.018508718193822 0.006006301307266181 -0.029392589960844425 4.913961280693883
0.39196640041009023 0.9498394928855048 0.006178752461876592 -0.029356822341916604 4.91983200016329
5.687398640926467 0.7537140235311237 0.007261062381290363 -0.029108022486850765 4.956852069651255
4.831124644425578 3.9744703504884744 0.0065517889744883305 -0.029275827251057707 4.932556360464691
3.8761569061702246 6.935917258766066 0.007199532657604901 -0.02912330217389643 4.954738784365551
6.9009328724082275 1.4687987156969224 0.005908541706590115 -0.02941239763945614 4.9106364092975525
4.642552109092251 6.265086018635571 0.007267852247684082 -0.029106327897998975 4.95708534087452
5.804805080789186 3.762419207086071 0.006711245285225065 -0.02923968513376203 4.938006399592593
0.32802361273587705 3.045821961652125 0.004777924122467482 -0.029617080225436524 4.872334211882384
4.4436038869931735 6.752883875402027 0.00877270496583962 -0.028688667581160558 5.009149114375924
1.4121895520888883 1.5873609958930555 0.00640906577444305 -0.029307403090326214 4.927683876757447
6.242146734527456 6.945092572720214 0.008440627222718565 -0.028788119287079212 4.997594047842096
4.298715149373941 3.234513688590297 0.005660215241884954 -0.029461194195339963 4.902200539009786
4.5607689529206 1.3454579124644963 0.0058889756735845695 -0.029416321413731003 4.909971222885235
1.2685419701966887 3.0684884935574845 0.008395554848801315 -0.028801296130222486 4.996028747538637
0.03718784060973899 2.1934462757528634 0.005046899933716213 -0.029572433127138104 4.881422779924748
2.021541974267205 1.432267049310635 0.007943216047075844 -0.028929315906697083 4.980358394172572
0.7854978785461236 0.5180012316933116 0.007832456509176359 -0.028959499737251346 4.976531768890555
3.411524734036138 1.8308010759899809 0.007452123740512543 -0.029059694625995114 4.963421372405043
1.8557555910129195 6.506684032853284 0.006999358679397853 -0.029172058173484058 4.947871232976369
0.8735002691011633 2.269653351881669 0.007704910937764514 -0.028993694960130843 4.972130100746178
5.5114903768955825 2.8560522367554575 0.006595034220176713 -0.029266115622588146 4.93403377087164
4.410166899877231 4.89383007893661 0.005649687352455827 -0.02946321490977352 4.901843203587099
1.2113306579428125 1.0662798387030432 0.008012846559262562 -0.02891010705649002 4.982766111088873
4.482861955909257 2.4672683777702953 0.007008070949929253 -0.02916996643057303 4.94816989489377
2.445599274031171 1.2363894060274234 0.007512722504780364 -0.029044087187690484 4.965507251857454
1.8661954446985305 0.2633709342487686 0.007374523408709554 -0.029079484254270996 4.960751906230407
1.0004108878501214 6.293975088658184 0.008327771459933103 -0.028820968451999034 4.993676068132716
2.5739747111463185 1.5755251660623395 0.00853183516676345 -0.02876122022250062 5.000763775538606
5.8873148704790434 3.2547629330631946 0.006291042551549708 -0.02933296411231894 4.9236585587329955
5.086334193428575 2.6173899355817367 0.0058575794040401094 -0.029422589340936074 4.908904028874946
2.2402720280960717 3.9193976436228715 0.0060214828837648095 -0.029389483559268736 4.914477818313328
0.8321268661586194 2.833037002532669 0.005839029426595557 -0.029426276274026775 4.908273601197663
0.8780480714736194 6.405668011779395 0.00691112387244334 -0.029193087654781288 4.9448476908097705
2.487272113270281 1.0760471759764043 0.008468336624659116 -0.02877998045189498 4.998556712926622
3.3456322687186804 0.2804434917726018 0.00888165320168116 -0.02865512583125516 5.012948936406154
2.291507112361702 0.1268071226012922 0.008071322520419779 -0.02889383589576442 4.984789362037608
4.870283244536908 6.51751742432201 0.007977683988120543 -0.028919829843650276 4.981550043124993
4.165332508103538 4.384639653695616 0.004982655380665619 -0.02958332546144067 4.879250733472272
4.308604664746527 1.8187736368466725 0.007861440363614464 -0.0289516451244024 4.977532745544956
1.13657565318399 1.1064785572232834 0.00836404690802422 -0.028810461976864765 4.994934945208315
6.031617813984768 6.358817456262724 0.00654546054909712 -0.029277242803929016 4.932340200138319
3.2609879289071655 0.869651883242688 0.007925974219536485 -0.02893404452666863 4.979762444442037
0.9221981007286946 2.2974138009806895 0.005429034730442827 -0.02950467050986412 4.89435941506054
0.3472641457956357 0.12087642915134165 0.008547474804225328 -0.02875657619521373 5.001307594601592
4.70678554266188 1.9280947849428565 0.007109884173578013 -0.02914531775497232 4.951661710860093
1.2318317516471287 4.223959000522033 0.007447236164054622 -0.02906094756742796 4.963253185122111
3.912738549936828 2.6188632242001253 0.006265866020438249 -0.029338352425007052 4.922800335974346
5.1046480435732855 6.340043302749921 0.0062319768972345126 -0.029345569750003752 4.921645364793808
1.646708051481381 3.8416096443557683 0.006424582532500404 -0.029304005516022733 4.928213355849104
1.6777470315436633 2.983412538852122 0.00653919516201953 -0.02927864284137877 4.932126203304879
4.4879016095419875 0.9739410787465905 0.007676981455531794 -0.029001102664061255 4.971166928833603
5.625876985568705 6.067818855368057 0.0065365220701113025 -0.02927923973102696 4.932034905881238
3.53503702777594 5.857097549565666 0.006143470456204824 -0.029364226037029113 4.918630318572105
5.687214097421755 2.090699340321622 0.005733698435804997 -0.029446981207710363 4.904695376281614
5.570980879362553 6.0982363392692855 0.007673960316318996 -0.029001902231811642 4.971062757016453
1.4803720591693739 1.7484032106146346 0.006307241867838116 -0.029329485164601675 4.924210847840468
5.593076117591344 2.789560922555163 0.00445896156170471 -0.029666777071182503 4.861573795888206
4.4440373062779885 6.5369539708778275 0.006778311715732437 -0.029224210687106067 4.940300683958949
2.1408423821660336 1.8407056233311518 0.007126458601063166 -0.029141269495465236 4.952230432681708
5.262396213496441 0.11178865988601265 0.008319882891594552 -0.02882324667122273 4.993402369609024
5.877668571112387 6.486470235502901 0.007187888713821168 -0.029126178187975887 4.9543389887431255
1.4837936824645688 0.8401327958037063 0.00865867917561662 -0.028723288024419195 5.005176922901433
5.350850038387471 3.8745158431742777 0.004549766439027608 -0.029652986786330614 4.864635332229273
3.7362336057703533 1.3214252997718743 0.007035537180347246 -0.029163354000936715 4.949111594361074
2.5588498568953475 1.9183948817128222 0.00803284513933225 -0.028904556716329452 4.983457927938337
3.2950224927828775 1.0849778901080853 0.008211958526492265 -0.028854180583741604 4.9896600307329315
5.402959261898789 1.9606948858698987 0.004976353691482921 -0.02958438615109775 4.879037722389466
2.5773090122288167 6.599194355684242 0.010299723223019858 -0.02817650974711356 5.062842831452034
2.9355514969712457 3.626499356476597 0.007323311383925966 -0.02909242359058558 4.958991193424152
6.9197425711928195 1.7455784178071523 0.007100517968742327 -0.0291476010089264 4.951340361202066
4.527841317874941 6.147296299273579 0.00705012379349704 -0.029159831180861916 4.9496117938203525
3.8175250218717696 4.229748213970416 0.005606520340054337 -0.029471459578320123 4.9003782933264795
4.003761981024288 1.2147718273493366 0.006754319131303984 -0.029229765190170464 4.9394797788717915
0.6933862418494546 1.5566871836063174 0.007411863911755099 -0.029069989221766533 4.962036199816606
2.624034109914201 2.82417700216519 0.0054419600348412445 -0.029502289249805524 4.89479750928686
6.603256893164445 4.3562968411251575 0.009742221795820476 -0.028374092311139056 5.043126565066044
1.211252369652541 6.2732759856411215 0.006721691098293398 -0.029237285591845272 4.938363662044038
3.761183712921597 5.091803344078828 0.004246280762541667 -0.029697964571425907 4.854408603777249
3.8653471025702317 0.25025241487567496 0.007631642415704715 -0.029013066608664734 4.969603895830979
3.4522270299372466 0.6686489931383024 0.0069656712422976556 -0.029180120358631618 4.946716608274942
1.5083645964100512 0.41604933933791 0.008663085888550732 -0.02872195924528118 5.005330345965478
1.1971857861595354 1.4140399144916813 0.008537990966892707 -0.028759393426309576 5.000977813592628
1.5072047849671806 5.175644361889872 0.009412818221667247 -0.028485063684777833 5.031540044540275
1.8071102139235047 0.38965669881974985 0.006962512271077208 -0.02918087426509184 4.946608352024762
0.4929617567035992 6.992407970562596 0.007870026978389677 -0.02894931217420232 4.977829342185595
0.7914889165410824 3.687685082694208 0.007845723304116899 -0.028955908306168482 4.976989912764757
2.6678925705010212 0.9266798639851642 0.007528727800970011 -0.02903994245343646 4.966058360170132
0.28923999712240983 0.3659159781540037 0.005740985843743017 -0.029445561321563257 4.9049428577992344
1.37082431489135 2.335630530940887 0.008541323970800109 -0.028758403725273683 5.001093708291963
0.24137411819621352 2.180127722000311 0.005278313085548951 -0.02953200655172152 4.889253391993719
0.9300126037380662 0.9968797055839119 0.00659640564933628 -0.029265806541242022 4.934080631767665
2.4086678363743195 5.573326663562102 0.006940989159253507 -0.02918600125901329 4.945870840871223
4.380119087309072 2.4128736182715156 0.0051359880750855135 -0.029557090968033023 4.884436099423656
0.8696287972769774 2.850380776152528 0.005252575295398999 -0.02953659514511048 4.888381937861346
6.440499025715812 3.637524021215806 0.008396541367222048 -0.02880100854255852 4.996063000279955
1.9915853251888234 1.4695864213597045 0.00843231323529715 -0.028790555630307527 4.997305260808508
2.6216907062346784 6.545948737142702 0.009301613435553531 -0.02852157056502201 5.027638581262562
1.347577252497981 1.3579411870524443 0.008197989495256837 -0.02885815254370346 4.9891759390247765
2.314633804090619 4.8574013035059584 0.006907075054482699 -0.029194045868836727 4.944709002105263
1.3414691615013732 1.8490660886829264 0.008617207023693542 -0.02873575722181002 5.003733385350689
0.6015554818829612 5.516260768857116 0.00978981707435648 -0.0283577058601474 5.044804469483098
1.0348708005791534 0.6674032334721738 0.006393484596059631 -0.02931080610832715 4.927152261130512
1.5684688237479885 5.731775070689734 0.007539959829714472 -0.029037028184135717 4.966445158189421
6.0105418018790076 1.7817349417097503 0.006720709505661752 -0.029237511243956925 4.93833008885748
3.9403965076655245 1.458937846051249 0.006507680291539849 -0.02928566368076885 4.93104995501273
2.228021212558103 3.509308277327442 0.005985416937225064 -0.02939684990075602 4.913250800403144
3.4835068042305664 1.8142499531178602 0.00573826746554128 -0.02944609119210749 4.904850539853183
0.04322725108741276 2.4087069050919907 0.005795245221821362 -0.029434930487754793 4.906785891410269
6.557412664761519 3.2327407442583214 0.006106938428467501 -0.02937184541411906 4.917386380320056
2.4419027509565328 5.112449418567749 0.0062998672805159904 -0.02933107008358004 4.9239594152635995
4.343716966536267 2.159405376654842 0.007276720633347997 -0.029104112026038645 4.957390041735976
3.8605403981428013 3.512862808325329 0.0038444365408077325 -0.029752652111764796 4.840890220806883
4.054895494283187 1.1815394057192035 0.005621043211875885 -0.029468693103193836 4.90087109393411
1.3108603177635154 3.4373334541627623 0.006023788508897867 -0.029389011075571597 4.91455626962945
1.702865470022357 2.7547030757803483 0.00672727871165911 -0.02923600042987512 4.938554778833562
1.1058957985370281 0.8381579320314577 0.006934419395930755 -0.02918756289314576 4.945645747084662
2.2653398574868286 3.8625923682457093 0.007210916914637023 -0.029120485525660482 4.955129701829431
4.625107129821113 6.659558515306207 0.008167435514041492 -0.028866814807386936 4.9881173337188205
0.33431827052269464 4.669835811887118 0.00961651102040971 -0.028416944167069382 5.038699437903572
5.5517830628229525 0.2245318348190381 0.006998847796027624 -0.029172180746869766 4.94785372024916
1.722328261265614 3.7282589231824876 0.007741317616619893 -0.02898399561065745 4.973385986370864
3.712084639355933 6.816294830626806 0.009519686463558144 -0.02844952670319047 5.035294110940145
4.246399422016574 6.111946765784831 0.006567165118936245 -0.029272381903436333 4.933081607754623
1.9236516814391467 0.5452164198230169 0.008061143285896463 -0.028896677472059765 4.984437081574091
6.931955826773451 0.13728853096188243 0.006987919144512413 -0.02917480053110487 4.947479111275463
0.6325544259920144 6.37043270898807 0.008792403565828595 -0.02868263655132848 5.009835820021289
1.877729930374834 1.0544150716919878 0.00880525348012163 -0.02867869437667632 5.0102838540494465