300

3.261785865816896 3.9459445905999875 0.008971918601614733 -0.02862699209847237 5.016100542124713
1.0917944825784858 0.4379782055457581 0.007180988287540215 -0.02912788023894307 4.954102080742721
6.6692016428327845 3.578421186207523 0.008722542274618836 -0.02870395889537691 5.007401061306151
1.0277333419532435 3.2322949757637827 0.008280865878338263 -0.028834480406363713 4.9920489687977785
4.714569148050873 6.077854060835131 0.0069745046614459166 -0.02917801029418334 4.947019339667533
3.5117836153090125 2.923043736068563 0.007951656284420917 -0.028926997119203875 4.980650159646165
4.502824247437091 3.9230443929980656 0.007113384153841274 -0.029144463726064336 4.951781799842077
4.242673129736037 4.105041124053159 0.009342877496610799 -0.028508080259521573 5.029085690030007
0.9088634392432505 6.942716238447251 0.007954188123020126 -0.028926301030439503 4.980737685809014
4.917652410303172 5.123224924403652 0.009108730408093412 -0.02858375465806888 5.020883264023792
4.791640275163071 3.573961289624716 0.007492643227803798 -0.02904927361330823 4.964815975749475
5.7175783383637855 0.03309642105104964 0.008461187445659208 -0.028782083090169462 4.998308313945654
0.7220474808022075 1.3121866307800683 0.00819505248091792 -0.02885898672571511 4.989074166332174
3.5685406084315514 5.341547935228483 0.008507235987110614 -0.028768505971975847 4.999908594060061
1.2852231110389962 5.938536682121692 0.008703660727301596 -0.02870968982667747 5.006743324093596
1.185380327578713 5.60865450400051 0.007202555071892203 -0.02912255484047304 4.954842565627929
4.89407675044858 3.1354429498230547 0.007955341599978585 -0.02892598382125749 4.980777562434848
6.479176150779474 2.9352022207766493 0.00747878737813702 -0.0290528439116142 4.964339027576349
5.581879527679564 4.531593759497912 0.009514011913641303 -0.028451424873054975 5.03509465733732
3.675186107094613 3.749378997479584 0.009281798394852379 -0.028528025142959258 5.026943921128395
5.113090061524396 0.9730933713180506 0.00768433808901471 -0.028999154265835367 4.971420604725155
5.428422060526099 0.9915685029234284 0.007461535080498464 -0.029057279539600585 4.963745248175893
0.3759575282221356 5.289454364037338 0.007838441860727685 -0.028957880260750992 4.9767384547430655
0.1296262948254387 1.1587114173120048 0.009278664096827085 -0.028529044718992116 5.026834055759222
5.031758754421585 0.7102679046856232 0.008136865506536185 -0.028875446658511477 4.987058490373475
2.713228597089046 3.4174865965462145 0.00898993327478927 -0.02862133993569897 5.0167298940006475
1.325423977471295 5.756015803100386 0.008008078498456644 -0.028911428168849708 4.9826011877337075
2.970472034915313 3.2141235878869066 0.007962148571171366 -0.028924110878825536 4.981012893809728
4.137129096007231 4.805733255729685 0.008918284282305716 -0.028643746358672756 5.014227533147561
4.3538169828602165 4.647967818612088 0.009154062726404249 -0.028569269077123 5.022469612596154
0.6437278742934891 3.031781853513537 0.007468143364264316 -0.029055581816422035 4.963972677477536
2.362083149209413 6.04711853824779 0.008349286438386576 -0.02881474303147217 4.994422653085008
4.561970210304714 3.638561127266933 0.009653379164371192 -0.028404441038486994 5.039997123225897
5.005006096034869 4.948551961173488 0.008707860151045332 -0.028708416389446437 5.006889599337173
0.5233608266900337 5.25542218850241 0.009419753419071725 -0.028482771029587108 5.031783522194113
5.038801760079182 3.567445745587315 0.007696716068135915 -0.028995871460718307 4.971847468194157
6.629970032891698 3.746739301407466 0.008332374359199647 -0.028819638053559107 4.993835778431959
1.277793112271499 2.884918895397584 0.009068374013737212 -0.028596583585228773 5.019471716317175
4.214806748300298 0.4490807471089074 0.007462248689255113 -0.02905709628472381 4.963769806944579
4.749530462495627 6.303170416666652 0.007052055221553757 -0.029159364141766814 4.9496780302643
2.643303392532193 1.8183436880011064 0.007635932572056349 -0.02901193778007613 4.969751768507217
0.51785961434831 6.153153074842065 0.008815613913592294 -0.028675511352484685 5.01064513299059
5.094791527126509 3.058189476737879 0.007835910445446348 -0.028958565356228278 4.976651038629982
3.240552618884495 6.773510582978956 0.00674631068884788 -0.029231614599428763 4.9392058050985135
6.133190118726844 3.3935711678371154 0.007510497552205802 -0.029044662616706546 4.965430646573953
6.738793836381528 0.9628142132791337 0.008934770608240798 -0.02863860810476159 5.014803149343309
5.627935732637394 3.1996139036276245 0.006434285201713842 -0.029301876628349353 4.928544471729278
0.2853475875912216 2.0241079898272445 0.007108764274158627 -0.02914559092717878 4.951623286363218
0.5772578143366306 4.874547089961796 0.008218437827401238 -0.028852335775065775 4.989884591191284
4.75149619227286 0.5717325545667745 0.008529150724775043 -0.028762016409043183 5.000670441361197
0.38286424977580663 5.950298718032954 0.007280160066488551 -0.029103251869959573 4.9575082203617145
3.4796129945717493 0.9469150370625996 0.008411002492956106 -0.028796788658867607 4.996565141894143
0.34902739871432825 2.5569292344011925 0.008127850607966449 -0.028877985464616108 4.986746304649957
6.384207453910959 5.660530638124748 0.009713045717943392 -0.02838409313120892 5.0420984816246905
4.931753661305914 6.54962595277345 0.009429660528421766 -0.02847949266259363 5.032131370352103
1.0680702494901086 3.4674453363508775 0.010021129507796779 -0.028276791957150386 5.052973029500506
3.0140583090005624 3.3757646147909757 0.008711248042153726 -0.028707388553263997 5.007007611828954
4.571245116737902 6.8380785932738295 0.007386447740540736 -0.02907645765522789 4.961161987514367
3.108426448386601 5.644752963054692 0.008808655300827271 -0.028677649690851716 5.010402474605096
6.355057208657456 6.531668570770497 0.009552370774662816 -0.02843856910224858 5.036443184645131
4.279099569762206 2.294040862796507 0.008742161990674116 -0.028697989541583098 5.008084651874956
6.875746743488653 1.9152338199210976 0.009287007618540016 -0.028526329758543766 5.027126526774612
5.885315279855465 3.1532732210963093 0.006735663297602164 -0.029234069849087642 4.938841578074459
4.941786979593871 3.6594622469619225 0.009002932841692717 -0.02861725354131613 5.0171841178342635
4.913449783692632 6.6551542486757835 0.008803575012892369 -0.028679209664709677 5.010225327948927
4.480429194020919 0.37720765670944423 0.009754294145186729 -0.028369944408284904 5.043552067017687
6.791455536482889 4.733634169623186 0.0072693927222296185 -0.029105943198082327 4.957138266984983
1.3977265024121601 0.599219175805646 0.006601693097165428 -0.029264614267931813 4.934261305261607
2.780257191206068 5.484981091907701 0.009749824470271078 -0.0283714808002491 5.043394521630345
4.874418456352309 5.222056831443608 0.007972286270448336 -0.028921318289836323 4.98136340375732
0.49351551132103544 2.3996131781698153 0.007595605926460361 -0.02902252178240065 4.968362020436521
1.4306725982939041 3.101804968430941 0.009623487236110667 -0.02841458240791891 5.038944943033782
1.9597812904649665 6.518634904864645 0.006723311690643297 -0.029236912968206116 4.938419091357799
3.8978662537091813 4.6367274041706334 0.009760135279553692 -0.028367935408217696 5.04375796594677
1.9593346828903984 4.320643238677841 0.008689307585013333 -0.028714037223856723 5.006243421258075
4.387353252377032 4.370356127613591 0.008783889285232572 -0.028685245144930805 5.009538989101905
5.572405797668659 3.3567663648138146 0.0074828429754893126 -0.02905179961730719 4.964478623901166
1.2943482199649738 5.713690104662741 0.007354732376426851 -0.029084496070434823 4.960071380880923
0.0767550587013767 5.240870792823901 0.00820149095589566 -0.028857157623375897 4.9892972746157795
5.153660976531079 1.2128745917763293 0.007709863947425467 -0.028992378272783847 4.972300935202548
3.944630441131744 5.752114307163751 0.00800773770192345 -0.028911522562763685 4.9825894001466375
4.326987819225851 6.3382020668675745 0.00705309575946892 -0.029159112472909074 4.949713714938367
0.8613040835921856 0.7888098591174938 0.009296951233532698 -0.028523090606757794 5.0274751233012145
4.6172851660741845 3.733072174543757 0.008368678498119177 -0.028809116963126755 4.995095709662696
1.7459253348579051 2.5627170438442257 0.00722963166767351 -0.029115844929346844 4.9557724192618675
6.746800555338079 6.979873558432333 0.009378609734835907 -0.0284963450189957 5.0303393552804
5.711123495933912 2.6927282723176034 0.00852328102602637 -0.028763756370672085 5.000466369396765
1.6446964028484021 6.426922307298531 0.00872674984179131 -0.028702679965445652 5.00754764947952
1.027535542321201 2.3967922279460607 0.009533463998275156 -0.028444912799894313 5.0357784301308435
4.564238079493116 4.427344938660262 0.008773919515741184 -0.02868829615594652 5.009191450178387
5.03238402581149 4.2814479654115996 0.010008099384869467 -0.02828140637773474 5.052512260838123
1.341024347464267 5.324550833599983 0.008700556141143482 -0.028710630833104493 5.006635188641916
6.54964051842325 1.5199918732918094 0.00816528094223594 -0.028867424324562775 4.9880426961437205
4.018103433372214 0.8753003064653352 0.008802519333052216 -0.028679533702472254 5.010188518222002
4.981750436297899 0.6184551563655937 0.009172927832697367 -0.028563217517921995 5.023130011144574
0.9943415781880207 3.9174556573472934 0.007500483720333585 -0.029047250196206367 4.965085888369648
3.5259796036075155 2.962771928443386 0.0074161789045750414 -0.029068888703480497 4.962184637246636
0.4625974340157808 5.829523034040466 0.009645041950999697 -0.028407273113825196 5.0397036199075735
3.7335739893635473 6.4995288877373065 0.008259919672768398 -0.02884048763456356 4.991322615394893
0.33263548624369343 3.0707746124869715 0.0076828194982629374 -0.028999556626905707 4.971368238362936
2.4108067112808946 2.944170828136403 0.009857959544980416 -0.02833408960262407 5.047208430664826
2.134955949229134 4.021198836080308 0.007330327363891335 -0.029090656588296283 4.959232362503197
2.4943846708501525 0.29243954888779483 0.006529388616938599 -0.029280831345591823 4.931791277312957
2.1599682570901813 6.936937535109248 0.007743321087141623 -0.02898346043075995 4.973455110346893
3.367956253993673 4.41647624295312 0.009838641474166658 -0.02834080333975746 5.04652671539153
3.928942615361261 6.729150751630595 0.008307977549159573 -0.028826680506826664 4.992989347673056
5.096367695171896 6.629538215388454 0.007769903481877814 -0.028976345523241936 4.9743723802526425
4.411014604355759 5.76002063464187 0.00803120393858999 -0.02890501277108828 4.983401148385873
0.6108818023208631 4.68883956063264 0.007996359371926182 -0.028914671652899817 4.982195864656199
4.463478390493122 2.7756801099478365 0.008708351954352255 -0.02870826721066824 5.006906730361679
3.7594484369864363 3.3251313056209 0.008524290990727754 -0.028763457078477155 5.000501481985772
1.5962876185912724 2.0049605210192984 0.007051969204779906 -0.029159384944385157 4.949675080380251
2.6471187853725913 5.503507705732382 0.008684149629942206 -0.028715597594422 5.006063794308554
6.973671761077059 3.462346331166348 0.007634742943012739 -0.029012250863973257 4.969710763916846
2.9026879484873103 3.725298193062946 0.007357620417006058 -0.02908376560556173 4.960170680412785
3.716526845131152 5.663293043502467 0.00967872379274795 -0.02839581493360764 5.040889535637107
1.078599008450302 0.5391716739057586 0.008407616580039646 -0.028797777404567914 4.996447564381402
1.8805392630502213 5.552069063653777 0.009440853705789518 -0.028475784121001484 5.0325244218077625
2.5099697556698835 3.568091861757527 0.008169339132541401 -0.02886627613907841 4.988183279209284
1.6990765277009738 5.153891632700255 0.009473586101988927 -0.02846491114281234 5.033674122999231
6.9993003154227695 3.1878448308232232 0.007215406052024123 -0.029119373542444444 4.955283862139915
1.8774959680625172 5.295958238875325 0.007598045173744602 -0.02902188328723235 4.968446068064535
4.577855670160122 2.71863874601542 0.007859174825017306 -0.028952260206585152 4.977454493876677
1.4612614645425057 5.745162858945509 0.007322153712138214 -0.02909271498186136 4.958951400727392
4.227036384988793 2.9984219785344544 0.008655515194447731 -0.028724241621297584 5.00506677086582
2.0027757061334346 0.045477460343624806 0.007196382862245535 -0.029124080649867365 4.954630632026215
4.646697846531186 3.230976559470912 0.00851570441899635 -0.028766000386711496 5.000202971551432
3.5218062230226126 4.962469679437319 0.008591659404465652 -0.028743406003423757 5.002844450435424
4.479935839446431 5.579335450871166 0.0070798686742479505 -0.02915262354498138 4.950631983359995
5.429288471984244 3.8266867785711867 0.008617174063103427 -0.028735767105928765 5.003732238327341
3.6957587600212345 5.5146140556659855 0.007523501857970025 -0.02904129679943927 4.965878407295397
4.267016224284021 1.7193983919010527 0.009637348721855508 -0.02840988401266978 5.039432813359473
4.477225953177807 2.105417544471762 0.009693712433621736 -0.028390701633708302 5.041417429983573
3.9088190705454564 5.8422084974929875 0.008989009844980604 -0.028621629967680765 5.01669763048217
3.8953000147052332 4.498715483368965 0.008242952155361829 -0.02884534173422835 4.990734342083997
4.751523824719756 0.0670910837435258 0.008182589518551109 -0.028862522910703726 4.988642335555341
6.602959263016797 1.682682446064692 0.008115341575352748 -0.028881503269659478 4.986313162574351
1.0164368640652082 5.930442833208915 0.00963564843201418 -0.028410460737105667 5.0393729654353425
4.403742815916023 5.435036355673534 0.008136433772155848 -0.028875568314256982 4.987043538796242
3.6361106329001376 2.013857355904929 0.009240741416391723 -0.02854135067013092 5.025505076886893
4.895832935386039 5.4300532090404126 0.007937026430578236 -0.028931014697730573 4.980144443909608
0.35456009914832587 3.1946583866299356 0.007922042127160354 -0.028935121367215596 4.979626548501276
1.4772099778504746 3.8769250965748894 0.00786094075694437 -0.028951780781427086 4.977515488995373
4.655552108047773 1.7775637843497079 0.008887504030319989 -0.028653311712802866 5.013153123742931
3.2072084280044217 3.9477948733402557 0.007079792414457147 -0.029152642064968915 4.950629367479936
3.255903258888395 4.327976763962362 0.007280568326635092 -0.029103149740899142 4.9575222483770265
0.6623787658999348 4.634611747227492 0.007613555926989549 -0.029017818080389886 4.968980555751763
1.013441922102784 2.356491451502156 0.009711868810324804 -0.028384495842114936 5.042057018285908
4.995106674407108 6.569975555199689 0.008193621306329198 -0.028859393096329455 4.989024574691077
4.834080481086228 0.056075593856637865 0.007357067651925288 -0.029083905438661337 4.960151674491771
4.636457896432942 3.7059245315019664 0.009578356655707543 -0.02842982736099646 5.037357079913935
1.0755136959562472 3.4888115152792474 0.009505504437374922 -0.028454268315861606 5.0347956546988755
3.600839243895156 6.843759789670804 0.008320432548598395 -0.02882308800604516 4.993421439581361
2.6484358632522187 0.9032134791087277 0.006035378511848766 -0.029386633121518263 4.914950650770107
5.656915689241401 6.619392777290102 0.009031188003881502 -0.028608349187580658 5.01817161848241
3.357869886954185 2.671757960283129 0.007530138515066305 -0.02903957668327682 4.966106938881423
0.6655730867382853 2.4257730894810936 0.00891831303234159 -0.028643737407279206 5.014228536858458
1.5780637751323807 1.1150364664587886 0.0071426355841660094 -0.029137308676537122 4.952785593195049
3.0570192485569994 3.667736489306509 0.008936527662533578 -0.028638059873824763 5.014864502573315
0.7829454222511681 1.6924171385579 0.008868451189176457 -0.028659214460713935 5.012488248480446
3.934720530825226 3.667799578136401 0.009179344449976663 -0.028561156059737542 5.023354665415613
4.386174649380331 0.3901875150631274 0.008830757656774947 -0.028670851386160656 5.011173283063496
2.8878050383791285 3.1403706480013773 0.007077981922076219 -0.029153081688061078 4.950567264061479
4.006897330518153 3.3549812349691157 0.009589887163456596 -0.02842593998783805 5.037762685470895
1.8528361498619723 2.6993185925619985 0.007023394723040527 -0.0291662806433108 4.948695255146698
2.7486189363168365 1.6296306419272089 0.009408485120657976 -0.028486495181653314 5.031387930008494
1.0190729619895016 4.640612950953408 0.007593488894874624 -0.02902307575711809 4.9682890766931695
0.21102675822104602 5.812159734530542 0.007410961430532775 -0.029070219309030945 4.96200515482227
4.564484705146493 3.744431946358744 0.00840382056127532 -0.02879888539464481 4.996315750537532
5.013730866893704 3.5136992572469157 0.007793376671621003 -0.028970041077883087 4.9751825494395785
2.927317678982534 2.906227979748277 0.008995819615019848 -0.028619490377259065 5.016935563281741
0.5839162806641669 3.51327257210466 0.010430538869464984 -0.02812834618125602 5.067489514545733
0.27425637870681435 6.423226700856492 0.0082278386787462 -0.02884965633550126 4.9902104326715495
3.343835249264906 2.37480055810339 0.007818079308199178 -0.028963384400492766 4.976035343310374
1.703245192721614 2.1856141074399744 0.00832177959965833 -0.028822699115362362 4.993468175036872
0.7192245727033357 5.382381559567099 0.008832886280799812 -0.028670195673389787 5.011247527400948
6.87516459073746 1.3700868080354698 0.008985109851884731 -0.028622854521335984 5.016561373054939
2.8473936813597587 2.8930202408228665 0.008561386423484819 -0.028752437505501507 5.001791401159657
0.6611728803142676 0.7043928469020452 0.009201877029659829 -0.028553904446345313 5.024143689477376
1.7073428209692885 5.1735990803326475 0.00996629779968767 -0.028296164195309947 5.051034587719528
3.2638834111031256 4.466443258259536 0.006850835324557749 -0.02920729455728126 4.942783028758416
0.44676244929791575 1.1877991064472755 0.009426308955726279 -0.028480602161316645 5.032013688922605
4.392641245957542 3.0206417174379854 0.007500165885402503 -0.029047332264623624 4.965074946387879
2.266338230808129 1.3853598694926474 0.007263939758864359 -0.029107304567403514 4.956950922572547
0.17981054225900267 4.639396495440135 0.009374350189634735 -0.028497746551650275 5.030189882060427
0.590265226761202 2.791863902335672 0.007014532430500079 -0.02916841330585986 4.948391412206166
4.133221041055178 4.472094572330358 0.008659675415756816 -0.02872298768745579 5.005211607139106
2.966343026125505 3.6146763047884014 0.007556883284431332 -0.02903262845533422 4.967028025566881
4.94853897661189 2.852402389084921 0.007534902729775615 -0.029038340876379628 4.966271001743826
3.758384155586793 1.9504920781535688 0.00841754368937049 -0.02879487729158676 4.996792299635747
6.391807027521702 3.263767309045368 0.007840148197253219 -0.028957418328385335 4.976797379986191
4.725958525702677 0.9101553629918927 0.008472905455439363 -0.028778635706773626 4.998715466943851
3.8354813288778913 3.698253984633362 0.0071376878699711275 -0.0291385210995834 4.952615789892308
1.4871225406632533 4.288320804042077 0.007660163431686105 -0.02900554940351689 4.970587063498336
0.2968670434555655 6.299480342501846 0.009786765483952587 -0.028358759164711603 5.04469686085835
4.217951962601024 2.5060428807005874 0.00916200100477353 -0.028566724306236593 5.022747485714241
0.4639648934195419 3.899797338981041 0.0079970985562941 -0.02891446722111474 4.982221429082102
5.426109712482587 2.6704681938454784 0.008390816491701075 -0.02880267693466351 4.995864232598523
4.827769157121683 1.6914086774524428 0.008501829848547292 -0.028770104087860897 4.999720680638385
3.809352012935018 0.6822285268889305 0.009275518473903715 -0.02853006759613918 5.026723797369543
5.575306648090009 3.015140213744115 0.008363382191509217 -0.02881065494428661 4.994911873232258
1.8621931112641124 4.684067782913491 0.00841161331165323 -0.028796610243138305 4.99658635330756
1.0955176612208652 4.058098624752923 0.007633859528478492 -0.029012483325276693 4.969680314331975
4.97540678305515 5.285475651737259 0.008223716440354923 -0.028850831667538393 4.990067548667378
3.7484117882889274 4.250244232022437 0.00841395003466699 -0.028795927573428286 4.996667500035976
3.6988073710501834 0.7977538406138163 0.00893663118122774 -0.02863802757053474 5.014868117299766
5.46249054964137 2.5087457878066157 0.00802656440373814 -0.028906301456129657 4.983240642266823
6.308872990231164 1.7068573268757854 0.008592728718061271 -0.02874308635442278 5.002881652691175
5.213899706988106 1.5437307567522398 0.008063512767549538 -0.028896016366405344 4.984519080923642
0.9343767412256484 0.9674401703723046 0.008465305140298654 -0.028780872274509563 4.998451381465601
0.06905217266195118 5.7963134337625135 0.00938014885267948 -0.028495838424260757 5.030393366821991
0.3013994181631627 3.2554050034043502 0.009326102041171394 -0.028513572570228005 5.028497301089212
4.075146689292582 2.5295665228297715 0.007195500801198196 -0.02912429858760475 4.954600345825678
2.123520958864402 0.8151360970025104 0.007218940599277896 -0.029118497499426327 4.9554052452600805
6.248496731741246 2.303960124615269 0.006838727781931484 -0.02921013184367093 4.942368510584684
3.8581838990240183 3.719013324123147 0.008812639223065617 -0.02867642568250244 5.010541398376633
3.271185105590819 1.5390316952654723 0.007990373429571086 -0.02891632639973488 4.981988849645727
0.7222868579773875 3.3706386222479177 0.009402315972929148 -0.028488531979468535 5.031171373807923
3.996261718278359 5.6006023271159995 0.009154444881203032 -0.028569146625634718 5.0224829890538
6.925031343778352 4.05722958178359 0.00992668846781767 -0.02831008399957329 5.04963511940398
1.168000654660643 0.7888576418848557 0.007632639573216791 -0.02901280429647167 4.969638265242293
4.402263683255497 5.215312325038104 0.0075341905551635875 -0.029038525662961674 4.966246476501524
4.550250367529013 4.389820630189193 0.009768294873110157 -0.028365126745212504 5.044045614566128
0.48640979278093466 2.412526881348021 0.007176753386141182 -0.02912892395600138 4.953956693385824
1.7052957637954442 0.5184444665750957 0.005028313718228108 -0.0295755990835533 4.880794315572454
6.438380808361799 0.263696375553336 0.009051245243098527 -0.02860200971171932 5.018872793541653
1.6850558040614552 3.528105684246939 0.009130369328667107 -0.028576849999993614 5.02164039105803
1.6525751074399702 0.5504927717113626 0.006704797491306533 -0.02924116431677387 4.937785890008585
4.4628779330439325 3.183447252026438 0.00943877720850048 -0.02847647247831606 5.032451501175215
1.5829634897710412 4.224531888383702 0.008468749548701403 -0.028779858948253547 4.998571060570625
0.45262899654754196 0.9733333492909351 0.008424044470987088 -0.028792976135697257 4.997018068828453
5.120469763369129 3.2744725954417886 0.008803373679982561 -0.028679271466524218 5.010218307787101
1.2870835023380118 1.5487688462789206 0.007943529622898468 -0.028929229805339348 4.980369233567816
1.9755749794452138 0.9439772489625445 0.007252942294034202 -0.029110046858076506 4.956573115460747
4.474165680426876 2.2750814649455413 0.00853260773372287 -0.028760991034079697 5.000790637056705
1.2526731894575633 5.284331133727126 0.007418197851617733 -0.029068373546420757 4.962254091739804
6.737311025976428 2.7600826696209166 0.008513409972503556 -0.028766679520585564 5.00012321004909
5.560016947627106 3.357908182121084 0.007554248122949254 -0.02903331423204932 4.966937261123618
6.30171963241162 2.525149267628452 0.006814316829521755 -0.02921583622193444 4.941532890678074
1.4020515598588408 3.3977320537499733 0.009010325496210498 -0.0286149267769872 5.017442456916771
5.475577266722235 1.0058564447509744 0.006099405333011587 -0.02937341067332205 4.917129913809691
5.679804764992527 4.992034714811259 0.008941390142438757 -0.028636542080368206 5.0150342979006535
2.8429845879790108 3.1643980807470253 0.009841084738290666 -0.028339955031259006 5.046612926804105
0.5663573864090267 0.5903319150655106 0.008120184830652924 -0.028880141937255677 4.9864808605431845
6.7287493945173225 5.64460413909678 0.007966511706868032 -0.02892290945296366 4.9811637446457215
0.014472095184789337 2.6553762990143968 0.007060534293660849 -0.029157312213028808 4.949968824341649
3.708877449512769 2.9997019426337763 0.009389363190338406 -0.028492803633196895 5.030716741348773
5.536716026748072 4.22952134843952 0.008349468350931678 -0.028814690320334697 4.994428966266816
2.356615636294207 5.726921612749392 0.009650660390277302 -0.028405364881154627 5.039901408267966
3.9777824891951887 0.6501717083266682 0.007684906389500624 -0.028999003668826493 4.971440201916035
6.59958458210423 6.483745794202905 0.007119436413904524 -0.029142985865356526 4.951989469248919
6.885330812170204 1.6901004826872124 0.007118969546909541 -0.029143099913876258 4.951973449405118
6.444388090880441 2.103691821766349 0.007422536568357096 -0.029067265968635604 4.962403353595956
4.490805695215682 1.8508583797309262 0.009116585657070055 -0.028581250251822513 5.021158091217092
4.181742507676836 2.8477295313949713 0.007240307327892319 -0.029113192023508323 4.9561390974917625
4.330224302867966 6.566740818986526 0.009106281114206777 -0.02858453505427438 5.020797576874589
4.785550955695805 1.8207420761983688 0.007368732628983875 -0.02908095217565182 4.960552774997494
3.423707179496527 1.4132646787583627 0.009646312787367812 -0.028406841598605504 5.03974835655002
3.608094278140008 5.077983537046576 0.008612132266905171 -0.028737278538813145 5.003556789257998
5.6825698124060136 2.3694901405927697 0.008815946670631236 -0.028675409052018527 5.010656737234658
3.249163152521889 1.794358257889917 0.009598210900806538 -0.02842313050147078 5.038055521825784
4.33681254945928 3.767050939783838 0.00819992045302427 -0.028857603929711043 4.989242851697665
3.1956748784879534 3.607284570150993 0.007995383083970197 -0.028914941627825624 4.982162100364844
3.950040488783202 2.441100263120857 0.0077113455722706776 -0.0289919842278003 4.972352039492774
5.263040113609006 6.970276655627531 0.006840658369556154 -0.029209679783780945 4.942434604177601
0.3698122247341221 3.8485693532602383 0.007737279930056256 -0.028985073732594655 4.973246681510432
3.797102791928816 4.26954346082495 0.007300084882421276 -0.029098260441295185 4.958192904122088
2.329658464139639 5.043753554092716 0.00865127517252817 -0.02872551893159108 5.00491916287334
4.963783187081196 2.900741739098958 0.006445023853736123 -0.029299516506672466 4.9289109699071405
5.517438039629593 0.9500544733641492 0.007234896767900733 -0.029114537069268667 4.9559532561388435
4.323893982551461 2.789909086927055 0.0073760496625979236 -0.02907909715542917 4.960804392169749
5.0877108824947 6.230471054171916 0.00752220739436594 -0.029041632115226347 4.965833834350194
4.303556366209452 3.2778027853231126 0.009251707025423926 -0.028537798042521108 5.025889301569448
3.4250875681534483 6.907076411962151 0.0075671548192195685 -0.029029952944191317 4.9673818346616025
4.016563546025113 2.101030365541381 0.0074866404206363904 -0.029050821248496457 4.964609339007819
4.454198385188225 0.1399505205023717 0.009266135941153506 -0.028533116281262778 5.026394950220538
1.9586064835061985 3.205665206071057 0.00809582295586705 -0.028886980642968834 4.985637409380882
6.956722969129397 2.902484015418252 0.006622732982107988 -0.029259860010733114 4.934980316728022
5.001528097071777 4.886705502711694 0.007364482086931006 -0.02908202887680418 4.960406615293558
6.472285032011716 3.249071720273899 0.009160971370132866 -0.02856705451312063 5.022711442775656
2.9387940185820645 3.8208345686938388 0.009540009250678768 -0.0284427182860036 5.036008541747369
2.602872750713518 4.671925188082588 0.0076206250846618745 -0.02901596238829624 4.969224177917345
5.260208021439699 6.497644825058963 0.006381541409600473 -0.02931340869359199 4.92674481221766
0.37566358532816835 3.6072464977990024 0.00775233725233955 -0.028981050138426463 4.973766202946026
6.752367793293887 4.920124709987734 0.007375855274581793 -0.029079146462171544 4.9607977073730956
0.06722328375915992 2.6228683013198038 0.007649469831080609 -0.02900837140039729 4.9702184071366835
4.118277716826499 4.826034006353445 0.009982494214979473 -0.028290454383906618 5.051607034536679
4.663806180173296 4.183798974137456 0.008043986237695087 -0.028901458188260537 4.983843392954158
4.102410621198897 2.275662596287015 0.008161837280314338 -0.02886839815801478 4.987923405839384
4.99769657957089 5.228877052851113 0.007374984304532109 -0.029079367367738678 4.960767755780723
0.6409336400200135 1.099211107023581 0.008313886338910398 -0.028824976911416233 4.99319433014866
3.090989918427066 6.043437103121332 0.009190299455257461 -0.02855763288374396 5.023738252159978
1.591222458541743 1.6644478379910779 0.005614945474716637 -0.02946985556998811 4.900664175464796
4.464421684510209 5.097099650013521 0.007893271805425794 -0.02894298291824238 4.978632379126861
6.767817893070845 1.264412105029836 0.009656277766830363 -0.028403455770201935 5.04009917250494
0.27784466054157086 0.5541477810781461 0.008788321776801701 -0.028683887469229008 5.0096935144139785
4.895026979965024 1.975744733471081 0.008576670078777262 -0.028747882189124933 5.002323003592954
2.8703434423182714 1.5598232669407466 0.007907992509838771 -0.028938964294949014 4.979141024906913
3.460431299431918 0.7633970610808681 0.008332781696307018 -0.028819520280561416 4.993849912472744
4.86379797559985 2.4885367949174713 0.006655827274795735 -0.029252349705418283 4.936111509322503