300

0.22291742756118 3.054791453195995 0.008002669500186414 -0.028912925844175406 4.982414103992029
4.873876516345488 6.504168913433037 0.006612042439229513 -0.02926227767590602 4.9346149663432906
3.5579033526954893 2.667285308943232 0.005571982653345382 -0.02947800891021675 4.899206520835813
4.901489166293545 2.317513436032415 0.008559015692657875 -0.028753143312911653 5.001708948959649
1.818468410174652 5.225300083677555 0.007444057723764121 -0.02906176189781459 4.963143815124856
0.41673473020354584 2.016444823370169 0.005847439095647832 -0.029424606301914888 4.90855939704734
1.476238317924211 3.0343747015164624 0.00695004389306626 -0.029183846386048092 4.946181094678812
1.220026829742173 3.217384106011924 0.0074971373129058445 -0.029048114088722436 4.964970684429876
4.80050198014843 6.035479178461096 0.008387913177422305 -0.028803522571519358 4.995763433924033
2.0093540191088133 4.266668994200273 0.006529195901251363 -0.029280874318965994 4.9317846956847395
1.70979759543762 2.670887099652275 0.005147696930420184 -0.029555053989335608 4.884832256767971
2.7429955168487137 6.162986743220453 0.007904789624794711 -0.028939839339356014 4.979030349328301
4.549420328635565 0.39041725492874074 0.006711734285429579 -0.02923957289157605 4.938023123477985
0.6530040424125579 4.483171209524108 0.005452486300483032 -0.02950034564446737 4.895154315912496
5.30807024651918 5.06361931532569 0.005270256684889707 -0.029533445353960575 4.888980596295071
5.222909842412918 4.737646318226249 0.004854190739555186 -0.029604675851358626 4.874909838813372
1.8171193697087065 2.2340020124715303 0.0051201314443404 -0.02955984191420307 4.883899649726699
3.380260109452416 2.0290148296220236 0.008307520389226048 -0.028826812258426933 4.992973488792298
2.6780868967823563 3.679710001341828 0.007237193457862422 -0.02911396625081291 4.95603214155851
0.6150424335028306 2.8515904155243 0.006011849814144813 -0.029391455591926147 4.914150056638443
2.066144014047007 0.08177572104342067 0.008698425576756789 -0.02871127639945015 5.006560981270952
2.389264087753023 0.1019109924392018 0.008798554884222801 -0.028680750198509783 5.010050288473002
4.39104246861074 4.41343073013705 0.005778120122460586 -0.02943829695907044 4.90620412955958
3.97133524094831 0.24041535396469238 0.007924570377505569 -0.028934429047969154 4.979713926071189
2.0304217515235217 6.829578031037819 0.006947247706167732 -0.02918451214786958 4.946085282942226
6.635839547777502 2.5143203210072556 0.005252067769757396 -0.029536685395316037 4.888364754944232
5.360159495874441 4.8845542776236694 0.005963424302530221 -0.02940131919809028 4.912502728345585
6.902225844783433 2.313862170012087 0.006848373312010529 -0.029207871935136628 4.942698735151341
1.1988663279257386 3.940454214552606 0.00583068632625337 -0.02942793055865196 4.9079900836469115
1.3934495005075496 3.7769448827593046 0.0063901215357081275 -0.029311539481215912 4.9270375246656375
4.520828033168272 2.118183916171797 0.00686795006312641 -0.029203274849413752 4.943369043866733
6.40256479758301 5.1769014652881475 0.007630185484701211 -0.02901344980296302 4.969553679788614
1.474709514951169 2.7337885322307285 0.0064471119760297815 -0.02929905710374539 4.92898223861435
2.1297667035342966 4.101866855339063 0.007877988315493668 -0.028947146665965977 4.978104362012828
4.492690519299223 4.366116973811171 0.005254307580372893 -0.02953628703562511 4.888440586937181
1.943316132377905 2.6614550441125915 0.005281005833566597 -0.029531525144933433 4.889344573402566
3.459259756446186 2.8219587293471955 0.008402526288131007 -0.028799263045732045 4.996270809053156
5.136200811522403 1.9663560588559479 0.00747654535012945 -0.02905342096255547 4.964261857652889
1.2589120196277 6.57980057672494 0.0069236821026175815 -0.029190111787074282 4.945277890939281
1.7949241632776898 5.434564188544395 0.007229651755397751 -0.02911583994144208 4.955773109186065
6.539646715722502 0.912050674044842 0.004957271443787934 -0.029587589625256813 4.87839274656153
4.521392599394098 5.274592334648755 0.007707409001902768 -0.02899303099845527 4.972216260607608
1.9769152292459804 2.1459015744653525 0.006569155400623601 -0.02927193531904677 4.933149600064757
0.24419277324758742 5.89412182982604 0.008658558548612022 -0.028723324387338205 5.005172723280271
3.0191501267674106 2.4818900989354717 0.005701321568509694 -0.02945326692189588 4.903595996735264
3.567886026713375 0.04065829278292907 0.008783142390403521 -0.028685473845657432 5.009512951609534
2.507908244037705 2.2868097696671406 0.006629314039783711 -0.029258369663430095 4.935205240061643
4.151151085715951 1.1093035453188873 0.006568036289007197 -0.029272186445605402 4.933111368673371
4.546825569379014 3.986088018620135 0.005196814435466876 -0.02954645697411659 4.886494396802561
1.7663896630182208 6.69529157879825 0.008641361132222084 -0.028728502880980788 5.004574050733408
4.404653476293346 5.075902279140737 0.007030769682686913 -0.029164503727459695 4.94894812195405
0.4895518883173139 0.06784961080071203 0.006399935665031152 -0.02930939821087192 4.9273723582461875
4.1900667892284424 1.6347284712887553 0.007583598093185525 -0.029025661748890978 4.967948300923761
3.4145327204469296 4.790279603247767 0.0057428714632215515 -0.029445193620638927 4.905006895676817
1.9906002432642287 5.687145262421559 0.00885218764261629 -0.028664242078588288 5.011920817725023
4.927351822100546 2.548995197608122 0.0074139352202563825 -0.02906946102957263 4.962107452932742
6.9800850308633065 2.4843314593142134 0.005559805623955754 -0.029480308027967243 4.898793448351765
1.641966054269063 5.977313984646237 0.007922025490590488 -0.028935125922076692 4.979625973540199
0.19667573329662943 4.788835251160136 0.00658479738730078 -0.029268420582057322 4.933684000174362
3.3545638596843483 5.655074725074521 0.008800600927814083 -0.028680122442370393 5.010121627819711
1.1569000576009967 1.3821941839748002 0.007859194790464478 -0.028952254786899344 4.977455183475655
3.7556658500446907 1.0036520025126887 0.0068980840047897524 -0.029196171616546984 4.9444010378602545
2.7299114158247217 2.2319156974863126 0.00857037127140585 -0.028749760629790663 5.002103905659981
1.86834048339133 2.758735682654643 0.00752786793305071 -0.02904016536424245 4.966028750448266
1.9570647481777912 5.787167381235898 0.009656189773903047 -0.02840348568486569 5.040096074541027
1.521822077452346 6.508413474051948 0.008213881657379032 -0.028853633187496026 4.989726681356491
3.763810126682365 3.8459345877778173 0.006184747643976791 -0.02935555989212816 4.920036222232
5.184249149612916 6.667631454377838 0.008882403022458307 -0.028654893413632226 5.01297510358554
6.8440079789949895 4.623204044787316 0.005676351087230789 -0.029458089522820276 4.902748266134902
1.9925440027089742 4.372911447209405 0.005916943257682093 -0.02941070863623266 4.910922064087542
4.343597014020615 1.4804376441774874 0.00586476439819004 -0.02942115800837422 4.9091482347400675
5.339115424379991 2.1973631503648634 0.00676903570164444 -0.029226360629915297 4.939983287095202
5.836085549703722 5.608245472868987 0.009377000683127867 -0.02849687453368561 5.03028289060898
0.8983461329702066 3.754739185181106 0.0072141561895585505 -0.029119683213810105 4.955240940343615
5.855337347363909 3.412926088383261 0.004099431689660447 -0.029718591147997034 4.849465578315744
1.386309456976814 3.4877239243820997 0.005355905583401764 -0.029518033054078754 4.8918814157414765
2.487543060562881 2.4539988264976857 0.006165764863631475 -0.02935955285160875 4.919389615973514
5.33289659115016 4.842802652803873 0.00394362230218442 -0.029739667838389078 4.844224623283107
4.072613582169764 4.3587812658366625 0.006168881085276892 -0.029358898244922493 4.919495757112603
2.0981521238481786 0.31813210212029147 0.00830844058409835 -0.028826547054069927 4.993005410431669
1.0205913307540972 4.8923602980293 0.008144697479563756 -0.02887323852577656 4.987329733708439
1.4073547406158 5.479033947294943 0.007840446912537364 -0.02895733745031962 4.976807695674486
4.695602229309646 6.870225567059574 0.006869209248677388 -0.02920297868878935 4.943412162042425
1.5277068507612626 2.8284230808992916 0.0059716247483585115 -0.029399654723564223 4.912781650452762
5.594566513518243 1.6450985196637589 0.006872759128669292 -0.029202143448029513 4.943533722613061
3.6997070515548853 6.089266286691567 0.007965466507776872 -0.028923197321760345 4.9811276074137
2.594994155873942 1.781862514189692 0.008677660595394172 -0.028717559203232143 5.005837826074098
5.530106721653235 5.5183401209468474 0.005686691719583817 -0.029456095078717014 4.90309930662937
4.860864236620494 1.4745796133596665 0.008113079092721508 -0.02888213890339919 4.986234826702686
1.5939465998065188 3.554070191631871 0.005673610970204922 -0.02945861739048135 4.9026552494960765
2.0248328855994924 3.3988569930923176 0.00747420420080689 -0.029054023328355758 4.964181277639438
5.349572745947023 4.447038513878959 0.0037744190313714894 -0.02976161556393773 4.838537256387871
3.3972558366093755 0.6016851630306861 0.009061398429518799 -0.02859879470364991 5.019227795063657
1.048546428950428 0.0010398083759933542 0.007825668403377553 -0.028961334811095606 4.9762973763504394
1.958343732737466 6.731021450766133 0.008635646314605781 -0.028730221243997333 5.004375131676834
4.87626666987849 3.00511743317382 0.008083150558235571 -0.028890529193022683 4.9851987474356285
0.40858257224391087 2.049897263237759 0.006586084998783416 -0.029268130865991428 4.93372799359217
4.437439249545139 4.943332493143298 0.008140087244438233 -0.028874538605022485 4.987170065740431
0.8072828533595133 5.637904361465334 0.007940941169664723 -0.028929940430977796 4.98027975930742
4.189048653681079 2.150678342522395 0.006530532270371635 -0.029280576296678906 4.9318303355760325
6.370210535962336 2.0527561500479456 0.006981382555390316 -0.02917636539419007 4.947255068139698
6.035336674039938 3.1126091595559755 0.007501157153470384 -0.029047076296228852 4.965109072497167
6.324599840442896 6.372960386386845 0.009048586835819869 -0.028602850841736516 5.018779850136109
5.919372012707607 6.001821059873592 0.008048858158795745 -0.028900101770401903 4.984011966988929
0.33182552545251226 3.52537378115277 0.006506070941294192 -0.029286021254292076 4.930995001830248
0.9705490931349763 5.8591797617424675 0.009623805384779641 -0.028414474654933995 5.038956139723835
2.1151937700891588 5.757662029062152 0.009504820926043957 -0.028454496642250356 5.034771633396307
1.5227839398708378 4.908943329788577 0.007319810114818042 -0.02909330472605351 4.958870845386756
4.58944875906443 3.802587779481367 0.005170572989312215 -0.029551060471025316 4.885606324153677
1.334389175840513 1.8606348347535007 0.005517790104085863 -0.029488200900822215 4.897368433084356
0.6834169850347528 2.423877879597248 0.004754413067476358 -0.029620863532041228 4.871540428294862
5.458099161743195 1.0954251202899572 0.005391080288565478 -0.02951162912009841 4.893073179329644
6.728477147471538 4.6464271513763284 0.008482390283427283 -0.028775841518183586 4.999045061733323
3.8131368470181664 2.5390893169128774 0.00668622319022654 -0.02924541706747361 4.937150725496797
6.880614674006454 2.8373827913498753 0.006424645046293119 -0.029303991810487887 4.928215489134512
0.778016315453002 4.800027398463544 0.006930063295897984 -0.02918859747769405 4.945496504654293
4.869962564389447 6.6083549130626995 0.007940512140362661 -0.02893005819124381 4.980264929396868
5.913785511647042 4.68069398674891 0.006004259294050275 -0.02939300716717857 4.913891807444827
6.46243054813469 2.673263324498 0.007866052088197958 -0.02895039247654091 4.977692039578977
5.6745199402020745 4.267854795002425 0.0026017930842966684 -0.029886964930325492 4.799224504608814
3.859351404071114 2.2693342453916103 0.00569451187832797 -0.029454584269135112 4.903364798685642
5.9159591751350264 4.4262163975314905 0.005062127161803494 -0.029569830378237398 4.881937715500368
1.4428593051539513 1.802039816282155 0.005224109879370556 -0.029541643081728932 4.88741828644993
5.465493021542619 4.865693951470492 0.005449554670050652 -0.02950088734086026 4.895054940686534
1.144030333540797 2.0950578767784096 0.0051551294176123 -0.029553758486657297 4.88508374167662
5.778533585503767 6.113957612911874 0.008426809930977443 -0.02879216689287522 4.997114116518631
1.5511757629816572 2.325044610297695 0.007553687953848169 -0.02903345997803033 4.966917967160463
0.5534216152550455 4.090668296781211 0.006072819170028609 -0.029378918756961307 4.916224888888088
1.6325762437182356 4.739408125367391 0.007535049494592342 -0.029038302793277085 4.966276055920771
2.3548209519527057 2.9258269409687556 0.007671547846540214 -0.029002540468694188 4.970979574775057
0.7357861719222533 4.644714647961289 0.007767544220841632 -0.028976978047706593 4.974290960900326
1.1748538136168074 0.8143769148610044 0.005548146043174015 -0.029482504565989852 4.898397959055484
1.3789890853207865 1.1990503907925787 0.005540356381050403 -0.029483969393060937 4.8981337525816935
1.0101180779576833 4.989376984341152 0.007010074840446459 -0.029169484923997877 4.948238592506445
0.8972564995122956 3.6189042079066547 0.005325938293660063 -0.029523454765527108 4.890866289318516
1.794564688140039 6.200604569020865 0.007623710719207437 -0.029015151815385037 4.969330522059966
3.4754409224879694 0.772214545950834 0.006699930357553059 -0.029242279890664115 4.937619445169085
5.019003946742269 5.0503552809809005 0.005191252843616721 -0.029547434641837202 4.886306167810304
1.5154656019169137 4.584167755375751 0.007254261347359899 -0.029109718176310126 4.9566184283652115
0.5165743213427904 1.1015093222062973 0.005660261298046066 -0.02946118534678878 4.902202102292242
2.0041528981628596 4.579078465736267 0.007449627800805539 -0.02906033457531873 4.963335483263562
4.204580041834437 2.274261018648437 0.007371192148354547 -0.029080328854949974 4.960637350829581
5.385779352074883 2.972265550721203 0.006920602326743828 -0.02919084211589429 4.945172384753959
1.516962032848422 0.8608916329203425 0.006543904618789776 -0.029277590617060378 4.932287055753267
0.1467389612767748 3.0495807494948446 0.006721404503863469 -0.029237351478809497 4.9383538596940175
0.21336586830337056 3.434249646338241 0.007903531940614304 -0.028940182840882147 4.978986891011154
4.655022059390364 3.7522730979558188 0.0051923421275364996 -0.029547243242485578 4.88634303353015
4.821791606001436 1.4263720087050409 0.007728867575555892 -0.028987318020119085 4.9729564621771605
2.0242550636026877 5.700670320227154 0.009756242643641111 -0.028369274391115445 5.043620749614834
1.8544184939141766 6.181562495388493 0.007369933815973325 -0.029080647784190998 4.96059408015382
1.550389666999283 2.801542718045948 0.004689224804331889 -0.0296312532764721 4.8693400600935455
4.969695362368924 2.5786329934170253 0.006389211863084945 -0.029311737781452237 4.927006490146054
0.6469291392344844 5.976025198427226 0.00947586972993313 -0.028464151012481242 5.033754350140045
6.5157170723432225 6.990026396809999 0.007378185138316669 -0.029078555398518734 4.960877829649564
2.689927301080193 5.751369613487264 0.008864440048196908 -0.028660455380749322 5.012348291604068
0.29584116642806296 1.7741099006395833 0.007028771952817295 -0.02916498525347285 4.948879623844304
4.521395531384135 1.5086879687018813 0.007112039967811712 -0.029144791773080977 4.951735678613805
5.415365382018208 0.19874886494036734 0.008044633286076198 -0.02890127809098682 4.983865781111631
0.05006760194009529 2.784252474276735 0.007783757753590894 -0.028972626999176545 4.974850534423323
4.65306096023887 0.7812190982382932 0.006311756805677026 -0.02932851387346433 4.9243647889194015
0.8919052806663356 2.7745011143248046 0.007067334875124367 -0.029155664591342292 4.950202068528633
1.4397497983689451 6.5240621029924135 0.008171693079068511 -0.028865609853621726 4.988264826745289
6.863181052010476 2.2504680268914194 0.007192059448487829 -0.029125148598580865 4.954482186671468
0.925091936905696 2.4517714837970956 0.005645369693053291 -0.02946404250996043 4.901696661576359
5.731190973775708 1.788937061810341 0.0048517274272579436 -0.02960507964812108 4.874826632514848
6.65586938550511 0.7267942862649768 0.006616386294001695 -0.029261295808773513 4.934763414379033
4.960383575295927 3.743383360452888 0.006601599879171985 -0.029264635296468607 4.93425811991431
4.20756206998477 4.9322850823138875 0.007320552988550689 -0.02909311781060637 4.9588963796506
1.4828507880584059 2.8416084372927415 0.00624780010382061 -0.029342204993195366 4.922184598263536
1.9221075419475777 2.607872522925435 0.008133926294469481 -0.02887627474305053 4.986956702513552
6.8427077674938435 2.003276881804234 0.006321588251998213 -0.02932639633456859 4.924700019037195
4.485532844975347 2.604863079309446 0.007099673399887416 -0.029147806737642046 4.951311385717118
4.289358437152301 5.548251418035741 0.007360438680571589 -0.02908305249504504 4.9602675832056615
0.26908279900215637 1.4754288283153831 0.006924074567121781 -0.029190018694562996 4.945291336078953
5.564856830981009 1.279328165482365 0.00781538749173334 -0.028964110867659272 4.975942405873621
4.741849911442088 4.5067232193839635 0.0058032067716779255 -0.029433361873308857 4.907056378271319
3.734807386618508 0.45681249116642464 0.007719332031099832 -0.02898985879568295 4.972627520862878
6.789907765131139 1.9970995472802755 0.007000534376512287 -0.02917177605911696 4.947911535336669
4.500233434102783 6.785740405709023 0.007474421557418691 -0.029053967412076352 4.964188758765838
5.707716192877202 4.293333172464892 0.004227172741415139 -0.029700690406356492 4.853765221516336
0.21392521955042945 3.5732764989485233 0.007355132615979959 -0.029084394857059475 4.960085142173144
4.300899806176008 0.2735125100624922 0.006734194716342575 -0.02923440817807646 4.9387913430996875
1.2995214438743916 2.115307514576819 0.005184325647520764 -0.02954865085888793 4.886071729403579
6.099171603060054 0.4654585106405547 0.007286478337545938 -0.029101670629647258 4.957725324715135
4.19844227206643 3.7649306997601055 0.007833962597132831 -0.02895909235502252 4.976583775954323
4.447320788206792 1.8731997536395082 0.006566404517356627 -0.0292725525315856 4.933055624240015
1.1421242445276976 3.59316756771286 0.006174662992863803 -0.029357682758088352 4.919692700036372
6.929968932462246 2.7224023309470624 0.007817173918375525 -0.02896362877696559 4.976004083634658
1.8846067729564595 1.954309695292614 0.006880786174242824 -0.02920025310890898 4.9438086101518
0.6629985645593269 1.0435745465323867 0.00673895132858535 -0.02923331207699459 4.938954052102588
3.2930006312923275 2.3573984068759755 0.006560286538951984 -0.029273924242008368 4.932846628627656
1.7029653663547923 0.024170671136929077 0.008011602835968046 -0.028910451743248647 4.9827230909825255
0.7620977270694496 2.797876608224952 0.0054063897171011885 -0.029508828343850296 4.893591963115815
5.399586100640745 3.384025031866797 0.007107198256945108 -0.029145972842512503 4.951569555870781
4.303351519666447 5.422856966935953 0.007892381475639641 -0.028943225712469923 4.978601617748386
1.0986937819818565 1.5941147064678123 0.007584471586425744 -0.029025433515362013 4.967978394868972
4.361931741564051 2.9933402749984976 0.00661543198594555 -0.029261511574751715 4.934730801177489
2.3095037412021333 1.7588282886890496 0.006041985304371987 -0.029385275455264204 4.91517547901392
1.7299007131143787 0.7856173233722389 0.0052734639134819974 -0.029532872842871264 4.889089193840578
0.8518571500550508 6.812950825897299 0.009515740239912448 -0.028450846871165558 5.03515540451727
2.4481336747106757 2.1003504791586627 0.007917464151896092 -0.028936374365207542 4.9794683367531
5.780724372186874 3.7837774350513556 0.0027498668932830666 -0.029873704692743176 4.804180055036666
4.972846975023871 3.144997955969103 0.007082870313521071 -0.029151894417376065 4.950734947568442
2.1157478084904198 4.444647496069433 0.006232902865299613 -0.029345373091370634 4.921676918829923
0.712551207477459 3.359287249417638 0.007575155728116097 -0.029027866192587938 4.967657453310903
0.7294185591731368 6.924339756874222 0.008813615641256423 -0.028676125598277744 5.010575448062965
2.350745454375034 1.5982013490750528 0.00868054087137529 -0.028716688705008854 5.005938124278866
3.2093141790431883 0.8027166824146451 0.007059025885297902 -0.029157677437523965 4.949917091215342
2.1437410778566934 0.6458319608481771 0.007284703907789043 -0.02910211485400748 4.95766435171341
4.732786941449841 0.03946551598029569 0.008536116533393144 -0.028759949835288866 5.0009126378311315
4.06014130677252 4.914004632566941 0.006415227188495676 -0.029306055007796355 4.927894115642162
4.186750480340336 2.344606158293871 0.006414595057028441 -0.029306193377072128 4.927872545697837
1.0072985187672223 1.6304980577974129 0.007525397687768778 -0.029040805595591253 4.965943688327588
5.8960734241523625 6.881253717530296 0.007509245221421809 -0.02904498642114597 4.965387529398878
3.1301188108454063 1.3933151993657347 0.007407391844552567 -0.029071129081293973 4.961882364894808
0.8128278207525382 2.825979717136395 0.007321604950118303 -0.02909285309065447 4.958932538248668
0.21398330432730836 0.6438782921149913 0.0051697307221604425 -0.02955120783082056 4.885577822129104
4.593781797273745 2.4559183065087224 0.007832875697084962 -0.02895938635941749 4.976546243889536
1.0899168015253637 4.7446509829868875 0.008406955893154886 -0.028797970286298796 4.996424622170867
3.8029954836902213 3.147353465372819 0.006225601005056145 -0.02934692304358063 4.921428100477716
4.967513946879338 6.862088541982512 0.007726213506036936 -0.028988025542612112 4.97286490361609
1.5198626230100625 4.366319446968207 0.005838245846041075 -0.02942643174836501 4.9082469726675315
1.5487034965845063 3.5074979714128807 0.0063716855617881735 -0.029315552580527968 4.926408601324433
4.358880971491489 1.4978659406050072 0.00668835014104803 -0.02924493071270203 4.937223453763982
5.4892254670272616 6.589893046309021 0.006252910519466142 -0.02934111637336844 4.922358767533904
3.4017092016453616 6.379787179392628 0.00794568493199858 -0.028928637903665816 4.980443737146481
5.581616530855912 2.6199977025899712 0.006370479723500272 -0.029315814641460533 4.926367468451541
5.440040625202608 6.621657682009684 0.008765858362152896 -0.02869076031015341 5.008910471227818
1.3590576973506865 2.274408228645503 0.005267538584690402 -0.029533930271110172 4.888888562404328
5.485318938225412 3.318266151071153 0.004410666027288946 -0.029673995774005882 4.859946060978907
4.30481370893107 0.05847098908286501 0.006812881294232713 -0.02921617100974551 4.941483755440154
2.013766756772982 2.3653978368557693 0.007939868871897753 -0.028930234743207134 4.980242694166721
5.124646515484829 0.6336717943411924 0.008070855587422626 -0.028893966326673962 4.984773201776128
5.7338526560411225 0.006671153997702288 0.007208945083052716 -0.029120973726672154 4.955061989529333
1.3613860760158953 1.3658083462817514 0.007126401395338157 -0.02914128348498951 4.952228469633692
5.266101552938457 4.407665767812594 0.005179599999625231 -0.029549479586684472 4.885911803942322
3.620929153796321 1.8487470262500652 0.005802063088885347 -0.029433587343587496 4.907017521737808
2.424011941352915 2.4411309040506426 0.006013878832109417 -0.029391040495237764 4.914219091405554
3.169080367374316 1.6098149667779293 0.007671539514529726 -0.029002542672617673 4.970979287489528
5.30247488220598 2.4910068780603054 0.005799509907504153 -0.02943409052158332 4.906930778673629
2.424910595779116 0.1168761810138735 0.008951769039204525 -0.02863329933955812 5.015396753824916
2.8004616020901785 4.1489283057235 0.007937925014918369 -0.02893076816224438 4.980175503593415
6.811432487700111 2.274372985982791 0.005852681648863373 -0.029423563983940793 4.90873756922079
4.382442226712485 6.667024846976038 0.008771620270872887 -0.028688999247509693 5.009111305415519
3.708349182620832 4.75826145286923 0.007758517286760291 -0.02897939629307418 4.973979453008019
3.878199718475435 1.7396949821880328 0.006032033710141183 -0.02938731987302892 4.9148368315854665
0.5848154354733728 2.085450246752839 0.007699677726025044 -0.028995085151027816 4.971949610254216
2.4973476260277656 3.3484618497813616 0.006429810929007582 -0.029302858758442234 4.928391778515392
6.467757437171325 4.878532356254996 0.0072727761986635135 -0.029105097944589594 4.957254515599118
1.061834423869688 6.791845240600223 0.0076316653663274885 -0.02901306057168732 4.969604686875424
3.6428307935984776 5.6180981381896125 0.008282001299330613 -0.02883415430488444 4.992088346216644
3.7241805375825696 0.7712632184757277 0.006880952412146616 -0.029200213935890496 4.943814303185168
3.324961085854919 1.1931627939409073 0.008190539021676458 -0.02886026802603183 4.988917772794119
1.370307745460268 0.9379581486554748 0.006683190634438879 -0.029246110219031663 4.937047033357931
1.078450264025794 1.9404092708106713 0.007095523047121464 -0.02914881734629671 4.951168998303639
1.3489641517583655 5.6916086607351115 0.007569055888580964 -0.02902945733139939 4.967447321698129
1.6654063150601548 0.910553626168214 0.007398747974861778 -0.029073330191164523 4.961585040962819
0.35960093634700524 0.5152897948847839 0.00793268172813886 -0.02893220628642157 4.979994272441193
0.6652712225451387 4.212579972308691 0.006665454329605039 -0.029250157582138756 4.936440625292698
2.532425874675923 1.4492615548044838 0.007926620509643321 -0.028933867479065112 4.979784781177004
0.16866517872532388 0.8920421551149025 0.007168218699535812 -0.029131025396913597 4.953663706981301
1.2492526489348434 2.8615945313120656 0.006604189129296349 -0.029264051085666248 4.934346597899474
0.1338504300203724 2.709117097738016 0.006692301349845748 -0.02924402678570194 4.937358563328615
0.8076478755615237 1.5225999052253578 0.0059369114753128035 -0.02940668431044716 4.911601054293097
2.260873537265812 6.0924995450624335 0.00844975237916024 -0.02878544223615256 4.997911039048609
4.259166118073477 2.9389075537225176 0.0066282959611564185 -0.029258600319415785 4.935170444048539
0.7512899726405518 3.3769644606445497 0.006522987413514356 -0.029282258027739823 4.9315726685111585
6.3193028071179596 4.163422544888199 0.005229678998251628 -0.029540657703836685 4.8876068071673195
1.8601312664969385 1.9930896178923925 0.00823847406655169 -0.0288466210335761 4.9905791007440845
2.461996802932416 0.06146972867811881 0.008071570138657627 -0.028893766723927333 4.984797931980871
1.2286011258062104 1.8843740710252042 0.007444551422471748 -0.029061635434334623 4.963160803075674
2.165950067006907 5.376266897158774 0.007832900947247567 -0.028959379529793248 4.976547115805994
1.2191017783274682 2.374674751344619 0.004630403139584782 -0.029640502134156286 4.867355248102437
0.444656337511334 6.032705564147049 0.009144026007154502 -0.028572483062913556 5.0221183206329005
0.9057889700734651 1.1916174034599643 0.006976645385257508 -0.029177498507726208 4.947092708021424
1.4212288309230212 6.251104096869831 0.009683657632610556 -0.02839413275404592 5.041063293143535
5.902945807851255 2.3107209198735768 0.0052896971332195945 -0.02952996959427504 4.889638886969421
3.817636842070801 1.984585652748338 0.007203334700100474 -0.029122362012692724 4.954869336314552
2.1050370122358455 4.034844869007899 0.005939672681546888 -0.029406126715976817 4.911694952414403
3.370862460334953 2.342212907433852 0.007009986802600018 -0.029169506081306442 4.948235574358721
6.929887379082806 2.9363420532698763 0.006321653008078027 -0.02932638237569472 4.924702227153545
6.434101690635273 3.758228062986774 0.004464717360049872 -0.029665911394981096 4.861767813670845
2.3121145842872175 5.636340514105728 0.009624261738525212 -0.028414320086680933 5.038972200375751
4.22384433400894 2.68561504418132 0.0063774126725715296 -0.029314307216847614 4.926603966306882
3.7643568984470197 4.043996501954757 0.007123844929174176 -0.029141908541224257 4.952140743959326
3.93044330769152 1.706656707982688 0.0060112530516035845 -0.029391577649891244 4.914129752734126
1.181388651182383 3.9613851465732264 0.0059113957524254065 -0.029411824157270606 4.910733445713705
1.5758446949784424 3.2793899731629876 0.006241098015821525 -0.029343631260580354 4.921956192624363
0.9749245292410729 1.361701585397501 0.006126239687453206 -0.029367825716111046 4.918043559971207
2.139309804914973 4.3874360973046995 0.006914467796751831 -0.029192295817350198 4.94496223743449
4.477898736090251 0.17895876728840687 0.009027384592101163 -0.02860954958447082 5.018038673657228
0.18847094390147115 5.189327531670619 0.00809683258882358 -0.028886697665682803 4.985672360693867
5.415332038710336 0.7468073520546232 0.009069554561970275 -0.028596209190160923 5.0195129994291054
1.596520106388957 4.2531380156010075 0.008322181576490725 -0.02882258305232059 4.9934821216017
3.5736347232707115 0.337858870741731 0.00877722027493031 -0.028687286456640548 5.009306508153756
4.106112845604967 6.633100438326835 0.007790633876186638 -0.02897077879186566 4.975087873684611
1.7845420808519665 1.0666996494652385 0.006220485903906553 -0.029348007685689667 4.9212538060003865
6.801601078202059 0.6610749952384903 0.00518270118392938 -0.029548935825814387 4.886016753771506
0.48049253375184875 6.888273968097148 0.009098073411931772 -0.028587148514517848 5.020510452140585
1.7434929541559092 1.5771522086738108 0.008181545278774347 -0.02886281893459759 4.98860615595923