300

2.446923581126865 0.048703084856858606 0.0064086859113246745 -0.02930748615780597 4.927670915439146
0.23337415337752027 3.528880906607978 0.00776363586974785 -0.02897802543449026 4.974156085536578
5.864142302730207 6.684070702626607 0.007549704143238904 -0.029034496161455276 4.966780755146544
0.20235057233789303 6.332480759231101 0.007109215790719448 -0.029145480796188374 4.951638778154583
3.9568154424440234 2.1954154070388 0.006908022968027133 -0.02919382158391069 4.944741471643395
2.6888653172209143 6.023914102587442 0.007006065165227368 -0.029170448246480334 4.9481011334798435
3.696172794252469 0.027756160116290687 0.007443428003330844 -0.02906192319099392 4.963122146834819
3.4226681669586134 0.20613159821247765 0.00770435169621686 -0.028993843569644233 4.972110812410724
0.08096579880755561 3.041431116525456 0.00849595757319576 -0.028771838747540232 4.999516576465262
4.147114401863418 1.2366949233131974 0.008383121322865018 -0.028804917581658273 4.995597074462347
3.97576338654896 6.676246490971789 0.008131809916839766 -0.02887687080478746 4.98688341204223
4.9411067166216345 3.145267915959475 0.008878250530955029 -0.02865618026725817 5.012830192969518
6.847720679003029 4.399344826271863 0.006382828695132367 -0.029313128421384758 4.92678872699056
2.799941558147088 1.45626967837325 0.0070706160476948455 -0.029154869039425987 4.950314609860798
0.49816576619962216 2.0483575056190526 0.0067620101682804145 -0.029227986904405034 4.939742910335335
0.3946654038519412 1.7176203914420465 0.005636020567521705 -0.029465832283552967 4.901379364942491
4.079234507919939 6.238313463344982 0.007398164368088769 -0.029073478704529695 4.9615649674012925
5.6488113199859935 6.0338326396977005 0.006676329514372093 -0.029247677244792006 4.936812440238462
4.772811137192788 0.6345197160325184 0.0059654438402068685 -0.02940090950615878 4.912571417499733
2.8622404840285007 6.852713975216766 0.007408421777993222 -0.02907086663240977 4.961917793105618
4.263432079062553 4.066767745176268 0.008261920719482046 -0.028839914459391054 4.991391999332597
4.578201722744791 4.085181849430425 0.007563307912565683 -0.02903095543415203 4.967249321865792
6.611552217335569 1.4044595278937855 0.006348726946109554 -0.02932053318348325 4.9256255130876845
6.245908615153 4.242917113956591 0.007026133360270382 -0.029165621028939114 4.948789153584751
4.190004580216502 3.8061790360043743 0.008070071844685438 -0.02889418523546936 4.984746077089978
1.8983811334955834 6.5199325884683015 0.00806766279450373 -0.028894857968749046 4.984662703147558
0.5308585609291198 1.863956992771222 0.006053849068657322 -0.029382833618524895 4.91557922738395
2.1504278000302044 6.3157220166336225 0.005578756982587318 -0.029476727608899078 4.899436335422803
3.342162655410088 0.913463903040585 0.0074483915298407 -0.029060651465825697 4.96329294197
3.5513945407858127 0.7539656921997672 0.006664292746555332 -0.029250422256579648 4.936400913445302
6.816738470863971 6.131782684137167 0.005710698463728797 -0.029451450270850256 4.9039143717512825
1.559745267720241 2.1532461707572645 0.006378715429271331 -0.029314023768025704 4.926648407507159
3.740333093905351 6.739351386598111 0.009183059553705193 -0.028559961786268264 5.023484743532547
4.222756767404505 1.0594331083820498 0.006255247152740049 -0.029340618314175615 4.922438405032186
6.736572951374483 1.3647486339422161 0.005521401716363981 -0.029487524872164717 4.897490911009851
4.2169886028681685 6.667977313415128 0.0064688750662952555 -0.029294259768368677 4.9297250908857855
5.80349509251459 6.846747782656519 0.005943221746917748 -0.029405409625899853 4.911815645243984
0.41931206156720596 5.9758344670698245 0.005919932349628841 -0.029410107122821195 4.911023697902224
3.3984437831912233 3.551896991809628 0.008099447075347667 -0.028885964707339135 4.98576287016374
3.979380016344046 2.4166229901465845 0.009023193433837718 -0.0286108717143597 5.017892181962103
1.796112698099202 4.912380017800939 0.009231532265478817 -0.028544330646056906 5.0251824337784745
6.738615054138239 2.264329339800563 0.006041810864954491 -0.02938531132168107 4.915169542730922
4.264220818666202 6.156611751745001 0.006004614733377893 -0.02939293455753782 4.913903900109065
2.458084870182074 2.8847617695768664 0.007690287937501051 -0.0289975769925407 4.971625783477004
5.314390573590588 6.495498273588757 0.006762423606684864 -0.029227891250717203 4.939757055650315
5.863042948889393 4.048670943567762 0.006107651201891392 -0.02937169720659728 4.917410647614538
4.807762544875406 6.3009181081406656 0.006790943065214977 -0.029221278074119356 4.940732927731859
6.414901451224472 5.111860307994065 0.0067548829116465346 -0.029229634907914012 4.939499066799536
6.786408175601138 0.983466069127393 0.006407594340968831 -0.02930772483086301 4.927633670146079
3.9291791249848 3.6733819166940695 0.007159696076092675 -0.02913312122135188 4.95337115576835
6.602499011123868 2.0619788205390415 0.006254067133350458 -0.02934086986255768 4.9223981872590485
2.660329744875954 4.048509869069189 0.007939109988450764 -0.028930443007172933 4.980216462761337
6.511161911983521 5.653825865630283 0.006355266980402248 -0.02931911631696646 4.925848571524128
5.6271087327686296 1.776634754662928 0.006058093919880113 -0.029381958717177307 4.915723696582145
4.143312377383701 2.658723843035632 0.008895952072570918 -0.028650689986848853 5.013447973733828
0.24882109401673655 6.569032390752543 0.006402086433435044 -0.029308928491141174 4.9274457403614385
2.1925583970996025 6.4768814202243306 0.006350415595506345 -0.02932016749209236 4.9256831061715625
3.788422631849647 2.94924028014271 0.00906936218843604 -0.028596270202510092 5.019506272197264
2.340438632640962 1.7600007226681234 0.006110797065489721 -0.029371042869200305 4.917517754078801
5.59437608587528 2.6465438581639447 0.006111402180167448 -0.02937091696546508 4.917538356546932
3.4360295430359837 5.389515559924765 0.007366476099824534 -0.029081523857437626 4.960475181012089
6.0085054124525366 5.003614472926928 0.006716165309750196 -0.029238555428271557 4.938174668147401
5.050001091131259 6.249841611485695 0.006918580085000634 -0.02919132147758016 4.945103108741632
4.124188396367041 6.761491549868044 0.008941739996413785 -0.028636432840640852 5.015046514970764
4.131594549650262 2.7656951392413305 0.00878314846714569 -0.02868547198503236 5.009513163449938
3.6744912758613375 3.482651912149555 0.006994776035109664 -0.02917315732344813 4.947714145741718
6.005193616843092 0.843196740511251 0.005262078860320104 -0.029534903522235725 4.888703702673599
0.5197007668903302 3.6843207937552473 0.0061028332268910366 -0.02937269866057177 4.917246615797769
1.9793518006229807 1.5910900336049576 0.007139970396160182 -0.029137961883802996 4.952694124275958
4.108306988282411 1.3369392977938201 0.008760595903609562 -0.028692367616034397 5.008727056390783
6.63894352526427 5.4916246126412975 0.005988260012531443 -0.029396270886327007 4.9133475149597485
0.5782340629350565 6.194145434972359 0.006550478589164902 -0.02927612047817969 4.932511600712914
1.1229600603054832 2.61570440551213 0.0063474502901213 -0.02932080958661338 4.925581971929596
3.107215691199675 0.7455486952190329 0.008188193562029773 -0.02886093356408857 4.98883650422795
1.1459555348085704 0.4237517425932979 0.007191710471284054 -0.02912523477153829 4.954470204700412
3.564753210091075 0.47028632088393496 0.00748806855550808 -0.029050453168720295 4.964658499198736
4.757149548443172 6.458955420284751 0.005286861279399074 -0.029530477439628208 4.889542854719049
0.49571895795337406 1.8204165783956083 0.004899366947637621 -0.029597233038113475 4.876436012552062
6.284071154135434 1.3481170821278528 0.0068542941850734136 -0.029206483034156454 4.942901454946696
4.310356185458496 4.308351766937267 0.008421253215183715 -0.028793792634624532 4.996921127956069
3.179672558451705 1.8677276571270005 0.00798521682175796 -0.028917750816920627 4.981810525444923
3.5520906183636347 2.4515304326122593 0.007637509503404826 -0.02901152268643273 4.969806123464174
6.997108790507278 3.8782317377247555 0.007220761228648673 -0.02911804607591045 4.955467770583818
3.7891502652088507 6.832195657867372 0.008498868835528693 -0.02877097892871355 4.999617762415065
0.8722332195872564 5.648754324275716 0.006731204645883349 -0.029235096784776312 4.938689065152969
5.952152989124872 3.0861787944453685 0.007574668585244617 -0.029027993313760225 4.967640671443383
4.876321883647103 5.7899781524513525 0.004849097220848351 -0.02960551057054684 4.874737790083176
0.8142200215708737 2.5248104315242905 0.007036148131358363 -0.029163206604788546 4.949132543685182
0.15888903263777185 5.484714614730407 0.006263996041599288 -0.0293387517387981 4.9227365980355025
3.781150843967652 0.5380748837740481 0.006876268795454368 -0.029201317221191587 4.943653909558857
4.221923618912161 0.38497763516248684 0.005180517999040246 -0.02954931865985441 4.885942870544087
0.5557132966351271 1.435039081639286 0.006174576623740101 -0.02935770092356624 4.919689758077442
5.667321266361966 4.604241902935472 0.0068010462910027165 -0.029218928271715208 4.9410786905660045
3.1833379467952967 3.9732383932898725 0.00896091332553823 -0.028630438913369652 5.0157161282330485
4.142259866046593 3.715013524159788 0.008739994316142204 -0.028698649782765078 5.008009118723315
0.20337127389632104 0.02627892448845113 0.006055557263196887 -0.029382481621403993 4.91563736353219
2.7163850376521403 6.066989633619652 0.006975212528304408 -0.029177841081632225 4.947043600023325
6.679479967679001 1.9396434562869975 0.005127709867697591 -0.029558528236580332 4.884156031061176
2.981402390409712 2.6187045153819333 0.007463294959282105 -0.029056827568589697 4.9638058144951795
6.511633067930349 6.172148629777408 0.005666161657357893 -0.029460051121352235 4.902402381839848
1.5799700086085422 6.043137981664126 0.00812980775004797 -0.028877434545805134 4.986814078101537
1.3031742913038604 0.119580513146695 0.007908263785427444 -0.02893889016358604 4.979150398978955
1.6463566373015468 3.386295219871651 0.006754400894536469 -0.029229746296468 4.9394825761319945
1.29806113775139 3.0268733788466644 0.006847810446363864 -0.029208003904592144 4.9426794641693155
2.5647371213477963 0.5220331596517307 0.006696911181663878 -0.02924297147392695 4.937516199451027
3.155822040427096 2.842698080332556 0.0074742183944959024 -0.029054019676997864 4.964181766166956
4.319547630670373 2.742214700973301 0.007016637859818618 -0.029167906903721424 4.9484635946581985
3.645651789862516 1.8754851060026654 0.008820980673591355 -0.02867386091819739 5.010832293190289
6.80731596806604 0.794244838610214 0.007204804631468058 -0.029121998389917823 4.954919810947876
3.6259964264477107 5.872759739338298 0.007443233385660682 -0.029061973036368094 4.9631154501856685
2.943250811975647 6.42799381694566 0.00758965330016592 -0.02902407901696935 4.968156922250181
0.7168296655009089 5.089506910101734 0.008626404419560137 -0.028732997525322577 5.004053468701321
1.8530729265009729 1.6114157397424111 0.007352543839702129 -0.029085049408334486 4.959996134058701
6.147558500320288 6.562143281174511 0.0069398418808670065 -0.029186274079926067 4.945831531854067
2.0991572506014293 6.831394855868523 0.007077617968291792 -0.029153170048811385 4.950554779850144
2.9366646716080527 1.7751444499665838 0.006605711186075615 -0.02926370755263515 4.934398609348889
0.21683153843314232 3.6295196300163437 0.008078078594664084 -0.02889194777474218 4.985023193744453
1.0678495872175573 1.6545597607236953 0.005794915117355572 -0.029434995477877077 4.906774676703936
1.696236090772684 6.6714730600422225 0.005969752554274291 -0.02940003493944753 4.912717970045796
0.9056939364416361 1.2620035588411922 0.005611201091157689 -0.02947056874772848 4.900537118912447
6.176673832374013 6.288459597569401 0.00660433070850355 -0.02926401913430069 4.934351435892822
1.0582192831932422 1.3971441191950857 0.0073996257873418375 -0.029073106786294885 4.961615234127719
3.742851490549891 5.8162304206295365 0.008185169077979254 -0.028861791475320656 4.9887317106983415
0.6588609446124095 1.8510017609282745 0.006746411508089579 -0.029231591331357866 4.939209254079461
3.3927074371902353 6.096512319535082 0.007826195882949324 -0.028961192275210407 4.976315589629392
1.133063761298736 3.1324587072492025 0.006655405433427161 -0.029252445684364723 4.936097088577476
3.822648833665525 6.331510142765195 0.006912723611476182 -0.029192708888887642 4.944902489720709
2.724310491744846 1.0693466910745815 0.005997033232683145 -0.02939448234628557 4.913645970740775
3.7280487775213573 1.6981323838479265 0.008796661048915435 -0.028681331112598206 5.009984257559779
4.581225997578482 6.920352882811799 0.005958323438668757 -0.029402353337789316 4.912329240410948
2.918892614381016 1.6270706105000645 0.007620881979401372 -0.029015894917373053 4.969233031493689
3.400236631246638 4.808190110224276 0.009644043840629451 -0.028407611979890477 5.039668484383899
3.6158092422993033 5.195656760034652 0.008903737788356151 -0.02864827138583057 5.013719731390539
3.1308762629606797 1.954667349301451 0.008329660605000561 -0.028820422519552028 4.993741616345032
3.100694978700665 0.6065283487433275 0.007222601503228612 -0.029117589658581973 4.9555309715622595
3.9613666500322107 3.1762210486917444 0.008585604089463444 -0.028745215296097342 5.002633789096086
5.718837994490956 4.766780864856656 0.006707710216296196 -0.029240496296304472 4.937885501577638
0.22744465525995117 2.0398005522349236 0.005585027652923697 -0.029475540132728312 4.899649072627086
3.6277614250115677 1.5475376147731958 0.007390851436575177 -0.029075338605809468 4.961313442716413
2.7867696357054106 5.107506927229697 0.009069920552439272 -0.028596093110291126 5.019525798021023
4.116987726570985 1.541997036722438 0.008636203891813703 -0.028730053643162966 5.004394539074693
6.523315418936256 6.293416142655833 0.007468512103529219 -0.02905548703703721 4.963985368321886
0.6613400539783321 6.979665630457726 0.005923082641019062 -0.02940947282811541 4.911130815001321
3.8005986792402164 4.869499761479455 0.007384392057957199 -0.029076979793891566 4.961091288939258
2.405403167986449 0.05372932922525444 0.008594396847579514 -0.028742587615354247 5.002939689047109
2.4422452555369007 0.4314525287258598 0.008313575056477297 -0.028825066691688998 4.993183531113182
6.853899923843397 0.7391632236789081 0.006623956228157519 -0.029259583111990048 4.93502212321093
0.1443693889941119 5.444104806955904 0.006656205315058225 -0.029252263686829275 4.936124432756761
4.2214319029783285 2.6825705577120837 0.008554236702653565 -0.02875456545376707 5.001542745502903
4.0473326858976755 3.165854911817593 0.008804411772397215 -0.02867895279367908 5.010254504598558
3.813296955024171 6.806656068789793 0.0077630623624646115 -0.028978179079377733 4.974136294479242
0.23428850887512623 6.584338149747095 0.006717764629120364 -0.029238188014781955 4.938229367478301
2.8304227856452826 2.9582372449388985 0.0064966760388165574 -0.02928810680885104 4.930674215069686
1.7998119704565125 3.9971589361389204 0.009672222145267076 -0.028398030191768675 5.0406605795789945
4.90903267479892 2.7385514664484223 0.006568938338281751 -0.0292719840309442 4.933142184697141
2.527800841564689 5.770492236059854 0.008999666050737739 -0.028618281062551584 5.0170699652899025
6.811208918242306 5.517775598791653 0.007581551959811501 -0.029026196269588585 4.967877807628868
0.6899256570388757 4.196706166523945 0.006962532254038322 -0.02918086949718044 4.946609036821337
2.256780300839062 6.7743797642891375 0.008191951749728851 -0.028859867056695087 4.9889667237555155
6.89796443608367 4.776015538394579 0.008271965116366325 -0.028837035095751758 4.991740297807472
3.109825447166312 6.767694198139588 0.008957931370122577 -0.028631372051792656 5.015611976605195
3.562399491073737 3.4907549585067055 0.007544386662303079 -0.029035878321305577 4.966597615948
2.0730361101140877 6.243167077473011 0.008424610703567094 -0.02879281046534608 4.997037734534643
3.1938396059784853 6.458508665297056 0.006777544933129759 -0.02922438852532944 4.94027444611534
0.9858463485601752 5.787855268596961 0.005391410999568446 -0.029511568705064332 4.893084385466049
1.9022984403738978 4.724260623808745 0.008733490646516297 -0.028700629629456083 5.007782507181683
0.22511174859832317 0.7492683162926721 0.00574451298775204 -0.029444873416836895 4.905062644451191
6.441818858388215 1.925245356742394 0.006260728721579861 -0.029339449140615863 4.922625234020687
3.757146077986963 6.848770014481995 0.008286115480557028 -0.02883297227555413 4.99223103344465
4.192342193365128 6.614853537489957 0.007584778401136385 -0.02902535334161593 4.967988965430622
2.1110600836501057 6.008770071334609 0.008016317285211887 -0.028909144871178967 4.982886165424738
6.763989420390561 6.614834580168612 0.005261256750258461 -0.029535049981468792 4.888675867538718
6.5063391407826465 2.5369928994523008 0.00717813451031213 -0.029128583641362758 4.954004107847158
2.501026547746788 5.470263510407037 0.007765471748756765 -0.02897753351338344 4.974219440253247
0.8014839072673109 5.263339421758212 0.008446809427762013 -0.02878630595423926 4.997808803091281
6.915481228523915 1.4876060071394683 0.005198715444603417 -0.029546122549770248 4.886558736831418
5.996489138842129 4.455689540253173 0.007716298435223298 -0.028990666402457368 4.972522878972747
2.035251407269253 5.996855534455097 0.007814837427810584 -0.028964259285831753 4.975923414698095
6.785527489233585 3.790925954744692 0.006381706717576579 -0.029313372705487815 4.9267504515508165
0.9142813442560108 1.28130418643945 0.0060384029206543045 -0.029386011811197408 4.915053569697998
2.4875527293725233 0.5791766121052945 0.008672393225604766 -0.028719150331102842 5.005654411327071
6.56832405936997 4.273704091373179 0.008484983515982095 -0.028775076971808644 4.999135181322066
3.570320379793954 6.121453197624264 0.007108372834063951 -0.02914568639870987 4.951609855877127
1.413054559944345 4.478235127203168 0.00919908243538235 -0.028554804890719175 5.024045820192368
6.383449458688178 0.7471104783413705 0.005966139010535506 -0.029400768447558755 4.912595062074269
6.750766954591458 5.888329055967937 0.006892365586933026 -0.02919752209719279 4.944205180483378
3.3162846413461686 0.5739027639120664 0.00632013002553305 -0.02932671063144238 4.924650295278632
2.1501206795868897 6.717582403653504 0.006450683831970606 -0.029298270906317203 4.929104150519131
4.098303175932511 5.945151836958261 0.007178080191876196 -0.02912859702695951 4.95400224306636
2.90619053322758 5.043550738361974 0.009487792209667953 -0.02846017918049997 5.034173238847917
5.561175797900088 6.362550553018691 0.006502762808843472 -0.029286755980339 4.930882043811066
3.88695432261229 4.007154760385353 0.009151213819211287 -0.02857018175712357 5.0223698949002715
3.0199989723644274 6.801175598104094 0.007762525003057993 -0.028978323029066045 4.97411775093755
0.6844090446375676 0.3948535360622293 0.007554543366277143 -0.029033237410372236 4.966947430259533
6.53720320554382 2.414374129934578 0.0072211221171119425 -0.029117956579570566 4.955480164582266
3.371002933019457 5.600208826928952 0.006448049127354513 -0.029298850872538033 4.929014224443094
6.642120988751146 3.2627185755763205E-4 0.005256934402581537 -0.02953581962104581 4.888529523064757
4.589288941884998 5.767028027053035 0.007040328289521809 -0.029162197749411117 4.949275882876828
3.9590351354312214 4.780075980518093 0.00793378098487788 -0.02893190486787882 4.980032266863537
3.006343649214281 3.788293892863196 0.007204117145500865 -0.02912216846585948 4.954896203915472
4.742083614313077 6.112665723924226 0.007173476093854316 -0.029129731216248813 4.953844185046121
1.0632760500695355 0.7905266742719644 0.005851132460726601 -0.02942387209269085 4.908684918222217
0.29641135305631305 0.1652400624192023 0.007382158268420753 -0.029077546995920876 4.9610144663887645
4.195166465991862 1.3965775983973419 0.006474826750811064 -0.02929294485959002 4.929928264412603
2.9274879807760565 0.3508065538656043 0.007442238320632746 -0.02906222787019098 4.963081210918295
2.8802938250467003 3.8996639792443353 0.00794723383844805 -0.02892821242864872 4.980497279862346
4.618166329596192 5.603783437308807 0.006139195942787303 -0.029365120009563452 4.918484752047098
5.44055454386401 4.794789601529561 0.006300737326671657 -0.029330883197413036 4.923989078311179
4.350138844524871 4.633482751552898 0.009304527253692334 -0.028520620129746415 5.027740744875171
0.061529226128180896 4.054474793151778 0.006820438844693139 -0.029214407643589162 4.941742440210781
6.297996570308589 1.9086523428972 0.006939933031524684 -0.029186252406192072 4.945834654921139
6.470982399650386 6.354294083771171 0.007608399868935012 -0.029019170412580536 4.968802873960379
3.2451225887733046 5.6286553396790175 0.007159387814555573 -0.02913319697734516 4.953360574645443
1.2519008099202347 3.9020705787204433 0.00868574715160468 -0.028715114424609056 5.00611942731765
5.377089886420935 5.391261423965329 0.005877823565782924 -0.029418551802043672 4.909592124331655
3.0327720929595174 6.818819777285745 0.00740917403090968 -0.029070674917856545 4.96194366971282
2.422534726401844 4.632505273247503 0.00706597108810421 -0.029155995139629094 4.9501552927370955
6.914682817782802 6.475084613157457 0.006567202277393262 -0.029272373567030753 4.933082877158064
3.2265573222577304 1.7148957076746196 0.0064655925239856735 -0.029294984439555187 4.929613038158342
6.108022680731003 0.15932690443575606 0.004761341889133142 -0.02961975056300755 4.871774349625052
0.30624290250021347 3.879216862835096 0.007498070941089404 -0.02904787310910027 4.965002825313559
3.627082343981308 1.327729795941042 0.007701505474122263 -0.0289945997287782 4.972012647261587
3.744905850458973 0.49458966932122533 0.007005283254264506 -0.02917063603227604 4.948074328665621
6.638998212880835 5.50677974184235 0.007587167244053296 -0.02902472899461362 4.968071268256713
0.8360142693475454 3.6056501427955805 0.007489397396266093 -0.029050110613228354 4.964704241982326
5.6331608497555195 3.366428389662275 0.008822100064815564 -0.028673516534362873 5.0108713321585485
0.8343567629463057 6.621055039314093 0.006312430955235813 -0.029328368782381684 4.924387775124199
0.7913706840294406 3.640327248816789 0.008204483105547633 -0.028856307057050515 4.9894009644450374
3.6279164924704985 6.281140510889707 0.006425108905269584 -0.02930389010959851 4.9282313183698045
0.7696373131806944 0.3275359702900985 0.007555044538663526 -0.02903310699905903 4.966964692320421
6.577905026803323 4.0602252747244885 0.007667436074278514 -0.029003627773898432 4.9708378046020085
4.28559886649922 6.371584993729901 0.005310388660983779 -0.02952625564255134 4.890339626877349
0.379445806209855 4.625374059296978 0.008127363864551145 -0.028878122456510016 4.9867294495178225
1.106992831881332 4.03141130638414 0.007946110144538412 -0.028928521109293916 4.980458435847457
3.606923560390194 5.363816474001047 0.008891558708011532 -0.028652053743876447 5.01329463501862
0.44796566045767483 1.3894894111641314 0.005788497495170362 -0.029436258198833738 4.906556654434697
5.88340108561416 5.852541970150147 0.007986154245675106 -0.028917491944570252 4.9818429424928095
4.739771775972728 6.4589463512799155 0.007561449071335082 -0.029031439646383463 4.967185292773386
5.455323913874259 5.619506200068025 0.006679884937697845 -0.029246865425530944 4.936934004512977
0.5460460058679858 6.489066487408213 0.005958132203249959 -0.029402392090586708 4.9123227363297755
4.615930120312548 4.095527557708304 0.0096703017519565 -0.02839868419533037 5.040592956184558
4.855528961509162 1.089853808038923 0.006614222487333093 -0.029261784991487738 4.934689467258067
2.0271407993599646 6.266845929329309 0.007425918858073017 -0.02906640206687638 4.962519716104169
6.704903159213484 3.6807946571038226 0.007287850638827677 -0.02910132699837138 4.957772480405989
5.9512485474229875 1.754823928191804 0.007101802593461749 -0.029147288037199962 4.951384434524453
6.184159932865988 5.7542220704717195 0.0061185044992556805 -0.029369438242713937 4.917780177320009
2.885005998183783 6.100180496116899 0.0071071260413402195 -0.02914599045207597 4.951567078149983
4.700857765550618 0.3257296003323366 0.007393509498406927 -0.029074662806247063 4.9614048635853845
1.5580113441133823 1.8329059932347156 0.006411511064401924 -0.029306868237173545 4.92776731343258
3.1630221868591395 3.753159204745323 0.00800831764710894 -0.02891136192681008 4.98260945951208
5.814096298030771 2.5924959308551236 0.007011645421117309 -0.029169107433867848 4.948292436132318
6.008914368498999 4.775880640339153 0.008279969851802868 -0.02883473771778123 4.9920178941078674
5.576231306726626 5.191484581075866 0.006649597252694166 -0.029253766533165644 4.935898539380946
3.6368590105471577 4.943525222989127 0.00817494919380888 -0.02886468786733443 4.988377631108525
3.3462969359416865 5.945339796000623 0.006891449098899643 -0.029197738428126164 4.944173791359498
3.537325981165576 2.675320793608053 0.008062139688006674 -0.02889639949286187 4.984471563285828
3.9311721445079395 4.91277422421804 0.007294537506064326 -0.02909965158850911 4.9580022657934375
2.5878035333416327 4.510608917197587 0.009454303706753103 -0.028471321385219805 5.032996790002562
2.8239953307959778 1.1882695494581426 0.006082021837882163 -0.02937701500090716 4.916538139557075
4.825433426866758 5.460241350863725 0.005336227232149989 -0.029521596822103997 4.891214800772367
2.398823944106714 4.8874213516067835 0.009702301168578524 -0.028387767647953577 5.041719964905699
3.5020196683280593 6.864484796956193 0.008987677950485967 -0.02862204823310778 5.016651096278351
2.365730339295006 6.705776229806661 0.0066449784047418635 -0.029254816047969166 4.935740653213175
3.0809838140306134 5.5293279107859075 0.0072680102280854 -0.02910628844982551 4.957090768577696
4.496860183038461 3.0849446645003127 0.007176331100892242 -0.02912902799494632 4.953942196300541
6.5665571821581405 6.954108404110083 0.0066442903713662994 -0.029254972320290597 4.935717134639797
2.983757951734376 0.3719237233219734 0.007696593466390888 -0.028995904004067697 4.9718432399482015
1.5135111733136752 1.1454405152596385 0.007769572817601034 -0.02897643418766352 4.9743609687456045
4.129835026377728 5.998214429315934 0.007628876843074551 -0.029013793928288675 4.969508575401699
4.623356494846348 4.029738106088338 0.007018727245391079 -0.029167404201519285 4.948535228306223
3.4968152457306907 5.8893355259616635 0.008571617825568083 -0.028749388999636208 5.002147264706856
4.325704267426012 2.345790429513712 0.00879025430736344 -0.0286832952990391 5.009760888493296
3.4632948177075877 6.373957803391898 0.008848732515666369 -0.028665308874424998 5.011800282088922
2.642788404319486 3.018089202841683 0.006381117527091882 -0.029313500969782517 4.926730351878167
3.1615283900987206 5.1926856618186665 0.006642571312759742 -0.02925536269395581 4.9356583737865005
3.6340968835469836 3.2414747926109966 0.007365857337995494 -0.029081680585487112 4.960453904267283
1.0954170518265964 6.295539448296899 0.0054065162714292654 -0.029508805157219944 4.893596251811263
6.113565792210944 5.9978351946955994 0.00527081562414949 -0.0295333456055392 4.888999521963816
4.223063247219981 0.9980155313976151 0.0067523838296748 -0.0292302123258923 4.939413569416684
5.634377088550712 6.3454818592612074 0.007808567302896171 -0.028965950298171488 4.975706943018294
2.12295741672395 6.922812511740517 0.006817516459466282 -0.029215089753839647 4.941642409049995
1.7987909310344836 0.7768232420591294 0.006509041681327657 -0.029285361127886732 4.931096441813738
4.503245745369061 2.6144127758338067 0.007296791736630632 -0.029099086417828293 4.95807973244108
6.551542574980377 6.7072057951008786 0.00619529101772971 -0.029353336594084796 4.920395396880839
5.964994495757979 1.0285190116087122 0.006915130147377064 -0.029192138925485348 4.944984926722418
6.246081395629922 5.723675927658127 0.005418650055912197 -0.0295065794624108 4.894007459308771
3.333595938624251 0.9358030893477581 0.007871769608839285 -0.02894883837436926 4.9778895385971405
3.858881936649565 0.28862594786264717 0.007487879974545238 -0.029050501776850677 4.964652007706022
3.2605199044371624 5.370912751596337 0.00831943468059157 -0.028823376044373607 4.99338681931373
4.222682578410999 1.3416356038534916 0.006409010315396599 -0.029307415218288016 4.927681984435742
6.757486104562461 4.183390346086344 0.007778348304094655 -0.028974079755191322 4.9746638301295505
2.318218084004404 2.157271809651577 0.005436788313277373 -0.029503242751206357 4.89462221312817
0.6863052209592756 4.740517748793918 0.007016799215549071 -0.029167868087480613 4.948469126623119
3.690082120357808 1.2098093785382769 0.006614232411613351 -0.029261782748239443 4.934689806413065
5.877167328441141 4.346405551306076 0.007303247125786981 -0.02909746692445382 4.958301580257115
6.399245915258956 3.6393968583875598 0.007481380427810806 -0.029052176284994027 4.964428281470877
4.02498621269262 5.063806230964025 0.009738525913194806 -0.028375361020399958 5.0429963124414465
2.011807747604511 4.650226531834355 0.007148419350086303 -0.029135890252321307 4.952984098374364
2.6550248177054185 3.868743343213841 0.008373164450069514 -0.028807813472946742 4.995251426112959
4.015689726623775 5.582153939910238 0.006938710983320758 -0.029186542958869653 4.945792784450619