300

6.054241050715361 0.5519793722983111 0.007402231272908947 -0.029072443519291058 4.96170485355867
3.820869584351533 4.030273789455521 0.004409758298263204 -0.029674130682311468 4.8599154709980645
2.4235412482041157 0.174582574812702 0.005475492728332513 -0.02949608413640661 4.895934241978148
3.7584775454057358 6.822419835900057 0.005892615606166191 -0.029415592486264262 4.910094962955401
0.637066044130251 2.7201846359170223 0.007772444382539218 -0.02897566407039422 4.974460070073154
6.28217818191147 6.522494850235903 0.007039732946765767 -0.029162341470434443 4.9492554680475305
0.3188447604469767 0.5350631476457604 0.008088922614944209 -0.028888913633597302 4.985398543640198
0.06236882943254565 0.7179997150756839 0.007215571773822628 -0.029119332478214778 4.955289553262189
3.7105097657124526 3.5526346863844878 0.006004070437707824 -0.02939304574519359 4.913885382235679
0.8242001772041939 1.7605649801444496 0.008717121014452685 -0.028705605745557562 5.007212198694704
0.5783871588782105 0.17808415940956768 0.0072016808463365445 -0.029122771038956944 4.9548125468910635
1.5868740859956898 3.6635449506480016 0.007491343635786097 -0.02904960878446674 4.964771238502772
3.4759649529269274 4.910950648364868 0.00415787468477379 -0.029710470849613226 4.851432393012426
6.45716343498513 1.9740217756816283 0.00683203361272972 -0.029211698285353613 4.942139343879099
4.102391677468776 2.55187220790663 0.006542571208496215 -0.029277888618917797 4.9322415122683285
4.024450318451116 2.2278645231430247 0.007377789067486035 -0.029078655891833848 4.960864208954147
0.7016062642790152 6.745285278071549 0.00690927243665958 -0.029193525898664863 4.94478427093763
2.2454103475591918 6.536156516984596 0.006912584512358035 -0.02919274182668541 4.9448977248652035
1.5246076113747868 1.180359963839965 0.006958908897481136 -0.029181733789419673 4.946484869757207
6.46109042579153 0.35278558114859254 0.006095072113628925 -0.029374310135382976 4.916982394235649
0.9294398372018766 4.587516303967305 0.006225502023660282 -0.02934694404113317 4.921424727675725
1.244906024000837 4.6058429546151585 0.005980913107686909 -0.029397766554592183 4.913097594895535
3.216124046175902 1.909444060916007 0.006254457147458443 -0.0293407867275335 4.92241147979817
2.8989405770168992 4.76102520205218 0.0051614946608692465 -0.02955264747642448 4.8852991241932395
0.8935633437121245 4.335350581810482 0.00698885449092696 -0.02917457648200998 4.947511171477726
5.481865432819246 0.015440787439841275 0.00593202348635062 -0.029407670723084898 4.91143483674474
4.172886037564247 2.377645411151533 0.008246293172052346 -0.0288443867835765 4.990850169173936
5.741211859748681 6.813089140638696 0.008396785897308499 -0.02880093725201944 4.9960714906211425
0.01400055327205535 1.4342354712083656 0.008017986748546868 -0.028908681887974876 4.982943914511069
0.22590890033414568 1.2753723620391995 0.006941038112039365 -0.02918598961706142 4.945872518140924
3.3684789593833666 6.6208790895938545 0.006929683512320693 -0.029188687644686438 4.945483493306592
5.233052176970074 2.674275326513067 0.009164656155886474 -0.028565872602536967 5.022840432692138
0.3484234930741097 0.2425554177964026 0.008533927817986562 -0.028760599367839937 5.000836535796786
0.9482322822441741 1.596715334161233 0.007310852924805885 -0.02909555686890796 4.958562979252383
3.3188993057442118 1.8630371480958021 0.006832529772420341 -0.02921158223905356 4.94215632887844
0.8279967564213659 0.17287827770847264 0.009523258483608665 -0.028448331196299994 5.035419669974446
2.358961449203931 0.3373775430979013 0.00589768354853157 -0.029414576807450077 4.910267253547581
3.990327152425497 6.470628017757276 0.006468960486495716 -0.029294240905409327 4.929728006823195
0.09243860583023066 4.077959982493744 0.0064399215662142495 -0.029300638392721217 4.928736830862022
0.6313168435953759 2.9335591978835205 0.0077291192576850985 -0.028987250913125262 4.972965144678258
5.42447017154048 5.4227804742628605 0.005708061466361036 -0.029451961467723067 4.903824835431121
3.3655706307823645 2.77503532929985 0.008716796528116959 -0.02870570428133419 5.007200894777913
0.8727146604111836 6.66021046511697 0.008900559716791682 -0.02864925892109297 5.013608799155094
6.0485924742481645 3.38416041276585 0.00815265886952701 -0.028870991554796357 4.987605480390027
1.8974409667623304 6.99198568597798 0.006979984108762268 -0.029176699982030627 4.9472071376113265
2.491183989359795 4.560429915652395 0.0061073280415594984 -0.02937176440380763 4.917399645187271
1.4107364111550524 6.8033471649019575 0.006973824467758048 -0.02917817287447758 4.946996027872591
3.05163611302923 5.624336342944234 0.00589257475985723 -0.029415600668684184 4.910093574361808
3.3913679564406873 1.4866545961100364 0.008473392059399362 -0.028778492438064015 4.998732375499774
0.6216364944954658 4.198832490932017 0.005774776015715358 -0.029438953139816617 4.906090533672
3.2371630379117864 2.5740361380907313 0.006867424160102602 -0.02920339852491896 4.9433510355470185
6.333632204061946 4.569257568654325 0.0057213877796015375 -0.02944937557700377 4.904277331543493
3.0798848391521236 6.147744272893006 0.007888697773210466 -0.028944229950768154 4.978474346567368
2.2269009854684465 2.2825600793999725 0.006367946122189311 -0.02931636509161554 4.926281044875923
0.8170074837207666 3.1829370295887607 0.007272277760811211 -0.02910522248960847 4.957237390187384
3.7898718486475182 0.05566341199723554 0.00767200625092336 -0.029002419210917438 4.970995380471179
5.807616157411075 6.981009693185782 0.007466385947060653 -0.02905603346793115 4.963912193280203
0.4779108633028707 3.475861438656391 0.006601673535268174 -0.02926461868081899 4.934260636812825
6.01547268568016 2.282964612853804 0.007189632766644295 -0.02912574772741113 4.954398868405306
2.2022948417078565 3.155923694308349 0.00632733556830735 -0.029325156855608336 4.9248960007624225
0.04634377593347881 5.89428472676683 0.0076705679707623564 -0.029002799640826308 4.970945789065813
2.655217826898214 5.519141457279063 0.005178508231050192 -0.029549670937270105 4.8858748569281865
1.640828710964556 6.749952181042924 0.008705461568586563 -0.02870914382000728 5.006806050595338
0.74265846213842 0.2678769756274719 0.007553022892177224 -0.02903363300019904 4.966895060497263
0.7937296771925263 3.286350027462432 0.00573064753578288 -0.029447575092367548 4.904591770780153
0.3498254032543136 4.005140820103727 0.006253070669834137 -0.029341082243129 4.92236422576048
2.5622272317993593 1.33494873182046 0.006073226073713632 -0.029378834644307537 4.916238739100578
4.110488001649376 4.188550196586025 0.005716047929615673 -0.029450412493992956 4.904096011707001
5.681340479775757 2.1218972583812943 0.009162908708027273 -0.02856643316916478 5.022779260721742
0.8022878113180771 1.8650915027518489 0.008455878384749404 -0.028783643284725578 4.998123861799244
3.259400524207106 5.99967435559854 0.006521211714082557 -0.029282653530377203 4.931512028124825
4.184138687860244 6.698812001076226 0.00635573713331556 -0.029319014401787004 4.92586460726427
4.6850461365525735 3.1101573710057346 0.006297764237006872 -0.029331521706435167 4.923887715618424
6.713146032717646 1.2484726502552086 0.007422802072400989 -0.02906719816896633 4.962412487731717
4.7279619465847995 0.9204358490943666 0.008293224620328771 -0.02883092827844384 4.992477605031637
0.23582674072306356 0.9902902332145627 0.008796560319531199 -0.028681362006446783 5.009980745542516
1.3728566223218848 6.96594036159555 0.007592858126099948 -0.029023240781775525 4.968267343401127
4.139871639951575 2.3342218167887987 0.007543138962010363 -0.029036202482414966 4.966554645202843
2.885760992479866 1.8517152207582144 0.00788720985900318 -0.02894463543802276 4.978422940681384
0.9629019575630996 4.824761740117956 0.005791673688686681 -0.029435633437787174 4.9066645563017826
6.827328964621932 2.3837068261327516 0.008593627303102692 -0.028742817707652947 5.0029129154870216
0.23962351280238292 2.9768400800575154 0.006775724920562071 -0.029224810552009983 4.940212169382868
3.6225585692997626 4.3908353450300615 0.006392013630219189 -0.029311126927347782 4.927102076301594
0.40238848115187564 0.33723881712450493 0.008096420913489706 -0.028886813053564882 4.985658109341344
4.471969757240022 6.154352424145431 0.0058837049208188925 -0.029417376096530626 4.90979204826339
2.5583301976307826 3.5933178467745437 0.006011769307390342 -0.029391472058995605 4.914147317518168
1.4711356392359052 6.291397288992314 0.006670091760734323 -0.02924910042895993 4.936599171957297
4.357577533800154 3.015022307210388 0.007461141581626828 -0.029057380582201815 4.963731706020753
3.7537414850771467 5.9885943341620065 0.004206398294106288 -0.029703639733058635 4.8530657961911725
0.436828460399608 1.0548849725016622 0.008559134888951948 -0.028753107831201923 5.001713094467023
0.8765026405789418 0.9012907675147168 0.006849932829270932 -0.029207506231009803 4.9427521292167045
4.1650818907395095 1.9401833672470155 0.00702197011680717 -0.02916662365922163 4.948646411145183
2.3048779709877687 5.118325483495409 0.007325754746238376 -0.029091808424330824 4.959075180519156
6.871246627928685 4.497246373538781 0.00709371323322592 -0.02914925783900433 4.951106910013786
0.8049909143572294 4.233275106253563 0.006303518014970362 -0.02933028572371814 4.924083883387441
3.7266160451736297 0.5082989661393621 0.00780107673313392 -0.028967968548100787 4.9754483528911395
6.278041122325052 6.55720963264915 0.008749346964716109 -0.028695799826647328 5.008335026491567
3.2726941306423774 2.4423810223494313 0.005944342880638622 -0.029405183007718227 4.911853772175563
6.6131938603652785 3.129056537399141 0.006781637013030603 -0.029223439212787625 4.940414471161694
3.0480175094637896 6.656198690741173 0.006782556163342697 -0.029223225898095197 4.940445923779573
5.189553291811766 6.5461727047217915 0.006627709918523151 -0.02925873307639806 4.935150414337708
4.896615497876608 0.6181763652091616 0.007573123159217011 -0.029028396538826093 4.967587432651541
5.211271520204087 3.8842444970824332 0.007638124270211829 -0.029011360837313385 4.969827313959015
4.822756855930286 3.5164446478259763 0.006778036305701687 -0.029224274564796128 4.9402912599326605
6.175321838968032 1.0263345530270767 0.008118850969184655 -0.02888051694378356 4.9864346747311155
6.7983275604937425 3.356310925475582 0.007961230156387182 -0.028924363681800007 4.980981141380953
0.9736293819924793 3.2620203264446435 0.0060278381035114474 -0.029388180750054185 4.914694064392397
0.3395369184885031 2.4029898864265626 0.008510552186715573 -0.028767525119085074 5.000023867899372
3.4165481967123146 1.2986429747282555 0.007011736315118642 -0.029169085584694738 4.948295552238479
0.21867643696293498 6.371829784715824 0.006720089427347132 -0.029237653771950603 4.938308880595325
6.526662112048061 6.924198151666956 0.006169190355272859 -0.02935883325952188 4.919506291238771
4.338307792553484 5.604612095377241 0.004903000477038947 -0.029596631334024417 4.876558779647446
5.55242981457748 2.1416243502727044 0.008332606488073465 -0.028819570939119063 4.993843832979475
2.686306214965905 0.04810946743964933 0.006643028003680668 -0.029255258996329435 4.9356739843169555
5.706274287724898 0.33316824624978364 0.006574140716182118 -0.02927081607751715 4.933319913739039
6.599735806588645 2.2956392733488107 0.008769930715469491 -0.028689515772244475 5.009052413846007
3.8060799008882795 4.1321203587033954 0.0064670262622350625 -0.029294667967457184 4.929661979846514
4.739646398070004 2.176592325710268 0.0079057838267964 -0.028939567759107332 4.9790647035849
5.300939805029089 0.17254378436784326 0.008383591767485703 -0.028804780663566003 4.99561340659513
4.52644845530407 1.7700304745080861 0.008580601412052158 -0.02874670901872923 5.002459758483672
2.73519365023827 6.779162820751846 0.007392836440209977 -0.029074833952549124 4.9613817143498995
4.732499624492396 1.9187202294361194 0.008919165707388772 -0.02864347191043956 5.014258305285207
0.3299730582686323 6.314212417168371 0.007391552219672338 -0.02907516046015665 4.96133754510963
4.274822051718814 2.3574474647992427 0.006223452651555435 -0.02934737870907464 4.921354895637191
0.014953072105496006 6.602789255943954 0.009365281050119016 -0.02850072825126196 5.029871658126522
4.66636269086067 3.624964398319056 0.005589551426810601 -0.029474682608079762 4.899802550380611
0.4337088635265993 6.836111631898035 0.0077172372176781065 -0.028990416515222474 4.972555261343254
6.380994430781237 1.587485308809192 0.00666455679147196 -0.029250362096446686 4.936409940500907
0.4379259735954063 2.230699162483767 0.007121928271006406 -0.029142377008450075 4.952074974664945
1.2231927738573658 0.43355422387930104 0.00735706969094308 -0.029083904922871114 4.960151744599886
6.559791765682966 2.1406781789880887 0.008915443956402836 -0.0286446305450121 5.014128374258653
0.05042073342350248 5.322941115839277 0.00837211270777514 -0.028808119147356877 4.995214917381904
0.2464964728935192 5.706021455296201 0.008363655849801548 -0.028810575503208546 4.994921371755293
6.832100766149018 2.484666254039697 0.009072362350449973 -0.028595318522131166 5.01961118839484
6.7554700549001145 1.1233366265769975 0.007233178561644954 -0.029114963985815947 4.955894241164504
0.6394301187582958 3.7019519704516854 0.007918578745657876 -0.028936069371094882 4.979506855733454
2.3831084396224433 5.289236038180324 0.004587451325885258 -0.029647180141332725 4.8659063196054335
3.833877201891391 2.543695267859089 0.007014341948460334 -0.029168459113056856 4.9483848817895755
0.33294061312024625 2.0787349252127765 0.00895080056192396 -0.02863360210138888 5.015362930542842
6.41096338960288 5.615095797361685 0.008988581071863858 -0.028621764626146493 5.016682649780213
0.8161971359268733 2.071947932766577 0.008701989744291554 -0.02871019635060416 5.006685121853193
3.0835260415705963 6.784747645386006 0.007450533292342472 -0.029060102437185188 4.963366642407692
4.243665989989161 0.4767606956790572 0.006377408065324702 -0.02931430821916716 4.92660380913971
0.3955808455479237 5.370891070516493 0.007634340506767131 -0.029012356764432885 4.969696892690067
5.975891017209294 0.5466354858560685 0.007830176565162423 -0.028960116280125344 4.97645304102012
6.048764756905726 0.9326941527076066 0.007810215425457244 -0.028965505951181823 4.9757638420733965
3.4796557700842032 1.2482405083689805 0.0068492940930475485 -0.02920765602418215 4.942730260366266
3.7135637044370835 5.93987754533596 0.004546302582970986 -0.029653518051389303 4.864518520218107
0.87517405072727 3.2031459873818995 0.0069325590976728356 -0.029188004802611526 4.94558201157576
0.6940689594910779 3.6814175350500995 0.007097031816578545 -0.02914845003416943 4.951220759544759
0.4428234645665915 0.31492971270446846 0.007714532853774551 -0.028991136280732997 4.972461977746276
3.827438884755241 0.08382795785897015 0.008079392643006646 -0.028891580339609844 4.985068675506652
6.4678460928023185 3.470735104697695 0.0059386888714873624 -0.02940632541627179 4.911661496572187
5.403056665233492 4.501469581075706 0.006689812348396557 -0.029244596265690537 4.9372734527099045
1.5302346856136357 3.25037876173718 0.007774999813481699 -0.02897497847972211 4.974548263433172
6.15649225494588 6.278855405252879 0.007322881507112868 -0.02909253179826026 4.958976417205447
3.3923497498919093 6.016597473644228 0.005252987775002031 -0.029536521789738195 4.888395902914298
4.3011366047958655 4.7097816388311005 0.005036834249367807 -0.029574149197303973 4.8810824159052
5.868409080053471 0.27825402847271896 0.007953008805379474 -0.02892662529472729 4.9806969163020804
3.549023171330752 5.294622100994063 0.0053065679774408885 -0.0295269425491499 4.890210228854733
6.7352325868830505 0.2757632605928694 0.008196532168793296 -0.028858566499497796 4.989125439741818
0.2739723670117211 4.022727690094706 0.006702004872969368 -0.029241804504556396 4.937690388073873
5.697196716445544 6.749011739158456 0.00739450550535728 -0.029074409509588336 4.961439120604821
6.79302413160216 6.958996214373664 0.007234836957444906 -0.029114551931966756 4.955951201823488
4.60827428450999 6.298062328228612 0.005077794246564275 -0.029567144021524275 4.882467572989807
5.526707752824041 5.233573628485058 0.00735006569825437 -0.029085675756828213 4.9599109317017005
3.8204158832530934 1.248270333177185 0.007777603616709727 -0.02897427966285519 4.974638128370523
3.04774369692349 2.4322518462155127 0.007337451501675208 -0.029088860504677117 4.959477264424156
0.36509704526736214 0.352750104248612 0.006845405737609617 -0.029208567583630343 4.942597134491567
0.8019719791066806 0.11813115537276772 0.007439383834909359 -0.029062958695853545 4.96298299237003
5.705384795570379 6.507817043212026 0.006519884595214593 -0.029282949046588246 4.93146670736283
3.330701564692697 0.10702037155557872 0.0057214847083002255 -0.02944935674565213 4.904280622911401
3.124256548756991 3.0464964454420214 0.006531725919865256 -0.029280310048012816 4.931871101676683
6.146475030572523 5.984485637799925 0.007866681033306903 -0.028950221579811947 4.977713764568225
4.445524879794663 5.7880797242052235 0.00542954827897065 -0.029504576009262134 4.89437682075738
3.5785472239641303 2.0062967294834237 0.007892633127910519 -0.0289431570895127 4.97861031244509
2.6749333581929617 4.9809342662428 0.005781977244155909 -0.029437539624568885 4.906335155186174
5.654781732653553 6.502626002574655 0.00647290012166395 -0.029293370649601982 4.9298624937926325
3.4227733528284596 4.304909444665856 0.0060753430714727535 -0.029378396936591143 4.9163107982395555
4.52713219017954 1.7871458420853261 0.00859256025855107 -0.02874313671475625 5.002875791825694
6.0409754746895254 1.0693272214364375 0.007052394281147871 -0.02915928213971038 4.949689658092301
3.208428187212488 4.789277920455571 0.00345709148041922 -0.029800142927442694 4.827881944770111
0.16189629894948046 6.620861400489157 0.009487525507579959 -0.028460268089795283 5.034163867801103
5.023417508506363 4.985732322296263 0.0072168750372159154 -0.02911900950748857 4.955334309460549
2.994887405680612 1.2532481702219485 0.006283842330460528 -0.02933450741986155 4.923413100019164
3.3148112027843326 6.380732663797231 0.006840464829605708 -0.029209725108513555 4.942427978298723
6.976797039759063 1.091904492613449 0.006872932327824005 -0.029202102684860756 4.94353965365973
5.764329576588928 0.22082260980328375 0.006761171762506256 -0.029228180860222688 4.939714225397332
0.7632380585402331 6.464017098537046 0.009135416623105026 -0.02857523688654735 5.02181701783405
6.521663812549325 5.548153367367321 0.006661547949492259 -0.02925104748409218 4.936307076587076
2.1607844204577087 6.864946492121844 0.007168626952375598 -0.029130924935842222 4.953677721371051
0.563978364779426 4.529718465193554 0.004947428654563017 -0.029589237058565886 4.878060089686002
6.605375948415757 0.2984066626217614 0.007587708454372332 -0.029024587514923386 4.968089914826615
4.264558351963597 0.8901196892918336 0.00782821024286239 -0.02896064785866408 4.976385144046434
3.135663286102371 2.9196360476348353 0.006347075833852862 -0.02932089064744318 4.925569200940115
6.971007878139256 6.1023075593447444 0.008205345678653091 -0.02885606179460061 4.989430856585061
3.213958370646445 0.4968011054242077 0.006450115498934219 -0.02929839603204258 4.929084752383843
1.2027639758505266 6.272425035011407 0.008928543779819227 -0.028640550029143143 5.014585728955164
0.5798909709548289 5.287954913880976 0.00688623861547697 -0.029198967751116026 4.943995340082029
6.672307737507024 4.307431777659193 0.005262067090532143 -0.0295349056191947 4.8887033041692485
1.3366319737659345 6.613128284174206 0.008331890120997266 -0.028819778052782224 4.993818976103445
4.675897551636335 1.2961968793345893 0.006303124947022913 -0.029330370197156008 4.924070481970724
3.8527942929368884 0.6552286251394792 0.008550250029965062 -0.028755751153901065 5.001404103502049
0.9190073919455758 1.934966913882797 0.008963872935276984 -0.02862951243036124 5.015819502744087
6.535792857333585 0.8549245177253784 0.008917081063603305 -0.02864412095535709 5.014185527090828
6.567787815722707 4.423740281254849 0.0065133668350887625 -0.029284399472612816 4.931244134196596
1.2235238955307774 6.10680736304655 0.006979079437468804 -0.029176916393023784 4.947176131091093
2.0995303211287473 5.314947866742173 0.006022050605319442 -0.02938936723556619 4.914497135518307
0.9876528908428112 5.1465634887235225 0.0076205660949361 -0.029015977881034966 4.969222144908437
3.6606723759869664 4.560545645155184 0.00512885676770082 -0.029558329253467783 4.884194832176519
2.8897810691668515 2.4116182768973102 0.008003951002800274 -0.02891257111266261 4.9824584270910455
3.042500584387091 6.848927143168322 0.006813881012474672 -0.02921593786870168 4.941517973552799
6.859440442887859 6.1337481891189 0.008522975043711538 -0.028763847037631636 5.000455731640394
4.80752669142578 4.398615969370193 0.0069696198245725255 -0.029179177498704887 4.946851928006803
2.024136713081523 5.907066359208235 0.006437668125289618 -0.029301133580607933 4.928659923941032
6.665222582679194 0.3290610462917053 0.006823714349298153 -0.029213642745799136 4.941854561172537
6.09933978826429 5.155097123086887 0.006828475091866687 -0.029212530323814063 4.942017527264884
3.4432151571530945 6.958690502265263 0.005694386012083127 -0.029454608602821255 4.90336052545633
6.895111084552346 2.236111323222988 0.008759490660454046 -0.028692705054933706 5.008688536158815
2.6589794861239233 0.6513411098090587 0.006536864473682754 -0.0292791632881253 4.932046600311201
3.8890182337418286 4.381643207643149 0.0051056215909248415 -0.029562351533162615 4.883408806871311
0.32249088647842467 1.856990197523009 0.008489682620977266 -0.028773690917139504 4.999298489943852
0.38424599059062053 1.0063802425248345 0.008336299277066035 -0.028818502986157835 4.993971970119945
3.248663281144762 6.010885736344506 0.007788827926813527 -0.0289712643756963 4.975025537278306
4.384343889485384 4.102837285396506 0.007105600304497848 -0.029146362454219223 4.951514730397115
2.2764447524592546 3.8858880280816344 0.006962469179687063 -0.02918088454659844 4.946606875325258
4.434551664569681 0.12302894638491921 0.008036094335795699 -0.028903653537679146 4.983570340913786
4.34841648251731 4.13788306111278 0.006627687427293659 -0.02925873817111896 4.935149645636361
0.22253342206027404 6.780398604946559 0.006773249631131255 -0.02922538433339039 4.94012747199446
4.357326592327019 0.8257783041090533 0.007725599150958508 -0.028988189280441598 4.972843710267049
3.225074012465342 4.577542004931569 0.005814626467453472 -0.029431108015907072 4.907444377879699
0.8940726284132497 6.876107953312651 0.00806503790898698 -0.028895590728112878 4.984571861647825
4.0222289484712 5.147277772517566 0.006526406176335346 -0.029281496246289937 4.931689422051279
4.659283968374872 4.527690194177509 0.007359228078101363 -0.029083358851660936 4.960225957723119
0.21948356805009506 5.87013390166156 0.009039842901243161 -0.028605615538226818 5.018474163406088
4.0942000196277615 1.9044071242706133 0.007654984449561539 -0.029006916642017832 4.970408516283785
2.508467763376403 6.361060733791827 0.00760963228715056 -0.029018847262673196 4.968845343302536
1.3302628552679507 6.958009037415596 0.007766565555317363 -0.02897724037024502 4.974257187154397
2.05482335707253 6.1217021772303415 0.007089672271045649 -0.029150240943929887 4.950968282332309
4.152311625898739 6.993081241029864 0.007876612860770923 -0.028947520961932784 4.978056846247426
1.2958592325820815 4.623040464261606 0.004635244424666634 -0.029639745429466777 4.867518583623797
1.6251152996837608 1.6449219216692528 0.007550467833529472 -0.02903429757192064 4.966807058096595
5.659740521942124 6.7763246021979056 0.007754256845478463 -0.028980536585342075 4.973832439681309
3.320344540973409 4.190168048288955 0.0044437286983278 -0.029669062594825234 4.861060350283391
2.5329683810463983 2.2539723147275317 0.0077263583502840665 -0.028987986936712173 4.972869900311824
2.7659853706377664 6.252166592426827 0.007309684313131139 -0.029095850481509637 4.958522814845718
6.450139937337267 6.591739092167006 0.006518815500260182 -0.02928318706141064 4.931430198382544
1.3927764175699524 0.8582312945436797 0.007797534210994205 -0.028968922317345096 4.975326063894185
5.2838192424071595 2.371748569553878 0.007863986848362366 -0.02895095353954311 4.977620703073807
6.879103056413924 4.28607502817681 0.00796941133084593 -0.028922110625605877 4.981263999567287
2.463292224472338 3.111240672843825 0.006285418744353663 -0.029334169686700315 4.9234668395602785
2.658421114047389 5.293464608503055 0.00698587853005563 -0.029175289221587977 4.947409167442828
2.211278547352004 5.70522392913617 0.007664439930561205 -0.02900441967271228 4.970734503634418
0.2509281021364827 5.448413652925937 0.008065042763089768 -0.028895589373285558 4.984572029635493
6.949867623438888 6.447992004070251 0.00813152157790085 -0.028876952000308705 4.986873426939084
0.2107565620420759 3.197213559902973 0.005581444017607162 -0.029476218934563456 4.899527494056104
0.5313716778711713 5.416659487385272 0.008642092449758611 -0.028728282894907333 5.004599506996811
6.224600969012392 5.021121972534219 0.008326835081294276 -0.028821239000586474 4.993643578792695
6.49158035309252 1.7089325242210123 0.0071652396465871696 -0.029131758285537372 4.953561444344408
1.4294254226660854 5.963845478744027 0.008134061808797466 -0.02887623657076286 4.986961395446376
6.047611585168032 5.401199648705751 0.008424280551626494 -0.02879290706384973 4.997026268082378
0.12332160341581609 0.3705295469940588 0.008777166886657356 -0.028687302791370356 5.00930464711131
5.963453593414798 0.20668322371240633 0.008064273155304535 -0.028895804167329113 4.984545395642504
6.683014824119045 6.0311551506486705 0.009093115598134971 -0.028588725902337 5.0203370288624996
1.123667536954607 3.5973803907991484 0.00831207503318957 -0.02882549927828877 4.993131492654855
3.103467076233239 0.44043084590987397 0.006356989869206655 -0.02931874280733749 4.925907335224906
6.589045171222418 0.8758023610141512 0.008010216729087314 -0.028910835822456772 4.982675146464553
5.189739551328343 1.6699055832282583 0.007030682228791609 -0.02916452481007969 4.948945123313493
0.765702901069298 6.509662432948804 0.007897512027108108 -0.028941826199838924 4.978778884634587
1.3429059361779632 4.567022177119371 0.00502960490839004 -0.02957537953206178 4.880837973012854
0.09637033775489093 6.391316696323744 0.007120304342354116 -0.0291427738225491 4.952019251084282
1.0049410927533553 2.875410010223843 0.006248795862086434 -0.02934199294993391 4.922218534426953
0.0935053003135055 6.8835081420143105 0.008096472634599866 -0.02888679855707751 4.98565989981657
6.268112756584465 3.528357778974302 0.007073046536245459 -0.02915427949197349 4.9503979754598655
6.778260540795323 5.699918945329896 0.006690668445767376 -0.02924440041698261 4.937302726502218
0.27263514546399675 3.7538111233573375 0.007527392708862289 -0.029040288548954997 4.96601238610686
4.746807130019078 6.8111096796347885 0.006208871654670876 -0.029350466994169353 4.9208580802460995
2.6854824748967094 6.492131220842371 0.006322546670791535 -0.029326189721742967 4.924732700248978
0.9369856172702582 1.5327435067883788 0.009443124676626691 -0.028475031103436636 5.032604173812261
2.2548980064038027 6.853815232214516 0.008556630117550923 -0.028753853324927085 5.001625982529648
5.753278360801212 0.4318637532549716 0.0078045362860471815 -0.028967036668595784 4.975567781650875
5.357345997648996 1.2702304872143302 0.004636776341400688 -0.029639505818414496 4.8675702683769435
1.1725871604857085 3.1402487790934286 0.007164475438624559 -0.029131946239297938 4.953535211616201
3.1005668795130665 0.19587855995951886 0.006599673343069289 -0.029265069823336837 4.934192288859872
2.5488226449433418 1.5288364112259263 0.00606266967109559 -0.02938101489838596 4.915879432445212
2.8217173746697752 6.22019977923198 0.004970548895548434 -0.02958536198319977 4.878841514154721
0.021238207345435734 1.461435871497345 0.007807594794987469 -0.028966212446871347 4.975673368994383
0.44864486750787685 0.787280135761893 0.00780055666550665 -0.028968108597356157 4.975430399738187
6.843749007002967 5.868453561807287 0.007878345026451619 -0.028947049584442712 4.978116684870076
0.9492913401477219 1.879945031830756 0.007375962707239043 -0.02907911921192626 4.960801401866251
3.4010534870401634 4.699566731815068 0.00592320739186128 -0.02940944770295763 4.91113505686231
5.9944241507404445 2.6800606662173645 0.010572369300667512 -0.02807534518701957 5.072536518637026
4.316822740419876 5.261065081697596 0.0074492728164780335 -0.029060425573375237 4.963323267858032
0.40021356457160195 1.743088736609774 0.009260435725722863 -0.02853496679811903 5.02619518127425
2.507165409965366 4.859515159798702 0.005451433194535708 -0.029500540268366512 4.895118617941833
3.040186853391506 4.1553681597276855 0.006092590413695015 -0.029374824970558575 4.916897909589945
0.6396714549935261 5.570509092570893 0.006383921708805368 -0.0293128904002291 4.926826014655487
5.6833778132658805 5.171262985226075 0.007391314488504461 -0.029075220895670318 4.9613293686828435
6.320840409999741 4.38884624477908 0.006361686375705839 -0.02931772410091136 4.926067525861783
0.5970950516257363 6.080734357150007 0.0068868402303607105 -0.029198825860665786 4.944015944109904