300

5.582142960042221 2.411742142655243 0.009711315687378349 -0.028384685089323767 5.0420375315525305
3.377399034237273 5.896089581309667 0.005989320623124654 -0.029396054811375857 4.913383594858971
1.9688265438558052 2.0387826798038495 0.0059985329245086805 -0.029394176340792152 4.913696990507468
3.295909578886566 1.68475061553798 0.005053438618003151 -0.029571316476174583 4.88164389151487
0.17207027720844603 4.582095373840119 0.008078523603151819 -0.02889182334836829 4.985038596286692
5.823402137060989 1.3858216460523385 0.009581284713270584 -0.02842884069467567 5.037460074150718
6.842314786418788 2.3940472774509485 0.009179950485589247 -0.028560961277277235 5.023375884363397
6.5800527743184105 2.575458208160749 0.00810933229433126 -0.028883191128061248 4.986105101887371
3.255560164584319 5.416550886716258 0.006433629814532548 -0.029302020534590408 4.928522105053579
0.3319518709355198 3.6152655752901683 0.009541678239071271 -0.028442158433952123 5.036067221258981
0.10682272646644506 2.0384448074165693 0.008198640960407707 -0.028857967468314965 4.989198513832324
1.1529198228305528 5.532823997145082 0.0057146777569682524 -0.029450678398536292 4.904049487181685
3.030886103155468 6.777255575895127 0.0075145318174124195 -0.029043619119612077 4.965569547745741
5.981389792567219 3.83272956714383 0.009256625585096247 -0.02853620301962652 5.026061658844865
3.624712460135054 4.410050038821071 0.005262875640893604 -0.029534761552930958 4.888730680330318
3.5464332640794898 4.08635612276129 0.00518437379043727 -0.0295486424121486 4.88607335868011
0.21203443334190417 1.6010407280866452 0.008698070273166152 -0.028711384040534572 5.006548606240331
1.7887781110048566 1.3996450064173787 0.007199071703381051 -0.029123416121904007 4.954722956719383
1.0501078541976576 3.0398815209702716 0.007552644796851847 -0.02903373135807016 4.966882037852632
5.983861944884486 2.2115186509006497 0.009479194402297868 -0.02846304399538891 5.033871154502547
0.4993268307757597 6.4575031837408465 0.008133005596527208 -0.028876534071229133 4.986924818421294
0.8193493660288187 6.476837746976191 0.008531064648063112 -0.028761448780799753 5.00073698544998
2.7469507519239578 3.7700540331711356 0.006794274303590332 -0.029220503703522496 4.940846929676031
2.4420882114669236 6.624153999671428 0.006958855644620781 -0.02918174648846997 4.946483044887953
0.44845829516201025 6.202066186675768 0.00862364243746068 -0.028733826600556133 5.003957344297742
5.016386367974933 1.8770534841567337 0.0077598805657887685 -0.028979031274435206 4.974026496348752
3.6803644261962027 4.232073302842164 0.00664230136155504 -0.029255423986370186 4.935649146386904
5.270275263283286 1.6733955799447875 0.007579476189206556 -0.02902673837511288 4.967806294599708
6.531782592514583 3.2918185862188665 0.00941937666009667 -0.028482895627643372 5.031770294613461
6.73876956159812 3.131216150328365 0.008511619854765973 -0.028767209239826404 5.0000609817597965
2.918384684859202 1.4858868468261202 0.006514576819394185 -0.029284130324532635 4.9312854527787575
4.742635272050378 4.528938097036148 0.006859464517199209 -0.029205269157076517 4.9430784854899805
6.866764764300362 2.100005129661144 0.008214309152798069 -0.02885351148720477 4.989741497387381
0.45042889968099886 3.4497469137948236 0.008489272937344954 -0.028773811791197607 4.999284251840963
2.846222184545145 3.723111052986374 0.006437050515040566 -0.029301269267163425 4.928638845957229
0.3536836639263606 2.031772192954517 0.007482656330652158 -0.029051847690591923 4.964472199353111
1.9102103208573957 2.2030421503661253 0.005628918120864769 -0.029467189903155003 4.901138330413494
3.5443051261933074 1.3367766198985556 0.006201117031549352 -0.029352106356461516 4.920593879798528
6.635074215278164 5.941941411453685 0.008141577934164146 -0.028874118319732838 4.987221692559302
0.17767753859452784 4.798508547723217 0.006759245855152848 -0.02922862630144631 4.939648333760542
4.9552946895336705 0.28306065260854835 0.007482642735252915 -0.02905185119224878 4.96447173138293
2.876711025701202 4.630657335079312 0.007358918822444278 -0.029083437103696583 4.960215324314419
0.3849485005041958 1.515699189236631 0.008151144559665292 -0.02887141912631658 4.987553029865586
5.567731638192783 5.241556784746725 0.009609098112502358 -0.0284194516742372 5.038438587166801
1.4375340809583586 1.8550997510883371 0.005325704379530346 -0.029523496961942893 4.890858366331033
2.0416025808791387 6.425440771593567 0.007439236782378523 -0.02906299633719322 4.962977932581136
0.9464959297370938 1.6649716770821685 0.007215163408352226 -0.029119433665350962 4.9552755294255775
2.5872886293165616 0.48633967725995064 0.006998290544174558 -0.029172314434396815 4.947834618126455
2.906094690702279 3.343237046778056 0.005554463500242773 -0.02948131501857525 4.8986122415456315
0.17360484279750676 6.064892518339988 0.00884098137788339 -0.0286677004357852 5.01152989203513
2.7516411274595565 4.430472626175883 0.00656198209919946 -0.029273544215379622 4.93290454950081
5.878860154770373 6.433754059061076 0.010139531088759677 -0.028234551692918306 5.057163388464321
2.622710280771211 1.0109469926710912 0.006872053067670059 -0.029202309611315445 4.943509544285479
1.7503165711858018 4.140951121499598 0.007194039146633141 -0.029124659667654658 4.954550159363688
0.3766185308874884 5.0507844394762085 0.00837587047335907 -0.028807026813149453 4.995345361053128
3.3246777550916944 1.9173102504862307 0.0074231139818979495 -0.029067118515803233 4.96242321838152
5.328839383878082 1.8390423434951642 0.007438840414893114 -0.029063097792247694 4.962964294386747
0.029767262813482853 5.341809324666968 0.007658595147642474 -0.029005963531048354 4.970532995470666
5.521064684136176 4.136535518156464 0.008315292485052663 -0.028824571304496907 4.9932431127041355
1.7494272788487482 5.02042882934312 0.007112807171298838 -0.029144604546020518 4.9517620025607165
6.596050119128969 0.7594150752388097 0.009013944147527932 -0.02861378707730326 5.01756891970333
2.1962614369474376 0.38200107625405505 0.007060911810199463 -0.029157220793631648 4.949981771938728
1.1896169132984176 1.615239396833974 0.008261140606742084 -0.028840137930939876 4.9913649496782515
0.2633106629203936 2.125725541403288 0.006288358030197897 -0.0293335397332822 4.923567040705707
0.35846696980656517 5.155568878537174 0.007068384603016373 -0.029155410117229375 4.950238072937647
6.912305916213968 5.873819593393276 0.008860415438566785 -0.02866169984938101 5.012207870867711
2.1104214337921 3.1998395596989115 0.005449254803476479 -0.029500942732170247 4.895044776033207
3.69410660579778 6.0614063412970625 0.007480177731919644 -0.029052485971064395 4.964386883901584
5.191118828309655 3.9766846849448654 0.008577084023920253 -0.02874775868909804 5.002337402776497
0.28882973881772617 3.7142220382833493 0.008831406183891896 -0.028670651628714613 5.01119590287926
2.7837386340424284 0.8586828778742045 0.005150136004714433 -0.029554629064377443 4.884914783831791
3.7332926584356674 1.563773610862303 0.0050974505505136875 -0.029563761565218113 4.883132413246534
4.247564593813359 4.977710213157963 0.006249606817282046 -0.02934182023374456 4.922246172549004
6.236918173743712 3.107248683377244 0.00801235508136101 -0.02891024327206861 4.9827491109185615
4.255199942342835 2.780097602838496 0.007503796491184623 -0.029046394582097193 4.9651999377070615
6.750385797822701 2.8468754734770525 0.00880635196532145 -0.02867835708444399 5.010322157454929
0.9171396572266566 1.8297141903419016 0.006464510398464201 -0.02929522325069649 4.929576099374064
3.6621572722077307 4.192282930111066 0.0070405382453504715 -0.029162147061143444 4.94928308247176
2.424173846131482 3.714314523708408 0.007981399054176578 -0.028918804766760144 4.981678506256114
0.5304272252046456 6.694326713700488 0.00933302547453601 -0.028511307151578683 5.028740122586228
6.341442289635974 4.239996007919026 0.008937190413061964 -0.028637853053618968 5.014887644955321
6.776695197133304 4.8393657970194255 0.007669467156458328 -0.02900309075833138 4.970907833806569
3.1763409811199153 6.256277826526056 0.007942464840955869 -0.028929522157308093 4.980332427314437
6.929148474325864 2.197012862203924 0.00881632650102543 -0.028675292274488094 5.010669983119552
4.02964320007821 1.0201784139942918 0.006021057504266011 -0.0293895707102081 4.914463344467021
2.0884291445192735 5.453774228644451 0.006535765030309074 -0.029279408728124772 4.932009050099996
1.0203898131017284 1.1564571544258664 0.005575242154948658 -0.029477392607109663 4.899317095999956
3.927308367584519 4.884716151821915 0.004908631595973403 -0.029595697928161982 4.8767490448046935
3.300315501034893 0.8520516063628383 0.004151758212882689 -0.029711326186182958 4.851226526741979
6.943604326677184 2.908964677258397 0.008451104855336787 -0.028785045192323444 4.997958024100733
0.40218613250971835 2.7603006072847336 0.007291614833271583 -0.029100384071747466 4.957901830363902
3.677817356355227 3.7959302048358503 0.0051867015968170066 -0.02954823389892492 4.886152138017492
1.8420284122288029 6.980265156097925 0.005950579831530385 -0.029403921501537575 4.912065880519005
6.422493772289849 6.363075697254303 0.008125904322948444 -0.028878533185296786 4.98667890844732
0.36964688002001234 6.102407795523051 0.006378434924182508 -0.029314084804372944 4.9266388385445685
3.2720640791709372 2.372786803166792 0.007324894548706734 -0.029092025021478417 4.959045612253174
5.81248693036971 1.4187218834810338 0.008995996218298505 -0.028619434865845256 5.016941734022296
2.7971769601574987 4.301550778629085 0.0060443105202011155 -0.029384797265514462 4.9152546082618604
6.1198284805398195 4.983719319899586 0.007423810405002923 -0.029066940655503637 4.962447177592862
2.591863209839351 1.519659203827266 0.007855939286528578 -0.028953138308763296 4.977342741308926
4.732144713427832 1.409449816089641 0.0069779855015220495 -0.029177178039360627 4.947138638059721
4.4290260242828206 2.4792079645238934 0.007123092598109276 -0.029142092440982353 4.952114927918829
4.814400503660348 5.760962707137997 0.007042014853984095 -0.029161790527953996 4.949333717209206
4.427515011821553 5.393107916491955 0.005210387500774683 -0.029544066444749457 4.88695379584944
5.696737937316327 2.884493127214419 0.009428274196211962 -0.028479951644640192 5.032082692482212
6.326125430136033 5.216307098162654 0.009118882711609025 -0.02858051745668573 5.021238461528572
0.5448985072707464 5.132690295718908 0.007973307263543452 -0.028921036829289596 4.981398706368803
6.854489660620689 4.259986526364704 0.00920382143524682 -0.02855327776259831 5.024211786186442
2.945203739341463 3.1590428835450544 0.0076416473778823735 -0.029010433043167475 4.969948754798072
6.7505231593669635 1.2330016229447562 0.00708565011074626 -0.0291512188854614 4.950830304302093
6.066085734594887 1.7873493935837603 0.007538950261825221 -0.029037290316930836 4.966410390053859
3.8955498516604217 0.469836718695722 0.004700959895205703 -0.02962939378495057 4.869736110130201
5.057845260186762 3.9948695625586788 0.007841433258663212 -0.028957070370635395 4.976841757876376
2.2518588896163285 1.91697105027325 0.00736662792009136 -0.02908148540028398 4.960480401521439
5.239341568444696 2.1943722459382147 0.009067886496506179 -0.02859673817914345 5.019454668269746
6.122131401031725 4.153714156183997 0.0090856245402172 -0.02859110747617523 5.020075011384228
3.3655251449801744 5.9983737891437 0.005340457476366847 -0.02952083186400948 4.891358095833352
4.238834181527943 4.028908364580067 0.007087487509874275 -0.02915077221614165 4.950893334709551
4.824994334453306 2.0316426492309017 0.009327597893936723 -0.028513083269422604 5.028549762617701
4.04950460572787 3.628382404073207 0.00795076823374131 -0.028927241218155077 4.9806194600568165
2.2816788063887548 1.6437362811826233 0.007633328050042696 -0.029012623164416402 4.969661995419079
4.22587489844029 3.7695769606028096 0.006484231730611748 -0.029290864426706968 4.930249342192777
6.872989524927566 1.1779657277851128 0.006353212165626886 -0.029319561647107386 4.925778487584795
3.7912938466279953 4.2138787155459605 0.006005033421706383 -0.029392849021559465 4.91391814465266
6.541821928985177 1.4627842859947973 0.007602640830824362 -0.029020679736999306 4.968604422790126
4.276390813221075 5.502739426780693 0.0076451673885792396 -0.02900950560765565 4.970070092764791
6.958925151291444 1.6953449294169582 0.006909690055342681 -0.02919342705711507 4.944798576143227
5.901230783165634 3.445271059707686 0.00811724453649803 -0.028880968493710402 4.986379051761102
6.934966401435828 4.082825229368379 0.00821067532330703 -0.028854545755135998 4.989615559012052
0.7620520127362479 2.2962227555766987 0.006650870799666343 -0.029253477017375993 4.93594207405784
6.082711854031256 3.9992455108512703 0.00975244608825418 -0.028370579749023385 5.043486926381101
6.5912114455247 0.1861356551558067 0.009833403914333457 -0.028342621040714836 5.046341914989101
6.793656572731814 0.5708857209102667 0.009263045762982836 -0.02853411963234341 5.026286650664122
6.344211493961462 4.340744576642718 0.009028923905459178 -0.02860906382790999 5.018092478294071
6.26975980288566 2.9796346465951173 0.008793041962154961 -0.02868244084891978 5.009858077337247
0.2126661039746662 5.572758365395736 0.008507920809378641 -0.02876830345191287 4.999932398726147
1.9325722015086837 0.1536643919795613 0.006126900634087279 -0.029367687832378305 4.918066065831601
3.354596721635855 4.40163146858509 0.005876947470496079 -0.029418726832224226 4.9095623440526515
6.84276721110323 3.933774513814873 0.007469731825820478 -0.02905517348856008 4.964027347617253
5.950448766204365 0.4777746181343826 0.007773094280482705 -0.028975489733682275 4.974482499236365
0.3146200187511469 3.9238122486443268 0.009037061910373468 -0.02860649422820065 5.018376946544873
2.6382234037736496 1.6510011054023364 0.007840948287223952 -0.028957201694174105 4.9768250099687545
3.768079126899792 2.335567692277569 0.007630260630678505 -0.029013430040378155 4.9695562698288684
6.95640980955564 0.23842197691978728 0.007415349207791843 -0.02906910036665223 4.962156094918413
5.499768744962476 2.4056339936898805 0.009645048080615922 -0.028407271032653017 5.03970383568388
5.563668487772276 2.7893426877500405 0.007788646886630252 -0.028971313047140006 4.975019288326625
3.0096075919090963 3.108495244350494 0.007096760266295483 -0.029148516149586922 4.951211443441337
3.2621729401638633 0.8040636684098593 0.0063526925696806204 -0.029319674232759215 4.925760765800448
0.44465002835615947 5.073339912192933 0.008300230466200492 -0.02882891212321334 4.992720611109644
0.25687950380378166 5.550062397946528 0.007259021576142657 -0.029108531494341918 4.956781958832001
6.957847155290598 2.171491496408273 0.008148199282241694 -0.028872250491724333 4.987451017733675
3.365866776253602 1.9465907241498557 0.007572013863356929 -0.029028685916746736 4.967549218679601
5.970173349930478 5.323266622491806 0.008979398405100257 -0.02862464679751495 5.016361837821647
4.950708094221049 6.366272341626028 0.005418745000914614 -0.02950656202635378 4.894010677066715
1.082159705146097 5.116517989895707 0.0054047338363633415 -0.029509131674077926 4.893535848647036
5.680817288991756 1.1379969409275708 0.007232549823463736 -0.029115120179231867 4.9558726462040905
2.9472872253487776 0.8829546505558615 0.004660068548265302 -0.029635852630310273 4.868356166810132
3.8698099332976392 6.578885118352126 0.006949981000678519 -0.029183861363606556 4.946178939638287
5.39015987330773 2.136764878692232 0.009676900498545991 -0.02839643633875984 5.0408253263775515
3.088590079849848 0.1573249605903305 0.006122780864583181 -0.0293685470271223 4.91792578549163
6.241430264283312 2.130047876235043 0.009313250911548861 -0.028517772659493137 5.028046632098212
6.829964147888303 5.889678760736436 0.009053222017541931 -0.028601384076668283 5.018941907428495
5.206392288582795 1.6041743915896702 0.006770290263663208 -0.02922607003594132 4.940026213009634
6.319033192167676 1.8185114668409337 0.00871204281904344 -0.02870714736645133 5.0070352973924415
4.159927022449312 1.1628752005367367 0.005717007770126776 -0.029450226181751304 4.904128603561099
5.053176674738104 0.09302510898661119 0.008446729170497836 -0.02878632950412853 4.997806015056183
3.343533848739192 3.1071730269995665 0.005767136146236643 -0.029440450755224022 4.905831024610071
2.577740678392078 4.29252561782538 0.00690912015322783 -0.029193561939377336 4.9447790545982855
6.87532503445824 2.208155019621858 0.006990859658517434 -0.029174096065429575 4.947579902007561
0.3314955103296175 1.9785829075327854 0.007929322197381032 -0.028933127198595737 4.979878156951945
5.245736150583313 1.3708439116930617 0.00762406010009701 -0.02901506001355346 4.969342563404588
2.870946053522495 1.9701862127908438 0.005075792606607797 -0.029567487708878914 4.882399875266929
2.646923653806249 4.904728297085763 0.00757295176397522 -0.029028441253028114 4.967581528256871
5.688214142811097 0.8478297187985703 0.008655704238005138 -0.028724184655864123 5.005073352196926
4.006523761506414 0.6543955918553844 0.003856173795482387 -0.029751133149159798 4.841284725273144
3.1017168507697312 3.8651876468910173 0.004958382032127536 -0.029587403529601493 4.878430282293442
2.2127095237202354 6.843231475656007 0.006070974570347562 -0.029379299987681688 4.916162102788719
5.200029027823833 1.3669315640568966 0.009228213055835512 -0.028545403899684216 5.025066153341511
2.979608300233189 6.170591696332935 0.006277798403941665 -0.029335801458277348 4.9232070698613875
4.037322144072084 3.64249366184968 0.006433543511331317 -0.029302039483418328 4.928519159755892
5.5751480511250175 2.930663393780477 0.007358013411441376 -0.02908366618287744 4.96018419293769
2.753596701593726 6.652493137239707 0.007808523115600691 -0.028965962210034203 4.975705417527642
6.6903767899049384 1.4807168769609 0.0071884241049524405 -0.02912604605653398 4.954357370569337
4.581573956371831 6.852627995516166 0.004851832836419824 -0.02960506237330768 4.874830193025202
2.5398464533518257 3.1173681438416145 0.005887033770084899 -0.02941671010480064 4.909905208829905
2.844904280837991 1.2410527208166309 0.005947913360131334 -0.029404460999317282 4.911975197140758
6.490666051079669 2.9482408396990056 0.007695604412304394 -0.028996166517823028 4.971809129971527
5.298874407038331 2.0823589910741447 0.007906070678814825 -0.02893948939462451 4.979074615702771
0.28788455307189537 1.3231205166613826 0.007669733568541022 -0.029003020308023004 4.97091701946228
6.060326888344348 0.4108924146117283 0.0068379565098226685 -0.02921031240452203 4.942342106399687
1.7060558625217226 1.7288146090956342 0.007399993741043502 -0.029073013133015933 4.9616278903015845
0.13072734801743943 6.399006892523564 0.006856158520399631 -0.029206045441708666 4.942965288352791
6.135217050154624 2.1589049214645444 0.0085345648388907 -0.02876041034148801 5.000858684952628
3.7801221775725007 2.746753830158522 0.006793345507149719 -0.029220719649257248 4.940815144015593
2.6579704199294456 4.778269001742296 0.006470996376160634 -0.029293791251726292 4.9297975053057055
6.508738580283668 0.9646453108369057 0.0071044473555584705 -0.029146643507822614 4.951475173372385
2.7626367587730987 2.361754606473015 0.005878430241473217 -0.029418430581799108 4.909612746588803
0.7330960716831375 1.133008686811068 0.006213534400864263 -0.029349480238145213 4.921016947379834
0.1388320092842429 0.15500144971162594 0.008770712975230096 -0.02868927663616025 5.0090796803578215
6.233716692369154 6.175803854357258 0.00949684495364568 -0.028457159660205275 5.034491340294181
0.8702236787696715 1.4740533112887912 0.0068330941524012865 -0.029211450225971654 4.942175649340152
4.181401831924 3.1503256631442786 0.007688586834801192 -0.028998028079228452 4.971567120318054
3.394010572289302 2.518630779430098 0.0061827447504557076 -0.029355981798446333 4.919967993959922
0.42088102324791127 3.788004533740001 0.008741337715401469 -0.02869824062456268 5.008055929595802
6.059952786031997 2.713786533012778 0.00708968564939108 -0.029150237690159887 4.9509687412769265
6.110422748497736 6.287494709870818 0.008832050361313487 -0.028670453195148875 5.011218371139107
0.7637900494204706 0.9699334715387062 0.008890608856833189 -0.02865234849283387 5.013261483946758
1.632709882856212 0.17557686895203992 0.0055199046231384965 -0.02948780515656352 4.897440140858182
0.5516576123492173 0.014746007518554306 0.00845216626256757 -0.028784733548704502 4.997994897865192
3.2180641702242223 6.426593287044906 0.007100605443776088 -0.029147579699381858 4.95134336230894
2.412320514006356 4.269921471781728 0.005571257268449512 -0.029478146014441757 4.899181913230492
2.588325285951963 1.7132569064181533 0.007611460227422306 -0.02901836785910552 4.9689083353074865
6.39931037774522 0.9967146123992574 0.006779556425020475 -0.029223921959243653 4.94034327588555
4.396261945783173 6.271892017210754 0.005844509515193134 -0.029425188334602326 4.908459835766953
1.558863448052629 0.7682904764133471 0.006323373429441529 -0.02932601146545218 4.924760892154249
6.195582280904516 2.1896545136317895 0.008914190955398813 -0.028645020502884717 5.014084631593759
5.632587128431421 0.01646909689338104 0.008710801868706207 -0.028707523940670054 5.0069920697536245
2.9961208938325035 1.8248690240656262 0.004674311209527401 -0.029633609545860026 4.868836773870328
6.417645637802754 4.094888938220259 0.007119824722617226 -0.029142891001395322 4.952002793530325
2.2334535170601977 2.522205199354922 0.005800833826748105 -0.029433829633849124 4.906975757984609
3.4631605203400437 6.251480691279536 0.006683747279891229 -0.029245983011322196 4.9370660665441815
6.8162257574642435 3.707882044758613 0.008167385103948288 -0.028866829070124823 4.988115587420135
6.894949767286013 2.8617648907796625 0.007776171692820825 -0.02897466399811691 4.97458870818102
2.7694667698753124 0.8688584121896007 0.007273443053743501 -0.029104931302855713 4.957277427632957
3.99175482360798 5.980181724865447 0.006959583502513938 -0.029181572909484088 4.946507987194204
1.8097539673483185 5.746861516384485 0.004149752515197888 -0.029711606386437755 4.851159020895425
3.9803539703800754 1.9872378408461153 0.008477613476041819 -0.028777249169280133 4.998879065178926
3.933398669476914 6.010053571537831 0.007095098138644451 -0.029148920775956766 4.9511544211179475
6.74560744058119 1.6393484783543653 0.008528832314221866 -0.02876211082928172 5.00065937085675
3.8798633138647385 2.684306841479632 0.005294140269125173 -0.02952917335129494 4.889789350917105
2.7702635357043945 6.441047431831556 0.00521122348495697 -0.02954391899849837 4.886982092098702
0.4323192817508484 1.738480388840875 0.008372460182613888 -0.028808018163187572 4.99522697910124
3.5917292730676498 0.016432960047541887 0.00521650423539402 -0.029542987045356742 4.8871608372988335
4.2439275597364485 6.400390103808799 0.007007025491530679 -0.02917021758165405 4.948134054814888
6.780287643689679 0.7382031003828577 0.007965241533601113 -0.028923259278846772 4.98111982909195
3.5893401839602657 3.755475631596034 0.005927952438204515 -0.02940849162895617 4.9112964037706455
2.0480033825071198 1.22352502086302 0.004837377831221603 -0.029607427711944273 4.874341951274509
0.871030477772086 1.8211020516199394 0.00656903002466771 -0.029271963455412657 4.933145316921389
1.576512947233383 0.9798866389070577 0.007640477541450106 -0.029010741164930562 4.969908430332113
3.6886182173363253 1.8550447142902855 0.007764565657175509 -0.028977776314883283 4.9741881716228535
0.877252879349941 6.4951055952845715 0.00780055276976425 -0.028968109646404668 4.975430265254351
1.1641667045634259 3.5071150756822442 0.008568418151538058 -0.028750342787180697 5.002035971178094
5.1906653129941684 1.6369422922742627 0.009447184647883364 -0.028473684380999884 5.032746757230175
2.8810149901091955 6.05679148398985 0.007789901015027651 -0.0289709758581942 4.975062577206678
2.0563530107292105 4.1125266846151245 0.008042746907183906 -0.028901803095775593 4.983800511964974
2.2870874315458325 1.109831083450182 0.006738632238207527 -0.029233385632837502 4.938943136816098
5.984746743970688 1.4535098306205718 0.007740031375759126 -0.028984339121364562 4.973341609009792
0.9362959011738676 2.7215332540496693 0.006497238143995815 -0.029287982117247438 4.9306934073779995
4.7727342928756205 4.220433029853105 0.007917536983763565 -0.02893635443712176 4.979470853719864
6.424088697749831 6.150229270368469 0.007408252212381201 -0.02907090984399609 4.961911960273452
1.9749020920810743 4.966913302258566 0.006978982763932822 -0.02917693951703517 4.9471728177355505
2.2113865364493375 0.15914434240283334 0.0056822002780523165 -0.029456961825689052 4.902946829682533
1.7354703526413675 0.5635096960507009 0.00588567979038872 -0.029416981038254242 4.909859181471443
6.80922001197625 0.31567127611608736 0.007574954472093157 -0.02902791871191794 4.9676505201164485
6.485109693886384 1.309727987806546 0.007789737819466 -0.028971019738766205 4.975056944140023
6.768016590277065 5.064633549666492 0.007468285945819264 -0.029055545168374976 4.963977584680764
0.07612787121206316 0.2802997103894621 0.007122174288244153 -0.02914231688469319 4.952083416580697
5.767163349634679 6.884931803503058 0.008234827397761501 -0.02884766225760896 4.990452687221728
6.0211001032579 3.568915415684701 0.0076826439042443455 -0.028999603146260072 4.9713621833090595
0.9713778768970621 0.8271884632885377 0.007699872487113208 -0.028995033431299867 4.9719563272981855
5.570785006998814 0.2601638313765266 0.007825457750067056 -0.02896139173109461 4.976290102752559
6.63520672964754 2.226575217744056 0.008414107016112766 -0.028795881704184748 4.996672951555826
5.49992041239172 2.0686954905359194 0.008215358724944678 -0.028853212663765455 4.989777873465279
6.228534208313865 0.8956715402909984 0.006795671983226859 -0.02922017868351228 4.940894762096159
0.6862333291507761 5.465878214675641 0.005275385377501643 -0.029532529676931533 4.889154256091472
2.657727190389987 2.3071098326036346 0.006867092889217329 -0.02920347642406398 4.94333969198907
6.106526599500371 2.733035979100022 0.007819527697761166 -0.028962993398196014 4.976085351255518
4.707473302958595 3.5263923714423133 0.009236367430298379 -0.028542766451283647 5.0253518298435695
0.2831431769588011 1.3667857279374895 0.009059534978157278 -0.028599385062961488 5.019162637348202
0.9077035586042681 6.435878884033659 0.008625124639997839 -0.028733381717864367 5.0040089285865985
6.6347152467127355 1.2539212725408238 0.007628113676504783 -0.029013994584309147 4.969482271915412
0.5655967676951228 4.743386642450325 0.0055290124685255845 -0.029486098777608553 4.897749017995595
6.613943928286088 1.74181915090671 0.007599058221542924 -0.02902161804837216 4.9684809745665515
5.781069056107421 5.384209414689927 0.008636976859153074 -0.02872982127919445 5.004421443669957
6.330949303904995 0.5658601370946953 0.008043470172875364 -0.028901601816820884 4.983825536985299
6.842098770143248 5.6241994357690555 0.006390958255751085 -0.029311357057858086 4.927066070510087
4.279667446402718 1.6714279888484724 0.00840007487276388 -0.028799978162004927 4.996185689342749
2.2268689645098525 1.355145873261819 0.006588777177020296 -0.029267524926299738 4.933819977809261
0.4401819175171109 3.3864682187731727 0.007449809674850906 -0.029060287951231622 4.963341741766568
1.7879581880182727 1.7146412186233235 0.007707571374927855 -0.02899298783327432 4.972221861027446
5.272097386608232 2.2894264810588645 0.009530672248641292 -0.028445848317267295 5.035680285912809
4.885006860878714 3.1295977445491054 0.009748062276731013 -0.02837208631470329 5.043332410852715
0.736372525620037 5.00923341072438 0.00677093968373953 -0.029225919588597396 4.9400484336416595
2.657738079358793 2.0632288981785343 0.006841433961084559 -0.02920949813598513 4.942461156811717
2.085295564860662 3.390219943560061 0.008259092542692416 -0.028840724511898837 4.991293936036566
2.353273969208339 1.0806923019502876 0.0061245128950377006 -0.029368185878574742 4.917984761548634
6.527308473375378 3.3159127491526914 0.008870851282340426 -0.028658471653711735 5.012571995516493
6.959323676196418 2.6427202445161058 0.00852115698942907 -0.0287643856802384 5.000392526003928
6.39110954599693 0.7331353245651827 0.008155807379042382 -0.028870102285858942 4.987714536499041
0.44171498033026163 3.730464465715359 0.007149561717339778 -0.029135609951568706 4.953023306812428
2.950790678545991 6.5638220584494595 0.006400940340643787 -0.02930917881407664 4.927406636649503
5.479061878271755 4.528211805326396 0.00934630361715972 -0.02850695719812739 5.029205873079868
3.8631310591710557 0.12343552609364059 0.004308160193546398 -0.02968905110889774 4.8564925410790885
6.90982247850048 3.5980241563808377 0.00949377234775194 -0.028458184879030155 5.0343833692042885
2.0671528355984137 6.726835085066495 0.006168974262682602 -0.0293588786663653 4.91949893085012
2.5846040429599095 6.018603997622997 0.005487041626353539 -0.029493937922743775 4.896325796260393
0.19845181488800764 0.43763752268324396 0.008050465243168587 -0.02889965413925458 4.984067575679559
5.218106292003966 0.032979830680824385 0.009090883214651284 -0.028589435852733637 5.020258943684032
5.889917891020385 6.258808443158049 0.009303511901347448 -0.028520951356879497 5.027705144441372
0.16353722232447337 0.9497956469843233 0.006212457907531638 -0.029349708120305858 4.920980269076007