300

2.379771722277633 0.27896786411037355 0.008778149016209755 -0.02868700228063601 5.0093388829787795
0.16823897974493027 3.759787807557537 0.007683154541430343 -0.02899946786222979 4.971379791769923
5.815542211136742 6.918958268842563 0.006385713002593494 -0.02931250022513447 4.926887124484128
0.1534865546880775 6.567339446356877 0.00509748127590063 -0.02956375626746105 4.883133452538832
3.9005453779337955 2.428570533265474 0.007678053580208608 -0.02900081883705089 4.971203897425296
2.633214258427179 6.257293160336359 0.007128207266344917 -0.029140841806097977 4.9522904396115255
3.6345801299884344 0.2595596527039515 0.008657936101547416 -0.028723512014750596 5.005151052911507
3.3624391456126688 0.4383871391145443 0.007177355317487207 -0.029128775646198004 4.9539773578250355
0.017141542760407108 3.2726640999204566 0.00782035024251612 -0.028962771312227322 4.976113751217401
4.09189644635628 1.4701923410624769 0.00719803039702985 -0.029123673504615352 4.954687201925186
3.9162287120748296 6.908686271322921 0.006554158178189707 -0.029275296934023896 4.932637288157645
4.880554798644965 3.377393112400889 0.008248170095752847 -0.02884385012565986 4.990915240453642
6.791091497712119 4.632515168695644 0.00750891476684668 -0.029045071854347886 4.965376152079422
2.7445328833742337 1.6896549528536033 0.006188657286974341 -0.029354735920876198 4.920169406469539
0.4480762683978432 2.2830013017991035 0.007507459423518244 -0.029045448059966762 4.965326046026652
0.34369079805015 1.9520244299715106 0.0074177553435331835 -0.029068486470118886 4.962238868761322
4.02228165610343 6.471363281234154 0.008935236739561153 -0.02863846267536015 5.014819425710588
5.599830474178815 6.268714253826704 0.005961072690525154 -0.02940179607402029 4.912422745780276
4.714729940517134 0.8672617613539634 0.008814795167445204 -0.028675763044006077 5.010616581013126
2.802798957849835 0.08517888717995203 0.008276001396193403 -0.02883587697452957 4.991880269231684
4.198073136627552 4.297587272869376 0.008887155829235714 -0.02865341971330615 5.013140971555027
4.5123581550525955 4.315886393463911 0.00832420036925784 -0.028822000073076948 4.993552164358776
6.556706594491061 1.6380758243671567 0.008257074533424828 -0.028841302331022903 4.991223965913211
6.191551692281187 4.476595418671286 0.004881882697508055 -0.02960012198163669 4.87584530205105
4.122930166081688 4.036557520979741 0.007031220214534512 -0.029164395112786432 4.948963569934607
1.848341159393906 6.754545914745485 0.006166913020675935 -0.029359311705069273 4.9194287228960665
0.48074160286759166 2.098546711275391 0.005710764827004409 -0.02945143740279325 4.903916625062732
2.0989724022002867 6.5499959576998945 0.007115026897453735 -0.029144062727226448 4.9518381657758885
3.278321412028785 1.1446728616300337 0.007826544864752986 -0.028961097967446066 4.976327639629563
3.4956221701935433 0.9873342417208592 0.009150168303089469 -0.028570516621600258 5.022333300453534
6.76336995858125 6.36566457366015 0.00612799622979226 -0.029367459239907898 4.918103372138283
1.502394454076767 2.386135010590171 0.007580258806310548 -0.029026534006480198 4.967833256632057
3.675965897720856 6.970479608085402 0.007385661695321593 -0.029076657327180153 4.961134953873286
4.166024485755765 1.292544473553581 0.008267186112951847 -0.02883840553452663 4.991574577239017
6.68241650509765 1.5984994720588082 0.006490646185412739 -0.029289443697274056 4.930468339155435
4.16056036298076 6.901167509136525 0.006311695688812802 -0.02932852702628998 4.9243627050480265
5.750386439791427 0.08074503530582344 0.006130425262004418 -0.02936695227814725 4.918186084543089
0.36666324608733447 6.209944117657221 0.00805256100040977 -0.02889907025035026 4.984140094831578
3.3313906159939797 3.7822793137672672 0.008667457403658197 -0.02872064035072635 5.0054825506055804
3.91623306466124 2.6479944115043508 0.00724440294760087 -0.029112173157165574 4.956279779123869
1.7365404449031927 5.144702437664413 0.00867984933749313 -0.028716897734233412 5.005914043112252
6.684258045566895 2.497936044286335 0.006768358333717213 -0.0292265175049372 4.939960110548594
4.2139283489379675 6.391243945044144 0.0073898250775036355 -0.029075599483482678 4.961278142887892
2.403448958837585 3.118393123188024 0.007038994753769389 -0.029162519658911625 4.949230154896944
5.269289535003259 6.731150908738707 0.007110699709619387 -0.029145118796114363 4.951689692672876
5.8130261016016 4.283290208569267 0.0065478079396087754 -0.029276717903241753 4.932420378848079
4.7551396761497005 6.535014773344103 0.005769316364027842 -0.029440023585108766 4.905905080324283
6.366321400781071 5.346777371424135 0.006343346387692154 -0.029321697710155747 4.925442008527224
6.731713013041359 1.2170865133553348 0.005267866926659534 -0.02953387170763438 4.888899679864539
3.8665963528625196 3.904965726433952 0.0070703605559105836 -0.029154930999908468 4.95030584660714
6.547974959214133 2.295615478831831 0.006875102451655737 -0.0292015918449532 4.943613968267674
2.5991142166309813 4.280470444657326 0.007109084860821487 -0.029145512732522628 4.951634285868897
6.458203845251135 5.887814819455111 0.006857648073064778 -0.029205695727134988 4.943016290176568
5.569483378911881 2.0094938039703187 0.009959500705492825 -0.028298557307701887 5.050794385312602
4.08626902137853 2.891662533842021 0.00706745608345912 -0.029155635210167802 4.950206225813248
0.19327650301026214 6.802459619270821 0.007818400221548897 -0.028963297774522917 4.976046423294163
2.138971655127277 6.710755787040805 0.006945410229398273 -0.029184949490197336 4.946022322732647
3.726805754142488 3.1810787714144193 0.006604589086339105 -0.029263960822154787 4.934360265100176
2.2859100206321195 1.9936988794617099 0.008407176418583406 -0.028797905907666534 4.996432279852044
5.538395920762298 2.8798343108785667 0.006564730750873251 -0.029272927939796852 4.932998445907224
3.3722267455463206 5.620851416856852 0.007299971105439936 -0.02909828898508883 4.958188994028363
5.9532189791947765 5.237102622782171 0.006468293039039694 -0.029294388287880505 4.92970522262547
5.001498619394127 6.484797181547556 0.00593570072181482 -0.029406928723364617 4.911559881733366
4.063686437403045 6.993655167247539 0.007337907498558509 -0.029088745479009553 4.959492940451919
4.077411624441838 2.9992715285701776 0.005856489818514906 -0.02942280623947402 4.908866996732861
3.614448100899687 3.7148699773439473 0.008025319105720805 -0.028906647215672602 4.983197562021108
5.952994266157971 1.077356738730619 0.008183235903235784 -0.02886233965138642 4.988664730920387
0.45772252270400615 3.9160618113508527 0.008994851926895525 -0.028619794527795332 5.01690175125471
1.9257027457358737 1.8249038290078015 0.0062645236087399995 -0.02933863909515128 4.922754579991865
4.047102117306974 1.5689414666679093 0.006873910127252681 -0.02920187253520659 4.943573137662313
6.589467538107557 5.726400535337974 0.005401493639985494 -0.029509724947162693 4.89342604657495
0.5222076649707347 6.42738976006782 0.00593140346303165 -0.02940779578545009 4.91141375306197
1.0675522529617063 2.849163418347637 0.008518332150537256 -0.028765222359180942 5.000294321306006
3.0422188830636654 0.9764613964892893 0.006862228014998258 -0.029204619954215687 4.9431731098023715
1.0869348364403648 0.6563269105394505 0.007652049749893819 -0.029007690956454113 4.970307345224057
3.5067107339492978 0.7030949912687363 0.008825373289577719 -0.028672509243168935 5.010985489145514
4.707638627005152 6.693689937872234 0.006989076165956422 -0.02917452337822265 4.947518769710775
0.4465951265694753 2.0552558261664298 0.0062576618790934286 -0.02934010340484404 4.9225207055316105
6.2330734301955575 1.5825602318681464 0.0070025855430409295 -0.02917128375153199 4.947981849322067
4.2375903768879875 4.537009140907753 0.008397878338082691 -0.028800618733262683 4.996109421567812
3.1175791697971413 2.0994661663983183 0.007051550741436239 -0.029159486143293917 4.949660729507682
3.4946263106115816 2.6844895189129105 0.006265808622661007 -0.029338364683536587 4.9227983795671
6.9376643475083535 4.110690852734224 0.007740490524591054 -0.02898421650551755 4.97335745031641
3.7282712848204813 0.06428280072036772 0.00934850627543837 -0.02850623493936176 5.029283141452151
0.8107012816283784 5.880650308482506 0.006191438867407732 -0.029354149361736796 4.920264164883633
5.8949638750080116 3.31916949565626 0.006270581638712654 -0.029337344902227256 4.922961070945689
4.830943414229269 6.025568628418094 0.006230505018381555 -0.029345882287229366 4.9215952082956615
0.7612660186992303 2.758840333040392 0.006097604766502434 -0.029373784504410166 4.917068615002041
0.10378133809859084 5.718212326678024 0.007205871485520605 -0.029121734428673045 4.9549564450714385
3.723495142438224 0.7709851278795384 0.006695710719094168 -0.029243246365036276 4.93747514832432
4.167677687460196 0.6186149968083917 0.0066351356062842705 -0.02925705001339367 4.935404215528743
0.5042858217875729 1.6694090262371182 0.0065455928019996406 -0.029277213236071676 4.932344717400078
5.616776628553235 4.838842873274678 0.0061009360523381915 -0.0293730927769835 4.917182026505302
3.1207827956032665 4.204819339907928 0.00827718858093463 -0.028835536221746342 4.9919214398802
4.077302247470514 3.945980310917117 0.008235986130786431 -0.028847331461566657 4.990492854763141
0.15419591967450108 0.261130667488665 0.005923227218452578 -0.029409443709777692 4.911135731019569
2.6597265004861197 6.300084168883941 0.007659402407924652 -0.029005750373908238 4.970560826411274
6.632856256766396 2.1750174129884963 0.008112375136455576 -0.028882336637561325 4.986210453374294
2.9281308603083187 2.8526017688943583 0.006998963302541079 -0.029172153034866713 4.947857679725804
6.462508142164068 6.406960510896868 0.007773643114537971 -0.028975342495435603 4.9745014406055965
1.5259687617313844 6.276890877587346 0.007199575475755734 -0.02912329158884511 4.954740254602627
1.2485272680999653 0.3531332469074609 0.006892342690843745 -0.02919752750203299 4.944204396304259
1.583772137046059 3.6178863170934115 0.0071638860111083065 -0.029132091192014466 4.95351497863743
1.232603917205176 3.2576661778244635 0.00869367763864983 -0.02871271441565983 5.0063956170032045
2.5016556030730466 0.7535198155869859 0.009010237664370266 -0.028614954433504928 5.017439387476878
3.096380592701769 3.075099348037658 0.007132777913271915 -0.029139723389900944 4.952447289391628
4.267643166071256 2.9763993764332075 0.007950820912132985 -0.028927226739236322 4.98062128112245
3.5821925186896744 2.1068880105088676 0.0072256442436855525 -0.029116834739780592 4.955635471279931
6.752541222534426 1.027811096797182 0.007017817173869808 -0.02916762318246274 4.948504026760188
3.5636929932049854 6.104435807678539 0.006311741316535684 -0.02932851720686091 4.924364260793751
2.8808328941908314 6.659623140940979 0.008663769589995273 -0.028721753019122512 5.005354150187648
0.6574791098591032 5.321967674512157 0.007847260633758197 -0.02895549171652709 4.97704300523499
1.7991127658122226 1.845193542387385 0.0064179995035385145 -0.029305447998155213 4.927988715333301
6.093619862618309 6.795878145432941 0.006411807214817012 -0.0293068034462993 4.9277774185976915
2.0408127920204975 0.06410558966704806 0.007444470551300959 -0.029061656150515796 4.963158020329942
2.8756406687537464 2.007169859964902 0.005727664667033001 -0.029448155416970035 4.904490477571918
0.15466791540634806 3.8612596146098097 0.008414230049345 -0.028795845753801008 4.99667722415669
1.0152867807011792 1.8886076266914233 0.006987968616692884 -0.029174788681533156 4.947480806991959
1.6457788497913977 6.906011383307104 0.006377059379401333 -0.029314384074573176 4.926591914420257
0.8520592139322906 1.4957926276998905 0.005287345464215832 -0.029530390751597517 4.889559250848384
6.1262187079080075 6.522994071610324 0.006993319056476962 -0.029173506621150567 4.947664203601622
1.0062362504088773 1.6313325859953538 0.007721958606589704 -0.02898915927166766 4.97271812520823
3.678287810036667 6.047351284353169 0.0076724568272244125 -0.02900230001628108 4.971010916320918
0.6101986411320675 2.0859606171223826 0.00562080030818899 -0.029468739435127907 4.900862851169658
3.331611481307883 6.328546180519112 0.00728962806908333 -0.029100881818502206 4.957833558165451
1.07510089947412 3.365267648527519 0.00727282789696094 -0.029105085026180335 4.957256291862128
3.764486466809356 6.564272946068727 0.007251383230096786 -0.029110435263840887 4.956519558228646
2.661960018167221 1.3008417302877553 0.00823255935903265 -0.028848309593458053 4.99037406687251
3.6639389981119845 1.9293656854913939 0.005879501310745226 -0.029418216539024676 4.909649154824972
4.527890675361043 0.1542579037618747 0.006889746156354158 -0.029198140315797566 4.94411546729343
2.858345716150224 1.8591721404915718 0.0057930581708347684 -0.029435360997095386 4.906711590742465
3.3275704786028877 5.0368246701603265 0.008177877136497059 -0.02886385846591475 4.988479069404538
3.5462530995624952 5.425286729072471 0.007013318953144457 -0.02916870510086906 4.948349809967708
3.0660034181844553 2.185618086630923 0.006678719115876677 -0.02924713167083609 4.936894143266391
3.0408956682406734 0.8388479774953598 0.006621137311622641 -0.029260221132121306 4.934925782610714
3.9042866459632926 3.4092083570285165 0.006858515825867934 -0.02920549196069669 4.943046002046415
5.669023798664674 5.001467710930177 0.004827413695729927 -0.029609053970201058 4.874005418771578
0.18001741949731315 2.2749560146230556 0.008080231444296307 -0.02889134575970121 4.985097708348919
3.570827703996101 1.7805176331118573 0.008570608754609355 -0.028749689834421055 5.002112166024266
2.7261642847615555 5.339598604012477 0.008380730230936717 -0.02880561335566843 4.995514065613512
4.0582251640690465 1.7745505573462879 0.006751065681557037 -0.029230516796035316 4.939368474251525
6.470401602798198 6.527418290181853 0.005380908917796591 -0.029513485379032704 4.892728533808682
0.6100514062263013 0.21405364423734005 0.005136801644360935 -0.029556949586628366 4.884463624839538
3.7328227964607756 5.099642762421138 0.00954922463719615 -0.02843962568017318 5.0363325574539735
2.3388807450486784 0.28417219447975794 0.008886718874802736 -0.02865355523561125 5.013125721947684
2.376036750503476 0.6620127214044537 0.009062255179641165 -0.028598523232136776 5.0192577527663325
6.799957859073813 0.9729292364161892 0.005304268196125857 -0.02952735577229305 4.890132341846362
0.08804081945945595 5.6773501343235955 0.006166066378958341 -0.029359489529116125 4.919399885736597
4.1639123630455614 2.9154710923647427 0.008055059791860554 -0.0288983738599519 4.984226562027064
3.990713147490689 3.398942933853972 0.00842468772656802 -0.028792787928747263 4.997040409613241
3.7545263771663 0.03926775150396417 0.00826757806522801 -0.028838293169592417 4.991588168595145
0.18379757738497302 6.818894710811056 0.0067609048773042855 -0.02922824259581891 4.9397050943151966
2.7759360739779484 3.191837744189057 0.005879202909394728 -0.029418276175706908 4.909639011414422
1.741609642960777 4.229803365310804 0.007648875902217601 -0.02900852801216351 4.970197932796655
4.85010431129591 2.9711075218514034 0.00824661582234075 -0.028844294539453016 4.9908613550870475
2.4728169605048236 6.003961699549843 0.008178111352722322 -0.028863792105377876 4.988487183929308
6.7610794665808935 5.752321596604124 0.0054960400509953995 -0.029492262438779674 4.896630898962954
0.6267784365060742 4.428135500066575 0.009310760144669354 -0.028518585966496247 5.027959292480539
2.196006389495424 0.00638187363665 0.008566614313345055 -0.02875088032054656 5.001973230314686
6.839206800304682 5.008642545310231 0.006410449066046399 -0.029307100552112362 4.927731076392934
3.042724329717287 6.998047398163567 0.006808611759305677 -0.029217166288177988 4.9413376219103275
3.501015898738432 3.722718324813779 0.006373072803722369 -0.029315251031475992 4.926455922590678
2.0154921475964307 6.476044021098499 0.0059224716092246 -0.02940959588362153 4.911110038344777
3.132107943403989 6.690262516192043 0.008458689420832406 -0.0287828173270425 4.998221524085613
0.9322163066741613 6.021668891587577 0.006138363976725277 -0.029365293931599618 4.9184564203529675
1.8415471821303138 4.956367749320769 0.00804192525046632 -0.02890203173249092 4.98377208282286
0.1737186894725804 0.9836371386418092 0.007286149400627784 -0.029101752986920415 4.957714021705871
6.389659521303651 2.159396730612007 0.007176777608844528 -0.029128917988026738 4.953957524954675
3.696245523440733 0.08084698269266022 0.008682595004491964 -0.028716067697161656 5.006009656040337
4.129658453673068 6.8464411383342245 0.007106125575799675 -0.02914623439315902 4.951532752284292
2.0580574893679384 6.242705492697064 0.006028542452724714 -0.029388036271511844 4.914718031542681
6.711807119979884 6.848988094621931 0.005914516310191495 -0.029411196793338396 4.910839545594762
6.44819291580097 2.7697134930462464 0.00795664012023634 -0.028925626665589208 4.980822453847432
2.439737448726189 5.702154744262529 0.007334000030845101 -0.029089730895069554 4.959358613534095
0.7373845573956893 5.494574773642281 0.007496388099407452 -0.02904830744575426 4.9649448923594335
6.862566468116164 1.7215633483091626 0.00605889268405535 -0.029381794013352905 4.915750882190213
5.947512654064395 4.690507974968541 0.004973742534158735 -0.029584825252211653 4.8789494617126525
1.9801332455954834 6.230303638084642 0.006841206284494086 -0.02920955146134563 4.942453362210743
6.726880894818991 4.023543161164369 0.006295188107968547 -0.02933207470816361 4.923799888441295
0.8618199074488657 1.5153935826629807 0.005058400184408533 -0.029570468166303616 4.881811676995939
2.4216488927821986 0.8098357289956722 0.007217702535956902 -0.029118804407160012 4.955362727379606
6.511669551609678 4.506870569788879 0.008072635809369785 -0.028893469004072192 4.984834814544939
3.5059195928098537 6.352595380949303 0.008093390331420381 -0.028887662296268816 4.985553198581075
1.3461307041904236 4.708647445122082 0.009314147036463426 -0.028517479990054162 5.028078055643226
6.329723994817561 0.9809812523267816 0.007245123536476132 -0.029111993833147182 4.956304531350048
6.700510884040445 6.1229160879550575 0.007414507623669859 -0.029069315036624813 4.962127143867164
3.2583393929396465 0.806712127998954 0.008371646514371925 -0.02880825462672816 4.995198734711157
2.096208108844761 6.9513277899577 0.0075855490102069946 -0.02902515195849537 4.968015515038298
4.042758848242766 6.178574214283383 0.008569534484812454 -0.028750010064582762 5.002074799923272
2.8409644816104542 5.274334937520876 0.006546025098564356 -0.029277116582904224 4.932359483056726
5.518883227184746 6.598687465596883 0.007142142388390136 -0.029137429572698426 4.952768666623067
3.8218442595583846 4.2380368343925925 0.007883627430204194 -0.028945611386559655 4.978299174451633
2.9620589342999835 0.033990314525755086 0.007026498127708916 -0.02916553315235816 4.948801660364143
0.627295726930669 0.6278631870629382 0.006438880241691789 -0.029300867243703742 4.928701291689059
6.480672411512741 2.647504695684574 0.007435986148144906 -0.02906382820628757 4.962866086312026
3.309246057541823 5.832012104095309 0.006518482851450481 -0.029283261111347315 4.931418838676771
6.591576403669144 0.234815726797593 0.005173559834003705 -0.029550537704819916 4.885707399074868
4.533392054600324 6.000334131286002 0.005832737176279197 -0.02942752414037665 4.9080597747243315
3.889536640946448 5.009735985164705 0.009907054984403023 -0.028316960669111633 5.04894168810299
2.942549624746301 4.019619990017082 0.007919079709220334 -0.02893593227388768 4.979524168546151
4.692144013306084 6.347294501516249 0.004923868715866792 -0.02959316672593368 4.877263909201767
1.0093635327463315 1.0243352632430414 0.00641833559196573 -0.02930537439154985 4.92800018381006
0.24438737714887127 0.39944117637845333 0.005690794060167938 -0.029455302798728062 4.903238578170202
4.137308230697567 1.6294080256576875 0.0074868458516855 -0.029050768306416605 4.964616410451155
2.86376861427254 0.5820820772167768 0.008702908391386148 -0.028709917894886788 5.006717119250155
2.8152491189169577 4.130663776524792 0.007218118957631161 -0.029118701185208887 4.955377028186964
4.559965816603021 5.836552129224909 0.008816322258240555 -0.028675293578947922 5.010669835159952
5.3952286869404755 5.030431581828365 0.006450156591198763 -0.029298386985447084 4.929086154927205
4.282394098333678 4.863533152226088 0.00889683758638738 -0.028650415022499143 5.013478881124401
0.0034494956532151733 4.2872619805735095 0.006950764380749036 -0.029183674794708608 4.94620578264459
6.239095379914877 2.141163167810054 0.007903264320920797 -0.02894025592619492 4.9789776436834146
6.4137189212228884 6.587286969014457 0.006266684540559241 -0.029338177599658705 4.922828235378779
3.1856865200379185 5.861076270271468 0.008281638434954927 -0.028834258527534174 4.992075761706065
1.1899105767029365 4.133861116548422 0.008787109960476807 -0.028684258723949783 5.0096512674039175
5.328426742156881 5.6262372904911215 0.004537200508012686 -0.029654912098168312 4.864211579877117
2.968774290575337 0.050105224262533596 0.008549053974666035 -0.028756106762533883 5.0013625101561825
2.362884484903705 4.86485461906594 0.008508300457510217 -0.028768191172277954 4.999945595502699
6.865396274034625 6.709884701366796 0.0066981578696290334 -0.02924268594287342 4.937558831714047
3.170179794946322 1.9480983397781193 0.006884134620328134 -0.029199463874002882 4.943923283518544
6.056669825790226 0.393622085698212 0.007338042994352072 -0.02908871129859555 4.959497598468996
0.2454808266481532 4.1112831591597265 0.0072938652189239814 -0.02909982010542627 4.957979162932853
3.566486592753963 1.5598514749856602 0.008474888623626073 -0.028778051755063844 4.998784378768814
3.686582393882012 0.7273138175744225 0.00802558310491337 -0.028906573920582993 4.983206694852228
6.586373000612166 5.74075164566734 0.006455315323997365 -0.02929725079367968 4.92926223400001
0.7713862536815388 3.8366129633041397 0.008847835681021193 -0.028665585704144406 5.011768995828636
5.567106520639284 3.5970891845577073 0.008089077782289986 -0.028888870186147164 4.98540391481699
0.7834270043486216 6.85556639716373 0.005187717059413538 -0.029548055633348697 4.886186504391572
0.7273117996012797 3.871540132452612 0.008190274152046944 -0.028860343194673063 4.988908595149464
3.5671480785705114 6.513199424456198 0.007480562624116857 -0.029052386869699118 4.964400132091568
0.7155921481122315 0.5612937555093902 0.0074102950044404444 -0.029070389194972346 4.961982230188028
6.517090988189519 4.292263696314129 0.00784301660088037 -0.028956641562831745 4.97689643723171
4.23458540630116 6.605953613364066 0.006724005859788799 -0.029236753328602098 4.938442834324144
0.3212714442212776 4.858101364555221 0.007437057479271406 -0.029063554084970633 4.9629029478077324
1.0467840116004874 4.263707885114376 0.007639771628824409 -0.02901092706997502 4.9698840976079035
3.538898792953377 5.593870487422964 0.007285111886311707 -0.029102012727712148 4.957678370599685
0.3979699255709789 1.6241772061293769 0.0061550274784703115 -0.02936180574725055 4.919023909685454
5.834827295982413 6.08744870214455 0.005447090983036617 -0.029501342339332985 4.894971429028552
4.687920782439925 6.69312716806116 0.0058894398089008645 -0.029416228492744164 4.90998700106643
5.409334713484621 5.855021627213201 0.00469588828232759 -0.02963019799528681 4.869564944156444
0.49370455733866064 6.72325461203177 0.006960332094779984 -0.02918139436576627 4.946533640182767
4.547387618884702 4.325431174507215 0.007764562677598235 -0.028977777113257816 4.974188068800014
4.798861494641723 1.3230387581825447 0.007602997853367548 -0.029020586204308287 4.968616725159394
1.975480526548493 6.5011843458923435 0.006410689828793404 -0.029307047888161727 4.927739291568055
6.643372504280733 3.912648798785507 0.006179077292877503 -0.02935675397261498 4.91984306509993
5.896733360872013 1.988452582693735 0.006541907833766266 -0.029278036851785462 4.932218854451051
6.129745629673471 5.987910599527768 0.00571786065147085 -0.0294500606038487 4.9041575637373755
2.82429460378258 6.33222861020161 0.006425511607999207 -0.029303801810950526 4.928245060686432
4.644788209281983 0.5590007216054916 0.006545904835081331 -0.02927714347217055 4.932355375294698
1.5071905634179261 2.067328994401411 0.005699785099161566 -0.02945356429743904 4.903543830651434
3.095306273319819 3.9833342619686283 0.005547819703281356 -0.029482565976181298 4.898386890133166
5.756884909796002 2.82552123922232 0.006929788455937706 -0.029188662729833177 4.945487088660487
5.957205169965749 5.010071443871683 0.004485077597445974 -0.029662840035048703 4.862454166783158
5.526376997863265 5.426170229035609 0.004786090849528463 -0.02961576158703436 4.87260996184674
3.5673756637571654 5.173135818314302 0.006882311122384054 -0.029199893726085866 4.943860834271893
3.2834548852285725 6.176929917435189 0.00729514724859313 -0.029099498734881053 4.95802321945085
3.4771097710743564 2.9075242297605235 0.00564407881598577 -0.02946428981528217 4.901652849813278
3.8605892156436488 5.142070001769006 0.007499621045819962 -0.02904747293946746 4.9650561894756
2.5305185502381375 4.743377612081966 0.007384717473529111 -0.02907689714938913 4.961102480474166
2.7624433208802617 1.4200824485688606 0.006797972479354995 -0.029219643566784522 4.940973492524773
4.7787911886671735 5.695587933969896 0.006429713023415089 -0.029302880241309493 4.928388437354811
2.3407118772159556 5.119999203160893 0.0059863473703349835 -0.029396660442330576 4.913282451281086
3.441256163980526 0.096555978034717 0.008880182793112468 -0.02865558154288461 5.012897622833674
2.3066579210694926 6.938291369706072 0.006230990428685442 -0.029345779224236496 4.921611749326922
3.0183329437214335 5.760895855317775 0.007640938420880184 -0.029010619780492745 4.969924316875364
4.438717773399926 3.317671794396852 0.006017474815171893 -0.029390304470161107 4.914341442571901
6.5138890370571705 0.18819497481112726 0.007853996487251139 -0.0289536653841659 4.97727564041049
2.922639361425539 0.6038973213567063 0.008477548614211839 -0.02877726827712587 4.998876811252289
1.4605797721082578 1.3794845638823414 0.0075943079459361955 -0.029022861451316103 4.968317297481769
4.072914107235573 6.231294955256082 0.005998051986491976 -0.029394274482751562 4.913680628857859
4.559148451526622 4.2608937192807215 0.007951242982166795 -0.028927110727456747 4.980635871905174
3.43567619658157 6.121305200717716 0.008782553502761135 -0.02868565414926315 5.009492422550304
4.262484295923591 2.577187044090013 0.00617856255395791 -0.029356862311337516 4.919825531214193
3.4029888922255433 6.606162849899583 0.008207881251014532 -0.028855340673248756 4.989518727343746
2.5891858178232834 3.2519646370124797 0.007078143860085331 -0.029153042371182054 4.950572818812775
3.0988926190686885 5.424316679694467 0.007941096240228488 -0.02892989786541648 4.980285119521632
3.5713038021492656 3.4730860769061414 0.005904954865547301 -0.029413117958418642 4.910514460819858
1.0448751965463614 6.530049387699288 0.006322977079791708 -0.02932609692489658 4.924747376880521
6.06237811526813 6.232176290632353 0.004990174097281734 -0.02958205811769726 4.879504892783707
4.169527617370473 1.2319016207150477 0.0060998883856153725 -0.029373310363032534 4.917146359071495
5.584883838156803 6.580083123294432 0.006937628879648946 -0.029186800193379558 4.945755709182586
2.060494763891782 0.15445605614878993 0.008285357672762221 -0.02883319004609792 4.992204750863523
1.7464012947101788 1.0109647791073981 0.005769235555496545 -0.029440039420917805 4.905902335472217
4.442015444125445 2.8463554018065778 0.006519411285303709 -0.02928305442560688 4.931450544063892
6.502980954672796 6.942196617749021 0.005410728757944462 -0.029508033047086563 4.893739007222641
5.90967913051476 1.2619979170223596 0.007234061777484239 -0.029114744549790256 4.955924576739297
6.189506504443926 5.9568256433182505 0.006313692560606009 -0.029328097214960065 4.924430791877716
3.2712091394992697 1.1674455253056324 0.006807964606463974 -0.029217317089649655 4.941315472220477
3.802859659449923 0.521952458142269 0.007730019431872251 -0.028987010876992427 4.972996198948181
3.190826622009836 5.600439003096567 0.007758636689611697 -0.028979364325647503 4.973983573277332
4.167500002719625 1.5751464502259602 0.006450312909413336 -0.029298352570932305 4.929091490316708
6.695424773709627 4.415186441397375 0.006565976187473835 -0.029272648611041785 4.933040991789381
2.264604715672903 2.391107802973297 0.008507084815161185 -0.028768550675132277 4.999903339291804
0.6212342112568654 4.971444982652632 0.009358922684825263 -0.028502816811316438 5.029648571465494
3.6323908567047787 1.4426918070253851 0.0063553832321478244 -0.02931909111777741 4.925852536575267
5.824803433202711 4.580535680725288 0.0067525356692377594 -0.029230177249474073 4.939418764030133
6.3404715513445025 3.8718704274828126 0.005759837447053918 -0.02944187956947578 4.905583116651773
3.9543104920254692 5.293008354161783 0.009148474794227661 -0.028571058939762473 5.022274026314006
1.9591928800144163 4.884210184337568 0.005570965175608659 -0.029478201217376807 4.899172004446974
2.5881279525933394 4.099158147532435 0.006012023100593592 -0.029391420146667444 4.914155952452372
3.956022902309713 5.814536769040063 0.009077899735451582 -0.028593561100238776 5.019804840902841