300

0.010780442148167955 3.9905719906228003 0.006939709473309993 -0.029186305563158408 4.945826995218619
4.64877179228869 0.4369243004723442 0.006412709448002923 -0.02930660603917646 4.927808204494426
3.3388004307811094 3.6014679335251074 0.008532597354035788 -0.028760994113449928 5.000790276162099
4.672849192559498 3.2494700638164558 0.006011547042040528 -0.02939151752055912 4.914139755284555
1.5696171019310465 6.151933914635772 0.008558711021458734 -0.028753234003345795 5.001698352875759
0.2080061865192877 2.952853065844154 0.0067303183795824496 -0.029235300828099147 4.938658750110246
1.2640869106549826 3.970169929887408 0.006777506693606354 -0.02922439739358403 4.9402731376356925
1.00284306700489 4.152038930326429 0.007055456773013685 -0.029158541282515063 4.9497946857385084
4.551261951774992 6.962130244151374 0.008835777228904518 -0.02866930485312074 5.011348363581093
1.7678897128943465 5.195242983119415 0.008502060471401987 -0.028770035935685303 4.999728696706979
1.4973300335995972 3.606565758997438 0.007190552873598805 -0.02912552058542439 4.954430459372545
2.4829093326252267 0.0866032265462162 0.009456014448655074 -0.028470753252185416 5.033056877096765
4.316737256553468 1.3213161992587248 0.00725324618852107 -0.029109971139262652 4.95658355497957
0.41694872143764666 5.413249278365911 0.008535399725240594 -0.028760162578302 5.0008877140915065
5.053933095341476 5.988661706642471 0.007708764569855802 -0.02899267060493972 4.972263015856413
4.981814701875558 5.665991571011467 0.008681380686408186 -0.028716434830557552 5.005967369250448
1.6091264551049091 3.170805447322265 0.00807702478961533 -0.02889224239390116 4.984986719925384
3.151222863232768 2.960864974303052 0.008282276972262423 -0.028834075122235694 4.992097906868481
2.4697197529837203 4.615960936593021 0.008744978223124658 -0.028697131492138293 5.008182786782507
0.3977612178722763 3.786106211002715 0.007291146414099999 -0.02910050143843155 4.957885733730063
1.8441717153615584 1.01516699803299 0.00894229249618348 -0.02863626031647115 5.015065808625007
2.1701904674072363 1.0358802162132958 0.008287713323328338 -0.028832513034252247 4.99228645109222
4.141919923228916 5.339773985370271 0.008429509146699923 -0.028791376756690575 4.997207866071001
3.7359115654479917 1.1705982731118034 0.009071828613243746 -0.02859548785406418 5.019592523254758
1.809722918740016 0.7630033797777637 0.007631813080871288 -0.02901302171609572 4.969609778190845
6.409528822146447 3.446670517757947 0.0073578597312155165 -0.029083705062728116 4.960178908867856
5.122320185421436 5.813794292898567 0.009805433893286851 -0.02835230971480774 5.0453552299925875
6.685381692753842 3.2482417123235066 0.0069600336154896966 -0.029181465557289156 4.946523411784409
0.9743337063964511 4.87323765559909 0.007566143932153387 -0.02903021643043569 4.96734701261141
1.1692470945506623 4.7100251556108 0.008252846050631571 -0.028842512582376988 4.991077356927934
4.293993215048239 3.05059093318988 0.008017835558330745 -0.028908723821012353 4.982938684590623
6.1609900954783665 6.105434296534158 0.006671151413345293 -0.029248858760987942 4.936635400660846
1.2587573614551413 3.6686501934541833 0.0058701653411790435 -0.02942008087798571 4.909331811533352
1.9056622171810462 5.034746101886831 0.00759143108912191 -0.029023614075767912 4.968218174949839
4.251659921176782 5.294760214465412 0.007964949046869018 -0.028923339825835816 4.981109716596604
1.7315660068377186 3.5972045714436724 0.008151140462556633 -0.028871420283035472 4.987552887956781
3.2394540405333125 3.7558132005911395 0.007932713136827281 -0.02893219767471541 4.979995358037389
4.906943149148928 2.8981877571083774 0.00838506272891869 -0.02880435250152481 4.995664473547603
1.0098049522758745 0.5063561947358882 0.007417533299171893 -0.029068543130946138 4.962231230106137
1.5372192581908815 6.3588596010609475 0.008272248804593783 -0.028836953717667486 4.991750135456412
6.3191615172281175 1.8459497303743497 0.00882716883878684 -0.028671956513142777 5.011048112423449
4.26660474093503 6.199813182686923 0.008174574803692729 -0.02886479389808339 4.988364660608715
1.7658176763318525 3.081871119222944 0.007620387188971263 -0.02901602486713441 4.9692159791393316
6.973329883148431 6.814342306764668 0.006100631494937662 -0.02937315603340871 4.917171657931761
2.8009096145419625 3.4160416700075924 0.008406192658967061 -0.02879819308533659 4.996398119218479
3.320174531263424 0.9676570515544933 0.007440253089970474 -0.02906273617464785 4.963012901864031
2.2891199700248848 3.221262550519449 0.006322979838463433 -0.02932609633010137 4.924747470949356
3.9164505974066093 2.039627075387297 0.008475234220484299 -0.028777949977507638 4.998796387832955
4.31461590586651 4.916890244608107 0.006836949959580859 -0.02921054801352051 4.942307647809571
1.5227689937124924 0.6230140373494072 0.00948329079396601 -0.028461679425449922 5.034015077614154
4.150127939710492 6.001087937997606 0.007308930344295603 -0.02909603988899924 4.95849690165298
0.26124575463754307 0.9998314913884193 0.008542820158178937 -0.02875795931120655 5.001145734786668
3.9671355144239806 2.567925874827261 0.00823660170577196 -0.02884715570624727 4.990514193889831
3.166333073387812 5.717001854895031 0.00992931575238223 -0.02830916262784002 5.049727924756194
1.7277836825248953 6.6098183841164735 0.009208800529346623 -0.028551672329492458 5.024386170161182
4.703441966941131 3.4821252642628524 0.007121551404196519 -0.02914246910605528 4.952062042768063
6.758325846345697 3.417942192825177 0.0077332615458481765 -0.02898614610229352 4.973108047746537
1.3823221833969044 6.9011084194610754 0.006853026826188437 -0.029206780433994117 4.942858062100294
6.959304511266756 5.718397798725209 0.007612657296147281 -0.029018053843967818 4.968949587634548
3.0864320278838377 6.576467669655319 0.007384468702940348 -0.029076960329018135 4.961093924873572
0.952858856731806 2.3198841521716558 0.0063780189588747635 -0.02931417531093505 4.926624648619542
3.5169916739427687 1.9331976827786665 0.00826224989838239 -0.02883982015576172 4.991403413355306
2.521740203251099 3.1686633588980864 0.0073560315977515235 -0.029084167499395287 4.960116051713799
1.6557922783661074 3.694351345471724 0.008235211936719136 -0.02884755248469649 4.990466017233908
1.6991552684896933 6.711421504025644 0.008127314793070849 -0.028878136266981144 4.986727750256777
1.2642447193416602 0.4327567702433795 0.008326088418289036 -0.02882145471087178 4.993617672196139
3.515829316813008 4.772822548027159 0.007783882543560459 -0.028972593472936705 4.974854841593735
4.956611497228916 0.5997610313984162 0.005943510768923182 -0.02940535120925601 4.911825474125683
6.60446206939597 5.55199758595037 0.007654821931480188 -0.02900695953038391 4.970402913552437
1.7630970131130157 5.3044276710708385 0.0063960853185052804 -0.0293102386991031 4.927240991123384
4.114214192934388 2.412014174218515 0.007613170391715018 -0.029017919232548598 4.968967269618343
5.111625993844176 3.1296028972570737 0.006224668256365645 -0.029347120899641824 4.921396317058896
5.586239123474477 6.534462845261218 0.00592524157537485 -0.02940903793519008 4.91120422503251
0.6734042173282123 4.687672783159321 0.006628092900972138 -0.0292586463202945 4.935163503866082
5.64126769278426 4.347680283257213 0.006813496408495361 -0.02921602756521531 4.941504809389094
1.169726388548032 4.422599030467155 0.00655317629600118 -0.029275516740674763 4.932603748668548
2.2678999943833476 3.388184800275637 0.005789547808794705 -0.029436051640287633 4.906592335508774
5.097084726972141 5.772428151183314 0.009201478450775473 -0.028554032890642865 5.024129730686254
3.828053669597164 5.286630016613878 0.007013987748099233 -0.02916854428780281 4.9483727385411935
1.8771504439202014 1.2518953272801439 0.008120243974956058 -0.02888012530767811 4.986482908466643
0.7788329188505865 5.820857300188087 0.007336655758284908 -0.029089061213528784 4.959449908913105
1.152647240056823 6.404024307756604 0.0064461212209701085 -0.02929927509691253 4.928948423486091
4.458342946827481 0.7999750626419854 0.008156984143281107 -0.028869769823922403 4.987755297387334
1.315704215736247 3.764284847776782 0.008312361768346313 -0.028825416594251235 4.993141439943719
5.370532611387125 2.5779582814350377 0.005451237039396203 -0.029500576515388895 4.895111968740929
3.4328421707244208 0.011071415002716072 0.00947345463668586 -0.02846495489626947 5.033669504498882
2.370937159789017 2.714808663789536 0.007662009685775092 -0.029005061757822352 4.970650715787164
5.273728766312912 6.442911889183182 0.006491770983457006 -0.02928919441531886 4.930506742166511
4.639874785793761 2.4083480541913107 0.006821809418224297 -0.02921408763356176 4.941789354769316
1.3785180855304435 4.489082102693244 0.006598516407943077 -0.02926533070399352 4.934152756066123
1.8181125707528873 4.335880561462741 0.007391787421275563 -0.029075100665667045 4.961345634552348
5.113499578584692 5.376522476412015 0.008091469317164628 -0.028888200433557353 4.985486699729677
3.158149164393846 1.5309180609215596 0.008728334154886596 -0.02870219822384063 5.007602847335342
0.811013845160956 0.9307887266849547 0.009017926893624783 -0.028612532123900514 5.017708112513422
1.7223320479752895 0.6611975170105138 0.008900960880849495 -0.028649134287052846 5.013622801783627
4.651022534718024 3.937895565135712 0.006642550573330077 -0.029255367402935693 4.9356576648761985
0.1979879876432788 2.9858929865993553 0.007463925072896118 -0.029056665715566758 4.963827500116827
4.18762222791579 5.869632983191101 0.0074015249299309105 -0.02907262335448267 4.961680557671986
0.5465562398318101 6.561337130764674 0.008422440611821852 -0.02879344533292836 4.996962366142857
3.9549136830408216 3.0811455813248445 0.006488632580970721 -0.029289889846654687 4.930399591209038
6.148019941194932 2.9857738337281066 0.007835206329437593 -0.02895875587408998 4.976626724107357
5.816327266410181 4.046704003316261 0.0062483792151492796 -0.029342081677748946 4.922204334767513
6.06485823769853 0.2967487343827491 0.006641652943553321 -0.029255571198959517 4.9356269824158545
5.67865656993108 6.929865284482036 0.006240389797121678 -0.029343781882708635 4.921932057340088
0.11371183766221787 4.459952882440657 0.0063334871835294985 -0.029323828878508814 4.925105778139562
0.7099814746708224 6.7827117222978215 0.006611286819452317 -0.02926244840390045 4.934589144102752
1.8571064456114805 6.681921986344627 0.008004182529701975 -0.02891250701740016 4.982466434928101
1.2796421887138962 5.837066480272511 0.009112513905865038 -0.02858254870223116 5.021015632133804
4.350003893777728 4.731637035168565 0.0067266505812773785 -0.02923614495718272 4.938533294060683
1.125324840984679 2.797155342957472 0.006860435636479171 -0.02920504105249172 4.943111737129165
0.47122647916742655 3.3595329454985285 0.007018854061651151 -0.02916737368467108 4.948539576184613
5.2489548338777725 2.0317112777807425 0.005744429497596038 -0.029444889705127923 4.905059808978553
6.480289756021066 5.57319980490558 0.008112119368670598 -0.02888240847554856 4.986201597876551
3.5909705211756964 3.4726083510244616 0.006578913321957198 -0.029269743755321362 4.933482966698497
6.656929909159849 3.7703226175032087 0.007932706646455602 -0.028932199454263396 4.979995133706989
0.542937993693779 5.730299132118522 0.006994959296996015 -0.029173113382588583 4.947720427613177
4.641762932352376 0.5403946432901617 0.007822631612876463 -0.028962155214162254 4.976192521118236
5.685908193654949 5.612486859282196 0.0069388707244644205 -0.02918650498208325 4.945798257563615
6.240482716872336 3.606640045407006 0.008238554154729096 -0.028846598160608052 4.99058187709037
5.455024353168309 5.20097755499285 0.008126511238200431 -0.028878362403283918 4.986699924647923
3.6416147152955585 3.203835806940012 0.008043818089205398 -0.028901504987591423 4.983837574965584
5.68906020762406 5.357829837536938 0.006939761196424973 -0.029186293264760327 4.945828767389672
1.2360610440140827 2.7390590284080933 0.007657552101033739 -0.029006238911998806 4.970497035911653
5.234157980993165 5.796286033644451 0.008437346780674733 -0.028789080904096914 4.9974800985000165
0.9384293103965395 3.0323209090162737 0.008004449820355928 -0.028912433018917726 4.982475679750621
5.538108277936982 0.04219583884497646 0.007364646718011636 -0.029081987186553818 4.960412276219051
1.3382414086872043 3.260674616219935 0.008197114650567862 -0.028858401054206825 4.989145623815903
0.33349396783053076 5.024830416651933 0.006940689809927935 -0.029186072448384733 4.945860584277391
1.3975589817383296 5.6697959162793 0.00926764989307283 -0.02853262458063448 5.026448010143921
2.1356779231977825 3.860173739976508 0.008092368346639914 -0.028887948603912677 4.985517820858037
0.49824235731245425 5.57436344913367 0.008330946803800785 -0.02882005075207609 4.993786244667008
0.9583216054590047 1.7491094024514984 0.006708063776099187 -0.029240415188156715 4.9378975930377065
1.1650871196955328 2.1343891713540524 0.006217138841579505 -0.02934871691615365 4.921139760034581
0.7734448406296063 5.91931520367272 0.006949920639520371 -0.02918387573822861 4.946176871332709
0.6830087188955859 4.554256321011623 0.006784522956470058 -0.029222769346061824 4.940513226701472
1.5422569164807163 0.12629717213586172 0.007543416663539384 -0.029036130338601186 4.966564209190219
3.232743978384807 1.700651141864421 0.006811132535688342 -0.02921657874531663 4.941423900014859
4.764312518020393 5.975127513350814 0.009297613905882868 -0.028522874603677896 5.027498356227424
1.2715117157376252 5.512158084452879 0.00805715605608509 -0.02889778947061334 4.9842991019363865
0.2999420124945878 2.0363147492569746 0.008458538272256727 -0.02878286174612886 4.9982162727421695
1.7747543777266104 5.51079663117295 0.009011627381246655 -0.028614516804265026 5.017487953953068
3.986021310290664 3.2085864501626147 0.006219531215931409 -0.029348210021295246 4.921221276205032
5.160865064906313 3.904968172628987 0.00700278475857152 -0.029171235928995506 4.94798867849337
1.2925020841279435 1.7938542047219268 0.007564732816821493 -0.02903058417273245 4.967298404417345
6.930824972104682 3.9846656728979277 0.008224780534122733 -0.028850528334252664 4.990104431464167
6.9960708187539336 4.368682895975793 0.007467422087849369 -0.029055767196236607 4.963947853534291
4.432097382387308 4.685442022062825 0.00911496299438861 -0.028581767783167754 5.021101318053716
4.593671136133024 2.358139399842274 0.007868086513169389 -0.028949839630320613 4.977762313044093
1.7606415715371875 6.62327559944602 0.008419767032124745 -0.0287942272534747 4.996869513642483
1.6003984754292546 0.10690995648052971 0.007763198368552348 -0.02897814264390501 4.974140987878813
1.34330673234533 3.738369970013864 0.006757020460384182 -0.029229140844334606 4.939572196922745
4.741136081442844 3.5107026860858133 0.005976041383635822 -0.029398757276134512 4.912931880199409
0.3833327402815016 6.8985431678307485 0.006072646045091844 -0.029378954542512745 4.9162189960629386
6.284257156496 0.9211143042970732 0.007388191234021188 -0.029076014690626577 4.961221950346887
2.419490442212529 6.672077074228492 0.007857401612159103 -0.028952741492045953 4.977393248291473
0.08361557878966949 2.709766062400717 0.007733044147082647 -0.028986204101594103 4.973100547661936
4.287903830292982 2.4393713179536785 0.008952358427053789 -0.028633115069680404 5.015417337891697
5.181834576737939 1.129377429894792 0.006382109117582059 -0.029313285097567553 4.926764179094584
6.830670121824082 3.718234748919208 0.006280452087805858 -0.029335233450115496 4.923297529621182
4.420816586753341 1.712250144203278 0.0073142532900312635 -0.02909470224644457 4.958679849851456
0.6659070977797081 3.707078882322552 0.007831452847075832 -0.02895977117147212 4.976497111613809
1.1830635742434348 0.44857240802267806 0.006827675822626227 -0.029212717142729556 4.941990166859064
6.642081156399619 3.1840683245340022 0.007178423080325805 -0.02912851252775956 4.95401401462359
0.7099604080334497 3.3868757337531705 0.005948066687736626 -0.02940442998390273 4.911980411576967
5.513240134583548 2.723108206069791 0.007222225634942866 -0.029117682889920588 4.955518062949686
6.4367189862879535 1.6609392199745465 0.006832483768652656 -0.029211592999203208 4.9421547540319
4.733510611197899 4.67542441174259 0.007382288679202829 -0.029077513887141616 4.96101895132198
3.955649692567517 5.85799278942868 0.007670132427641514 -0.02900291482838306 4.970930771817088
1.2731045700263883 3.7780477803583783 0.007321636592896104 -0.029092845127308614 4.958933625896622
1.7053979890233162 3.5424817156592048 0.007664191454237469 -0.029004485331630924 4.970725936800628
6.630287084030616 2.938534842290556 0.006119378639766147 -0.029369256120357793 4.917809941022449
4.256580143791738 3.536729077675229 0.005651346216202888 -0.029462896767707844 4.9018995067674505
4.030839059816841 6.472406475274371 0.007594411630591459 -0.029022834320326766 4.968320870000071
0.05858142916620476 2.4115016535241405 0.007174873352343646 -0.029129387092381963 4.953892152077879
5.3527390977804705 2.2148726645394365 0.007687302986017466 -0.028998368450676097 4.971522846919694
4.5019236135278335 5.435536760513357 0.008875250986543612 -0.02865710941330016 5.0127255211063115
3.4944058440368773 1.3857982334592835 0.00881967801363643 -0.028674261624944734 5.010786863282668
6.5833935321006765 2.9336901188388245 0.006080942403182349 -0.029377238459208158 4.916501395504138
4.260985791841782 0.7150107644900903 0.008997764972215692 -0.028618878830324018 5.017003537167861
5.4770847811973615 5.224082377087601 0.00863138998212176 -0.02873150025627844 5.004226986707797
6.999240276707526 4.5083915940681125 0.005970145629958686 -0.02939995512168488 4.912731339969294
4.067810438303616 1.2042837632218588 0.009716749417521327 -0.02838282545408577 5.042228969580176
1.0944317434841786 3.052622114828504 0.007809298653551584 -0.028965753132615717 4.97573219173746
5.882560757183633 1.4002511372650772 0.005947577147887628 -0.029404529006088923 4.911963763098321
3.954831615621801 4.6929800464612486 0.007572760982754437 -0.02902849102344233 4.9675749560453095
4.219809381232111 2.805456658642422 0.007351407938783911 -0.029085336534370457 4.959957079790807
0.9246247206509082 4.52774674402052 0.006731027291042977 -0.029235137619091765 4.938682998652906
6.709827783067076 3.6565086014187647 0.00807736984834912 -0.028892145928140756 4.984998662899734
1.6737430718483028 2.890412358203653 0.005749084696030697 -0.029443981136352222 4.9052179101055895
0.44641991223610256 1.9782587415809225 0.00663079957178147 -0.02925803303434567 4.935256013244169
3.0707686554409204 3.29075779894414 0.009198205594940098 -0.02855508735467662 5.024015113062388
1.4783571324561433 0.9571761557343721 0.007780386688346483 -0.028973532456015798 4.974734182786828
0.5447637588632828 3.732520627596318 0.007649733414608162 -0.029008301892482904 4.9702274936117465
5.1764831631796655 4.316979650386594 0.0076361726197906 -0.029011874598528792 4.969760042618289
4.046691435584144 6.347427052305652 0.010161700272605507 -0.028226580514999138 5.057948678515712
0.8937511183313233 2.531572457522464 0.0065396783306750925 -0.029278534924604725 4.93214270576193
4.139916281271392 3.9269572832603648 0.007570621230038813 -0.02902904914376779 4.967501244595995
2.086884095102742 2.6923283699791156 0.007227595947458013 -0.029116350334825424 4.955702501917847
1.5104442068829158 1.7196191318338332 0.008393584527935387 -0.028801870404062367 4.9959603373805255
0.6038215810854679 0.7396603078666081 0.009310883839687551 -0.02851854558219695 5.027963629831133
2.2240870802818558 3.033432981672414 0.007145288907665557 -0.02913665812041579 4.9528766569630935
5.577731982829283 4.7208541805968025 0.007359590537450933 -0.02908326713285601 4.960238420517493
4.75148866831465 4.078572773394317 0.007251451577659895 -0.0291104182384392 4.956521906100894
1.8891240055079621 5.376998174686166 0.0066431912109215984 -0.029255221936179767 4.9356795630521955
0.4843424241188936 4.2912690698916185 0.008046225146606785 -0.028900834951435445 4.983920860777284
0.4938165173639034 0.8545256477387646 0.008497173841262192 -0.028771479571119894 4.999558849594507
2.11886375661958 2.5293717579464383 0.006086203938611029 -0.02937614885613217 4.91668050127676
2.9595104773961247 1.729076830447619 0.006641190657438255 -0.02925567614415286 4.935611180800403
1.9184764272294972 1.5786517874231858 0.008329482006727633 -0.028820474137314266 4.993735419416001
4.501059287282253 0.9706758680181798 0.008091353906086807 -0.028888232759489697 4.985482704637857
3.810798447850105 5.840712595580984 0.009465383281864073 -0.02846763986226129 5.033385963767884
3.9565525057895354 3.276246795788836 0.008637854255413442 -0.028729557495064832 5.004451983375711
0.7931094176007603 2.5656833134402666 0.005964432695204275 -0.029401114649352637 4.912537025996481
5.659843564470656 0.8113228036060656 0.006450551754506219 -0.02929829998587694 4.929099642492044
2.894282070471851 2.3234708630166785 0.006909268622789161 -0.029193526801298626 4.944784140296666
0.5929868915133093 3.760034743203157 0.006793274138543822 -0.029220736241213904 4.940812701619016
6.991024079462563 1.576962715461211 0.00636929841800242 -0.02931607132039407 4.926327172783806
4.360635650805577 3.3866793808740696 0.005826780796251468 -0.029428704109294976 4.907857370316691
0.8432368359909238 5.672099348174206 0.006450695352470676 -0.02929826836981348 4.929104543733482
3.581355645608547 4.080882933209526 0.005803224041756125 -0.029433358468261547 4.907056965023157
4.731665899375786 0.7921037941139206 0.0072537940467614715 -0.02910983462555512 4.956602375318566
1.2875239911869327 5.297257119067502 0.009150144142788148 -0.02857052435931479 5.022332454816111
1.3335624470193004 4.44259215988565 0.0081026986717525 -0.028885052782274438 4.9858754385948565
4.128438706259021 2.4292750840153556 0.007242908933022779 -0.02911254489370414 4.956228460212321
5.240268390639023 0.5160787433504637 0.006579906634177258 -0.02926952047242165 4.93351690331294
3.1360733505503124 0.30153717691922716 0.009794311721524479 -0.028356153792459374 5.044962972084971
5.353683620609566 3.5521812056462565 0.007691106623085944 -0.02899735986106879 4.97165401647903
5.193311808822101 0.5486922008177557 0.007355878916677631 -0.029084206115401832 4.960110802088808
1.1483198463706645 3.2105581830825116 0.006569583526142215 -0.029271839236594627 4.933164225890367
5.268419172051368 4.2524880052478204 0.008359043859896711 -0.02881191395496528 4.9947612957176775
4.067771756990978 0.9883101115327133 0.00914687520844462 -0.02857157107897886 5.02221804058909
1.7918870937589566 3.2991122989119956 0.007673190904388509 -0.02900210580879963 4.971036227403882
4.900180567794684 1.5665540623959517 0.0058978385439763205 -0.02941454573011773 4.9102725228916775
5.510246150573426 0.9397733037273897 0.005771595020005937 -0.029439576948812336 4.905982480848618
1.1433256930019267 2.300215133777189 0.007256269695463972 -0.029109217614128536 4.956687421316595
5.03782826169776 5.339018552104196 0.0077593236208242 -0.028979180405030773 4.974007277503021
3.3884472561377 2.7797234255135868 0.006016525971548784 -0.02939049872379982 4.914309158439277
2.2112141826054463 3.3766207673078186 0.005705162309161765 -0.029452523203048666 4.903726399557753
2.931053944599051 2.539187307654161 0.0072605862226756 -0.029108141261562772 4.95683571135541
5.082391182710559 3.424907180548181 0.0073683985982027494 -0.02908103681263795 4.960541288774724
2.2145425915717825 1.0523783902081443 0.007645526448235582 -0.02900941097866915 4.970082470095409
2.5688906360952846 5.080109085077912 0.008801158511536107 -0.028679951339826495 5.010141069347074
6.593719695176612 3.208782648898259 0.008098709998291828 -0.028886171369074995 4.985737353466389
4.141019263070893 0.5955228157980338 0.00735163965138492 -0.029085277967318534 4.959965046445552
3.4581485286230063 5.684675704973689 0.009669102179819174 -0.0283990926445937 5.040550716075741
3.652126326896692 2.6722039225845107 0.007349262500640349 -0.029085878716254756 4.959883316912265
0.37477564095011257 3.021506124187147 0.008178276819049092 -0.028863745222527933 4.9884929165946685
2.3176129306353923 4.289838761242185 0.006296528862419692 -0.029331786926212244 4.923845598164916
6.224655001867856 5.806507469409991 0.007389124786648538 -0.029075777459723 4.961254057788214
0.8079380096390878 0.7170172576576093 0.006579204761555012 -0.029269678247386525 4.933492923735578
3.3799407902828724 6.540937805524449 0.009148641492969584 -0.028571005562162407 5.022279860850906
3.480983669507518 1.6993284613709683 0.009703453416449131 -0.028387373809403392 5.041760554777987
3.084137632160579 2.122021280914286 0.009020979137667874 -0.02861156995688564 5.017814789383105
1.1581086903520321 1.873848047270359 0.00657954045148412 -0.029269602789366377 4.933504392613336
0.8754735853186045 2.878247809276936 0.0061453095757063566 -0.02936384120340409 4.918692950277432
1.107812639263854 6.620436314409169 0.008684699274737962 -0.028715431365510878 5.006082935348013
1.444881375349382 1.8443343724641317 0.006264683625935129 -0.02933860492707416 4.922760034140156
0.14107932188319983 1.449340446250675 0.008599095874151351 -0.028741182128561676 5.003103179596955
0.4374468068102729 5.144745411039433 0.00642266609808826 -0.029304425607618853 4.928147957940486
2.292341053995328 2.3781936494007567 0.008131442079242662 -0.028876974386384764 4.986870673925976
6.953803539774314 1.8270970907164357 0.0085377435826946 -0.028759466867731693 5.000969211746317
1.0307568649903438 3.795742244831208 0.0060341877647115665 -0.029386877650070364 4.914910130912729
6.907283807488188 3.641476213016464 0.006919058988022539 -0.029191207969528503 4.945119514437871
0.5984349565960232 2.4591644158071926 0.006882975343472304 -0.02919973716356283 4.943883581713208
2.0006524380184683 0.016109904816036757 0.00814817344973676 -0.02887225778204754 4.987450123016386
4.030665922640847 3.870913853577854 0.006086996102102345 -0.02937598472312019 4.916707467565233
0.5325212272525243 4.31130143336291 0.008795744021059189 -0.028681612352097666 5.009952284728513
6.100088997756659 5.0972087646641695 0.006617414723546736 -0.029261063247540867 4.934798560930249
1.6450089757854005 2.9281667597093115 0.005360472969867162 -0.029517203958697093 4.892036149987916
2.284068904666311 1.002523922853899 0.01006638117004113 -0.028260714253879736 5.054573795279333
1.0189514933009893 2.8207590038223644 0.0070192743674224334 -0.02916727253883788 4.9485539863438746
1.9090411555618851 6.30074863343295 0.0078869770689806 -0.028944698870663244 4.978414898093734
1.001741712367183 3.309237150610019 0.00552032741713625 -0.02948772600943677 4.897454478804423
0.17586658516303513 6.9535511337636695 0.006164050000237249 -0.029359912935745826 4.919331207288396
0.7004649873895622 2.1290014269096638 0.007172955172279893 -0.029129859493249588 4.953826302271179
1.158765332303521 0.17404287187397302 0.008730211731040475 -0.028701627186123145 5.0076682637475685
5.676849841606367 3.242669843488102 0.0062656581605189336 -0.029338396817405042 4.92279325105836
3.5913949587162866 2.916872246535477 0.007495679954066486 -0.029048490184968405 4.964920514239819
1.8832158755102706 4.968172165496658 0.006978122301054039 -0.029177145322178664 4.947143326642301
3.1453737314260906 3.2747664129826086 0.009013870857598772 -0.0286138101650677 5.017566358354166
6.714179649252438 3.871395500657739 0.00782168518021333 -0.028962410827512806 4.97615984300849
6.2845859921199585 4.702750836761529 0.008355108458940896 -0.02881305542005801 4.994624709061151
2.04613508136808 6.558230558549531 0.007390462532932707 -0.029075437461013685 4.961300067017282
3.999720459727038 3.618708185682467 0.007082436342179575 -0.029151999853508748 4.95072006103824
3.5178836413457173 4.971011660472063 0.009159024515687765 -0.028567678763263746 5.022643293181435
3.702715562722159 2.6388290566159007 0.006101628686116201 -0.029372948905017418 4.91720560711629
0.9574436204403253 4.894335454274561 0.007434608004291979 -0.029064180769849984 4.962818668763173
1.372036180341089 4.217079004966583 0.006549626145818481 -0.029276311197792847 4.932482483447517
0.7642778006404782 2.297818879349275 0.007598730816265936 -0.02902170377462237 4.968469693155816
1.9103073131543957 5.319229653877188 0.006362346921652634 -0.02931758076050166 4.926090056517959
4.242687436943812 1.1093064566081947 0.006376001426199209 -0.029314614202017152 4.9265558246614995
6.945730415565246 6.117546610820031 0.008459490036113172 -0.028782582030264448 4.998249339936442
5.211182941997614 1.684155477752624 0.0064223345237234535 -0.029304498276977713 4.928136643132336
1.3746882084611045 5.186377533008795 0.008832574427014135 -0.028670291749322258 5.011236650137789
3.3249673945480596 1.2645448351759228 0.007658089742654191 -0.029006096971041357 4.9705155713356195
3.86425429592664 0.5617150392562954 0.008772504670787511 -0.028688728828601157 5.0091421327049295
1.5611682502337056 1.9999785325695763 0.0065030450686125564 -0.02928669330661271 4.930891681617018
6.578783610479772 1.594286159768586 0.008026477397579992 -0.0289063256154451 4.98323763233067
0.2371135118662524 0.8164105634135952 0.007031782054693126 -0.02916425965347476 4.9489828345708595
1.519644311367522 2.510188380020411 0.007036621960681582 -0.02916309228086853 4.949148791221276