300

5.257908068267835 0.22639413122722954 0.013272533543548992 0.026904272027604963 1.1125034544824801
3.702551755350296 6.3965665135246335 0.0037983133849272006 0.02975857549396279 1.4438451517469582
2.3595606888224894 4.955152941102152 0.021750377587957392 0.020662068501998553 0.7597436582321322
3.2348173917019567 0.885338885483419 0.009570401280204071 0.028432506385049284 1.246108039047106
5.971760515387094 0.5166157516424829 -0.011057822509682652 -0.027887713447759668 4.3348928180566535
1.069567171471762 0.6213188886406021 0.01817693344096955 0.023866275174030883 0.9199024290498055
0.7348003197188329 3.065302695787827 -0.013800191149233492 0.026637468427848348 2.0487987012539612
1.8095717284587856 1.321426129634591 0.029998833041714516 -2.646056222708778E-4 6.2743650054044355
6.728143462420207 3.8611880628634836 -0.021782126590774283 0.020628595715256135 2.383386824654514
0.877165419619204 3.2707843327445105 -0.029919310361199235 0.0021988332156478124 3.068232430045626
5.931704134304264 1.411809963005873 0.02984100633136733 0.003084532562852098 0.10299977549010475
6.960370185983265 4.9344188102130895 0.0286529001685609 0.008888830740343908 0.3008104458437886
6.89565231528508 3.7138213713836103 -0.00793846809137245 -0.028930619149307217 4.444583685539842
1.8186899853459448 5.078575850567602 -0.008060529164145335 -0.028896848783110635 4.440362131463177
4.455872073416682 4.714029584247966 -0.029995395322073053 -5.256039122361334E-4 3.1591136804366773
3.2799660052187964 1.5213840024305383 0.029838552361781213 0.00310818161522789 0.10379230987393073
0.0120961831158043 3.937035219212107 -0.021554278534735703 0.020866554024252103 2.372405022318979
6.701774730913936 3.5152304834032004 -0.0278769299092454 -0.011084979875264508 3.5200628152765643
3.0891584593541466 1.8916217619260365 0.029589356094562428 -0.004946716679695862 6.117538259784081
0.71549087201595 6.577691416486919 0.010677234210495278 0.028035632142226243 1.2069110248203385
5.1346753571198445 5.385958925737758 0.0035317072428759145 0.029791392111658994 1.4527991233958821
3.7491586925230163 6.277542727222417 -0.010026992068289728 0.028274713615922882 1.9115877111677508
0.9656167531572254 5.316923241476208 -0.02433706227984435 0.017541590566051226 2.517058179099638
6.574273485010099 3.8147057310219137 -0.024147896641463974 -0.01780109793785689 3.7768316805659365
6.235963122277158 2.205306958830789 -0.0064039224722376 0.029308527376338274 1.7859157315512517
5.184626151906473 2.8484243803074447 0.001122124718119651 -0.029979006589895284 4.749801864996207
1.0171654630300673 2.670255876339931 -0.016672888461016232 0.024940224344751023 2.1600767444740674
2.785976982036035 5.595234178238293 -0.013687959388283733 -0.02669531359217747 4.238595334254871
5.860698124676063 0.12216225117300265 -0.029643191641363746 -0.0046131539442535825 3.295977000926204
0.9849638985221977 2.020239106078474 -0.029923777526104686 -0.0021371800504851927 3.2128923837494727
5.71338071251289 4.97442729472524 0.026248294037862066 0.014526770463593576 0.5054779584934266
1.25436186019714 2.801843041241986 0.026266459752863257 -0.014493898442145048 5.778959264187323
6.27871604082133 5.3052437394419405 0.02316137049457461 0.019067011218674216 0.6887427633118615
2.405151053774446 2.5238213347445484 6.280288983483825E-4 -0.029993425608003485 4.73332480635561
6.1109974375087885 4.258956668898195 -0.008373975150270595 -0.028807577825680702 4.429498392863654
4.661877986840689 5.516293652240754 0.029962728313406194 -0.0014949622125681567 6.233332586216918
3.086270080762787 1.7398937141074609 0.017363105557021728 0.02446472083257279 0.9535765118043279
2.6407489648573432 5.973182541199497 -0.01904520722068629 -0.023179302878238568 4.024587247696337
5.581092836787079 6.347732793301939 0.00597375616321116 -0.02939922171253002 4.912854148941879
6.6605067550215935 4.66492289756757 0.02855895031826296 -0.009186204696118411 5.971979417900325
0.13206679924246734 2.278213362800424 -0.014231207084939471 -0.026409709292333543 4.218136676346921
6.07653547450778 3.7672075189937058 -0.0031037758816421994 -0.029839010963444084 4.608744321766347
4.962326667403624 4.624139322627295 0.029896967873709997 -0.00248421254291022 6.2002832943277
5.18946580205162 2.4569952956010446 0.013987086529687625 -0.026539808032671055 5.197420470412485
5.308909766718472 2.599531343999873 0.02837640559129879 0.009735481791781372 0.3305000535844818
1.5409904186630212 5.397468723471535 0.02982753444666323 0.003212193772660413 0.107278781256128
4.267442718808156 5.783479937837196 0.029875695860867194 -0.0027281489748477456 6.192121199401843
2.625872069525495 6.914953999424337 -0.006612360964601082 -0.029262205700763908 4.490152109225462
1.595230905059095 5.485979695901933 -0.02489615492356379 -0.01673862210643129 3.7335110481148153
2.2448644286553128 1.7270753966092331 0.004101279292185208 0.02971833622811837 1.433657558674173
4.663686948670984 5.029346537700736 0.0035492750877158374 -0.029789304227385367 4.830975899762545
3.8807134635644025 5.0798902472310346 0.006762021133603738 0.029227984367532024 1.3434420216790426
4.278551525596541 3.6399222125760193 -0.01190890159952316 -0.02753503337010643 4.3041829651433146
3.1321194636694107 0.5593029327954515 0.006835661888667967 -0.029210849466316656 4.942263551948525
4.697169981135213 4.568040138684895 0.02980274355261001 -0.003434599938473532 6.168447055936644
3.1483094949874224 6.118733667628371 0.019143999925680607 0.02309777623161028 0.8787249834562825
4.1995929424551965 3.5311600378290895 0.027743211895721515 0.011415524241536008 0.39035580110607493
2.465931183017318 2.1653199793812026 0.0075887021895620545 -0.029024327711045024 4.9681241526822495
3.3260342196799244 0.39026864438300235 0.026039305184757736 0.014898140336802068 0.5196826125362889
6.33502137260729 5.282440088350311 0.029849399888490207 -0.003002220227931451 6.182943505305619
0.7019431352573949 0.5358927407034503 0.008798133304016546 0.028680879525648354 1.2731497177382636
1.3804275236358603 3.3736439514109677 0.019180775927247488 0.023067245930728775 0.8771317428570184
4.945978051125334 4.429003149482546 -0.027792445826105277 0.011295129702796836 2.755572601984943
1.889415334987798 4.137545992680976 0.027615264355334013 0.011721654089121493 0.40141559710661906
3.0612374267742157 0.8870969282808389 -0.029849718249155416 0.0029990532582863678 3.04145694941847
5.567858165417168 3.8498616733398183 -0.02837369569676251 -0.00974337685340768 3.4723709467331894
2.02186685101569 6.1772057382911685 0.027551454984613144 0.011870860467162243 0.40682487342420803
6.011652018579341 3.156620887358657 -0.023217061624324718 0.018999159179613936 2.455775905132266
6.515319716923615 6.547811535709126 -0.008800834415694948 0.028680050794716513 1.86853711534483
6.720878174826401 4.624360663484139 -0.020012365027222104 0.022349614001526238 2.3010771006984614
4.185710074582719 6.580250415683805 -0.002053133971636247 -0.029929661556631626 4.643897644358986
2.7851122226547425 0.7078075399336594 0.02960628027652313 0.004844395544126999 0.1621900008989483
2.6064855243408553 3.9350561876991357 -0.027779226980288216 -0.011327601174901385 3.528781339024405
5.499623009629583 1.077839922150966 -0.029998912612482505 2.5542527016340357E-4 3.1330783750472064
5.0346958719588315 4.556876315902004 -0.029911992295774344 0.0022962397299794595 3.064976394360315
0.2994082253656206 3.467155502423663 0.012456086951162508 0.02729186504922445 1.1426305034660187
6.0913556606056725 3.5558736998539917 -0.006117865475420007 0.02936957136263081 1.7761657656570051
5.295306634891063 6.464265155269568 0.029571824720229626 0.005050463613968134 0.1691543076122638
3.709101849838751 1.7973927795762623 -0.023183676357676365 0.01903988315464457 2.4540205897495624
2.8474913093305387 5.760869200675244 -0.02058091920995525 -0.021827179489647644 3.9563696795367056
2.897211890817189 1.6646402049222468 -0.010403068995314974 0.02813851729353763 1.924920447121184
2.584986437789941 1.8534623637090761 -0.0097720620128744 -0.028363829149403243 4.380599534319115
2.0129540066036373 1.2951365994577617 -0.027004566304997927 0.013067264391561473 2.690915161845889
2.628495130395811 6.1288948119939475 0.028424666924016937 -0.00959365989905299 5.957678877544047
2.78068251205691 4.077484597302744 0.017131104114807585 -0.024627733793583656 5.320157252693647
4.55407434754422 2.891302502365848 -0.020039792180814222 -0.02232502473346395 3.9808803442790843
4.7759558399156825 2.102427741311809 -0.006608187000690531 0.029263148575707033 1.7928905601536334
6.088815980718332 5.801441743173868 -0.02892749929676096 0.007949829207970079 2.873394635415645
3.446907251584773 4.699179070324954 0.011733828472535231 0.02761009361405936 1.1689398313885049
4.390145507559281 5.559793383147414 0.0014361966232412306 0.02996560260130589 1.5229048007994235
4.331597261246845 6.6428698758426314 0.029486928132314027 0.005524587705860737 0.18520997705310904
1.2932472822560754 4.347311099831134 0.011884097215511981 -0.027545748008944326 5.119694340925335
3.6822983586558022 6.932754137472152 0.029993047030562634 -6.458558836597684E-4 6.261655114378865
3.9879247125427266 4.814583903751717 -0.017833134730199013 0.02412424725653776 2.207362694346847
1.1951200476536223 5.960453114952068 -0.006869611263457491 0.029202884122787903 1.8018332747000851
6.261517777254854 5.6422140444911415 0.02695846908894977 -0.01316210258203983 5.82899288740599
5.585370335733673 1.7039390378827242 -0.020592231469735378 -0.021816507582489913 3.9558512879760612
0.07524829970924152 2.01897207034693 0.029354925723193412 -0.006187756926851423 6.075435552711559
4.25789247991197 5.185733477062488 0.029933799950560953 -0.001991888681577623 6.216740136448979
2.382356400061564 0.3397977643651304 -0.018747945319596206 0.02342038740698861 2.24584012623189
5.413816503996402 2.356020245207946 0.029587869049084965 -0.004955603407679005 6.1172379169445925
5.818502290163581 5.607596382623507 0.029369345182232352 -0.006118951181933496 6.077778901121716
4.819559475491768 2.554671166489758 0.025723528087319793 0.01543697194208986 0.5405011075779512
4.180822272896239 2.479421340031887 -0.00566263586186735 0.02946072903198245 1.7606900490646418
6.776934172086221 2.935298879234223 0.02289590473963649 0.01938498249040972 0.702550189759291
4.739617363753888 5.130571473034347 0.02331536789347706 0.01887839029133096 0.6806260193951825
1.0385888925596896 4.639379596289346 0.028929172670299826 0.007943737697833284 0.2679874457403324
2.7511519997346254 2.1741561943276912 0.004815712452676354 0.029610959349084552 1.4095750670729714
3.692083600863478 5.306820916341688 -0.027172528780885875 0.012714310034442634 2.703944629860392
3.0835980661162115 2.8417499019635466 0.012394022091784512 -0.027320106449067096 5.138281864980355
1.3489950831468123 2.7565218868178873 -0.010477939104386217 -0.02811072379226074 4.355602777391653
5.061841566351386 4.646441413643259 0.026364246275159334 -0.01431525474250274 5.785747811294777
3.679122731420377 0.9165756089807211 0.0036583952463103706 -0.029776100218493584 4.834639772694857
1.0604942826555828 2.1550771768960626 -0.003795562224252846 0.029758926516287927 1.6976550530477925
4.394804355908485 4.109302963734826 -0.029963698688588742 0.0014753850004203257 3.092393307521334
2.8303116266662744 5.18598572019546 -0.01768810651019972 0.024230783893300484 2.201364237446313
4.281639164549769 0.08571867146987387 0.023774058628930464 -0.01829738058597943 5.62723490043217
1.4732019785683497 1.20810940407788 -0.021192842815026765 0.021233544532592016 2.3552351413619776
0.9763422744254724 1.2515992896086232 0.004391188901508084 0.029676884270948528 1.423895584407186
3.4311938224623977 3.2959429845342636 -0.029717386152444576 -0.004108157770399675 3.2789628811059193
5.7705246596655 2.284451341450073 0.006174111699353789 -0.02935779870364777 4.919673921564451
5.930811326022985 6.3685957042483 0.02924916873366444 0.006669792229869426 0.2241999508981669
1.0706622194712774 5.779371084084613 -0.009998914319610492 0.028284655070003738 1.910594851911183
1.3297082360646497 0.9164881013646808 0.015589390819186219 0.025631443460848485 1.0243593409576168
6.830329635735576 4.260708240446681 -0.009093428072745869 -0.028588626512754987 4.404430001893589
5.781362781435894 5.3294828052226375 -0.023473909672783556 -0.01868088768431518 3.8137765065620837
4.270271435807323 6.90453865151075 -0.028224418373362432 0.010167704140335763 2.7958202446892244
1.8127805287993357 0.3261491445251654 0.023308818028644387 0.01888647669915017 0.6809728954887033
3.8941234548156642 0.982472213312259 -0.0023487023413860746 -0.029907918638908453 4.6340187032325355
3.725898858895386 1.507275697139436 -0.02124475640013298 0.021181603468552822 2.3576830196144436
2.140823097939153 2.464933207066514 -0.004633345470088322 -0.029640042337264163 4.557323444668398
0.9568869555684172 2.132888928484534 -0.02239392623379994 -0.019962767038542696 3.869656438488739
3.1355028621274714 6.564292064703428 0.020233771261380262 0.0221493679490441 0.8305645653657778
2.469441383860569 2.9064520712268083 -0.027358185204161358 -0.012309740140831834 3.564402710187207
6.445037051535714 0.3383848119513335 0.02286163995678736 0.019425380780984023 0.7043159435970847
6.7030949533183355 1.2240831443853817 0.007420547798043672 0.029067773743046595 1.320850372572333
0.9045046386145663 3.15765922747618 0.02682564462501158 0.013430740502764072 0.4641818262455666
1.3842652207475317 4.933968728357891 -0.009192047926244104 -0.028557070138962637 4.400978481958694
2.486702516197799 4.472818334492111 0.003928555727113541 0.029741661855030282 1.4394672823476666
4.376363065233691 5.944532658670053 0.0036447487455028176 0.029777773700902416 1.4490038254294013
5.485691695027776 1.6916596615132213 -0.027148901224162133 -0.012764684184134279 3.5810953462867534
3.157205362684405 1.5330506296450195 0.027187011842198686 -0.012683311361476083 5.846677788658695
3.580865839159303 6.35817533798386 -0.028507255728381583 0.009345393027404218 2.8248077034474868
1.8570931626022518 3.783598335219004 -0.011928700458303246 0.027526461911696457 1.9797214964226701
2.8450579783871692 5.25389479967017 -0.02907612793326006 -0.007387745556575023 3.3904102955717628
3.8526105409085116 5.681157579203191 -0.025961228283948368 -0.01503378282365151 3.6664922194977994
5.174629350134142 3.9381903614528557 -0.021126471195819452 -0.021299582503237262 3.9310711009549877
3.6052321729619523 4.548871119787127 -0.027394853612735803 0.012227918691943293 2.7217713402566837
4.908782943099773 6.628945361065067 -0.015489877697350631 0.025691704671374365 2.113355413448291
1.7800452386440841 0.8355498247387594 -0.009841078323399541 -0.028339957258837135 4.378165260320286
4.22765777253305 2.9417408144756436 0.0012373150796029166 -0.029974473329714854 4.753644518329962
1.0006476282051588 2.4644243658669907 -0.02053270219531866 0.021872543074785703 2.32460888616993
0.1894063257460282 5.610030315662008 -0.01787017572779444 0.02409682177088394 2.208898993357098
6.38162736330427 6.635237762282303 -0.0010719245783375243 0.029980843512122136 1.606534753315961
0.7770383830088599 3.293627027594483 0.023279406398042927 0.018922717504490677 0.6825286876862573
6.219142236068129 5.880917741720734 -0.028535992909150206 -0.009257273285850921 3.4552880296435733
6.211722374502964 0.9210179762624652 -0.027008503440987895 -0.013059124851158477 3.591968753823099
2.2733373932487577 6.354901188103251 0.02206950259481586 -0.02032085271875705 5.539014894955846
2.521783194626362 0.4136195061627313 -0.028968911775947414 0.0077975733736448585 2.8786542181950825
3.629800223936926 3.6742625580707804 -0.006231335379926924 0.029345705978607344 1.7800308504657845
1.1274929450549724 0.9879165073981371 -0.016472202361004572 0.02507322375320165 2.1520515020422106
2.147482845559684 6.603380814579696 -0.010430111639062923 0.02812850460292342 1.9258816723914864
2.832007468024885 4.390566626458463 -0.024715080047927503 0.017004846903884076 2.538941922237487
3.365395090159285 0.6763600033403692 -0.0063670610136864186 -0.02931655733622204 4.498527107412697
1.8811154037012106 5.482704331703651 0.020563858857060302 0.02184325316675386 0.8155583487316572
2.060772092512778 5.323366004502711 -0.007393378854879423 0.029074696027787148 1.8198077166175004
1.4930097412727972 1.1908658419971812 -0.020150305382631514 -0.022225327736316764 3.975919082739791
2.9871640438520908 6.303119717997086 0.029010944193807627 0.007639706603252472 0.25749287580733005
3.575717212642722 4.437659997281956 -0.027990406260183308 0.01079523771808157 2.7734949055292235
4.20021875109015 5.2709108347350435 0.02893333919472642 -0.00792854860885066 6.015722867635638
3.788503033322947 4.301190142719924 -0.029299325578715767 -0.006445891763938637 3.3581442652061817
2.068473221267271 4.269526422708234 0.017860324875899187 -0.024104124031529058 5.350082905931788
3.8403184531445316 0.23176662023805758 0.020678441284229684 -0.02173481230778553 5.472885666555608
3.0479235728105243 6.758828675192111 0.009585435602310826 -0.028427441395840605 5.037606087533241
0.7472654705177304 0.8219702512842326 0.02893674278062345 -0.007916117561534607 6.0161524867652645
2.8422035920022912 4.921930920946169 -0.017090213375766692 -0.024656127164880644 4.106280104432374
4.51303447172696 1.1066788889275423 -0.01815767260626126 0.02388093225826474 2.220883440868257
0.6412842289638216 1.2375603619567879 -0.023385529135213738 -0.018791408331098262 3.818493611361492
1.7075776897313524 3.3089846226638584 0.020316660728098155 0.022073361702725624 0.8268158429191692
3.165090243410011 4.144727365521968 0.021044344831123295 0.02138072848685877 0.7933268852715782
0.9647210188652318 1.9845552710016803 -0.018988882009950563 -0.023225467918045826 4.027014807712629
4.117855758993915 1.2271197313887923 -0.004545868529798623 -0.0296535845946116 4.560274078028168
5.776001506048978 5.0115350870843836 0.029969849881972113 0.0013446553655327368 0.0448368669335929
2.7508305763526 1.4446540427359935 -0.016040106638811932 0.02535182397807979 2.134913783150998
0.7747955456062828 5.420273065817687 -0.014816144458912252 -0.026086047293000212 4.195852468790056
0.28640847600297104 2.5084928454895286 -0.021111583276871022 0.021314339106426446 2.3514154712675546
6.600802383791588 4.0488173547681425 -0.012884563770522345 -0.02709221320681171 4.2684660469734155
0.0017626726176698032 3.103986741088503 -0.006668657409758098 0.02924942748758133 1.794957479493295
4.278856416410076 2.939563626456668 0.02998954297478553 7.920304056611407E-4 0.0264040814616191
6.793636095353952 2.8901164956855876 -0.018768132641834943 0.023404213234768 2.24670237900976
1.634184213703462 2.2889361100011363 0.009460576547695557 0.028469237632665765 1.2499681877308344
2.588493363059014 4.607281892906378 -0.0032801437470840558 0.02982013844700365 1.6803534851186677
4.342503136809791 4.304309068167117 -0.027963486568908392 0.01086477882473822 2.7710092493099445
5.973300532098042 4.445580425408867 -0.001260117236006624 -0.029973523392346102 4.6703727112540285
6.801113196404407 2.4599464622908305 -0.001153039119172716 -0.029977833490591965 4.673944874038606
4.577446705797771 0.24422174093173096 -0.02312443593658264 0.019111788577076853 2.450915070604844
0.46238347458606105 1.268014258716173 0.02186042962075174 0.020545598477439392 0.7544023332208085
3.4447733783711043 4.574045800832959 -0.005636090147068086 0.0294658189747735 1.7597890727169183
1.5949782020478023 5.173997703796265 0.015383686799518563 -0.025755430115886598 5.250819916949038
4.446063961994163 4.914090847085236 0.007487933800252311 -0.02905048790301187 4.964653860538732
4.738318373461447 0.7389330291491328 0.024101628954912923 0.017863691715871693 0.6378336117778256
1.6455111692629483 4.477020572396467 -0.015825033167575192 0.02548663032346852 2.1264527789319376
3.4874672684675336 4.329317328210228 -0.007281778823959802 0.029102846890964644 1.815971188347849
1.4318889325305295 5.067189921700103 0.009059018429363906 -0.028599548686936392 5.019144575864902
3.6322260750963413 1.3540784675495083 -0.006411830067208478 -0.02930679844659326 4.496999762407581
2.010652489277938 4.066403308796937 0.01042168529336643 0.028131627675021396 1.2160105306409514
5.031157169591063 2.2371092391667755 0.0030683368693569983 0.029842675966745082 1.4683392689278996
2.8451642870097507 4.438292099060504 0.028103935577289324 0.010496132862515184 0.35743349883002207
5.075464102590553 6.844264837678287 -0.029984743743073326 9.566308913186273E-4 3.10969955070284
5.392102914024902 1.9862368662671352 -0.00731427107331674 -0.029094697775815474 4.466097499697135
5.949155785725726 0.2909300980262238 0.021249250544717404 -0.021177094968097655 5.4994878678529595
1.3088482367604852 1.3519042648826936 9.03944781987479E-4 0.029986378304675567 1.5406602727667167
0.9226281916003073 3.412242317334633 0.01819674433249444 0.02385117388511164 0.9190720874964634
6.452435590935227 1.8525353369950004 0.002638603589066441 0.02988373756911551 1.4827290787135459
1.708070673985125 1.2862009683199656 -0.010826039918429144 -0.02797850710249885 4.34319054283822
2.5731571078501534 2.1697032041342985 -0.0024328819096928155 0.029901188699004752 1.6519815435596874
4.854612811042281 0.600701344051288 0.021074265342556568 0.021351237441223844 0.7919265047417448
0.4570596655702133 4.474758435527659 -0.026073435701266624 -0.014838327086700671 3.6589797344453787
1.223357318450888 0.7907900558622707 -0.02966924021024323 0.004442542666861655 2.992961258931701
2.878147973837062 5.071954607141651 -0.027976265511984476 0.010831831239589543 2.772187215965613
2.1814599298311506 4.311560511868333 -0.029597888786704024 0.00489540390263154 2.9776795191112164
3.511094030612115 3.51737952119357 0.016671315419933615 -0.02494127587291965 5.301606326942293
3.462566703111148 0.9409416960474561 0.017070046210668266 0.024670093683763137 0.9655051564615285
1.7456943511277494 2.756873609012914 0.0185064244935771 -0.02361169736515208 5.377162399327048
5.500609684988065 3.3718675633750586 -0.0027343997445924365 0.029875124402030072 1.6620696624859768
6.28225424748681 3.5128573449038814 -0.029237959684079818 0.006718758331129587 2.915718279920519
3.819517805055115 0.7546546379455789 -0.02746424917499475 0.012071247543390043 2.72748308961655
6.109696967519414 3.0299173792236385 -0.004909506357226066 0.029595552830254022 1.7351859483282035
1.4214550395059835 6.156633309470763 8.132587154579488E-4 -0.029988974811782605 4.739500925584654
5.403321959553341 4.605292055090776 0.0035219021311676214 0.029792552850980678 1.4531282426452348
2.194432004267083 0.3761559157779927 -0.025040926891945935 0.016521258438515478 2.55837970548948
1.5424013396925262 5.942305056310644 -0.02438170642014998 0.017479484890625844 2.51960773621862
0.5056183527722689 0.7499257678121122 -0.029980273175776936 -0.0010877593050807462 3.177859246604405
3.8977015031785185 4.9199677775485515 0.02998273573764818 -0.0010176235484473904 6.249258013873927
4.62854964338067 4.691367630690839 0.01084156230653783 -0.027972495897818236 5.082142274390494
0.7782224320797956 3.64935924356438 -0.015152833919771909 0.02589192198736528 2.100287740500541
2.0369653578911264 0.8979369651063769 -0.009658689177333847 -0.02840263585260449 4.384593888549174
4.14196717175127 4.822960799113908 -8.367499944461843E-4 0.029988328553735604 1.598691610907044
3.065815629833108 1.6082172758643472 -0.0012463860740240871 -0.029974097513594613 4.670830816564461
0.02544596590888814 5.37858344682909 -0.01868566131595515 0.023470109952563434 2.24318355526258
4.0749845358484125 1.3117861553514907 -0.0074943639784477096 -0.029048829727865894 4.459902748984838
2.583580400150243 4.487205624758097 -0.00724827434811567 -0.029111209507240478 4.468365197255668
2.6393359093789246 0.2759100384326329 0.02352301782599398 0.01861901265797866 0.6695507025142167
1.6872173071957801 0.43282610745127087 0.014571407648910524 0.026223540552893918 1.063616991747837
1.6346884119354288 5.12249626906324 -0.012724409715220243 0.027167800746457353 2.008816070046397
2.9357264132786387 4.742478154906812 -0.01701132613428689 0.024710620857293888 2.1737092387636445
5.552913944369062 4.337446755134642 -0.007107758532012037 0.029145836214639818 1.8099961253957264
1.3250256533092737 3.348820358401997 0.029888868908135215 0.0025798285587046305 0.08610062775533206
5.8626228530607625 5.597495883257112 -0.028022306544851265 -0.010712158321570204 3.5067239559480443
4.103376736133959 5.980499165225352 -0.00958519982388662 0.028427520896767693 1.8960051399119442
3.95638439597266 1.0931195204960646 0.013844591594820899 -0.02661441871566265 5.19205891772951
4.170831217351385 4.528542151575587 0.008157104610012874 -0.028869735786482473 4.987759470153641
0.6207533221705188 6.683309897508607 0.01398106454910133 0.026542980881465856 1.0859917269016872
4.100742641959952 6.213669720480105 0.019015045757294482 0.023204052121299786 0.8842951235374525
6.778401343914972 4.095608461202589 0.02999581027447305 -5.013641170016338E-4 6.2664723919108685
2.186051985368772 5.72513361565351 -0.022870123107071295 0.019415392580821113 2.437713526740409
0.8933772200664392 5.122606291967883 0.02982073036027172 0.003274758125414514 0.1093765566067737
1.62694194523449 6.641382729575367 -0.004163022577719034 0.02970974996558203 1.710013010166556
6.917852064197964 2.7645247262766426 -0.028368802224622063 0.00975761550483919 2.8103124914186224
2.0666261788213243 4.455941342008426 -0.02904495412068676 -0.007509370155159569 3.3945955039937443
2.165755962995596 4.306804332668674 0.018986777744325754 0.02322718818298022 0.8855127524136539
5.3234359460887335 2.8336405537027543 0.022062518211230873 -0.020328435507414384 5.538671253833404
1.6899741798219272 0.47595629926725624 -0.025019006893785212 -0.01655443427147929 3.7261310460364316
4.461043441828308 4.294848223120678 -0.01357659096821944 0.026752124732096746 2.040422579224421
5.297105004315497 1.763078314639915 0.02221803586664722 -0.020158345225448883 5.546353607813221
2.4527313209390362 5.0410426606532805 -0.02390460063423159 -0.018126501827928482 3.790375156328932
3.081973079048189 1.3557674020029524 0.012205119303125041 -0.02740501893443032 5.131378197348118
4.987177299528885 0.1832248848409175 -0.027592617060280968 -0.011774866613456468 3.5449359648738814
2.6253093102111746 0.03643863076524808 0.02983024915822555 -0.0031868848674189523 6.176754995383563
4.109798849893436 3.7236747276170816 0.009820541521898388 -0.02834708034730684 5.045888132665349
6.7937988508534835 2.5751516194687967 -0.02428456553881893 -0.01761419531488191 3.769113646554246
5.6480463779488925 6.419840286059267 0.013005669713635695 -0.027034284812064463 5.160786828872748
6.29714705086877 1.2293793277192733 -0.02482512365510715 -0.016843789226555862 3.7377413079270925
0.24195628992041845 5.782722190196011 0.022396582607631096 0.019959786759871867 0.7279307085511426
5.594392709068438 3.015146911527664 -0.019704945835158735 0.022621120874825373 2.2874053470832187
1.6301143052226406 4.6113576479335014 0.021537157635961132 0.02088422469146894 0.7700077787431022
5.8310084814656555 4.256360562019871 -0.02084160944479883 -0.021578399286102577 3.9443579931217405
3.256288119555425 5.367814070457669 0.014864250429660945 -0.026058665721105607 5.23077058630703
6.664471085527561 2.8593749443865084 -0.012294626311694033 -0.027364980611281287 4.290131297851469
6.966563288241147 6.071923550217687 0.025350439378831233 0.016042294826495447 0.5642037715435222
5.992887608309197 5.310462551502846 -0.02970338942492616 -0.004208165475736984 3.28232896342098
4.261347386504072 3.914037029023928 -0.029599114368325755 0.004887988196668644 2.9779300623998584
6.066888411464192 5.51924234100025 0.019001740622193296 -0.023214948919325434 5.398316921209141
3.936160647206807 1.1524193443741515 -0.00863778661708645 0.02872957783117744 1.862856975475272
6.661204141265786 6.0192032197386665 0.01818718379022849 0.023858464866383378 0.9194728678162547
2.5605861019030995 4.278007476293666 -0.01663878702700081 -0.024962987927532022 4.124475265454883
3.8798456802307055 0.9803232273409811 0.01848230777840869 0.023630579747102556 0.9070438879808316
3.8618369959640395 1.8369432159152876 -0.029955234883029744 -0.0016382622203169799 3.196228572341269
2.4391328584474237 4.427825546957344 0.022519764273136043 0.0198207017303219 0.7217376588188693
3.2088185677209076 1.2920673347818439 0.018070374486334986 -0.023947057562957782 5.3588255951037205
6.797956969776079 6.341369346798472 -0.028728970929865524 -0.008639804934773784 3.4337235552692444
6.7480585170025895 5.80865332655344 0.022350970729991638 0.020010849742753477 0.7302129768276591
3.237910619982395 1.0285844217109512 -0.009180664385923373 -0.028560731808429527 4.40137708063658
6.707391238939977 6.963949107689562 -0.029045678631427735 0.00750656731401392 2.8886863020880122
6.424978576231696 6.418557062213251 -0.009577489732507511 -0.028430119423310786 4.387451374137587
1.2193219468788785 3.6230082412069353 -0.009111187946639593 0.028582971402585304 1.8793765883695575
0.43953488896235166 2.872666228935904 -0.018048906043266862 0.023963242490141538 2.2163367483526475
0.5266100006735481 0.9165909722220382 -0.028444579233922927 -0.009534459198354174 3.4650170904677826
1.4585138963123423 5.134283305422181 0.029256048786303456 -0.0066395488862898006 6.060019224444559
1.8446655893193014 6.788760456430103 -0.021947650700032708 -0.020452399095200385 3.891740098627913