300

5.425015247127795 0.15500093489504943 -0.029557318369984698 0.0051346792280886405 2.96958981637691
3.769074368040753 6.299867532684043 0.01840977659453794 0.023687129959942446 0.9101095954088706
2.4025195995526896 5.038463730284434 -0.006067075477377361 -0.029380105431257495 4.5087485718138485
3.2830313091427494 0.9329511126853302 0.01880771713771973 0.023372414853145226 0.8931977846313706
5.945822805702918 0.6472450881393256 0.02868971742252409 -0.008769271019629722 5.986544867955139
1.1453589481721733 0.5755572432408209 1.348191718910398E-4 0.02999969706165198 1.566302339271839
0.6400882586091501 3.1813624582874347 0.028866094893891674 -0.00816997953344076 6.007368823196549
1.7909135811236407 1.3288909235355628 -0.02810297801813957 0.010498696419649633 2.7840679361900724
6.759489905331261 3.7914097562612694 -0.02505616800615758 0.016498134586892095 2.5593028668036513
0.9099490103719275 3.317628554540137 -0.025709207081509554 0.015460810820912947 2.600164553619244
5.88248715244528 1.5304564458995042 -0.010024581505870957 0.02827556835206235 1.911502457395942
0.08092305800274864 4.878820489847234 -0.02520893648567103 0.016263748684156556 2.5686287880898395
6.811789812834871 3.730412912618863 -0.006535659545494095 -0.029279432274301218 4.492772513364148
1.7830343565056743 5.2149681294140136 -0.010944993124602252 0.027932187982727192 1.9442498724744963
4.355541243897873 4.778604081192897 0.02999875932822119 2.7283468889066284E-4 0.009094615001502993
3.1754810883173987 1.6426875178724398 0.01931021472743407 -0.02295899839235998 5.411678114439613
0.15269478611844278 3.993604896407775 0.02539547747483259 -0.015970902411112233 5.721795254362947
6.714925371648613 3.59150974433479 -0.02382703563440702 0.018228339827770872 2.488543050316084
2.9148469347005093 1.8895166439769886 -0.029252622936473807 -0.006654626310807135 3.365274127419495
0.6976108975086117 6.350467119322343 0.011119182223763622 0.027863305379562185 1.191098960234324
5.018730647693483 5.480792797408118 -0.02977298282915439 -0.00368367933659782 3.264692630722767
3.864474134024181 6.1835090321116715 -0.008675430484767495 0.02871823298714541 1.8641675167041538
1.1488687275188851 5.212126327488886 -0.023599884452021876 -0.018521486275437406 3.807004127042066
6.513974257398693 3.7198738112151735 0.003870810013191927 0.02974923242441346 1.4414086112345572
6.2683517737490515 2.29540691968488 -0.02943359226970727 0.005802038098860469 2.9469649612674935
5.096729363094418 2.892196039416083 0.025106265253980284 -0.016421797861281277 5.703939099491251
1.0346842627811286 2.5590722404003063 -0.029213652535672686 -0.006823672436817648 3.3710567996892706
2.730486980767024 5.611588129370722 -0.029775659240131487 -0.0036619826345263154 3.263963925571568
5.824447403815725 0.0509019559947804 -0.010219965940027461 -0.02820553662288095 4.364764300478303
1.0166679134483076 1.9450550793697738 0.02815576810276985 0.010356289033386808 0.3524621416429814
5.594203152689362 5.085955561450629 -0.025247308791032725 -0.016204116724161232 3.7121928104188355
1.3101168340857252 2.8406364605990735 -0.029250533393017426 0.006663804935918552 2.9175973975434735
6.1085468591335905 5.449049246395893 -0.02477383913241564 0.016919128069767413 2.542406081480189
2.2949784651011704 2.758237844698007 -0.029923648763743208 -0.0021389821561035556 3.2129526070783454
6.048265984149354 4.4164577288924 0.02460355031533167 -0.01716581812442806 5.674006793212481
4.754738189906759 5.687487230751047 0.005552125071469069 0.029481755497099634 1.384652384053163
3.11674224920432 1.803572399680921 -0.02737069493674269 -0.012281899636447453 3.5633853130867648
2.6284491206668466 6.098606609287993 0.011728033120691818 0.027612555823754447 1.1691497217824334
5.567052204657213 6.419262554122034 0.025122215211704258 0.016397387074068088 0.578274217890316
6.723156517652139 4.603182100075259 -0.02961071096649967 -0.004817239464508274 3.3028654826721717
0.25519758676050197 2.456388580803856 -0.029722302170438378 -0.004072438297771248 3.277761008440145
5.997356229102181 3.7858456431346004 0.02999235689887164 6.771466980696037E-4 0.02257347364979223
4.87429959396414 4.810058545745102 0.029899126954057716 0.002458090190603129 0.08202829858273364
5.248231493815683 2.4051748796083903 0.004151006878305357 -0.029711431165399312 4.851201238969725
5.200830965629373 2.619869273290234 -0.022805183164003727 -0.01949162950746399 3.8488099892907615
1.239841434696608 5.32614585292296 0.029999998904859354 8.106074107354727E-6 2.702024735330433E-4
4.235181140771345 5.812391743858651 0.01798947472957245 0.02400789034784344 0.9277336988505998
2.712302379311937 0.06583960470049695 0.02628537733149767 -0.014459562183579014 5.780266021689437
1.5937307111318224 5.5626718467256175 0.016501465924133388 0.025053974182845013 0.9883735794107258
2.2455084572097967 1.6475767634102871 -0.02945483693547123 -0.005693204818448019 3.3325240966498075
4.712929454428211 5.154497368960241 0.025428925490714665 -0.015917592418066305 5.723893064485043
3.8093536307497993 5.136321755730456 0.028259388294896458 0.010070102938811947 0.34231651206423774
4.279052997636607 3.584963774073343 0.02843996136959504 0.009548224824329486 0.3239084216499699
3.07895969407671 0.54251600535944 0.002889761997016442 -0.02986049690813265 4.808863966237304
4.530666532899685 4.5939200716576005 -0.029100704713019246 0.007290335054416861 2.8961237814426544
2.9529692479819594 6.036607180567402 0.0213472912280683 0.0210782626709138 0.779057056998717
4.156931825806559 3.570380048065654 -0.028829934188079862 -0.00829667974017221 3.4218011210448953
2.4506776713407405 2.2099708808554186 0.0178418902779083 0.024117772519681027 0.9338669749544042
3.291281438547362 0.4438314876056201 -0.02331962994339743 0.018873125318902586 2.46119242909759
6.2531049356525 5.416514706683847 0.00411163290365941 0.029716905539869814 1.4333091589348435
0.8344128704607726 0.5706315392199846 0.005065255202504656 0.029569294711465466 1.401141805849837
1.1003804785841718 3.2738290823057543 -0.029480452622052962 -0.005559038873662488 3.3279711127237133
4.854270737465602 4.489887625714789 -0.013124209022406335 -0.02697693714149529 4.259601706360315
1.9114800598097401 4.233701969455461 0.02813500299372753 0.010412569641685136 0.3544617798944607
2.8931698839905784 0.8958887387830657 -0.022952941812671147 -0.019317413443422814 3.8411953756088755
5.504863976354605 4.0505111419373865 -0.012496927503311534 0.027273188353710603 2.0004590988840354
2.0917746029819395 6.265854778358236 0.029740736248814188 0.003935556806662775 0.13156444448959803
5.950300025960514 3.180950014358221 -0.01796738771687503 0.024024424626439826 2.2129392817585143
6.63374974640435 6.538767004943427 0.020721744523999993 -0.021693531383388837 5.474879904499697
6.797366866812303 4.585288475294794 -0.02349975492874292 -0.018648365029916774 3.8123917881468783
4.185882926833203 6.451064761737922 -0.02998330074478378 0.0010008378729086597 3.108225199689403
2.671003809736203 0.7379772035477324 -0.029041088059707773 0.00752430756337741 2.8880754831417192
2.6085998239112445 4.037174804051542 -0.029835699947103837 -0.003135443934499227 3.2462986679952377
5.47254394939286 1.1703582791142697 0.02197470547981598 0.02042332781589096 0.7488236874990128
5.051590953172581 4.641933033550388 0.026273172037703855 -0.014481727489399052 5.779422569776399
0.3516100263555178 3.6160239996817887 -0.014541322889660986 0.02624023491927276 2.076828784565924
5.92691642438431 3.5858385845567122 0.015105511021387854 -0.025919558961964035 5.240053660541807
5.299969146582365 6.358144040784005 0.027005845137232375 0.01306462125068394 0.4505796165081913
3.74183885158545 1.8232337724811989 0.028316861750567107 0.009907337715010506 0.3365626922326911
2.941407972157188 5.845907177151745 -6.820037023921823E-4 -0.02999224684730911 4.68965356503624
2.75077737854134 1.682585575375392 0.029671343515813468 0.004428473096519168 0.14815719743267203
2.665615027341475 2.0118149049570433 0.01721141932991661 -0.024571671588432337 5.323422135394661
2.063730216279041 1.3847240119837563 -0.01675285959061733 -0.024886576613448883 4.119898601022424
2.514907472743006 6.127274885131959 0.007690011707625531 -0.028997650248538797 4.971616257525002
2.795798295874409 4.0522569822706 0.0025560597280372336 0.029890910970840387 1.485490912051823
4.480312531039938 2.951680079127234 -0.009492186754164687 0.02845871379075415 1.8927349995223013
4.883430001241675 2.059732558184118 0.028109946003287617 -0.010480025557805403 5.92632488047396
6.158626116512899 5.7221459796871095 0.011271296254142183 0.027802120076558193 1.185633677233128
3.5247722374497408 4.565740883025172 -0.02754538870165634 0.011884930007141945 2.7342570598145612
4.3261866089847905 5.564455801520069 -0.007121254058492855 0.02914254176688092 1.8104591860162826
4.398611425624351 6.650460453362675 -0.007783640287160836 0.028972658557337928 1.8332538264422564
1.3807351774267713 4.287083952238283 -0.028168443568913407 0.010321762780888777 2.7903564944203803
3.672050800326301 0.026882783578100686 -0.029937601693930546 0.0019339092056161297 3.077084282608135
3.9259250388852234 5.024140104462957 -0.02988875515211756 -0.0025811461517639563 3.227737364497637
1.1641439158122322 5.874680973281726 0.02472265980497201 0.01699382511877833 0.6022048458827869
5.977270649766461 5.565287875969233 -0.02314794540090865 0.019083307462715995 2.452146090489315
5.561706471743893 1.7795122540645394 -0.011391333708446486 0.02775315326846322 1.9602803399384316
0.17381467950723284 2.108911894237625 0.023605314828156372 -0.01851456485752827 5.618067081842566
4.2491972426863045 5.155141635969478 0.028782487511162077 0.008459811621413273 0.28587153248362446
2.2052228147433306 0.3278100226815509 -0.005116676402690879 -0.02956044016232076 4.5409951928140195
5.427902499481022 2.480578785794992 0.029677584529108906 -0.004386453751904328 6.13644411973995
5.627922410431919 5.517120854505389 -0.023098126824487947 -0.019143576917594846 3.833645683266036
4.849227943720224 2.5190613796401 0.010394964438013642 -0.028141512296471057 5.066225092431509
4.094982054318059 2.5613944278801677 -0.029907003868465933 0.002360321929645121 3.0628338584014765
6.769302019136925 2.999398724218358 -0.020933134809418653 0.021489622310564352 2.3430775778705217
4.635900635696834 5.174165721086069 0.029242958946130257 0.006696965885753059 0.22512908974151602
1.037685492995548 4.5380190210362175 -0.028522249010975928 0.009299532856863434 2.8264159993941256
2.7720003361150147 2.000678706784644 -0.023261928903817092 0.018944198681225842 2.4581408649623846
3.6267980984738526 5.56737881671848 -0.02188127525395426 -0.020523396240892708 3.8949798350370894
3.129807987669508 2.835695484770836 0.027244766144436532 0.012558770550295315 0.4319314933215126
1.4464089451168476 2.8052128143708956 -0.02955685723483599 -0.005137333004538769 3.313685275576673
4.855418260926841 4.669835974874862 0.02624746507321405 0.014528268211676451 0.505535020172611
3.724520735403186 1.1535175358441299 -0.01728692788269147 -0.024518607716969253 4.098279513962598
0.9794988618494628 2.0179292175462256 0.014549062195508415 0.026235944603372446 1.0644689044947542
4.228021659104919 4.019625526220132 0.02999901713274629 -2.428395956070479E-4 6.2750905655918645
2.7310078138705505 5.155195390900938 -0.022810331685619425 -0.01948560413207726 3.8485458083263877
4.2179015557985435 6.980074229976183 0.0064480742337177195 -0.029298845347154306 4.929015081349247
1.4768354611920196 1.083496697045022 0.02249497654582681 -0.019848829441624555 5.560197937393591
1.0836449967139485 1.266121479144395 -0.023916428400218404 0.01811089320208218 2.4934629442182237
3.3471364507644705 3.1321600325817798 -0.016443523173201573 0.0250920414803655 2.150908113901232
5.862157831190721 2.5641331616198015 0.010669124962468345 0.028038719167166583 1.2072002568054099
5.7905181575324605 6.356069409035902 5.194531211874917E-4 -0.02999550247045194 4.729704949756076
0.8855836712389741 5.728463225120946 0.016416915440086353 -0.025109458127029628 5.291440730208005
1.342735184838697 0.9162512023973464 -0.028738721663341342 -0.00860731532807965 3.432592846804486
6.824678076669068 4.4590069510765264 -0.029982721978922645 -0.001018028847640884 3.1755334646508038
5.662367892419719 5.353403042400156 -0.021315648093427862 0.021110261636397235 2.3610355143186457
4.325097568878649 6.730984854444233 0.0200178417105115 -0.02234470884242858 5.442914827170603
1.7418362072087423 0.22697179841735562 -0.019727180829417833 -0.02260173304247817 3.994796608072277
3.906238784676126 1.1347439517144697 -0.029803869333264347 -0.0034248171871948192 3.2560026610115465
3.7417226001837687 1.5219151670461561 0.007528412177821312 -0.029040024278241084 4.9660474915981805
2.057550843742505 2.515207914036376 -0.029817523626255935 -0.0033038288087716035 3.251944110671057
1.1407757565170389 2.041060549584376 -0.027846383500338082 -0.011161492998344758 3.5228089935029945
3.2235840533160953 6.535575520418153 0.02648487090556106 0.014090834365493238 0.48894467556675414
2.3392357882624695 3.0451167793039997 -0.029827949519700723 -0.0032083371783815603 3.248742139296977
6.565211039798195 0.37541477133969386 0.00600015325782987 -0.029393845629358425 4.913752115115049
6.781646173530484 1.2182088671670726 0.028812038431369244 -0.008358614803261465 6.000827883453907
0.9626624080855011 3.1715145885147793 -0.0071938362572554326 -0.02912470978231023 4.470234767639992
1.4466944652495959 5.001638619009307 -0.0038451123381730173 0.029752564781995342 1.6993202811033852
2.5407961426148096 4.476534323549684 0.02999880723910522 -2.675149173564807E-4 6.274268025087553
4.562732367022321 5.855707700374204 0.012717601582920754 0.02717098838794959 1.1330271644772858
5.506918414154209 1.7811614791066872 0.026580348780001577 -0.013909890680140827 5.801060276764714
3.0908353804813116 1.5949256753425414 -0.005048015527461335 -0.0295722427156702 4.543317456612345
3.5850506508078226 6.2384097545880115 0.01688209501712445 -0.024799090060580484 5.310081469075912
1.8050449391361068 3.7683549071439533 0.02999470457288172 5.636466850326069E-4 0.018789328375419245
2.8880486104919325 5.364859358338758 0.02375216521880631 -0.018325791863341892 5.6260392963349855
3.8628228372273306 5.606726294749558 -0.029278322357999927 -0.006540629931515876 3.3613788807400065
5.223389651484178 3.9412281895104817 0.029529974179821304 0.00528967153413962 0.17724903970006045
3.6353612252466614 4.544881326401227 0.01561154996054454 0.02561795284228273 1.0234945838453042
4.914664215178409 6.5695886227092615 0.008953713872766264 -0.028632691244181586 5.015464676637084
1.872872896101788 0.9936465122689748 -0.016831624058536443 0.02483337334218002 2.166455028011918
4.132546736145344 2.9186853854108046 -0.0021366982368197247 0.029923811933722136 1.6420799555987884
1.0046334489159459 2.411872166044045 -0.029952078916237326 -0.001694983361420241 3.198122201701582
0.1943076830211403 5.448473513066581 0.025977617999137104 -0.015005444448296355 5.759376961988678
6.461898152477707 6.524380212744306 0.0010853420717421894 -0.029980360781473366 4.748574946055069
0.7365847568850347 3.2700558556579553 0.02870707707570058 0.008712274431501006 0.294654385128843
6.3399302510271465 5.812918998961729 0.02656141426334065 0.013946012775385078 0.4834844918859411
6.370552665267213 0.9294594162821336 -0.002938447951166535 -0.02985574523669247 4.614283418272942
2.2905816701212487 6.524099221120829 0.023570355153668447 0.01855905056650084 0.6670041845954247
2.4431913683795465 0.4473826089815712 -0.019209550840122592 -0.023043288752275477 4.017476312496466
3.5942007847499973 3.4268812008068643 0.027685207129210975 -0.011555488142553118 5.887779259070346
1.176853902382531 0.912810772004775 0.019573895575075616 0.02273461264275323 0.8599660641289446
2.0981521941554844 6.513074075856405 -0.029880070360766172 -0.0026798125374105503 3.231038961782625
2.9166276260826023 4.2914639982396094 -0.01874384861924081 0.02342366621472788 2.245665218211417
3.414687960954077 0.40364469522814284 0.02095625429395828 0.021467077257208422 0.7974386670314549
1.9379071191091366 5.461359100570406 0.016656378689831837 0.02495125345430397 0.9821777363980632
2.0734551935763363 5.287768599303863 0.007480973216667893 -0.029052281145058083 4.964414264950943
1.6802272265303875 1.2920498349185325 0.024129161765996204 0.017826484579702945 0.6362907331216094
2.8899579821367025 6.322056979206673 0.02152698598620141 -0.02089470924300905 5.512690601241324
3.560504243171538 4.319754527095758 0.019895527281013025 0.02245368553735592 0.8457311277511121
4.2653593451686636 5.369672665872868 -0.009805885671345249 -0.02835215346672111 4.379406796297104
3.6789215577036707 4.2946834060063335 -0.02461814549660635 0.017144880061053806 2.533264905195306
1.9892309152450487 4.411563590535475 -0.01918468440307341 -0.02306399541177703 4.01855494616961
3.7251754304296343 0.3535295515746542 0.029879198406329806 0.0026895171676675194 0.089771098986691
3.1318498274571924 6.930761364306158 0.020290630476079534 -0.02209729202601967 5.455190842401427
0.7471185830355598 0.761760993664281 -0.016774576439171848 0.02487194373760082 2.164159595745615
2.90361643961227 4.8908951158914356 0.029916200317231367 0.0022407495574663754 0.0747612756781485
4.542145066415026 1.2751701079117412 -0.026163050301993042 -0.014679741104507997 3.6529079058401646
0.7405204482139519 1.2881011919686316 0.018822592318570072 -0.02336043703377372 5.390624127409565
1.5575328084141584 3.2262481573973405 -0.008598037872536931 -0.02874149865164342 4.42171159231623
3.1348788425782605 3.927355958988354 0.026266804326953237 -0.014493273972762349 5.77898303843374
0.8849110421628218 1.98099882779913 -0.026094101380315756 -0.014801955044986567 3.657585302664418
4.21630114154981 1.276434873893005 0.020132556366713822 0.022241406748249776 0.8351247344530892
5.487433659948469 5.012932182144579 0.02826924985602168 0.010042385801084238 0.3413358715813548
2.7430141026558124 1.437272926377686 0.015107497852721493 -0.025918400965916386 5.240130316001837
0.7963051504885685 5.268717387527415 -0.007782749150577228 0.028972897950657082 1.8332230687228646
0.35505288663204415 2.554011272508811 0.028115397066623582 -0.010465392863437763 5.9268453821992795
6.8577841422661505 4.144596353093793 0.01015771180012227 -0.02822801606534998 5.057807380101829
0.17083502201194148 3.262538538639 -0.029445971065361874 -0.00573888386516674 3.3340751462571525
4.210923887049804 2.8912656105996644 -0.026507755936141852 -0.014047735590832293 3.62891073437433
6.882333512140935 2.96446362645509 0.006987203639525122 0.02917497189886919 1.3357307205923075
1.6918508670812626 2.2789911012168194 -0.018103599167036594 0.023921950112799583 2.2186210912575546
2.6532032100295266 4.537676628931653 0.01913894177414282 0.0231019676167631 0.8789439522684985
4.3281645553446655 4.508151018667394 0.001765011384720046 -0.029948033905614048 4.771256687411289
6.025894647108669 4.730123897151302 0.0174679113288676 -0.024389999463034415 5.333899296290467
6.875321762025459 2.6869690181869417 -0.029246373118928845 -0.006682040061867041 3.366211365693711
4.594318727981367 0.1952203650729385 -0.029698226000589443 -0.004244451957310068 3.2835506970994204
0.4397471939566648 1.2527095847390615 -0.010510655700416802 0.028098507375789478 1.928746630120072
3.473815464515456 4.461883710103022 0.01686654895012254 -0.024809665989551734 5.3094547221977075
1.6620320948917113 5.06775469849997 0.0189760793738295 -0.023235929325037177 5.397212044542728
4.44207601335968 5.062557966719545 0.02980677197913288 0.0033994623374849634 0.11355932547562386
4.6112219463580155 0.7368936406142047 0.013954938759346959 -0.026556725781294574 5.196209552708325
1.6921409337696576 4.3091119825015936 -0.018027898371136143 -0.023979050863618158 4.067724932038006
3.555757017808829 4.108858370470351 -0.008540131062221732 0.02875875799543637 1.8594595746102285
1.4285620210562395 5.123187296673589 -0.026255464471703894 0.014513806715506944 2.6366085168032765
3.6893261857499198 1.5837162326054284 -0.014909866551461128 -0.026032592637261865 4.192255982325641
2.053841284303441 4.078506421330552 0.008158231712374203 0.028869417301483794 1.295386795845017
4.96267676318305 2.180029478969188 -0.019251180633138215 0.02300852112219045 2.267516948889024
2.8427192018746097 4.257439879441213 0.014332485679209172 -0.026354882930023877 5.210480164460205
5.336411063590061 6.720543204262646 0.012715450425625321 0.027171995150769932 1.13310633411996
5.4107257457236235 2.0727366688937496 -0.02289606746223605 0.019384790294577233 2.4390508581329637
5.896067004423003 0.2161624277446874 -0.005583135345410026 -0.029475898624381807 4.525193086999961
1.2365628760450758 1.2555341005354517 0.0022109834169894652 -0.029918414936787638 4.786155308977609
0.7322602366243881 3.317730432165227 -0.029762682903800564 0.003765993410485161 3.0157274761210577
6.48871054544671 1.9094518558491171 -0.025417297644830368 0.015936153250835052 2.581570333780385
1.7104749316196837 1.4502355868882528 0.007819203408956536 -0.028963080948845248 4.976074154611925
2.538675336161069 2.245986427057972 0.02826578257946641 0.010052140825233855 0.34168096819252014
4.878533363113273 0.552059593570767 -0.02586484623008536 0.01519900422705511 2.6103171139958343
0.4722393534746069 4.685764234228204 -0.013545344798732427 0.026767959098210163 2.0392549365863406
1.1963071438740678 0.7896121667049809 -0.004739398872227422 -0.029623269541526463 4.553744390931163
2.980945529498949 5.123194569318978 0.02914637954343451 0.007105530206118484 0.23912334496586363
2.238957669943913 4.167161823102038 -0.0017531086935256824 -0.029948733026769005 4.65391871354217
3.302807548304792 3.5267177703926595 -0.021816078471726088 -0.020592686083060883 3.898151184246465
3.4772252469509044 0.8772721079797805 -0.003683182361301064 -0.02977304431349607 4.5893056953912446
1.7454212176846418 2.855804012810226 0.008912741903019404 0.028645471400732123 1.2691512617243275
5.607800763462674 3.4666418606626137 -0.011440481453961822 0.027732929598251164 1.9620518736320212
6.420831927065186 3.576670481858082 -0.022502450192796578 -0.0198403562296827 3.864203414646986
3.9483292401372956 0.7195149593145677 -0.012697043735978351 -0.027180601177432644 4.275376294414006
6.263304337047801 3.150585489332533 0.0035936978835252806 -0.029783977832417645 4.8324672658931265
1.3182172687801048 6.2887744302617685 -0.020708462366006885 0.021706210780227775 2.3326751662791536
5.405257517436885 4.75520943395097 0.016337881059595258 0.025160954721204807 0.9948889440413982
2.105798386309521 0.5599242722661883 0.015622247298836977 -0.025611430833398997 5.26010834843025
1.5956787459436979 5.8682916601109865 3.0039124809645154E-5 -0.029999984960845907 4.713390284712331
0.6505084533023121 0.7993807343591692 -0.029293805192921386 -0.006470933264929574 3.3589990240878635
3.868944527019796 4.896700873695646 0.02847627473140704 -0.009439373783330594 5.9631018365715605
4.559145630505422 4.83176589773171 0.029784023234098043 0.0035933215818665467 0.12006565115267542
0.8613888844986342 3.5867432031258626 0.026178393253337415 0.01465236249461561 0.5102690981691822
2.0446227725763815 0.8917120764985146 -0.026155110843729897 0.014693882289994116 2.62973681715863
4.062064952728899 4.815934681349807 0.013304564923668851 0.026888446444372355 1.1113125358137856
2.948968784360939 1.5776814641470012 -0.0023970059959361194 -0.02990408604614838 4.63240352098599
0.08763547763089566 5.330250553731247 0.026234684132330068 -0.014551334937965964 5.776771255749551
4.14185757791332 1.4279909896095724 -0.02513498525201373 -0.01637780560334785 3.719087621161799
2.554108577680471 4.456390483989186 0.015401801451738747 0.025744601609681558 1.0316619090533066
2.656056425007531 0.15235906067110472 0.020542594594151326 -0.02186325244194799 5.466653910571644
1.5026688525797787 0.25966682825660936 -0.025476106568203916 0.0158419693891106 2.5852715502999724
1.5625690407541406 5.0466140015069945 -0.001696075808523648 0.029952017074843903 1.6273623481089001
2.9598439353060426 4.696396887305603 0.024474600365900722 0.017349176837229256 0.6166505909361569
5.536092798948359 4.259650527594128 0.006211881983784786 -0.02934983002028342 4.920960646306728
1.3161114916942946 3.421537831983161 -0.02814116066923249 0.010395916322693358 2.78772271640179
5.896331577729568 5.6517616656849805 -0.02752912329488534 -0.011922557217937823 3.550294658199272
4.081424131530157 6.008344322876303 0.00272033714527586 -0.029876408181306404 4.803191613536473
4.154432341693393 1.1990235051472804 0.008501576558757181 0.028770178936106575 1.2834734304530628
4.110325724875367 4.724194884780636 0.028516807028416417 -0.009316207216676751 5.9674239883524836
0.6887286847678584 6.552026166564932 0.021999965221730033 0.020396115567496396 0.7475860548124258
4.223370213676628 6.073909200325161 0.02744897496325861 0.012105939594529698 0.41537308645143
6.787127514230785 4.157734628332285 -0.009681437403583338 0.028394889853642635 1.8993924473636268
2.1392390209507344 5.8311416323557745 0.028983574994507478 -0.007742892259211724 6.022133972796517
0.8662780323751433 5.022657265065157 -0.007000083607316949 0.02917188422934954 1.8063034295385951
1.5303869047817682 6.702292278868848 0.019334348692138837 0.022938678267301914 0.8704555507294434
0.0035177493608715693 2.916388068589541 0.01511174447760865 -0.025915925197520236 5.240294169771799
2.1364355050057116 4.569458552131473 -0.005926446478378749 0.029408795149392163 1.7696525421123437
2.19955123793151 4.319265164681764 -0.008263139042105322 0.028839565412308744 1.8498415903201064
5.302624776796285 2.99277760699604 0.02942372277672213 -0.005851883283063951 6.086863851822133
1.6101006398619535 0.619007586799255 0.02112078532489529 -0.02130522065738085 5.493439947613485
4.342289020103815 4.328213861897794 -0.013952272047920171 0.02655812690497629 2.0545164860969507
5.209246331247209 1.7900658479437384 2.5129771038425315E-4 -0.029998947472549026 4.720765668694332
2.576071395493591 5.10162536858954 0.02986381850956732 0.0028552309937419184 0.09531863942368357
3.0696048048939875 1.5279814417149327 0.016077516460115102 -0.02532811608617443 5.277982753187146
5.1771282273685815 0.16823407203191795 0.029792718949476812 0.003520496782768745 0.11762091315064982
2.6114372228715976 0.035738802267311784 -0.006106111541455008 -0.02937201732675694 4.507419732735327
4.061276745003661 3.5763172616764165 -0.004748459513412363 0.029621818516922346 1.7297467860314288
6.915370106187633 2.5586073050045033 -0.021661556702329658 -0.02075516709717744 3.905625383662636
5.6972915452424004 6.555389482801305 -0.01814913895158779 0.02388741834765655 2.220526147619718
6.232962074491835 1.299445871019617 -0.0032933355475573967 -0.02981868442723781 4.602389432368351
0.3930587214603934 5.603347979722232 -0.023877008231608474 0.018162832320640445 2.491289461758213
5.504643985726665 3.1435052571354225 1.5267674964287775E-4 -0.029999611494319695 4.717478227341708
1.6109145715851396 4.4813224305206285 0.024464951872156547 0.01736278001626075 0.6172065085144376
5.776057075021393 4.395280317455727 -0.021329908753456205 0.021095852496859007 2.361711277050113
3.2606441038384233 5.429905497085381 -0.029140966687576948 0.007127696718683438 2.9017087143292954
6.739298954777062 2.815404823239835 0.027470145053912282 -0.012057824460366741 5.869564438237737
6.428771053603247E-5 6.144535145308296 -0.008157461220760455 0.028869635024222063 1.846179168993137
5.968188918628064 5.500994837073573 0.0030741002645168908 -0.029842082828845862 4.815039166120787
4.177367283264616 4.050658229629993 -0.026700352311079884 0.013678128032161823 2.6681672529287592
6.052677113568177 5.575550357122862 -0.022670420425854404 -0.019648206984735357 3.8556961808384678
3.951921706065593 1.302556304605695 -0.009879528493484504 -0.028326576156437046 4.376808192510888
6.756226889619586 5.95534703814749 0.02865366775043084 0.008886356083790448 0.3007240802964601
2.653146166833733 4.261381140022112 0.023799309636918897 0.018264524653164648 0.6545691327788665
3.7657796423981695 0.822833855302394 -0.027691459606178966 -0.011540496734515316 3.5364572676057464
3.825464259672252 1.8322005060049653 0.02247723528761075 0.019868917781937345 0.7238807365188185
2.4425837323850224 4.461944350543411 0.024695047858738682 0.01703392530377558 0.6038277530588427
3.118435057158078 1.1892901155230726 -0.023355035755405058 0.018829293796203593 2.463070600442066
6.8461913698587 6.377644909691476 -0.023270374172524914 0.01893382385760165 2.458586784152555
6.625987767688192 5.898008191265938 0.025142156297667646 -0.016366794942921814 5.706128338265047
3.112820444884182 1.1808966817532924 -0.023326463823504485 0.018864678250389972 2.4615546059805027
6.829218744280455 6.934455670012802 -0.006243362154944434 -0.029343149609443897 4.502744608038831
6.489782338156898 6.512038391140174 0.016602085502547822 0.02498741197015192 0.9843521303443603
1.2280226285825353 3.581205765941121 -0.024149520114688797 0.017798895421633362 2.5064448329915443
0.46074048014658925 2.8036120142848833 0.01943663942587155 -0.02285206878662533 5.417197495902512
0.6164244677397407 0.7512529559984313 0.027913557801999497 0.010992419698793941 0.37515203003588227
1.5058569138274873 4.980224570477662 0.01867821959281885 0.02347603273218109 0.8987261306816685
1.7879231870408845 6.852203206554179 -0.00272358985270561 -0.0298761118339425 4.6214774745886835