300

0.1946725651453574 3.1713799523137167 0.00788558625569558 -0.02894507780960322 4.978366847699882
4.84350485851964 6.620198869122753 0.0087034259250085 -0.028709761008547073 5.00673514560043
3.528710024152816 2.783571044165913 0.007279717326227116 -0.02910336261757786 4.957493007648681
4.872910668675441 2.433979887745805 0.008023960015042624 -0.028907024504037024 4.983150545782994
1.7855363601588405 5.340670797014974 0.008701790893181065 -0.02871025662113369 5.00667819571102
0.394529746560275 2.134362052179442 0.006799976587621563 -0.029219177237009918 4.9410420807761515
1.452327506084088 3.1519301669343562 0.0069021866452443036 -0.02919520199474926 4.944541560002278
1.1932060281670531 3.3342930732152967 0.005339751262920143 -0.029520959612623413 4.891334173339505
4.767013047620252 6.150627729099245 0.007891405649836362 -0.028943491787787642 4.978567902732392
1.9810899775879383 4.383238268753042 0.006141169597665958 -0.029364707319718058 4.9185519633762524
1.685417294335113 2.788340238803201 0.005051330336217617 -0.029571676682839738 4.881572597125729
2.710891260045785 6.278604654318103 0.009348924203267335 -0.028506097878200763 5.029297802414378
4.517409481743556 0.5060133307156245 0.007548277704921923 -0.02903486703412603 4.966731626372328
0.6282463418617183 4.600569792993172 0.006253582383509648 -0.029340973183803187 4.922381665970158
5.283985976415924 5.18111240438638 0.007634142391802339 -0.029012408895879128 4.969690064055344
5.199195629013873 4.855229347057626 0.005674099978745127 -0.02945852320519826 4.902671849369568
1.7930670784244276 2.3515316106220467 0.006054304212600152 -0.029382739839934807 4.915594717539701
3.3490507416004567 2.1448588611694426 0.008913563526932957 -0.02864521574803252 5.014062728089536
2.650834228129104 3.7965279768993976 0.0077696758014075 -0.02897640657398744 4.974364522801113
0.5911507800425652 2.969153576151484 0.006650953532646709 -0.02925345820764742 4.935944902200522
2.03700939853639 0.19808783514368034 0.008391253796764453 -0.028802549535037452 4.995879415424463
2.3593208032452813 0.2180064037101254 0.005923113674007275 -0.029409466578038914 4.911131870205258
4.3680782150448785 4.531201348262133 0.007692539286247046 -0.028996979831174587 4.971703423478693
3.9405984622208634 0.3563368174346635 0.007259165597251361 -0.029108495578296076 4.9567869065634795
1.99737078377881 6.944871361634627 0.009510418795858315 -0.02845262614113827 5.03496837044863
6.609011060017917 2.631228883333997 0.006467266078128921 -0.029294615025200157 4.92967016618646
5.338280038176858 5.0024816558919065 0.006857175573608347 -0.029205806668412857 4.9430001118747935
6.875860076474703 2.4308627167459234 0.007323104283384556 -0.0290924757223354 4.958984074720027
1.1747658404058845 4.057988845698143 0.0060329466310884445 -0.029387132472332825 4.914867896815707
1.3671736344084549 3.8940284731617667 0.007133711674005609 -0.02913949480948762 4.952479333772541
4.491202329219059 2.2344085191365655 0.007049662759747322 -0.02915994264352781 4.949595983273793
6.3740898031281 5.293401153989448 0.006208092116271365 -0.029350631888868925 4.92083152066155
1.4482183052110198 2.8507870505672575 0.00746337100526715 -0.029056808035944647 4.96380843164292
2.0998633245316918 4.218033938250745 0.006118566806863814 -0.02936942526216583 4.917782298832221
4.465633902629766 4.482909039598724 0.007263144279444662 -0.029107503073537076 4.956923593463275
1.9185998953502577 2.778806118767629 0.006237105020913454 -0.02934448024685556 4.9218201175386485
3.432148930125852 2.938783017778769 0.006758960187821214 -0.029228692361777796 4.939638560225315
5.108840141632071 2.083185044404252 0.007888975393388996 -0.028944154284457905 4.978483938135079
1.2253118426282983 6.694925017697237 0.00935872808741921 -0.02850288070679437 5.029641744168767
1.7639789802988424 5.550465767698879 0.009108671915728372 -0.02858377329765301 5.020881217674505
6.516926137054531 1.0298442137702517 0.007165130061080499 -0.02913178523894134 4.9535576826265295
4.490032322006075 5.3904173363721695 0.006412606581964065 -0.029306628547564988 4.927804694500836
1.9496705651082984 2.262747447998888 0.006273391381840303 -0.02933674420535196 4.923056845525857
0.2069554967324948 6.00818061913474 0.009264994550761822 -0.02853348692281323 5.0263549481763485
2.9903690571393637 2.598275771199058 0.005762383310654895 -0.029441381397296663 4.905669588207783
3.536918002860098 0.15654066201668387 0.008849206577084604 -0.028665162531478564 5.011816819940665
2.4810417093856465 2.403726729846588 0.006727427663168248 -0.02923596615535116 4.938559873634296
4.124829453160076 1.226375881424062 0.006563671758281502 -0.029273165408775625 4.932962269536399
4.522147867958775 4.103481480341231 0.005461867473382528 -0.02949861019951967 4.895472327398843
1.7306825529216805 6.809812684074388 0.009808962408105122 -0.028351089158555807 5.0454796851358
4.371995028159536 5.191334911370446 0.007175840120427589 -0.029129148950253623 4.953925340968281
0.4619689236176736 0.1846275195325919 0.0054796973426802465 -0.02949530330463857 4.896076792086665
4.160201903560687 1.750926273785805 0.006659342800798071 -0.029251549590773116 4.9362316902349
3.3880083627850284 4.907274529807137 0.008963217296489573 -0.028629717701994725 5.015796602024469
1.9555047025187202 5.801837388861904 0.009603153886629452 -0.028421460825047568 5.0382294340906135
4.898729724947941 2.6654999199172256 0.0071148094071717995 -0.029144115822917316 4.951830703189568
6.9548129049907885 2.6015999256491167 0.005831080557318872 -0.029427852445159122 4.908003480157683
1.6080712422944925 6.092400923889698 0.00926895072088821 -0.028532202027424135 5.026493601373842
0.1674471586429058 4.9051497223976765 0.008320648365226519 -0.028823025704846694 4.99342892721979
3.3204404230130278 5.7700967515237975 0.00724523465784062 -0.02911196617806542 4.956308348382228
1.1300238631665935 1.499053369872098 0.0053284368330335265 -0.029523003927723404 4.890950918928056
3.7261676425548877 1.1199457634953263 0.007485023486410428 -0.029051237898029134 4.964553680594012
2.702776558774526 2.3486815841676463 0.0072735993137537 -0.029104892252385363 4.957282796486551
1.8438091932184448 2.876133538195527 0.0057123445132471725 -0.029451131050640057 4.903970262324531
1.9228080124577855 5.902133618494518 0.009329241930725596 -0.028512545396684446 5.02860742219382
1.490399088452383 6.6242136066893496 0.009400022235029252 -0.02848928889918026 5.031090860448048
3.7371105788729992 3.9629125410590897 0.006876688888309728 -0.029201218295362222 4.943668295675885
5.152117113667565 6.783189618508029 0.008408423193007723 -0.0287975418986984 4.9964755740522495
6.815388514415548 4.739665082273433 0.005681692806550567 -0.02945705971158682 4.902929602153721
1.9646589077692032 4.489598293553055 0.007560205682319562 -0.029031763467640453 4.967142463961035
4.315137113445113 1.5969482691713386 0.007088667940702998 -0.02915048519024082 4.9509338288903315
5.310784148706049 2.313931924367254 0.006789980469408917 -0.02922150176197393 4.940699986252735
5.803109182284697 5.723591883437909 0.00858119422133289 -0.02874653206450759 5.002480380360941
0.8683566697374442 3.870923816770783 0.00784961844932259 -0.028954852619207962 4.977124435093167
5.8382751544053075 3.5316808124545442 0.004272026348454384 -0.029694272021353066 4.8552755717776845
1.36076299338396 3.604889955761109 0.006675842267567028 -0.029247788463720902 4.936795780936784
2.460948204422713 2.5709701458281207 0.007035924093757321 -0.02916326065697876 4.949124861491778
5.3130744065158995 4.961112122898655 0.005845168322771371 -0.02942505747281507 4.908482225055874
4.046986068868223 4.475945481481873 0.008730138035413563 -0.028701649602115648 5.007665696102269
2.071048067988802 0.43496822593442575 0.005998086897597261 -0.02939426735894045 4.91368181654186
0.9896946616516346 5.00827046680274 0.008494496120834444 -0.028772270255458268 4.999465782304528
1.3747844355099106 5.594515982641817 0.008618477049822524 -0.02873537633896035 5.003777582360565
4.663913406623815 6.985920898981094 0.007985684101988511 -0.02891762178020952 4.9818266844220185
1.5008937939604043 2.9453296652765433 0.006510487483799984 -0.0292850397425594 4.931145811544884
5.569285466965216 1.7623967841975265 0.007810831535795423 -0.028965339817088695 4.975785112618647
3.668546612172139 6.205144010598206 0.008502953524961417 -0.02876977200730562 4.999759737949253
2.564176667866293 1.8977823262635631 0.0060338240801318605 -0.029386952325309627 4.914897755180882
5.499492918959652 5.6342712155606565 0.009621725551797347 -0.028415178996548482 5.038882944381343
4.828839967736547 1.590223562255469 0.005568327310841026 -0.02947869961445623 4.899082519934435
1.5690155198073004 3.6713852188889984 0.007170208781135752 -0.029130535629042657 4.953732022404511
1.9990272957533717 3.5160194805557565 0.007256467505354745 -0.02910916830388204 4.956694216760599
5.328348926232698 4.565086189083037 0.00644293684558633 -0.029299975508586797 4.928839740342612
3.361749493152322 0.7163090385834628 0.0069480554879024735 -0.02918431984708618 4.946112961472259
1.0177903952324932 0.11701624258756953 0.007877336597775415 -0.02894732402356646 4.978081848024516
1.9262784498635923 6.846635049670031 0.00933195353130553 -0.028511658024210976 5.028702525690765
4.845551431423698 3.1211151416864564 0.0068658524191678415 -0.02920376808835132 4.943297215407282
0.38023028403194176 2.166491277492737 0.004933510351034879 -0.029591560885094112 4.877589724170323
4.408067707741701 5.0596360118079335 0.006458977987268093 -0.02929644352749982 4.929387253024954
0.7734348763407235 5.752986935582791 0.008011649835206055 -0.028910438718878734 4.982724716666172
4.163530599674513 2.2679323078156433 0.007622310542699555 -0.0290155196746612 4.969282265630334
6.343150818296128 2.1696266006967115 0.007294549377786367 -0.02909964861256982 4.9580026737613
6.008645361217931 3.2295515354111783 0.005072674315629663 -0.029568022850497647 4.882294412713354
6.2902074852312175 6.487911416852352 0.008727535705327435 -0.02870244102009853 5.007575029041573
5.887315958100099 6.11733380435286 0.008263176870315095 -0.02883955457370813 4.991435555587671
0.30314937002729875 3.641870267654163 0.006599482674350048 -0.029265112821087045 4.934185773632663
0.9347907874054728 5.973687531538273 0.008226491238884042 -0.028850040587433567 4.990163727405014
2.0815300905160523 5.8728035832847905 0.009270720945236484 -0.02853162689289823 5.026555645032012
1.494717151806676 5.025594709199812 0.00732916109173296 -0.02909095044324657 4.959192271752263
4.565005638085771 3.9200407999243327 0.005506438678806955 -0.02949032270214313 4.896983498893221
1.3094561774549052 1.9780024310805833 0.007151973496369068 -0.029135018021398826 4.953106085361821
0.6585312184173966 2.5412156149240714 0.006388853883558982 -0.029311815809576404 4.926994277323596
5.434778611760624 1.2131324300345954 0.0077034279739446225 -0.028994089008800523 4.972078953290004
6.698482988745243 4.762565061337911 0.007105250365986467 -0.029146447763606614 4.951502724164783
3.7859446750692727 2.6559543944510025 0.008519218114744364 -0.028764959981084824 5.000325121285112
6.853102957417657 2.954140009407168 0.008192405173765684 -0.02885973834720019 4.98898243502151
0.7493514523108469 4.916542869702315 0.007701764365894287 -0.02899453096106645 4.972021576237378
4.840050174437296 6.72455175885848 0.00675613468924549 -0.02922934559754586 4.9395418926438435
5.890266603569127 4.7983490004855724 0.004687798724874375 -0.02963147892217103 4.869291932732409
6.437625410132658 2.7905916571301463 0.006867224721714345 -0.029203445423810447 4.943344206265559
5.658606256364669 4.386725327947053 0.004412998543086949 -0.029673648981187205 4.860024666147029
3.834443118970719 2.3866861531640935 0.006149031833401906 -0.029363061957360815 4.918819715268952
5.899053079437774 4.54499016279788 0.005112926234881124 -0.02956108904145218 4.883655904937599
1.4178105722289787 1.9193207500262104 0.005575242627137347 -0.02947739251780168 4.899317112018629
5.444937289163771 4.983882747387227 0.00574103826725304 -0.029445551100530213 4.904944638153106
1.1215737556164054 2.212919934413159 0.007017576409446405 -0.029167681110050234 4.948495772258859
5.746598342240005 6.229592075891525 0.009409265400950616 -0.02848623745977123 5.031415321367708
1.52598729958548 2.4423327264673134 0.0072952717006879485 -0.029099467534873236 4.958027496231102
0.5281064366506167 4.207912696743527 0.006649932728833405 -0.029253690274937797 4.935910007188898
1.6061104429730801 4.856412620870796 0.0080678919847715 -0.028894793976113758 4.984670635026712
2.3266146708891737 3.042434287626291 0.006262794099157001 -0.029339008334835794 4.922695630471621
0.7071238154283951 4.7612276268111895 0.008852011365498395 -0.028664296516486974 5.01191466800894
1.146504596626655 0.9309188588702297 0.00550389060741021 -0.029490798364602843 4.8968970959443086
1.3556404207077184 1.316740535001576 0.006705308376842366 -0.02924104716954315 4.93780336149343
0.9819774351415961 5.106004491240287 0.007350978085790324 -0.029085445177652523 4.959942300790734
0.87190601457923 3.736138028372282 0.006582538991807635 -0.02926892858341986 4.933606839335198
1.7611929496444907 6.315814718203254 0.008200345563479918 -0.028857483130715247 4.9892575830435675
3.445806166365917 0.8884717349258638 0.007874356870173673 -0.028948134721966952 4.977978913263701
4.9911997083379305 5.166988172479853 0.006144014233230285 -0.029364112264835516 4.918648836958328
1.488617355586364 4.7010987770236365 0.0075718559389255724 -0.02902872711022923 4.967543778394782
0.49179504844504174 1.2188987791906014 0.0076147379436668616 -0.029017507922791716 4.969021290137475
1.9768228382037372 4.695902216233627 0.007016553875698245 -0.029167927106831297 4.9484607153260765
4.178023215807995 2.391271758429406 0.008026727501989095 -0.028906256167286898 4.983246284579071
5.3578793412917936 3.0889639442259162 0.005673100727111261 -0.029458715656661777 4.902637928851463
1.4886706622681025 0.9774727282177691 0.005916435912541346 -0.029410810701046494 4.910904813763291
0.12022127351639605 3.166569556829027 0.006444530696451364 -0.02929962498228426 4.928894138353906
0.18480891559972631 3.5507456410274174 0.005635743742274998 -0.029465885231423274 4.90136997016296
4.630296007132759 3.8695910605317985 0.007128762035179474 -0.029140706097241082 4.9523094771578675
4.791758989154522 1.542519524500323 0.007500357283354092 -0.029047282844046483 4.965081535568347
1.9873959200346563 5.814847674618772 0.008278436640194226 -0.028835177939355423 4.991964722134549
1.8218180606230545 6.2970233081734035 0.00906158604470373 -0.028598735257952066 5.019234355318446
1.5296542982669374 2.919729188516271 0.006188157286033626 -0.029354841328191657 4.9201523734413986
4.944185557857833 2.6958815669322793 0.008379246915404513 -0.028806044871357885 4.995462572024279
0.6092501324894057 6.08993425399804 0.00929162808478289 -0.028524825109614148 5.027288503030604
6.489038900416566 0.10694768233044147 0.007164649465670224 -0.029131903439941428 4.953541185373398
2.6562426530489613 5.86652647044103 0.007854205755805714 -0.028953608616983623 4.9772828681226615
0.2710368817635363 1.8914750865697323 0.005526229292346422 -0.02948662052199967 4.897654629396591
4.4927510569208895 1.625168751572871 0.007165784794947489 -0.02913162419557995 4.9535801575854554
5.3841933405661475 0.31455045302527074 0.007957185426777152 -0.028925476661308198 4.980841305917988
0.023348524990520366 2.9011549213401024 0.005358839342377169 -0.029517500586983828 4.891980805339302
4.625300951062309 0.897949849065899 0.009052526899937652 -0.028601604093580226 5.018917603886792
0.8665486149823118 2.8917659874087973 0.0060178865616194645 -0.029390220164733027 4.9143554521932895
1.4035783012044525 6.638426296538225 0.00940364563727879 -0.028488093104461862 5.031218047837753
6.8355820658776825 2.3672238983892857 0.0079168350204665 -0.028936546498480344 4.979446594929112
0.9030715100519492 2.569717940093746 0.006991398328183212 -0.02917396698114051 4.94759836601948
5.706883770872567 1.9063314686218404 0.006380755395609877 -0.029313579798131026 4.926717998150938
6.63118754948711 0.8442139389738834 0.006566283745924103 -0.029272579622711983 4.933051498485129
4.937845327222844 3.8611922956723457 0.006293521228628715 -0.029332432400753942 4.923743060917413
4.179304011547473 5.048799482770685 0.006874277529827442 -0.029201786048851694 4.943585719154078
1.4583773573244876 2.9590810386326325 0.0062135230835311615 -0.029349482634118535 4.921016561773937
1.8961579808103155 2.724966375848322 0.005669101193072472 -0.029459485597387886 4.902502163198489
6.817161322326057 2.1204651096566316 0.004588646296555889 -0.029646995213092064 4.865946626116598
4.456359731711521 2.721259387401097 0.006541057106916832 -0.029278226925892437 4.932189797718449
4.257474075290496 5.66390676643831 0.006806644534660953 -0.029217624649837126 4.9412702913145505
0.2429587415396896 1.5925193383589367 0.005533336825952266 -0.02948528757822383 4.897895677509172
5.541120583966044 1.3968536659910409 0.005430598212429616 -0.02950438277705799 4.894412406318638
4.717282386141616 4.624138647946744 0.005636997412783002 -0.029465645422564184 4.901412516843621
3.702745047586995 0.5724339387154196 0.008450259518526427 -0.02878529336431285 4.997928657005402
6.76490648887902 2.114364549098979 0.004794365948191206 -0.02961442309339867 4.8728893835184275
4.467308807796586 6.901112015021336 0.008353174903755426 -0.028813616035257887 4.994557602801638
5.688318379886597 4.411743281301771 0.006254970886719458 -0.029340677211105608 4.922428989220278
0.18412812548224775 3.6895024632516886 0.008401863645014915 -0.028799456371441746 4.996247800100083
4.272796204722153 0.390148196957108 0.007354714909617639 -0.029084500487342877 4.960070780327012
1.2769399673736248 2.23315115615366 0.005360405269743059 -0.02951721625330056 4.892033856406516
6.074918206855054 0.5829376162044926 0.007407713980055787 -0.02907104699851187 4.961893445852726
4.171925967987418 3.881928196238113 0.006261806201340134 -0.029339219197123467 4.92266195877231
4.418355348170828 1.9896120502719625 0.00720717326725886 -0.029121412285390783 4.955001146699407
1.1176682496886623 3.7106286607400296 0.007518424963856409 -0.02904261155720781 4.965703594881965
6.900796932760078 2.8387921486606817 0.007070766886336133 -0.029154832457743474 4.9503197835673145
1.856056765222429 2.0708469535635343 0.007072032219271094 -0.029154525554184404 4.950363184248711
0.6367531461332872 1.1606394071038912 0.006426977780931177 -0.029303480281417375 4.928295094500639
3.264231310019847 2.4738585286031647 0.006036450004779799 -0.029386413039699043 4.914987112822048
1.6711131891447983 0.13986065724224137 0.006148156547469707 -0.029363245240739404 4.9187899062796285
0.7367667259889581 2.915128439241886 0.007419975418159587 -0.02906791985667202 4.962315243438244
5.374744777770606 3.501387697064738 0.005564993485870315 -0.029479329156244734 4.898969428467957
4.27471279336036 5.539361903693054 0.008770815541418842 -0.028689245280041888 5.009083255430351
1.0730616831251987 1.711292076312721 0.005480877144823482 -0.029495084094190195 4.896116791896636
4.333607655378713 3.1098952315097725 0.0059713015570411416 -0.029399720367970814 4.912770657433979
2.2832040875763355 1.8759004657913478 0.007669990241361344 -0.029002952430699565 4.970925869337843
1.7076289273835208 0.9035300305612429 0.007931813901615967 -0.02893244421458601 4.979964277391873
0.8146255260991534 6.927011808532417 0.006894753800878602 -0.02919695823241301 4.944286976363084
2.4188383846469477 2.2166583688588575 0.006632053928492671 -0.029257748729004506 4.935298885668435
5.766844110269809 3.9029154666843864 0.004400292629563857 -0.02967553579590781 4.85959649132452
4.945396678271141 3.2617591630555482 0.005681645918583754 -0.029457068755323237 4.902928010414421
2.0894343004416416 4.561653566415579 0.008174511736327666 -0.028864811758829143 4.988362475685941
0.6837589275393673 3.475771423284261 0.008045526431072043 -0.02890102947036526 4.983896684549001
0.697452224881917 0.039892508582348725 0.007711560962147366 -0.028991926937116212 4.972359468790741
2.3184708857607945 1.713770068399976 0.008197788488143941 -0.028858209644807394 4.989168973682358
3.1786582559167535 0.9186956731780991 0.008814868308424583 -0.028675740560709706 5.0106191316342885
2.1157576383327927 0.7624945645484007 0.007176600461887204 -0.029128961632891075 4.953951443478368
4.6997118194208625 0.15480521874314518 0.007668095435467836 -0.029003453456313735 4.970860538419167
4.031108486378687 5.030389088316522 0.008395670332116446 -0.02880126246667704 4.996032757197859
4.160271590525264 2.461629228112863 0.007041277907968087 -0.029161968476472237 4.9493084463409165
0.9796300694231178 1.7472546139575875 0.00789165273494487 -0.0289434244192189 4.978576439552962
5.865166097374051 6.997143128685378 0.007615011058081796 -0.029017436251076556 4.969030702205283
3.097421155965857 1.5087310115032377 0.007700454201033852 -0.02899487894607908 4.971976389888273
0.7862900161941526 2.94298359027037 0.007221210857577667 -0.029117934572191112 4.955483212203379
0.18769705427475902 0.7609009226466591 0.005704870333213511 -0.02945257975935589 4.903716486122972
4.564212104275469 2.572180984652771 0.007108454967772605 -0.02914566636690863 4.951612673918046
1.060178185856413 4.860884202203173 0.007972936791387003 -0.02892113896305862 4.981385896610132
3.7746127393118707 3.2638892624849665 0.006329766740892428 -0.029324632188757152 4.92497890549655
4.9366808922065255 6.978051443331437 0.007389965187858811 -0.029075563872816547 4.961282961720297
1.4928920229528995 4.483222365107321 0.0075359271987958205 -0.02903807502666885 4.966306281779764
1.5253409517794858 3.6251913706131185 0.007043677613949875 -0.029161388953044425 4.949390736047346
4.330417046278735 1.6143863768178555 0.008104128238514 -0.02888465172879396 4.985924930513616
5.456320628861358 6.70519078782866 0.009685225859913183 -0.0283935978706903 5.041118524345239
3.3690196980825537 6.495227916723016 0.0075879697437050385 -0.029024519206502227 4.968098917181602
5.554208235329862 2.736800932695833 0.006474324819405792 -0.029293055800527643 4.929911129554459
5.40845053286256 6.737381744634333 0.008578006535818685 -0.028747483435449646 5.002369492802186
1.3362879802099161 2.392209217943923 0.007131801895789582 -0.029139962280675863 4.952413795131287
5.4656645005565805 3.4366165879319004 0.005545907312484993 -0.029482925772068916 4.898322025388076
4.2772829867472515 0.17525989778100837 0.007799027784810221 -0.028968520252366327 4.975377622048962
1.9848949859360658 2.481853112894285 0.006552664081134355 -0.029275631392675576 4.9325862523466775
5.095952033135447 0.7501513382450589 0.006839388930106716 -0.029209977046597172 4.942391144851815
5.70671705740305 0.12354036656406309 0.006243901287547201 -0.02934303489265155 4.922051726138441
1.3354992598904167 1.4829335407208246 0.006787688132245811 -0.029222034320344113 4.940621540035561
5.248050262157341 4.526284588514258 0.005748204434809403 -0.029444152998101974 4.905188014058306
3.591800645999051 1.9650721631082655 0.008984701862397327 -0.0286229825916838 5.016547119110618
2.397488651125782 2.558102400638765 0.008342239269111653 -0.028816784067221858 4.99417809356717
3.137769963337362 1.7256449802442808 0.007374211508256705 -0.029079563350083066 4.960741180454601
5.276472218407244 2.6081235302431627 0.007869995260318605 -0.02894932079691271 4.977828246544146
2.395600323708226 0.23317098942310324 0.008291323899179744 -0.02883147495357965 4.9924116791929
2.769359270134981 4.2648227020370095 0.006169929096419495 -0.029358678017668914 4.919531453788427
6.7872683317166524 2.391834864407936 0.006631074955826743 -0.029257970622211776 4.93526542550844
4.348273986928586 6.781991279844984 0.008071195969297168 -0.028893871246774824 4.984784982174524
3.677521890688197 4.8741686011421494 0.008417272687554532 -0.028794956511572448 4.996782888189383
3.849834672375926 1.8562160370929242 0.007172073258912198 -0.02913007664200004 4.953796027148131
0.5575660109244748 2.2022374192691223 0.0067721342538788806 -0.029225642809824395 4.940089307489686
2.4719293508363718 3.4657150948347315 0.006148671610425444 -0.02936313739073446 4.918807447389183
6.438348056073078 4.9948617205715085 0.005886849236834572 -0.02941674703400735 4.909898935758108
1.025669094577267 6.9062139773239295 0.009707169428096173 -0.028386103320009157 5.0418914613854255
3.6085970464084607 5.733102832012069 0.009213367240400087 -0.02855019902020864 5.0245461197717916
3.6948349708634347 0.8875538382052018 0.00863015319211715 -0.028731871778228963 5.004183940504255
3.2976617356024587 1.3099600421300004 0.00718922857247157 -0.029125847498961438 4.954384990873844
1.3428440683545486 1.0547633594014167 0.007761316441893193 -0.028978646743573075 4.974076045473328
1.0523376015140786 2.057515548795104 0.00764813447304594 -0.029008723499702745 4.970172373875737
1.3164997611262 5.807121181546292 0.008559148577196604 -0.028753103756524675 5.001713570528453
1.6389151336236452 1.0275492697022086 0.0063932856882586995 -0.029310849494825403 4.927145474976184
0.33526425435917656 0.6327112276466248 0.005863453271912328 -0.029421419335716972 4.909103670877073
0.6380213490750651 4.3294178763421485 0.007604371377436818 -0.029020226324996495 4.9686640547541785
2.5009126900627807 1.5650025278955533 0.008316603940489 -0.02882419294441811 4.993288610832438
0.14224377580374528 1.0090780831871642 0.006842081577675361 -0.0292093464439798 4.9424833283077625
1.2250486350203902 2.9790973734729023 0.005685076022610334 -0.029456406953617766 4.903044455895914
0.1053323049763648 2.825671971172149 0.007560679394214575 -0.029031640103478463 4.967158781016732
0.7811115378417512 1.639593687736126 0.006679203043348338 -0.029247021159525398 4.936910689449155
2.2278781338929354 6.207853928593125 0.008460048352586463 -0.02878241792956073 4.998268737711953
4.230689551127096 3.0554422234237557 0.006558004171499491 -0.02927443562712346 4.932768663422262
0.7257355685898593 3.4941363586311267 0.006509473008921562 -0.02928526525654363 4.931111170274761
6.298867474361067 4.281658054115081 0.006146552030697603 -0.029363581153087015 4.918735262878299
1.831334896152161 2.1095526030974914 0.006308781680623887 -0.02932915398892754 4.924263348641974
2.4304494598869946 0.1772393915766043 0.007247228898416756 -0.02911146978931076 4.956376851401406
1.2030499075086667 2.001575269335541 0.007408932534114923 -0.029070736466504137 4.961935362491204
2.1375136289785033 5.492784977666885 0.008212018284546143 -0.02885416357641094 4.989662101769789
1.1950043817538658 2.492183323581808 0.005750548534446268 -0.029443695276798694 4.905267626396142
0.4101636570116399 6.147624952072089 0.0077057909958444665 -0.02899346107535908 4.972160454298241
0.8791002315995432 1.3085842668871792 0.006617968329619849 -0.029260938043544477 4.934817480518126
1.3829379546983407 6.36480499096592 0.009665165420663525 -0.028400432697253224 5.040412096637439
5.876949789620925 2.42779393843933 0.007175984677492989 -0.02912911333886402 4.95393030359709
3.792629040699927 2.101925755028753 0.008963146388278234 -0.028629739901408376 5.015794125290868
2.0799550083041902 4.152142340556894 0.006257755449128787 -0.029340083448056158 4.922523894684215
3.3405800606627247 2.458319835716691 0.008881914599404116 -0.028655044809751947 5.012958058616751
6.9031862429620565 3.053323471185555 0.007886065917379198 -0.028944947129797113 4.9783834191794805
6.43094021182853 3.8778840862946917 5.666457768125734E-4 -0.029994648065340263 4.731278296229403
2.2795493621864353 5.751780280368421 0.007434436425742975 -0.02906422465904752 4.962812765331013
4.195708224836143 2.802217525293605 0.006829119115687322 -0.029212379774741972 4.942039573471529
3.740443697091133 4.161539438504121 0.006250598053156673 -0.029341609089787047 4.92227995502852
3.9026728905071657 1.8233201644295112 0.007270338610098514 -0.02910570694029799 4.957170765217436
1.1558420486145036 4.078620243581417 0.006628127512846903 -0.029258638479489125 4.9351646868285135
1.5484739750561607 3.3962001772325894 0.0050805034151600315 -0.02956667862727478 4.882559201383593
0.9485708914260322 1.4787113287480838 0.005325954162343947 -0.02952345190286209 4.8908668268126805
2.1091934138484927 4.503546978386076 0.008148225982067128 -0.028872242956603945 4.9874519424911306
4.444693235750187 0.29423425706553824 0.007955725516501302 -0.02892587823223506 4.980790834834701
0.1563248978745467 5.3048905569348435 0.0064549526144984755 -0.02929733071022989 4.92924985369147
5.386602327894062 0.8631419189988696 0.005687444379896127 -0.029455949762748915 4.903124858630299
1.566476189289316 4.369279472714151 0.006195089146727777 -0.029353379200086925 4.920388519609672
3.5406990769695517 0.4531988047114803 0.00651628457098732 -0.029283750364150977 4.931343769780246
4.075087516901225 6.749016906408773 0.006923342583683847 -0.029190192316409114 4.945266259655788
1.757906677806094 1.1836861183411804 0.006664139201011696 -0.029250457239324294 4.936395664103927
6.776412208126773 0.7783580036884733 0.004978401049307336 -0.029584041694674774 4.879106926791142
0.44753221477861876 0.0036121986740520924 0.007460579038272514 -0.029057525022164032 4.963712346328142
1.7116811633513815 1.6928529604092657 0.00591488511682528 -0.029411122624863516 4.9108520852782505