500

48.45195476755565 65.83281318363399 0.47189381764572447 0.8816553889517966 1.0793587557022783
89.69155819859031 67.93878698245132 0.9333353539763457 0.35900573396235524 0.36720239215684586
77.52733086487196 57.42197527428383 0.6146936086108797 -0.7887659776720435 5.374386444092602
76.35227233142578 46.47375324007368 0.45114944811277263 0.8924484161381769 1.1027434349282987
94.00601401571193 60.9148145221141 0.7587611664751379 -0.6513689371234155 5.573798090547269
1.2605476058142995 9.779856962810426 0.9792132977123386 0.20283322603391926 0.2042504279475515
99.50166755296208 97.7754451394447 0.5378532637080746 0.8430384728578953 1.0029077194234794
35.771688029291624 30.824390424367202 0.9392824294783376 0.3431450388294601 0.3502632003788364
30.707382955801393 64.32036116475784 0.5973952259175799 -0.8019469708471276 5.3526380816718016
89.26822179488232 98.45376887526896 0.9974706701156034 -0.0710792674352305 6.212046051409423
87.82425927145756 21.101807857190177 0.7067160474319202 -0.7074972991483459 5.497234715367542
37.440713643880834 46.963055393342124 0.6789721024273294 0.7341640716661447 0.8244346926644215
49.380736490170484 43.992992663623326 0.16819092394088378 -0.9857544385413194 4.881383141268028
17.27411268002541 43.73640945946285 -0.13889385451062136 -0.9903072741221193 4.573044625405459
24.470880398930102 36.506382311627576 0.4758351750499068 -0.8795344712887747 5.208302333349
53.58688426916748 1.3389158853583758 0.9603366438607376 -0.2788432004878276 6.000595986075411
8.848225009853252 74.36595337749415 0.9624888828774587 -0.27132112033032296 6.008419932326798
0.8018707761747691 36.41353442753018 0.7984657753797136 0.6020402026005179 0.6460538084182186
51.88526691802632 74.59011983148756 0.038222699612582754 0.9992692456161784 1.5325643139915606
68.10144479347011 9.046533683263196 0.9986238644448107 0.052444040284025294 0.052468110236784424
25.228125471825415 82.57657938496286 -0.13889385451062136 -0.9903072741221193 4.573044625405459
25.313184000126615 71.034577403077 0.5589288437556019 -0.8292156219090581 5.305482446696891
71.05631564620813 23.59047294902762 0.9473394417433275 0.32023113858186947 0.3259734643139889
9.661760517251377 73.47006927185592 0.971499377058792 -0.23704210675400933 6.043865260802082
49.306850524302284 28.759053240377774 0.9665500055932666 -0.2564782382340775 6.023808517050202
53.88335543374972 75.76782955551413 0.03535948251574029 0.9993746579717834 1.5354294718448351
6.0570235506494035 74.0861469891034 0.9480151950975831 -0.31822506165305614 5.959328677510386
9.869102685424217 58.16894395770613 0.7309780378287686 0.6824009878451257 0.7510422437935798
53.67266183236617 0.9680365222253533 0.9604975715688134 -0.27828836664584483 6.001173686974422
21.5493813241417 89.35487122699925 0.6020402026005187 -0.7984657753797131 5.358442788802909
15.168212924822853 78.65595764981477 0.1895036884056698 -0.9818800090034662 4.90304563151668
89.8422148690561 96.21473217879844 0.9974706701156034 -0.0710792674352305 6.212046051409423
63.66927944907016 45.927853084063436 0.7002951308665318 0.7138534371176111 0.794985480560662
37.56409840493924 48.9439613221993 0.6899752691640142 0.7238329420122064 0.8093414411005839
18.033495284979878 97.84731524546385 0.9575519615564847 -0.28826071692016664 5.990775352367725
20.03759731121543 4.551665826696603 0.4935057985218748 -0.8697425060472133 5.2285049915655835
50.408481408589964 74.74623100273233 0.040175951300493895 0.9991926205377522 1.530609559588654
34.573629423750056 83.20949820192902 0.19879851400897752 -0.9800403822434167 4.912520792797339
73.55212247786629 43.047492991048365 0.6947295895316447 0.7192710180656472 0.80275244502205
30.667090124016568 62.47571618276369 0.6788031927428025 -0.7343202472505969 5.458520568226477
72.36273693689704 10.154622756481013 0.8953899662070255 -0.44528284091774945 5.821695185412046
6.98603860974738 7.686464760425713 0.9999994988960527 -0.0010011032132440194 6.282184203799123
38.31417115477113 7.18795896716344 0.9959614318104795 0.08978210482061319 0.089903164123208
5.7556725724041495 75.21376596371944 0.9296027252225282 -0.3685631197757703 5.905722453795189
11.874525779916286 74.44662434086989 0.9947076766000282 -0.10274550166782842 6.180258166796297
9.14356271545698 75.85336425857919 0.866488760651629 -0.49919658218421714 5.760513990386167
13.327476235262692 42.14844655893347 0.007900689924496732 -0.9999687890622971 4.720289752506193
10.304057539891975 11.959924887437072 0.607606963822847 -0.7942378595320054 5.365433089361401
16.391480683848116 0.5704883544505115 0.9060281432172435 -0.423217442573335 5.846191769293496
14.745295687920075 19.672709543906713 0.5583304454966513 -0.8296186555469391 5.304760978324641
65.58447781780447 97.18925759421163 0.6927132182922576 -0.7212131426999809 5.477633289656365
4.001609694135331 59.794723333955766 0.45281569729598375 -0.891604141019069 5.18230980903604
40.28518451583716 54.661673191425415 0.9903072741221194 -0.13889385451062097 6.143840952200357
16.176709110370478 96.79445414769411 0.9555425552411873 -0.2948532264078902 5.983883394510994
0.41626913514409125 96.5379567951908 0.5419817818048484 0.8403902356593881 0.9980028371449057
72.83380200867832 24.562628102382398 0.9771862625399814 0.2123841055802963 0.2140140814132047
36.186999604402935 39.054820970624164 0.8945184313631935 0.44703106821733496 0.4634435477037964
27.71107515725088 15.945593175101914 0.9981930619440775 -0.06008836065917462 6.223060728359606
10.628172636367818 61.00897603140513 0.6722110040079363 0.7403596194354757 0.8336051808394247
91.86285122215202 62.191429617665875 0.7473511560860947 -0.6644292659845573 5.556455424506083
63.36892143782843 22.964931023683814 0.9387509393730522 0.3445963926482866 0.3518088103280192
45.800981165125556 33.162242367343076 0.9920130531310616 -0.12613525445960583 6.156713164331429
4.84792060083919 42.81442030560786 0.9159108879697455 0.4013816703568714 0.4130248688467989
31.849962404002035 30.7608462736241 0.9533355344960411 0.3019128328957675 0.3066984817217238
85.86337729486142 46.36196821069972 0.9275643807833525 0.373663377255513 0.3829553528384165
85.80027974391187 98.88799320423705 0.9998660444686379 0.016367440809113804 0.016368171684686093
87.46358026593715 85.2618299017254 0.9903072741221194 -0.13889385451062097 6.143840952200357
23.480554997150694 78.26927685610548 0.7073511764760992 -0.7068623013981424 5.498132830671799
50.22135624494961 76.43471688478988 0.9320636201490575 0.3622946425143951 0.37072861382817296
76.3730469097906 56.92109638722219 0.624743307878774 -0.780830198737656 5.38719172750673
65.45840118778708 0.17947036228770807 0.7038039061253296 -0.7103943001761264 5.493127014590961
34.95808151133974 75.26699343661389 0.02904185991013622 -0.9995781962272686 4.741434924305921
53.960139014446696 81.74167679229028 0.6203957068343156 0.7842889562792211 0.9015491820667403
4.113458808177331 75.82694416140956 0.8994973396631246 -0.4369262362675895 5.831006682845338
42.13662064000885 8.439658269751268 0.9440714228854653 0.3297410324648921 0.33602925274675227
35.44765203640487 8.900688926878393 0.9997789119642023 0.021026820769574288 0.021028370499460186
58.79214212044569 43.457921832753016 0.9902130955724683 -0.13956369641418104 6.143164522017392
8.763739747287214 74.05810689436623 0.9660845026128939 -0.258226129218554 6.0219997006387285
33.99822872642618 30.90004370145042 0.9481061080317703 0.31795409717889966 0.32357082045239066
2.504332036763522 97.87832468014518 0.45933798276065657 0.888261570480999 1.0935465673954687
17.637619271283832 7.172044602580826 0.8769335828104962 -0.480611580529586 5.78183331991141
66.09822986338557 60.53432354839496 0.7851898941369433 0.6192550606536985 0.6677936100347919
16.46618937818307 27.340852819107237 0.6548331309591193 -0.7557734915953833 5.426350787338875
69.09722582209838 22.58724059216467 0.9176001517961315 0.39750466843009075 0.4087958284271722
9.897709263204957 77.3666887402134 0.5642153255995418 -0.8256276802279603 5.311871527589439
85.73334466916687 17.318481642722674 -0.2412527829855064 0.9704623097790805 1.8144528847127015
54.97798034457172 75.65952660562816 0.03459152336969458 0.9994015341748099 1.536197901158006
46.08695365292347 22.38930265730455 0.35070939572662646 0.9364843403651043 1.2124678210549138
66.6403991729995 8.319199841652246 0.9986238644448107 0.052444040284025294 0.052468110236784424
2.587210827164903 9.089682274148144 0.9711640979355072 0.23841202755128063 0.24073039931596082
23.98928685321259 73.2606043350765 0.5604198325838882 -0.8282086761478937 5.307281609926055
98.89488640535346 94.91246115658245 0.7116699914513378 0.702513931013224 0.778923805741526
57.60157945455954 95.40844801492446 0.28081170835288344 0.9597628792842194 1.2861565836665971
70.42618432574844 27.46377275194534 0.9620588791147366 0.27284191964670024 0.27634579704844975
63.33896098267365 0.22970824891483232 0.8754896242866643 0.48323691680830366 0.5043482204885807
47.82223496471225 60.79595956873275 0.7067842936279033 0.7074291217365213 0.785854125741551
43.43320979434385 24.201408903953244 0.3507137623247264 0.9364827050811111 1.2124631582947114
9.948742277961527 62.39651132061752 0.6722110040079363 0.7403596194354757 0.8336051808394247
85.92268890657189 23.317321269548334 0.6600255911578915 -0.7512431157865448 5.433241805826438
69.11215370451002 56.4425151524712 0.45165296672026967 0.8921936996262521 1.1021791553008162
59.3376555960906 79.73151852609163 0.6457260057929886 0.7635692014759587 0.8688226198770486
79.89965244829922 24.703075971805884 0.08279040991385708 -0.9965669812041213 4.795274260932856
78.96780823423715 77.7602177334254 0.9903072741221194 -0.13889385451062097 6.143840952200357
54.018270020248316 3.9623284272063706 0.95939787586575 -0.28205622805442004 5.997248622642131
35.97317687664242 48.02382613255885 0.6955173367911108 0.7185093139431113 0.80165666263707
1.3119990867268658 98.02853222732615 0.46104227262630665 0.8873781735266933 1.0916269332489104
66.76705589240466 26.51667522973336 0.9065364361354243 0.4221275754542503 0.43579096888506835
18.850906519848305 97.21621013877068 0.9694077751583 -0.2454558319996387 6.03519542563377
44.0670138709719 23.93595629033289 0.3507122596214009 0.9364832678437192 1.2124647629189782
17.490832005071503 95.56941908869307 0.9674198111142479 -0.2531776235445638 6.027221819012289
78.43138535674208 54.26454121847948 0.8735837582963999 0.4866738304457484 0.5082781976389433
16.683617974455164 24.804452928845834 0.6477669304636989 -0.7618385680691399 5.417038592714357
22.18996676727122 37.603361537213125 0.5206653402103528 -0.8537608584982317 5.260019051184093
1.8498977133879433 34.524426979547385 0.7984657753797136 0.6020402026005179 0.6460538084182186
71.12482363414001 85.26076174494341 0.9998139172035095 0.0192906963631128 0.01929189300775843
35.87881177087911 85.25522251352453 0.19874722344611379 -0.9800507849966044 4.912468457922605
97.92088562966391 96.5957926343122 0.712633947221805 0.7015360698261136 0.7775506984897393
48.669325580884674 27.948433280174154 0.9665712787066136 -0.2563980561148265 6.0238914731687405
89.75690486443402 41.49392206084437 0.9995109969022343 -0.0312692672044248 6.2519109420551455
51.0737712143522 39.19532810997669 0.25838562385179115 0.9660418569537867 1.309445622736389
0.002557512498157166 72.338285501039 0.9787268988050526 -0.20516738911299792 6.076550575587379
1.8832519287828369 57.57247484519573 0.8375538947663396 -0.5463547138642947 5.705179579434131
99.85812142207476 35.40797803263018 0.7984657753797136 0.6020402026005179 0.6460538084182186
15.00898577292784 27.72563695584232 0.6645506458695162 -0.7472432261816824 5.439281288243423
50.87423462299968 29.84224678822088 0.9665225546398375 -0.2565816660879774 6.0237015082850585
45.670214022275395 57.329195802432366 0.8910366693539571 0.4539313316643905 0.47117249327864164
2.184270196887948 34.62026212824738 0.7984657753797136 0.6020402026005179 0.6460538084182186
49.564307906329695 42.508091797033146 0.1577246293582558 -0.9874831346882846 4.870774994966392
16.158458528250435 99.03302702884052 0.9469498899959674 -0.32138124686519165 5.955997553028525
85.87520856094346 19.650309771356287 0.7302490951636106 -0.6831809855468227 5.531075470798924
55.203440553806054 83.71401617029407 0.6203957068343156 0.7842889562792211 0.9015491820667403
67.97726652921469 89.25977248302527 0.9175762167117414 -0.3975599156416143 5.874329269594913
58.105965670258534 7.411862840675488 0.9315709138945594 0.3635596682604596 0.3720862035579872
34.07089404432623 75.98517918321346 0.02904185991013622 -0.9995781962272686 4.741434924305921
64.61823846406563 64.0246649291391 0.5434941314762838 -0.8394129669303662 5.2869830967515306
93.6281880295567 63.46661111001145 0.7377371990524609 -0.6750880128799723 5.542101310359681
23.15131924919903 72.29238777787184 0.5589288437556019 -0.8292156219090581 5.305482446696891
64.09498911529916 44.779720646942565 0.7049822696272282 0.709224928715314 0.7883981809089733
86.13092551587144 17.024491091391184 -0.2412527829855064 0.9704623097790805 1.8144528847127015
10.505490822880352 58.16998537054197 0.709627798855895 0.7045767432231477 0.7818265201136949
6.487306191213907 7.559292143759774 0.9999994988960527 -0.0010011032132440124 6.282184203799123
38.99240396479885 47.545551435080576 0.6732962943755478 0.7393727747085063 0.8321383072651172
37.52595591077544 7.957236875791314 0.9970495100807484 0.07676115194380254 0.07683673548972451
25.889893227145855 19.0609864591033 0.9981995030451409 -0.05998126474519926 6.223168017793308
92.16259012809904 84.958201801791 0.9164414209134458 0.4001688668976442 0.4117011023677849
76.06137717338027 1.3725152654239818 0.960527879512616 0.2781837390628675 0.28190269131740253
77.89409009611133 55.575243402292415 0.9254551732635283 0.37885712647352 0.38856105257970147
35.98255180230622 40.31427310833552 0.8959948425365304 0.4440644571995581 0.46012985174138404
25.64984539663027 17.184082707087132 0.9981969067557691 -0.06002445620923603 6.223124748366637
25.5448108219376 74.97767772033426 0.5651568661814788 -0.8249834644451549 5.3130123662210655
88.72712221793185 42.779396917453845 0.9995753385932724 -0.02914004935041785 6.254041132243586
30.33093013573716 93.9193611767554 0.9903072741221194 -0.13889385451062097 6.143840952200357
86.1074134253586 83.85884817733735 0.9903072741221194 -0.13889385451062097 6.143840952200357
66.82566563123315 57.76308887492277 0.4336571710816767 0.9010779422277727 1.122248832607636
2.8339678820301355 41.83861003952229 0.8915192921064291 0.45298272792905864 0.470108174776115
93.4607433188829 23.3423093867005 0.9331355509895903 -0.3595247466856122 5.915426771652385
49.55361167576721 53.056654244135565 0.9483562527428859 0.31720721600157753 0.32278316322896644
51.796450225196985 41.29127405716814 0.4663422091325886 0.8846043997072007 1.0856450226113599
67.76492396510008 97.50265604638044 0.6927132182922576 -0.7212131426999809 5.477633289656365
60.96045557305769 8.898238380826976 0.9915008305326553 -0.13010035762078023 6.152715110259645
9.098514835473523 55.61193203694365 0.7954902752600794 0.6059663538239092 0.6509800964193502
24.619641147685833 16.52357116195495 0.9981970064676466 -0.06002279799400328 6.223126409577104
93.51489477548428 63.41595546402208 0.7377371990524609 -0.6750880128799723 5.542101310359681
99.3173990337284 65.48871087575493 0.7720179377958751 0.635600742385819 0.6887864166469735
22.01417756570649 53.52285111339299 0.8236425333512881 -0.567109316847001 5.680193343199551
57.965022733695605 93.9412766022492 0.3087609045570861 0.9511396868058287 1.256906318430434
91.44457239044085 87.28849478783631 0.9770392546454789 0.21305936938282488 0.21470516211982246
53.430356424297514 76.40370735011625 0.03573479828211162 0.9993613081322175 1.5350539187269396
33.82999238174305 7.22686423726373 0.9999904382762227 0.0043730259692810695 0.004373039907223174
94.54030877070397 60.68653968952785 0.7786272042397087 -0.6274867941382153 5.604864049806661
34.98889453027979 40.77550937936933 0.8959948425365304 0.44406445719955806 0.460129851741384
12.718507117848565 79.5085862047749 0.17608096798342493 -0.9843756867751358 4.889392766378122
7.512112873315974 54.786256778270946 0.8662837761238725 0.4995522187164865 0.5230817994386918
49.724239448942065 29.422188029360562 0.9665500055932666 -0.2564782382340775 6.023808517050202
14.055413384232475 81.62433084881583 0.16230217914317693 -0.9867411021364095 4.875412301606977
57.56716990982587 41.87186976392815 0.954246333927245 -0.2990216282920232 5.9795181002227915
61.58462725937616 22.461914378988624 0.946338187823888 0.32317802256063094 0.3290858014446232
24.788024223715862 77.59626245816703 0.633011140988859 -0.7741426841248213 5.397825681693114
4.4900727978345785 11.052511286438163 0.9763065674003522 0.2163919740908649 0.21811736024361666
84.81833306769573 14.779226642741373 -0.2220178494687965 0.9750426013858322 1.794679810170556
15.769182153389366 25.650765194468814 0.6557823319821944 -0.7549500202397473 5.4276074049670955
44.42838645800309 11.072235357824708 0.74140569969646 0.6710570679589052 0.7356336310091323
52.87558044893086 44.28810442642726 0.5732693373943527 -0.8193669915266539 5.32287936916517
96.19754153331674 94.99907098111747 0.8310001196107527 0.5562722365954593 0.5898931534537104
20.274347103354316 90.0558737393628 0.6020402026005187 -0.7984657753797131 5.358442788802909
19.69290913315377 38.40531214312896 0.49631345967020873 -0.8681433923898679 5.23173611129348
48.63396607930505 78.32479871777116 0.9320636201490575 0.3622946425143951 0.37072861382817296
16.82283159166696 27.25598343578585 0.6500859170436898 -0.7598607112237511 5.420086481106416
84.75197854516787 14.957828760455453 -0.2220178494687965 0.9750426013858322 1.794679810170556
4.680480079439278 98.29901518315786 0.45605234115825954 0.8899529550060894 1.0972420021320295
5.605114887688808 7.523436399118875 0.9278899949279952 0.37285406972772206 0.3820829978109242
75.88711076667569 43.50414480708618 0.5099603082679779 0.8601979330312466 1.0356576797072936
8.853581959586192 26.600443321293977 0.7214264703254119 -0.6924910453672435 5.5182490068122165
59.36055760230883 59.42218845361951 0.07807614217615737 -0.9969473988244758 4.790544664801415
57.653666680974595 89.07553289813715 0.1388938545106206 0.9903072741221194 1.4314519718156673
84.9032638687571 19.1522588421275 0.7604428114328837 -0.6494049049245407 5.5763836960791755
71.96024853634002 84.2618087883434 0.9998139172035095 0.0192906963631128 0.01929189300775843
78.18758126017552 52.46557135447532 0.6092647601879254 0.7929668668949225 0.9156632676851231
58.99885171998108 82.01856178648971 0.6457260062809845 0.7635692010632763 0.86882261923795
1.1614882209901123 10.13835012089507 0.9792132977123386 0.20283322603391926 0.2042504279475515
63.94594386546774 61.618645979675776 0.9422723923026174 0.33484733641512276 0.3414432090325266
90.31184734868292 65.67741932552285 0.9817178281169828 0.19034207616098514 0.19151058128868598
10.153199438954744 10.358391404228673 0.706853261118465 -0.7073602103922662 5.497428676505239
59.53833351514789 9.39007810126747 0.9950717011453967 0.09915800310416929 0.09932121832325924
4.789203557802433 75.26524967644784 0.9266522086900332 -0.37591978416928684 5.897796143951621
9.721286146321024 62.825777839771945 0.6722110040079363 0.7403596194354757 0.8336051808394247
64.89895302995839 60.856059393711284 0.9422723923026174 0.33484733641512265 0.3414432090325265
88.08211392862074 96.92650918295365 0.9974706701156034 -0.0710792674352305 6.212046051409423
9.534662978805201 77.27262043525954 0.5642153255995418 -0.8256276802279603 5.311871527589439
45.87451806853715 68.8694531441254 0.9903072741221194 -0.13889385451062106 6.143840952200357
56.51576325393629 92.91627313650659 0.4036267089745362 0.914923756278295 1.1553189836086357
74.63903194663715 80.8980892083254 0.9903072741221194 -0.13889385451062097 6.143840952200357
47.7182248911039 30.504598383194377 0.9665712787066136 -0.2563980561148265 6.0238914731687405
58.16342798175281 9.960553706495531 0.9963769261845803 -0.08504716907085992 6.198035278302033
2.6472860050375546 59.418193512653396 0.6605320596094807 -0.7507978411184049 5.43391617949124
85.45209836874989 73.01408381910572 0.9401035643920599 -0.3408889675793926 5.935322965563916
11.617807847271974 74.09738977233145 0.991181388731105 -0.1325120924032151 6.150282311327459
13.318418908366908 27.23165875309636 0.6857546824712558 -0.7278327524017775 5.468029063377788
65.53141958124151 91.66138472041095 0.9179837076307427 -0.3966180940457901 5.87535546492712
90.68996522379527 40.52009981797762 0.9994481823223705 -0.03321642443896682 6.2499627715883035
61.239279614265946 96.67220044465755 0.7857369775285608 0.6185607505688362 0.6669096604987872
46.802710193604575 57.74620082723848 0.8061383344132526 0.5917271210527932 0.633199622788531
91.1277354620445 83.33703910259365 0.6852859953502602 0.7282740587009833 0.8157999975446366
26.460555849247758 76.82639174387182 0.5494879793130519 -0.8355016221351452 5.294140264394125
5.0535338779388255 77.1804251598044 0.8575679702978429 -0.514370660437819 5.742911685098839
95.65000274497164 23.818551795608666 0.9331355509895903 -0.3595247466856122 5.915426771652385
45.76620867078116 23.68863817491083 0.35071075694034987 0.9364838305952361 1.2124663675184955
7.071494365361282 25.517782113243157 0.8329995598566751 -0.5532736513503833 5.696896219323105
14.971414742822553 95.87349676628743 0.9542447599682415 -0.29902665110848065 5.979512836570817
25.58293633976646 72.61689738931807 0.5595896927431416 -0.8287697966116021 5.306279617703537
4.615258505953355 40.001911025233525 0.8705711072888751 0.49204262737472443 0.5144345087307787
46.492613485451834 58.4644053937714 0.7832657963312909 0.6216869729192568 0.6708946352425709
98.8002899227831 74.56030538787779 0.9788343444910719 -0.20465416205084525 6.077074929093202
52.568912186385816 2.5764604311107124 0.9595471299101525 -0.28154805181565196 5.997778263903719
32.797805009437425 64.29770511362878 0.5893184979554494 -0.8079008032967494 5.34260401469192
35.703239799454984 42.2648719814782 0.8964176159990788 0.4432103989377147 0.4591768811311412
49.83137424035027 39.291224197580064 0.25838562385179115 0.9660418569537867 1.309445622736389
18.06571576368432 3.0999030193949686 0.4935057985218748 -0.8697425060472133 5.2285049915655835
40.88448533183716 54.26264318632541 0.9903072741221194 -0.13889385451062097 6.143840952200357
0.8839352465209345 73.72833761092414 0.9787268988050526 -0.20516738911299787 6.076550575587379
8.207243932183653 54.64370287443239 0.8662837761238725 0.4995522187164865 0.5230817994386918
78.76533335193609 5.312423293779766 0.9813087607737148 0.1924399023819027 0.1936479190447612
10.29549519468886 60.189924152737206 0.6947734986550189 0.7192286045247813 0.802691396520304
53.98974256874596 98.79693164378355 0.9621341309823521 -0.2725764369838928 6.007115451951661
84.86245227137191 63.013550125252564 0.9709800512226177 0.2391604903150241 0.2415011585070483
4.772167679480267 74.2232405736748 0.9734331097100233 -0.22897157229724796 6.052164251323643
83.47214244353715 81.2300947803254 0.9903072741221194 -0.13889385451062097 6.143840952200357
86.39260043667943 14.37183008253496 -0.1457190129158311 0.9893260176882218 1.71703603091894
69.51428414819031 25.111785240247134 0.9309384944788277 0.3651760116676528 0.3738218651274312
54.91893450894726 3.00227696515883 0.9595665206844223 -0.28148195747079807 5.9978471439774
67.79579957317995 91.18110417539388 0.9168614263577858 -0.39920561726654924 5.872535039968567
96.02343865712024 93.32406524570632 0.8525332792527845 0.5226729453171397 0.5499832455961222
97.34338331035624 76.4912210483967 0.9791350267291202 -0.2032107266661014 6.078549349627526
73.42119073980105 41.93373934432618 0.7491530336214504 0.6623969596969616 0.7240138127123139
7.665128780807048 75.77460645585693 0.9322138017524503 -0.36190803779723296 5.912871443545862
85.80402983700009 15.281286121863058 -0.2220178494687965 0.9750426013858322 1.794679810170556
8.6300279609357 10.479497504324172 0.7604024080672652 -0.6494522136427778 5.576321482360626
66.74850484999223 24.66582855625718 0.9082689838355239 0.4183867266087498 0.43166838526685897
20.002692713779314 68.85316462035217 0.9754310941396153 0.2203047448095319 0.22212688012313614
3.4297549503445253 97.53114006306065 0.4593379827606564 0.8882615704809991 1.093546567395469
88.61052625881025 40.506515170701746 0.9995109969022343 -0.0312692672044248 6.2519109420551455
61.37181060104248 43.84272106523282 0.7670164255317106 0.6416274643159829 0.6966181990538427
45.12973499988716 14.814126765782493 0.6231598685686073 0.7820944816360464 0.8980198305706648
44.14843671215609 58.44678063105009 0.9968764568607159 0.07897676719659505 0.07905909918590437
6.735851758736649 40.301618740071575 0.8578171173931692 0.5139550496952761 0.5397890536448975
32.89107252906986 61.11262157638195 0.7508683508190132 -0.6604519056966491 5.561764861375715
9.067603997470817 75.43971619270985 0.8664887606516289 -0.49919658218421736 5.760513990386167
20.189941905140962 53.83165027503738 0.8236425333512881 -0.567109316847001 5.680193343199551
37.28418114129147 59.27010914648916 0.8057356515671166 -0.592275324316077 5.649305478311778
27.873347443461814 14.423179302396345 0.9981896992595471 -0.06014419583081071 6.223004792020436
19.66855964360195 69.46581337511641 0.9754273513762723 0.22032131578008984 0.2221438685116024
8.506887611710049 8.926246042468755 0.9352370025122725 -0.3540222438376713 5.921316910564013
58.1144284160133 61.34713610291518 0.07807614217615737 -0.9969473988244758 4.790544664801415
71.96134347498327 25.50304522329485 0.9741131464814217 0.22606100471347174 0.2280320994625953
1.4336620506954143 81.42750356216285 -0.13889385451062136 -0.9903072741221193 4.573044625405459
15.90952727874981 97.74104667718042 0.948618744317905 -0.31642136136601307 5.961230678424534
55.68104437870762 74.53788720194744 0.0346351475554255 0.9994000232908812 1.5361542508160688
42.7706250785603 59.481087233569355 0.9843151035744108 -0.1764193211507654 6.105837786999285
22.86511009205199 77.85506749718373 0.7361337759114231 -0.6768360687510607 5.539729250551003
62.20796714632152 99.914177468669 0.8754896242866643 0.48323691680830366 0.5043482204885807
72.27141687704291 11.67415039148685 0.8953899662070255 -0.44528284091774945 5.821695185412046
40.56141498393716 25.058252886325423 0.9903072741221194 -0.13889385451062097 6.143840952200357
17.635245218919703 70.43215331874764 0.9754236544277289 0.22033768262114073 0.2221606476925873
8.486821424476107 74.8023607557284 0.9375884818910282 -0.34774680246592804 5.928018461709846
66.25199914102103 51.22830211664619 0.7017476458289742 0.7124256042377285 0.7929486919405129
65.46860976851185 47.27000792272011 0.6821353204600511 0.7312259600020116 0.8201174623691005
58.65485083329793 41.28008146794314 0.954246333927245 -0.2990216282920232 5.9795181002227915
34.44489317516182 10.782945175073115 0.9998779895006159 -0.01562069499754182 6.267563976854772
88.35336617185301 73.30053386659398 0.9975013202219215 -0.0706478319237298 6.212478574278781
90.36426748482815 42.46605121721308 0.9995443956668988 -0.030182794617033742 6.252997927923024
21.712181435150733 37.59872884485757 0.5308367933167902 -0.847474069727887 5.271976637689334
26.173348678374253 15.250532650570669 0.9981918013033793 -0.06010929887060019 6.223039752232397
7.942044722287866 77.08168171704072 0.7069757107921507 -0.7072378272900377 5.49760179942796
86.17087935946921 0.7661913413415026 0.999873157898083 0.0159269618859097 0.01592763532318549
18.767266597984317 2.8518429307949695 0.4935057985218748 -0.8697425060472133 5.2285049915655835
2.7902410037766017 56.0021019482589 0.9736605167018553 -0.22800262765125387 6.0531595240243155
78.12265066638047 57.80250198376534 0.6184089546083222 -0.7858564530881209 5.379105466291264
79.527574000694 56.47391566138891 0.7686925776812419 -0.6396184182915373 5.589183547664904
69.8671142975612 84.1029964854552 0.9998139140531348 0.019290859642607447 0.019292056317642498
6.050970881179597 53.52955665541523 0.8852363036404508 0.4651415770676618 0.4837945358840205
96.87809737864193 95.69958069300353 0.8097093154123565 0.5868311720882362 0.6271397272500869
79.092478170754 23.969316313472795 0.08279040991385708 -0.9965669812041213 4.795274260932856
15.060255252170407 25.84170949597689 0.6639564855004765 -0.7477712119103379 5.438486432591707
54.116606727028035 95.63484252779337 0.4528876356348466 0.8915676023101549 1.100794812321675
76.97311881792541 85.81177077832285 -0.13889385451062136 -0.9903072741221193 4.573044625405459
3.561741172428602 7.54012949755699 0.9237069909976955 0.38309971910976826 0.3931497092956861
15.206010287938373 98.13298555665908 0.947356210976192 -0.3201815258955967 5.957264212950672
29.53333544214881 66.70112510235096 0.585006909228287 -0.8110283078630282 5.3372775572161615
83.11342980613401 2.370296704785517 0.9999383974805183 0.011099605582769964 0.011099833509609372
42.48409890893757 14.827769935938171 0.6231598685686073 0.7820944816360464 0.8980198305706648
66.40969610942946 89.96795256826312 0.9178187101341208 -0.39699976741522 5.874939653987732
24.62621504336894 73.31285978162947 0.5620386803044622 -0.8271109489310479 5.309237543003811
69.15614590341494 58.56150549042225 0.45157226730716316 0.8922345473019233 1.1022696037827773
60.06531106354371 80.77679180556386 0.6457260062809845 0.7635692010632763 0.86882261923795
86.04756235638487 21.109172270628985 0.7022374257392682 -0.7119428333027069 5.4909243304089435
51.2776286957487 42.39720954735855 0.45274113309993347 -0.8916420057396288 5.18222618155013
9.333586852357296 74.47979272762771 0.9874850109505434 -0.15771288199765127 6.124811188851128
37.588441066085295 41.21377611959573 0.8959948425365304 0.44406445719955806 0.460129851741384
91.07543988004025 85.64633206563272 0.9770392546454789 0.21305936938282488 0.21470516211982246
1.072269164034632 98.59961734808773 0.4614253553176597 0.8871790357475606 1.091195183082277
57.35036815465102 42.71955624606296 0.954246333927245 -0.2990216282920232 5.9795181002227915
66.51923379455418 98.48825148975291 0.6927132182922576 -0.7212131426999809 5.477633289656365
57.265261302721214 9.036561000569504 0.9720744240490109 0.23467278093077534 0.23688193505062616
44.63382606413716 67.2203745869254 0.9903072741221194 -0.13889385451062106 6.143840952200357
95.62797349257355 47.80810416443224 -0.9884395920011984 0.1516152134995186 2.989390480418066
34.95261740529 49.551212853511885 0.7018038288238584 0.7123702589581997 0.7928698273167358
42.71437743543716 65.6950595189254 0.9903072741221194 -0.13889385451062106 6.143840952200357
54.9233321942599 94.65619626378295 0.4379009958166616 0.8990232020714349 1.1175337454737684
93.9382021888573 65.28354449617817 0.7223100081951036 -0.6915694123232963 5.519525739695907
20.72842075068096 51.26570430093739 0.8236425333512881 -0.567109316847001 5.680193343199551
85.2924130867491 84.22662113590395 0.9903072741221194 -0.13889385451062097 6.143840952200357
66.24876444181638 63.164058040784575 0.5434690296149128 -0.8394292190824817 5.286953192974298
72.73518011849333 85.50081482173087 0.9998139203540722 0.019290533072494224 0.019291729686748884
50.85427346397195 90.70233911316244 0.5791070244301229 0.8152515282142616 0.9531634002939988
85.85319764741395 74.42066998965834 0.9401035643920599 -0.3408889675793925 5.935322965563916
21.925696955322042 35.079132801112614 0.6207884604276022 -0.7839781166588309 5.382137001005547
36.19831163272725 7.873827398211872 0.9991731807500952 0.04065654768592076 0.0406677565985267
68.93161343147405 9.129498516834486 0.9986243731730473 0.05243435233449933 0.05245840893942597
64.02444237819748 57.86520381421064 0.406467060002954 0.9136654361047893 1.1522123823491475
8.820439732296416 13.256010970826013 0.6072924656645681 -0.7944783578846244 5.36503717453316
33.56754645502623 75.84602734701346 0.02904185991013622 -0.9995781962272686 4.741434924305921
16.219185067921785 25.73403934949451 0.6505647534519426 -0.7594507894301071 5.4207168145070295
15.753119512025407 43.29987429746285 -0.13889385451062136 -0.9903072741221193 4.573044625405459
8.239774227024215 15.715698087307741 0.6122381321636623 -0.7906734278605485 5.371277145362466
3.5724525675151986 40.27648735963984 0.874634475367589 0.48478297670036063 0.5061150203288698
52.39823492953865 39.8893170773694 0.25834911951717676 0.9660516199689846 1.3094834100743684
11.087179043735807 60.72657959853118 0.6772946856088583 0.7357118381853032 0.8267170840949449
64.39849859698349 66.65593452615562 0.5435108692928432 -0.8394021294710527 5.287003036787327
9.381597531706936 58.36657369722494 0.7309780378287686 0.6824009878451257 0.7510422437935798
22.163970894930728 92.19783775578658 0.6020402026005187 -0.7984657753797131 5.358442788802909
17.966304709735873 9.482146456806674 0.9572765518208375 -0.28917400182936137 5.989821444658955
87.24768341304767 21.48485050090965 0.692623914777823 -0.7212989066107358 5.477509472993116
8.551146686761228 7.443352906383973 0.9968978920622638 -0.07870573550774534 6.204398085989631
18.75807366608687 80.07902841265884 0.9208390003229072 0.3899429900438125 0.40056968100612333
62.25559021214491 8.298079512325383 0.9869595276411719 -0.16096860190209378 6.121513332780644
24.189903136006116 32.52347321167748 0.7178403601130081 -0.6962077401126957 5.513084312670404
0.0041391942765756085 74.23695285556197 0.9787268988050526 -0.20516738911299787 6.076550575587379
21.805462055792585 66.72545906541087 0.9827302761794171 0.185043790169588 0.18611642184736135
19.463272934769893 70.14084296155661 0.9754273513762723 0.22032131578008984 0.2221438685116024
90.06901575168101 73.38455801288752 0.9975013202219215 -0.0706478319237298 6.212478574278781
30.62457411555794 65.14767384524717 0.5852915106175238 -0.810822944667365 5.337628515894858
13.591157444283777 17.939337683031233 0.5557847007735564 -0.8313262695151937 5.301695563341639
65.97884797640529 23.698943720774565 0.9266261178791967 0.3759840923019605 0.3854585625531787
63.99349320304352 24.4058420464399 0.9342727171972479 0.3565592375761301 0.36458246881790674
81.12364829343716 78.5929238691254 0.9903072741221194 -0.13889385451062097 6.143840952200357
52.95369121878189 74.88072104342703 0.036982882503393946 0.9993158992039205 1.5338050086433368
8.043547933218836 8.878604514604206 0.9619053206365794 -0.2733827977964953 6.006277256285024
34.099063100816124 80.92249629519587 0.1988307584134242 -0.9800338410018006 4.912553694004917
62.9536723775235 46.15296378045436 0.7304316772915773 0.6829857720399547 0.7518425452525979
85.52196069559402 75.42283885430672 0.9401035643920599 -0.3408889675793926 5.935322965563916
51.52160445452345 94.31251889791538 0.5790658746070406 0.8152807570803957 0.9532138743918681
31.88166583202786 32.06819241949252 0.9533355344960411 0.3019128328957675 0.3066984817217238
35.71103742533757 81.49478669930781 0.1988307584134242 -0.9800338410018006 4.912553694004917
5.12181598366543 24.614978677058033 0.9220389675675343 -0.3870970708840295 5.8857041832532655
24.41306979437774 75.598606915467 0.5869805212801433 -0.8096010546174525 5.339713167876924
35.37183365000621 40.95257019783552 0.8959948425365304 0.4440644571995581 0.46012985174138404
78.30261745909057 55.682577799598654 0.8783214270919593 -0.47807057084822124 5.784728634714051
45.80833758810238 55.64643285197235 0.8194124889770981 0.5732043029394992 0.6104110194015093
15.7980030305591 15.009593267937632 0.5489278672674509 -0.8358697246205343 5.293470021930389
75.59536741863715 78.9141337556254 0.9903072741221194 -0.13889385451062097 6.143840952200357
92.39774465503785 62.019794631946205 0.7653403805663279 -0.6436257467461881 5.58395899324086
8.584359970256942 8.853592793878674 0.9352370025122725 -0.35402224383767134 5.921316910564013
90.04686743379031 68.49677351285132 0.9333353539763457 0.35900573396235524 0.36720239215684586
42.038568230773606 9.671033259035164 0.9253835523610439 0.3790320316538633 0.38875005357411674
66.17515717296527 1.851784884422799 0.40103448361661925 -0.9160629579621433 5.125034818999298
60.876909555017384 44.59729512934317 0.8422031606430613 0.5391603065905703 0.5694397708300443
49.363286466674595 71.90815992393715 0.1388938545106206 0.9903072741221194 1.4314519718156673
39.55460122276378 9.544679773917434 0.986949730153111 0.16102866251292403 0.1617328288790299
53.93930767362541 54.368658324062835 -0.13889385451062136 -0.9903072741221193 4.573044625405459
42.5574104331055 21.820944035246892 0.3507151235335479 0.9364821953058415 1.2124617047609894
52.63557221741133 4.268162251075498 0.9592323196194447 -0.28261874848901913 5.9966622455280785
43.38689186662838 13.25593755456795 0.6471101460356001 0.7623965234035267 0.8670085032944257
6.631848105840094 73.9450974571865 0.977044802770868 -0.21303392541667068 6.06850618689359
63.012560600338524 43.471605727238334 0.7355297060418182 0.6774924734120937 0.7443481146643411
68.372343149137 89.18177407003284 0.9175762167117414 -0.3975599156416143 5.874329269594913
5.434721796521768 25.003442414589568 0.9220389675675343 -0.3870970708840295 5.8857041832532655
87.59279970611574 74.15354038601859 0.9789181390367724 -0.20425297320916147 6.077484775424078
38.36359119087716 45.77222991038942 0.6669258370758018 0.7451241023082941 0.8407209028823022
2.0836808606016852 40.82212067639852 0.8794672056282679 0.4759594880075467 0.4960546978635951
54.592889018078395 93.1980854709442 0.44476536175116543 0.8956471252599179 1.109884059226635
20.968941124086626 34.72369590965029 0.691285289989589 -0.7225819315787033 5.47565526955845
25.620468672744554 17.5222431246091 0.9981969067557691 -0.06002445620923603 6.223124748366637
62.22694873521601 98.48106659048163 0.8507859239937299 0.525512427573445 0.5533173002120797
5.68205799649349 40.080050266667946 0.8616686193572637 0.5074713690593264 0.5322476710456956
34.33003568423774 8.388169456941016 0.9999923007548691 -0.003924083457763157 6.279261213650965
51.929604019794546 91.75383087721782 0.5672886333101186 0.8235190383452818 0.9675866349786968
77.95995579375945 59.95894730207227 0.5847054746144295 -0.8112456520413005 5.336905937356829
59.6705636925428 10.059804701621227 0.9945877360657726 -0.10390012159550716 6.179097333879607
89.12180789659016 64.48062815957414 0.9586999639742111 0.2844193718364596 0.2884007325513752
19.203338472841452 4.730833675142174 0.5925461368300715 -0.8055365142113411 5.34660495669822
34.20006264222717 61.73381749676042 0.779917578786623 -0.6258822335708306 5.60692309875791
47.619688675562614 59.99852693607253 0.7738571887667223 0.6333601277267662 0.6858875885960865
86.48679730104809 99.54173113038095 0.9998662163640032 0.016356936569309852 0.016357666038495755
99.62981803680474 11.352187935511656 0.98211134228818 0.1883011188201212 0.18943203327970962
54.318215728892 93.39079963725987 0.44476536175116543 0.8956471252599179 1.109884059226635
17.610794082512726 25.88907602290096 0.6441531305426801 -0.7648965579815776 5.412304578136041
32.64457234041919 70.07577489274955 0.6456021570522278 -0.7636739191628261 5.414200501284063
75.69825513416373 56.435323945977636 0.6325261526416497 -0.7745390023906817 5.397199357593619
44.6083005016529 21.970499862165642 0.3507122596214009 0.9364832678437192 1.2124647629189782
48.23162461682771 33.85241961294165 0.9920130531310616 -0.12613525445960583 6.156713164331429
72.86989763789289 12.455365389262921 0.8953899662070255 -0.44528284091774945 5.821695185412046
88.81388256058487 40.1863080470932 0.9994168347592415 -0.03414660158520976 6.249032066341926
43.51692502142097 13.010610614319546 0.6471101460356001 0.7623965234035267 0.8670085032944257
68.40360808601281 26.379092048555165 0.9281948792087951 0.3720944318456947 0.3812644599841265
51.924358064531155 2.71491475133751 0.959568631250775 -0.28147476249126535 5.997854642125225
48.79068158713076 41.135640937441366 0.16823613695570058 -0.9857467231607837 4.88142900785506
7.242011766411777 6.1595964582796805 0.9584835060785981 0.2851479766284129 0.2891608108310569
6.5831662903344155 27.7522925130828 0.7214264703254119 -0.6924910453672435 5.5182490068122165
2.3231547478784136 11.07400748718491 0.978423417586968 0.20660981563671568 0.20810873821344045
48.86513284429014 63.224836054601845 0.554831972855188 0.8319624281766694 0.9826353390860778
49.414658498031116 76.88432433165116 0.9320636201490575 0.3622946425143951 0.37072861382817296
13.769269573744085 27.22602799718562 0.6739279857542962 -0.7387970425070455 5.451901693783789
28.711806799847277 65.68767761187112 0.585006909228287 -0.8110283078630282 5.3372775572161615
62.487949294712514 65.30188567205289 0.5435108692928432 -0.8394021294710527 5.287003036787327
19.76333180245198 37.8331413881476 0.49631345967020873 -0.8681433923898679 5.23173611129348
15.90417324245439 29.83518495717375 0.6513867979756385 -0.7587458332162653 5.42179973674661
86.20762376932527 1.691746943950499 0.9998747053000778 0.01582951992583864 0.015830181077290607
53.20133835892857 4.367928800149347 0.9592323196194448 -0.2826187484890191 5.9966622455280785
61.75407869543329 44.82814018747176 0.7355297060418183 0.6774924734120936 0.7443481146643409
2.023774854240753 59.30113207718226 0.6605320596094807 -0.7507978411184049 5.43391617949124
77.57143030844337 57.402990191754775 0.6146936086108797 -0.7887659776720435 5.374386444092602
21.07075917605119 91.66928422544265 0.6020402026005187 -0.7984657753797131 5.358442788802909
2.6984133325605093 57.90978917441934 0.8375538947663396 -0.5463547138642947 5.705179579434131
30.264265735418306 67.19333109629252 0.585006909228287 -0.8110283078630282 5.3372775572161615
92.43671469553486 63.749854638437924 0.8144329336243497 -0.5802576984651179 5.6641402375666665
71.60661914971554 10.258032544278803 0.8953899662070255 -0.44528284091774945 5.821695185412046
54.72671314789241 93.50262016805107 0.44476536175116543 0.8956471252599179 1.109884059226635
18.819501434896118 95.07770401546735 0.9777778207845098 -0.20964382457371628 6.071974631962207
7.004612365173104 74.31442689727845 0.9780290189342169 -0.20846879412174188 6.073176213106865
97.90145265479761 65.73515985998561 0.7720179377958751 0.635600742385819 0.6887864166469735
33.4754050097573 71.79379395064046 0.6456021570522278 -0.7636739191628261 5.414200501284063
93.60857022918958 49.211671626641014 -0.9884395920011984 0.1516152134995186 2.989390480418066
2.0900302886414575 96.05047716361035 0.46046627023195497 0.8876772014525732 1.0922759297616427
64.53478518429434 58.24681910744448 0.4519069249307595 0.892065093588817 1.1018944900832586
55.424703128718015 83.80276983827262 0.6203957068343156 0.7842889562792211 0.9015491820667403
3.1176606806454976 61.59279805877306 0.45281569729598375 -0.891604141019069 5.18230980903604
80.75131374992748 7.021448712001584 0.9402057371680036 -0.34060706363252496 5.935622814045782
12.347767560311102 40.64415593348031 0.007900689924496732 -0.9999687890622971 4.720289752506193
0.10786555038276902 73.9760918502731 0.9787268988050526 -0.20516738911299787 6.076550575587379
97.47784164146329 62.27876958138273 0.9862669864301116 0.16515880684379564 0.1659190272470892
74.6822168552037 2.869740345639401 0.960527879512616 0.2781837390628675 0.28190269131740253
35.72466695210563 59.70417199791587 0.7946207751075279 -0.6071061058558969 5.630771660774484
80.11269196018955 55.37641910960955 0.9924565775343291 0.12259666271496186 0.12290586202476804
84.8430344886899 23.055635804253402 0.6556233853111192 -0.755088058860149 5.427396884884605
59.65286562151088 82.51953408213828 0.6457260067675226 0.7635692006518267 0.8688226186007608
68.76619920744172 92.49247846087455 0.9138194752711005 -0.4061206306200788 5.8649804951431594
84.42685387099287 74.232718441962 0.9294104112154041 -0.36904781197619024 5.905201002730712
89.5081634736522 72.17104913656598 0.9998759058683977 -0.015753503224715637 6.2674311522834225
37.203656370127696 9.489160224570497 0.9970495100807484 0.07676115194380254 0.07683673548972451
1.2573867077205227 96.8912087723853 0.46104227262630665 0.8873781735266933 1.0916269332489104
54.32804982089265 92.573527472271 0.4520039088576746 0.8920159563468486 1.1017857686472867
75.06267739653136 45.91225401748394 0.4909383151078355 0.8711943358166877 1.057629855759193
33.782837358043 61.23023567599926 0.779917578786623 -0.6258822335708306 5.60692309875791
59.43533848475858 81.20983810788529 0.6457260062809845 0.7635692010632763 0.86882261923795
21.407069886983454 79.83515022139525 0.9344941937439054 -0.35597837274043503 5.919224494078707
86.13603361203967 47.176903143332375 0.9279392626044244 0.3727314380584995 0.38195083945794395
78.3992005571316 47.486744170753965 0.4548636717127492 0.890561081653581 1.0985771999956175
66.97865352870954 89.22303699707031 0.9175762167117414 -0.3975599156416143 5.874329269594913
88.21374417095838 43.35827531176922 0.9995753385932724 -0.02914004935041785 6.254041132243586
84.78733232973089 99.47410191636112 0.9998773442285619 0.015661944273877678 0.015662584647915062
84.08069701586162 45.16573401458604 0.9273015185644554 0.3743152330163106 0.38365821306587694
52.36866937436684 92.83071395242362 0.51533249919885 0.8569903239065579 1.0294007380089238
23.622018995595646 72.85052192766783 0.5589288437556019 -0.8292156219090581 5.305482446696891
67.77072525984342 60.4103896110933 0.49806131688868166 0.8671418134417878 1.0494347067156715
84.42259531661661 2.0247497570880912 0.9999000522479479 0.01413808737245387 0.014138558414636165
29.612249800094418 65.71901693102954 0.585006909228287 -0.8110283078630282 5.3372775572161615
84.77139737419674 61.16535987653019 0.9709800512226177 0.2391604903150241 0.2415011585070483
22.976770184415262 33.87768933167048 0.7000154451216901 -0.7141277032793799 5.48780810472099
83.96767610164581 46.68979349975279 0.9275643807833525 0.373663377255513 0.3829553528384165
14.678323015631257 16.857423792094824 0.5514870908884166 -0.8341834262219738 5.296534860455309
53.512388620707284 41.98869791031858 0.8528330363280427 -0.522183695788648 5.7337758380332495
64.71420841844935 64.49921033135927 0.5434941314762836 -0.8394129669303663 5.2869830967515306
54.943085255397136 0.13036044870915675 0.961313569954252 -0.2754563853349771 6.004120885270656
80.645086704425 5.816610323624166 0.9968438585476632 -0.07938716316764503 6.203714519391141
35.038981100021374 37.23660396950334 0.8909543596120609 0.45409286394774195 0.47135378743813333
68.7765521141193 24.442720292287955 0.9144396738865527 0.40472222921684853 0.4166750495504395
66.20548251412723 49.54118176619248 0.6864174597426597 0.7272077220165049 0.8142452351567229
66.01693007398445 10.199241817197771 0.9986233561736362 0.05245371773766808 0.05247780102873327
54.47522794039897 78.2217894671717 0.03431734688831094 0.999410986382753 1.5364722405238487
8.49791642654191 58.21289223098876 0.7309780378287686 0.6824009878451257 0.7510422437935798