300

1.8296967676278886 3.7036866960175643 0.02951726395694173 -0.005360142581707002 6.103549330636001
5.1270689075567 4.864149293855194 0.02939639981326726 -0.005987627077444009 6.082248303692667
4.189280639973456 3.937527118900397 0.02940389249028405 -0.0059507231846068235 6.083503531738174
2.6555425596291533 1.12099594455015 0.029418063799436445 -0.005880265495050951 6.085899156103755
4.352997740792475 6.239725353262442 0.0293792019877509 -0.006071448802628049 6.079396043033868
6.645650647320187 2.4504739801596207 0.02939177648056483 -0.006010280801802536 6.081477613915729
5.25042441206871 5.359821918825606 0.029398797034644916 -0.005975845790827708 6.082649060458193
0.9062768957361906 0.9577013621863334 0.029389062276031483 -0.006023538705407579 6.081026517821809
5.05237633450275 1.380648336958217 0.029321434015295685 -0.006344565177115064 6.070090712722742
2.6173860048391537 1.02309988285015 0.029418063799436445 -0.005880265495050951 6.085899156103755
5.530142417822751 2.3893673371591917 0.029313701900068184 -0.006380194426029569 6.0688754262235065
6.031028138293588 2.772195794524459 0.02932560657598184 -0.006325250900219734 6.0707493743023315
5.866620753377065 2.0831430920600336 0.029307699033797843 -0.006407712333143936 6.067936591441165
6.306848905700571 6.005104232690271 0.029437730157467448 -0.005781007107427851 6.089272088039505
2.678573238649153 1.05359007599015 0.029418063799436445 -0.005880265495050954 6.085899156103755
3.964936137166136 6.631262188982243 0.029391464686306726 -0.006011805352270191 6.081425743673904
4.444849816916843 4.452324355655608 0.029383969032098767 -0.006048335632276094 6.080182697966163
4.088704414974368 3.718484591456183 0.029393323036332755 -0.006002712793545104 6.081735094409182
2.6719166636589886 3.054120832328994 0.029473772055951943 -0.005594350792879042 6.095608904550132
4.702768078785174 6.640811984949262 0.029371355618612486 -0.006109293668256641 6.078107719588577
6.8661518461424 6.866975268912458 0.02941519489439431 -0.005894600013978799 6.085411863067046
4.634517463564522 2.0534012809580426 0.02935373508540463 -0.0061934026621789364 6.075243222134354
5.876875436908177 6.8484256696983525 0.029380008887127246 -0.0060675429782016356 6.079528986426487
0.8365741354657451 1.6420680031242927 0.029387977175889316 -0.006028830525848999 6.0808464536172675
5.199469504730864 1.1717529583138322 0.029309566000714257 -0.006399167199704555 6.068228148318608
5.441580160603986 3.484865830434211 0.029353700340777725 -0.006193567332630341 6.075237612267386
3.6709865027593365 4.5119648628039934 0.029449108544684535 -0.005722762088658614 6.091250288977401
6.5570084175012395 3.242046142526825 0.029370482735596358 -0.006113488683070919 6.077964890731848
4.189627351605555 2.2633457232599907 0.029369187822604902 -0.006119706417840318 6.077753185944024
3.5471766571651306 0.9321839040861344 0.029393955876975984 -0.005999613146061086 6.081840547409846
3.924154837289438 4.77572012307932 0.029402768475340693 -0.005956274505553911 6.0833147326858406
4.210245298716467 0.4451432154887966 0.029390522809256702 -0.006016408313816588 6.081269132380782
6.819802123906656 0.4531069053702498 0.029393295636363607 -0.006002846960678576 6.08173052986247
2.262511536316661 2.9666710595860066 0.029488103629759323 -0.005518309915234466 6.098188226683376
2.148922254174822 0.7658699625474227 0.029439469295422568 -0.0057721441080305505 6.089573155325746
2.9267857282661374 3.4709716257778145 0.029450279672303174 -0.005716732215446716 6.091455040618237
0.6614588269156038 0.9041998929585666 0.029421779995855733 -0.005861643274327027 6.086532136033713
2.996932186651496 1.1543315709264685 0.029402800963701098 -0.005956114126591062 6.083320187235959
5.660383444196857 4.654186003894948 0.029433946323408934 -0.005800241704505225 6.088618646604074
1.244877654594609 0.27230426514611433 0.029494009227562002 -0.005486658334951 6.099261486887593
3.4820654938266165 2.0857603430977494 0.02939626261118939 -0.005988300634903747 6.08222539071571
1.3672556841541796 6.5801435409245 0.02949662053894044 -0.005472602377457813 6.099738035698237
3.7748509773834575 6.735647494169616 0.02939254190227452 -0.0060065364831187375 6.081605005668555
3.00404016847623 4.860788250709237 0.0294778321774327 -0.00557291755897333 6.096336051274637
0.5822156745083551 3.3559049771913774 0.029497678494692356 -0.005466897056261817 6.099931455105592
6.230254498377044 3.6804259025041435 0.029405200972157243 -0.00594425401434382 6.0837235375180985
4.806921585655774 2.214946320388677 0.02933883039053911 -0.006263627648190662 6.072850246058721
0.06633376581537817 6.182602268233275 0.029474669259621927 -0.005589621815105047 6.0957693490897435
3.477408470999449 1.2059488971889407 0.029392912438833147 -0.006004723004692842 6.081666703870795
5.578370800759865 6.764396960606173 0.029374195384565465 -0.0060956251122729725 6.078573067363978
5.318881850748207 5.848294225582539 0.029388497737896438 -0.006026292451387994 6.08093281723343
4.946935739605768 3.282060355024661 0.02936071637414026 -0.006160221911367479 6.076373463376652
0.442094813741043 2.653110571687188 0.0294247355655725 -0.00584678859683954 6.087036997775492
1.104664466218278 1.8336566037842315 0.029396581422494197 -0.005986735393406747 6.08227863670244
4.190052158378662 1.3368771569624611 0.029374161215247052 -0.006095789768411943 6.078567461891808
1.1482705725281925 1.7973134553625292 0.029396581422494197 -0.005986735393406747 6.08227863670244
3.0410344670912637 4.648922016222839 0.02946989404405782 -0.005614743541071602 6.0949169643052095
3.3992051143794484 1.061714686948941 0.029392912438833147 -0.006004723004692842 6.081666703870795
3.5796911967649176 6.958316246711704 0.02941455586524885 -0.005897787996372399 6.085303483128348
0.22965537204291844 0.017985371668017613 0.0294124752777981 -0.0059081552140169335 6.084951018714089
5.720412019987231 0.47766964806214396 0.029331753651881187 -0.006296683865762569 6.071723404912903
5.821507085261906 5.6292050308112955 0.02939936341699335 -0.0059730587369917106 6.082743861173471
2.544233874059638 6.117656913762236 0.029563045014866556 -0.005101604595514411 6.112301361232928
3.351468156464059 1.6736080615727982 0.0293924159423392 -0.006007152825800611 6.081584036267387
2.7979875936829814 5.02743979737672 0.02949866945173237 -0.0054615474526393554 6.100112808826424
3.545577998225839 5.779867466598947 0.029410801257968307 -0.005916482854220905 6.084667877731853
1.7265369777106483 0.8691612285597562 0.029447368622695022 -0.005731708401438142 6.090946491088597
3.19272674251684 1.5978267950319422 0.029403512865612328 -0.005952598689796784 6.083439747077791
0.13870867865229808 5.3517820514025365 0.029508179847803045 -0.00540992810208326 6.10186241376216
3.8727111565786116 2.10034298578536 0.02936899791053593 -0.006120617757296742 6.077722155382049
1.9964023882993736 6.118449934438351 0.029562426993322004 -0.005105184645486044 6.112180261143722
1.249393924799557 6.7833921770508425 0.02949662053894044 -0.005472602377457813 6.099738035698237
4.0029547597284925 2.8047164101493123 0.02939272312674677 -0.006005649606362792 6.081635179105911
1.6766681297111736 0.6359733551164493 0.029447368622695022 -0.005731708401438142 6.090946491088597
3.678174460430987 3.361568573811497 0.029420613676022667 -0.005867494433421133 6.086333260403077
3.0488657343490404 4.952502685014489 0.029473978050855377 -0.005593265402043369 6.095645730072178
0.959982164922194 1.7613961051369174 0.029387977175889316 -0.006028830525848999 6.0808464536172675
2.2583280372435652 1.3650719843355743 0.029420042087213827 -0.005870359749331135 6.08623586801781
6.528266200139407 1.0958009994357898 0.02932362424779619 -0.006334434542566474 6.070436202513283
3.6544980961883566 4.505936341775988 0.029438284972971067 -0.005778181188760501 6.089368083621371
4.766989797342052 6.797113833628226 0.029371355618612486 -0.006109293668256641 6.078107719588577
0.8829873804753815 3.942777710952679 0.029518552604809276 -0.005353041389444632 6.1037899029746825
2.2614991495532353 3.282298290895846 0.029499025435956897 -0.005459624376160677 6.100178000406592
5.095198568742771 4.181837589597718 0.02936423450900479 -0.0061434299621768405 6.076945348017864
3.8654408725672846 0.3374129219810203 0.029390522809256702 -0.006016408313816588 6.081269132380782
1.6254114943615925 1.4737867291060427 0.0294099932461008 -0.0059204980588043 6.084531354428793
6.978900857959878 0.5419666176374476 0.02938574424314615 -0.006039704899778029 6.0804764115800305
3.9484793229248636 5.593994997964833 0.029382601837056536 -0.0060549739293411994 6.079956777108822
6.031285735149041 6.651483665747023 0.029380938990633036 -0.006063037524929182 6.079682334982844
0.28570616377620384 5.640034524378427 0.029492910996114886 -0.0054925586911061305 6.099061430464472
4.497598400435976 1.22528085228546 0.029357383089964023 -0.006176087605361047 6.075833061226302
5.5049166134482075 5.96199478987254 0.029388497737896438 -0.006026292451387994 6.08093281723343
2.7190013686073877 3.4892319806068786 0.029469476209724278 -0.005616936168810778 6.0948425614831665
2.7497804968136133 5.665120149490293 0.029542801041853237 -0.005217557532167261 6.108377797131001
6.103614798144705 2.742365827624985 0.029336917250237647 -0.0062725821041026445 6.072545027763172
4.352327607133774 2.356330612414536 0.029369238670786446 -0.006119462386385089 6.077761495034676
6.103550142608203 5.585411994817107 0.029454147137716474 -0.005696772453745056 6.092132740479475
5.112504867138381 6.705848848935335 0.029371355618612486 -0.006109293668256641 6.078107719588577
3.970319281514371 0.7789314760046 0.029381409209332156 -0.006060758440473564 6.079759904532881
1.1663403087427224 2.796358062831644 0.02948555918569501 -0.005531889325255575 6.097727702132828
2.9418959975128662 1.0491722798955079 0.029402419438441997 -0.005957997244538489 6.083256141291265
6.7287892058408225 5.547359251216701 0.029491944823905335 -0.005497744128615234 6.0988856077919005
2.831534723196664 0.22217940173492062 0.029440826604982977 -0.005765217152486675 6.089808444751724
2.75826670321551 5.93636440611543 0.029551884804117603 -0.00516585951455932 6.110127463913356
5.967830031243816 1.7890059186791571 0.02930557280919489 -0.0064174295730438004 6.067605020126161
0.8673523080960378 3.233067343481397 0.029480258281688026 -0.005560069392099741 6.096771891939427
0.22833303694871784 1.8284046552038673 0.029354338987169055 -0.0061905397685796965 6.075340751942381
2.8222449163448573 0.1789464276321997 0.029443074162016566 -0.005753727825505154 6.09019868135922
0.24968740556126195 6.4552404759460345 0.02947438114212264 -0.005591140875428306 6.09571781101364
1.7714440975034365 1.3106678875704993 0.029422834168374216 -0.0058563495029199586 6.086712059769062
6.808854427950846 6.945209992292285 0.02941783239380414 -0.005881423063345103 6.085859807054318
0.10679948098690584 2.553264139306496 0.029415216311565982 -0.005894493137139307 6.085415496454517
6.825704538631381 0.9540306389257885 0.029337562787276353 -0.006269562161954985 6.072647966626646
4.428905329511469 3.6568889177603716 0.02937550474154733 -0.0060893120448315295 6.078787981394299
2.737058125371036 5.660255313799889 0.029542801041853237 -0.005217557532167258 6.108377797131001
1.996746583198652 4.628661380280404 0.029537919198217185 -0.0052451243492974125 6.107444605557927
1.0269205077976635 3.9367024755064848 0.029529943271003875 -0.005289844081945419 6.1059304243353685
5.157069212829251 6.092942174525479 0.029379635586714577 -0.00606935027757126 6.07946747143996
2.0409734555201715 2.807677419612115 0.02948697138690033 -0.005524356833887647 6.097983159758737
3.0583702289247916 4.503885264570869 0.02946257569570598 -0.005653019845604217 6.093617975841993
4.181116646667968 2.960987658258045 0.02938971325788125 -0.006020361668497922 6.0811346193219755
2.864610255828857 0.15069308100305848 0.029439221371874984 -0.0057734084402317285 6.08953020830411
4.848562623550711 3.9391736785479945 0.029363681189370928 -0.006146074113528384 6.076855300505763
6.531355144788522 6.950264179313443 0.029403320748582772 -0.005953547594162813 6.083407475169659
3.6979140277074523 2.2736218407192705 0.02939510747717282 -0.005993968335373366 6.082032583490991
2.1725395414997823 6.514246322320662 0.0295656339692257 -0.005086579203921556 6.112809588087564
6.983365724351036 1.502488397438775 0.029319070996443652 -0.006355476056559152 6.069718584982164
3.9327426133630583 1.169915148497309 0.02936863584643035 -0.006122354818186075 6.077663008944656
6.784895062979088 0.2629282206714242 0.029394435569520747 -0.005997262504617701 6.081920516988339
2.8210099810735634 0.3212474437187628 0.029443074162016566 -0.005753727825505157 6.09019868135922
1.0368775071911709 2.9486156928774316 0.02948604268518963 -0.005529311599754076 6.097815124736864
4.044334049550636 0.6866381324630323 0.02938297680658978 -0.0060531540525090854 6.080018713938971
5.896947741308269 1.7637820519024723 0.02930557280919489 -0.0064174295730438004 6.067605020126161
2.9725633393399327 5.09296120781308 0.029473978050855377 -0.005593265402043373 6.095645730072177
0.9299014327750342 5.313391435276161 0.029526885638794968 -0.005306884629754391 6.105353334516947
3.9809905605623275 3.012992057400015 0.029392089753525683 -0.0060087486152018916 6.081529743409703
6.616502543645987 1.723599725255677 0.029319070996443652 -0.006355476056559152 6.069718584982164
5.278317460911565 0.1307165616828296 0.02935503425403415 -0.006187242030540077 6.075453093050933
5.931105836261585 2.01119227587014 0.029307699033797846 -0.006407712333143933 6.067936591441165
1.2126917435689646 2.181238566530267 0.029418065870677485 -0.005880255132941132 6.085899508340038
1.529999157413366 4.304748371274767 0.02954321192061452 -0.005215230523539688 6.108456563949397
5.929544550697907 2.588667653102293 0.02932560657598184 -0.006325250900219734 6.0707493743023315
2.523622032561293 2.7443511575112005 0.029459267179397678 -0.00567023608440273 6.093033600423014
3.611020862642655 3.265906557095459 0.029420613676022667 -0.005867494433421133 6.086333260403077
6.03616704750369 5.567641245217808 0.02941104463716953 -0.005915272888922484 6.084709017729411
0.9148614439314016 6.783774040683413 0.02947381663124636 -0.005594115943352034 6.09561687262931
1.984749004618124 0.7121513316936324 0.029441841664642428 -0.005760031197322203 6.089984590137233
6.061858472017281 3.811354359211644 0.029411880876927504 -0.005911113539886217 6.084850437048257
6.536110086239497 4.393296837746974 0.029479388039096985 -0.005564681557856258 6.0966154403310835
2.5290193993925625 5.888619866332081 0.029548754277860165 -0.005183736164837131 6.109522507689183
2.717055631987446 3.120260318486764 0.029465666681196215 -0.005636886288780623 6.09416554202655
1.0160849612239975 6.7480094930267125 0.029499753656132967 -0.005455688245076824 6.100311431339862
0.21572488870352338 5.651423498607501 0.029495604761129342 -0.005478074458716667 6.099552516972157
0.1903433915106835 4.736637489403997 0.029520282340954863 -0.005343494222913346 6.1041133228543885
2.0094398792402646 3.5769959558537954 0.029502048500314352 -0.005443265039027553 6.100732544099528
5.276246692224837 5.615981481803839 0.02938931501130009 -0.006022305469383907 6.081068480056237
5.726356663541843 6.285006124821054 0.0293922908479514 -0.006007764868021405 6.081563213088905
3.4680375406738477 6.110501231696649 0.029394710412225182 -0.005995915258025282 6.081966350162803
5.670734393531805 5.19700836939829 0.029413798910552083 -0.005901561966937643 6.085175178654274
5.573673804906247 3.794696443905513 0.029372403664386915 -0.006104252859794564 6.078279339808707
0.9917533564985931 6.649386355419699 0.029499753656132967 -0.005455688245076824 6.100311431339862
5.018039172294537 3.2775784008325695 0.029357753519526388 -0.006174326545197935 6.075893047807761
1.7106894336273968 2.66185833675782 0.029469913384812637 -0.005614642027025487 6.0949204089736115
1.290032163129892 2.442147287941593 0.029450613182585034 -0.0057150138381064745 6.091513388709631
5.554892295220409 1.0929760944847442 0.029309566000714257 -0.006399167199704555 6.068228148318608
3.7225505607660248 1.3167369046111874 0.029389616733737543 -0.006020832853020772 6.081118587001671
5.598210155639703 1.3094847817799122 0.029309566000714257 -0.006399167199704555 6.068228148318608
6.26031314485353 0.3366558593496259 0.02937673631263168 -0.006083367785865586 6.078990331426877
1.600959646349183 4.150641606547575 0.029531065945439052 -0.005283573045404946 6.10614278225475
4.645661676864118 3.7963382840873328 0.029372412172543678 -0.006104211920158734 6.078280733621429
1.541698391419342 3.941556217884963 0.029528643963706087 -0.005297092189558726 6.1056849695110555
3.189320863288278 0.009331962332375517 0.029437077514098384 -0.005784329470989979 6.08915922606373
6.623345890896341 0.5410218302260342 0.029392900502872313 -0.0060047814305142335 6.08166471611836
6.580730761681772 3.1572310315927212 0.02942904797510855 -0.0058250438005872 6.087775940761132
1.357762820978301 5.098933990698374 0.029550564587691036 -0.005173406281039643 6.109872084770293
0.757542117535963 1.5369128200844993 0.029390800436574698 -0.006015051928075136 6.081315282608994
6.9427578345315135 6.135958624488008 0.029473568378223007 -0.00559542376002147 6.09557250029052
0.004079719936556536 1.755274452575943 0.029319070996443652 -0.006355476056559152 6.069718584982164
4.480947448241309 5.632510707121531 0.02938044008757151 -0.006065454662316838 6.079600065389305
5.891211255422924 0.4847845411608414 0.029334913636676584 -0.00628194571201679 6.072225841956522
6.01468222829536 6.1893279388611715 0.029392300496054114 -0.006007717665607876 6.081564819034015
6.131604731818524 5.410472063695795 0.029466492593420636 -0.005632567286938243 6.094312117407049
6.355698802813064 1.629649497120621 0.0293128693076958 -0.006384018558082776 6.068744968925084
5.783218975386547 2.168742332409815 0.029306818110152105 -0.006411740189563244 6.0677991559862905
5.679351325740783 0.5768578341724824 0.029334913636676584 -0.00628194571201679 6.072225841956522
6.496283771041067 0.09004603957929869 0.029385319580014033 -0.006041770699095084 6.080406111701763
1.8677220606856586 4.56185118504643 0.029541938321394023 -0.00522244006331822 6.1082125249746895
1.3502454025028108 5.79050153563708 0.029536388538062827 -0.005253736967967734 6.1071530196235555
6.585538308577248 4.397357136921502 0.02950567393963085 -0.005423578649580813 6.101399791974969
0.5157579794461845 1.1932544926442468 0.029391024674574058 -0.006013956150370484 6.0813525654835034
0.7793862221771352 1.0509223563423133 0.029391024674574058 -0.006013956150370484 6.0813525654835034
0.36898288187580963 3.386154223721108 0.029482902038561572 -0.005546033482100678 6.097247982761482
3.697628890645447 2.6852754447871225 0.02939924150792308 -0.005973658741409032 6.082723452375743
2.1819089386742005 0.936828427965739 0.029422509425354647 -0.005857980805270443 6.086656616049969
5.955489663605836 2.3148924825444417 0.029306818110152105 -0.006411740189563241 6.0677991559862905
4.45251591833438 2.1230388488731533 0.029344357132809924 -0.006237684222698946 6.07373443196942
2.306756031065572 0.8594108698787635 0.029435929270517115 -0.005790169944061546 6.088960816864969
0.5733413868349917 4.943616933028027 0.029544267887194664 -0.005209245147780825 6.108659157654793
6.746570216041514 6.157489449958009 0.029473568378223007 -0.00559542376002147 6.09557250029052
6.822423678171788 5.488961904928957 0.029494266910035243 -0.005485272959443332 6.099308458102828
0.454914621245469 4.576027529848322 0.029535948402230283 -0.005256210800642454 6.107069263577954
0.9693769724303406 2.1381675555883275 0.029418251575341885 -0.005879326003029144 6.085931091890887
3.2886495551337362 3.7444942637728293 0.029443244607633 -0.005752855549645787 6.090228307115338
0.08126133543187701 0.7310002327497781 0.02939782052811772 -0.005980647807435249 6.082485717164109
0.7566378832899276 6.299957117036002 0.02949819352702723 -0.005464117370815583 6.100025688323915
6.055580291854348 2.5181550818964613 0.02932560657598184 -0.006325250900219734 6.0707493743023315
3.208737213750768 4.021116405820607 0.029443244607633 -0.005752855549645787 6.090228307115338
4.568936270105651 2.912572007366359 0.029370400602483644 -0.006113883254497775 6.077951456428364
5.666993701141842 6.143716117051055 0.0293922908479514 -0.006007764868021405 6.081563213088905
6.371678641984802 6.313823316886003 0.029426245384791477 -0.005839185093318958 6.08729539630532
1.450702108724267 1.7770146284770854 0.029409415240159446 -0.005923368571334837 6.084433750165094
1.28374575595999 4.096015016495823 0.029533442787887724 -0.005270271064619224 6.106593204372739
3.2276501537667475 1.9294669795721098 0.02940882269108267 -0.005926309806655478 6.08433373916777
5.553067218164837 5.886339472703839 0.02938931501130009 -0.006022305469383907 6.081068480056237
1.510652558661108 6.818153263540212 0.029552696388301245 -0.0051612146032582636 6.110284639929082
5.080548884931563 5.407783094513167 0.029389164728766112 -0.0060230388132113035 6.081043527256144
1.8038936840181943 5.185329929865978 0.029559833589925335 -0.005120179502314534 6.11167301205145
2.6022061907565353 0.40397722312805295 0.029445532811521506 -0.005741132070037264 6.090626463774975
1.3376949652245362 2.8015834117639566 0.02948604268518963 -0.005529311599754076 6.097815124736864
5.797553434390326 0.3778583538999661 0.02937456602452801 -0.006093838763098726 6.07863388053283
6.89817873819369 5.440342383173175 0.029494266910035243 -0.005485272959443329 6.099308458102828
1.1866416720133273 1.6102175434837034 0.029401355754794557 -0.005963244065104908 6.083077689464481
5.2272417743985855 4.759979222797756 0.02943245818717919 -0.005807788310531699 6.088362248882898
0.07769604828960201 5.610164738830982 0.029503598217371557 -0.005434858988778807 6.101017467684286
4.415303474814052 1.5587536148930432 0.02934224386876007 -0.006247617525602215 6.07339591167215
0.6439532476288875 6.795614962074632 0.02947381663124636 -0.005594115943352034 6.09561687262931
0.3878755808778096 3.5677460191611083 0.029482902038561572 -0.005546033482100681 6.097247982761482
5.316843375516036 3.095922395171407 0.029319473489080497 -0.006353618994172202 6.069781924289188
4.6747848988415095 1.4125634525705688 0.029338299991198007 -0.006266111523622191 6.072765583587537
5.728689192349529 5.022435202315194 0.029446010762912846 -0.005738680174954932 6.0907097319296915
4.724144685375197 4.049903183024863 0.02936542647986788 -0.006137729845429357 6.077139461746212
4.069100108441056 3.149700025914835 0.029387088248533647 -0.006033162045966907 6.080699060498135
6.91308986069641 2.8198267633912324 0.02942904797510855 -0.0058250438005872 6.087775940761132
5.635421956633498 1.0781950998245484 0.02931608610046714 -0.006369230389144139 6.0692494353110895
1.4394223886485566 3.7933203355213534 0.029523528818980585 -0.005325527774298309 6.104721903083462
0.4167716623026262 4.440344368361787 0.029535948402230283 -0.005256210800642454 6.107069263577954
0.31038416761709176 3.0529521126706705 0.02946251585348926 -0.0056533317241157805 6.093607390249222
4.524880775562413 6.183574049253505 0.02937562350738182 -0.006088739077391687 6.07880748629427
0.5415676247391907 3.3246729999940627 0.02950282411772067 -0.0054390595766951825 6.100875090372019
1.25667701017305 4.634177455938914 0.02954037107991552 -0.005231297779795245 6.107912681705175
1.7101228825576535 3.0108858775151397 0.02949273719456754 -0.005493491856021283 6.099029790058926
0.5660537366805424 4.833627851443202 0.029548011089697766 -0.005187970763516095 6.109379197014043
0.3171060882005021 5.671713070610982 0.029503598217371557 -0.005434858988778807 6.101017467684286
2.519924207128063 6.515655873229605 0.029559590513808364 -0.005121582631957681 6.111625544415756
4.0526427202384765 5.801553659947499 0.02938050382979273 -0.006065145893342927 6.0796105747158515
3.2445298568142755 3.002437913246738 0.02943388129353906 -0.005800571695777172 6.088607435343685
5.64165989237103 2.90136051092072 0.029347060528374186 -0.006224952878853114 6.074168272014642
4.527396006016512 5.860959962605083 0.02938092506603306 -0.00606310500190704 6.07968003835802
0.23345894948475882 0.23762792719565842 0.029428244436621457 -0.0058291019358438344 6.087638043311761
1.4846853468023022 2.5034089439723632 0.029479700123208254 -0.005563028010509663 6.096671531678413
6.203895189313709 2.905678894639359 0.02938555339701001 -0.006040633373370159 6.080444815422405
1.3019285561716178 3.6746751251001695 0.029513034897463923 -0.005383379156354916 6.10276205447787
1.7101340560379543 3.4118836082723973 0.029503499121684394 -0.005435396910692732 6.100999235236388
6.98222972810351 1.6470325344145609 0.02932048757377683 -0.006348937583249528 6.0699415905245635
1.2953316543756725 2.4505150255374173 0.02944611475473703 -0.005738146551880507 6.090727853981484
5.445882965518032 6.424860651880264 0.029382243797305963 -0.006056711107166593 6.079897654080211
4.611133784158298 4.77306887553211 0.029391103453186386 -0.006013571135697585 6.08136566520225
6.53580808050084 2.137172232425991 0.029321523591699417 -0.006344151185258303 6.0701048317874555
2.8649965613031436 2.7679162267186013 0.02942151058224442 -0.005862995399868537 6.086486179204039
2.583385087852872 1.7189046949412194 0.029412779498448883 -0.005906640515185012 6.085002516963858
2.3928575537408787 0.4329194064030796 0.029445532811521506 -0.005741132070037264 6.090626463774975
5.616513056252606 5.661356092266848 0.029390554590531623 -0.006016253058256473 6.081274414882123
6.87250072516568 5.530536454540589 0.029494266910035243 -0.005485272959443329 6.099308458102828
5.974660264542964 2.5314932496726215 0.029327693346343452 -0.0063155683024445144 6.0710795380851055
5.488194578363772 6.028854446549074 0.029390554590531623 -0.006016253058256473 6.081274414882123
2.4287753348392984 2.9065652129539843 0.029462693487613767 -0.005652405899696278 6.093638813961748
4.352826848020401 3.4095141822511263 0.029369330110903882 -0.006119023519872646 6.077776438078796
4.665386782927873 3.789768613896702 0.029372412172543678 -0.0061042119201587305 6.078280733621429
1.2088325494646086 0.21883909382011432 0.029494009227562002 -0.005486658334951004 6.099261486887593
2.7626925581182697 1.0663700993820076 0.029412385111308035 -0.0059086040706841664 6.084935757932703
4.3380907066293295 5.961533873984519 0.02938092506603306 -0.00606310500190704 6.07968003835802
6.663821537684274 3.7793223925185537 0.02947198360890635 -0.00560376499831636 6.095289485272151
3.2306235122535534 3.569870687218829 0.029436711349745116 -0.005786192609288686 6.08909593343949
3.9700915490607787 4.8909896926802725 0.02939520958886261 -0.005993467546157197 6.08204961994329
6.312552162628324 4.636782746594298 0.029479388039096985 -0.005564681557856258 6.0966154403310835
5.494430087528933 1.2686211705609511 0.029309566000714257 -0.006399167199704555 6.068228148318608
2.115449599019876 1.5134154517128742 0.02941785193347084 -0.005881325328562067 6.085863129350443
1.044535762428769 1.77691716888992 0.029401355754794557 -0.005963244065104908 6.083077689464481
3.1180832618411856 4.584125533975386 0.0294592928432183 -0.005670102748408269 6.0930381265347995
4.144301438548787 4.277334670053378 0.0293884780864948 -0.006026388284836523 6.0809295563154535
4.22971855824364 4.059193788723577 0.029373845436496116 -0.006097311233063002 6.078515665593093
1.5054560756065274 0.0611908946356931 0.02948986062646685 -0.005508912799415157 6.09850689199705
0.8133364240994427 5.202070670895185 0.029543218322810094 -0.005215194256284029 6.108457791549558
0.7362276150272397 3.87959302309639 0.029523508339398603 -0.005325641307247526 6.104718057574705
3.9661679865231987 2.1881711776082455 0.029358962452957462 -0.006168575498916584 6.076088939085661
6.511551626379149 1.411907882284701 0.029315967299434628 -0.006369777178087119 6.069230783774557
4.522179059766383 3.0804206128986795 0.029365588135304658 -0.006136956368400728 6.0771658013909
3.8227687106948407 5.843372083700631 0.02938050382979273 -0.006065145893342929 6.0796105747158515
4.720251617437727 6.744151617931208 0.02937071935066452 -0.006112351824339022 6.078003598102191
6.990723856445445 0.42889716898579994 0.029400992314823345 -0.005965035700119356 6.083016751931451
6.706893423505275 3.6151691441956193 0.029447133668333354 -0.005732915376953335 6.090905503374359
0.7145692852998778 1.9367966866206063 0.029403382369817255 -0.0059532432517342745 6.0834178257729885
2.09115827881482 5.3337126243661315 0.029543821836731207 -0.005211774292837724 6.108573551737689
5.67336374681725 6.572111405067181 0.029387254041876504 -0.006032354422463338 6.080726542677332
3.318380381908094 3.607170635535506 0.029411254685649472 -0.005914228421008261 6.084744530381115
5.584415029268837 3.334537108324761 0.029343924284668695 -0.006239720152028515 6.073665050850069
3.2304335861887847 1.3890000757666197 0.029399253929026672 -0.005973597610871516 6.082725531698932
2.125018107511778 6.515438843158692 0.029566882362856883 -0.005079317605838651 6.113055192316738
2.95152914741902 5.436642335469571 0.02947478750923737 -0.005588998236294646 6.095790505478439
0.4307110525479695 0.08941925422410643 0.029433562465674322 -0.005802189291917991 6.088552478102905