300

4.919280422991092 0.22503292894208524 0.005423267909962135 -0.02950573105647062 4.894163964078705
3.9769741024032403 6.799624158025668 0.004156038541885325 -0.029710727753428787 4.851370592075015
2.2618900677330434 4.962513967600217 -0.00840578985497128 -0.02879831066076727 4.428393828649755
2.769677153121097 1.1774452996626787 -0.014467797723720572 0.0262808452874999 2.0740289519036774
6.693386589444224 0.48526193606262835 -0.027003941031943285 -0.01306855649042119 3.592317993308884
1.2634756241332705 6.813526027998313 -0.01564691960298806 -0.02559636511182062 4.163705997257225
0.603825532423189 3.377973604630564 0.02836367401271676 0.009772512292155791 0.33180532123216133
1.5110016509493747 1.2037759369556673 0.014502202798935921 -0.026261875675178552 5.216931209170926
0.06520034626686444 3.3702560130311525 0.025196697495144006 -0.01628270356354262 5.709469348034712
0.8933746160217392 3.313574764170907 5.86370733802931E-4 0.02999426894195855 1.5512493909342353
5.804499516989046 0.968871804831496 -0.027450682698717137 -0.012102066739790834 3.5568246515573465
0.1724388346437529 4.7210100723478545 -0.02999934698639348 1.979403697183804E-4 3.1349945933921877
6.943288539295082 3.439165141596317 0.028333809272850344 0.00985876524163851 0.33484788601444193
1.7548002376303997 4.978764727982078 0.010405184745251702 0.02813773499088335 1.2165970148966814
4.453887006456775 4.935768916186855 -0.02963605760490697 -0.004658764818987496 3.2975158485436453
2.6479021537238143 1.5116186602627508 0.0026751027616064385 0.029880492385749694 1.4815076401363312
6.957739769697105 3.280331889421947 0.026803619507840677 -0.01347464215773104 5.817366253727186
6.787097028659963 3.24210851300014 0.02874768616322262 -0.008577327104690514 5.993228429134608
3.179460339244655 1.8226963974354011 0.029043729638346852 0.007514104650230302 0.2531658596082873
0.898246285551396 6.847370080312358 0.007686610927445688 -0.028998551902639422 4.971498981563825
5.47828748331237 5.168732848050141 -0.026678716702999337 0.013720279701270823 2.666587920013218
3.8302258288149953 5.897043308577115 0.021604168440656036 0.02081489625214985 0.7667937662894078
0.5200016973401526 5.197461815973193 0.019297813734241526 -0.022969422828589294 5.411138100541398
6.4784758599753385 3.281527797916217 0.029172235973620352 0.006998617599169899 0.23545684890006724
6.169708213277783 2.031454806911979 -0.01320983927434599 0.026935109918950508 2.0267602629791934
5.286016659674318 2.8882456605042233 -0.02591895543723118 -0.015106546562428633 3.669297286320885
1.0222828715129595 2.9516348526296556 0.02903032263652055 -0.007565736422815866 6.0282413123470775
2.564782979898338 5.848564157399555 -0.025544157434395504 -0.01573200626006794 3.6936031967159533
5.954886913872866 0.02274403072331216 -0.020979519424782513 0.021444341088155943 2.3452383193276463
0.23328767131202338 1.8565287173501064 0.009856735938959985 0.028334515288418374 1.2360200611325074
5.742266184377289 5.337536121280534 0.029990858194312933 -7.405570664119513E-4 6.258497563908776
1.1265149589251402 2.0069535514470602 -0.024284747843866812 -0.01761394396947504 3.769103296586772
6.422727083443048 4.984282475561049 -0.019514972519916317 -0.022785211158707987 4.004147612724392
1.7215678212024486 2.6194347434398515 -0.029973162545233138 -0.0012686713668374897 3.183894314002358
6.515060626855478 3.9117882600246148 0.010570345302133877 0.02807610728348316 1.2107208792345625
4.929435767578057 5.94303308784696 0.011643503078560307 0.027648306205978634 1.1722090289701168
2.6002991599736744 1.7774558753715146 -0.029969562507224486 0.0013510451974542835 3.096542576961856
3.002460436278554 5.692050358015132 -0.02334819433053257 -0.01883777644796983 3.8204779643390756
5.587367341202262 0.05692683171013415 -0.0012549042237172744 0.029973742098531785 1.612638675989977
6.734061830206372 4.108199442088294 0.026739961402958902 -0.013600531760496287 5.812663939513094
0.036609836034852336 2.0125095234129318 0.022098876121617924 0.020288905198688888 0.7427237883980468
6.768337658623115 3.325844842763065 0.014227849842775966 -0.02641151810955629 5.206514167264296
4.769081341194526 4.884158222816487 -0.02893249996028663 0.007931610558267108 2.8740243847877434
4.766875118285573 2.3675217014939984 -0.01835077434773092 -0.023732869207886788 4.054190744038491
4.634126299084 2.396231640842055 0.02969854312480011 -0.004242232462323122 6.1413019982058135
1.7007842586737398 5.696571738497217 0.02111874935973828 -0.02130723880470095 5.493344390343092
3.098925353060998 6.78200886473166 -7.089719830552163E-4 0.029991621475459487 1.5944309265274157
2.1631233594595436 6.81889267534138 0.023044109001753545 -0.01920856684699046 5.588315340471292
1.5225367768976794 5.925200171629342 0.018703013592986296 -0.023456284499906836 5.3855157617817095
1.6306676621859426 1.6023994109709316 0.009002904471099544 0.02861726246663464 1.2660021807258797
4.88269509289516 5.412610950824404 0.005974444783865907 -0.029399081780296085 4.912877572088936
3.3445253876336336 5.171278466770893 -0.029899522005667027 0.0024532802189381284 3.059725227258801
3.820733389632639 3.9838899985758944 -0.00435939960160526 -0.029681570630839666 4.566559333830462
2.7256112645443946 0.14034438439937552 0.014914871676318449 0.02602972537079394 1.0504710543603146
4.674880207460478 4.6685941852418456 -0.02974083552680434 -0.003934806496839789 3.273131869767477
3.4085274082324646 5.712266720272869 -0.020998360339745333 -0.02142589235112998 3.9370680136902307
4.436881504148213 3.783477111418446 -0.0013678085350313847 0.02996880210838423 1.616405755925944
2.035115852705477 2.7460983059448996 0.029939374031163465 -0.0019062745400635376 6.219599984272946
2.7115773078625973 0.30014395527212945 0.02040678878551376 -0.021990065290112937 5.460460291410113
6.507095543440271 4.390527439365287 0.010812886576108738 0.027983593119758714 1.2020679696073104
0.6939564275497411 0.5601874321551548 -0.021751243937122227 -0.02066115648234153 3.9012943814466925
0.948689901092879 3.921941525645704 0.029779877391794846 -0.0036275201625443694 6.161971357256661
5.198501959303459 4.60958951328006 0.019850651120994867 0.022493369024504647 0.8477279725074169
1.6893370468295485 4.5257786134615285 0.009299697305974068 0.02852219539266321 1.2556139069506242
2.0424457556207316 0.6214620431639701 -0.008458534871849865 0.02878286274542023 1.8566235010123937
4.972095808803436 3.9205255367624683 -0.02777047008118755 -0.011349052448106274 3.529553666265537
2.3256383474646225 6.354667637932788 0.02976447186288448 0.0037518281841734083 0.1253892526206588
5.990424855136358 2.8868024761179507 -0.02016430581044651 -0.022212626390924445 3.97528897149247
6.7275418972054695 0.015709520439832102 -0.023622365874655313 -0.01849280483009325 3.8057893843468795
6.504835517566211 4.368752568089088 0.02998227616081988 -0.0010310752719039455 6.248809361474635
3.707502368427242 6.993032727174954 -0.028805799742053825 0.008380089571161617 2.8584898090851825
2.4176909051826723 0.7002628714560397 0.014299713924150808 0.026372678697611424 1.0739482023195919
3.0223672948998326 4.029027832941823 -0.015644494120773716 -0.025597847638133105 4.163800753366646
5.751679741939934 0.6459288665520925 -0.026007168119962225 -0.01495417020031605 3.6634283358082906
4.537849210589269 4.908055419691292 0.029832823768155062 0.0031626928428480643 0.10561935714489712
0.31143296406259446 3.179265756649252 0.025605779660584454 -0.015631508179750266 5.7351043075370285
5.613960701674052 3.05992556852292 0.02368658462404264 -0.018410478235180817 5.622468954276692
5.200185627949833 6.447154062490447 0.029999523449243344 -1.6909411077471972E-4 6.277548806975082
3.6424185469205583 1.8773674772666171 -0.02869327912154336 0.0087576100194747 2.8453586413802037
2.5424696360620507 5.900651134950259 0.004026581388271012 -0.029728549280508616 4.847014652521956
2.431172699434109 1.2859123765052503 0.02981621275565561 0.003315638235616146 0.11074752237606733
2.7516860952031745 1.9603282276911342 -7.01771292810836E-4 0.029991790827701276 1.5941908371449247
1.9112579050261893 1.3165648057168395 0.028904513702659985 -0.008032999913652496 6.012111004953423
2.7247568708876346 5.684778176005227 -0.02559684672171934 -0.015646131723362353 3.6902448560884427
2.9289937263124712 4.269992052277533 0.029999894043733263 -7.973308458598893E-5 6.280527534564412
3.916530972128111 2.573403516457265 0.013153880160008503 0.026962482021062797 1.1169088876196884
5.180756259957215 1.890415942418932 -0.008293464085600217 -0.028830859395114452 4.432292049881087
5.93233096090355 6.010108843512654 0.021458534565173756 -0.02096500165311806 5.509420088447625
3.2944045855281625 4.775283434456464 8.340807548253726E-4 -0.02998840291336686 4.740195255324321
4.699093070387491 4.971350385783259 0.005438135370955519 -0.029502994486783243 4.89466787127351
4.464750068911979 0.0617510866931993 -0.012030884372691324 0.02748195446490172 1.983436702334199
0.8453889184786056 4.365645427668644 -0.02846214006101975 -0.00948190820177535 3.4631701738894995
3.086066721851536 0.3913930464619924 -0.022021607912213872 0.020372746132044133 2.395068325180732
3.958281795756683 4.65382248767496 -0.027255361959743336 -0.012535758630548685 3.57267967482731
1.444517268746971 6.350830437936776 0.02603822060771471 -0.014900035824922735 5.763429899782521
6.254187793269301 5.176742725503075 0.029999874019660106 -8.694138555746263E-5 6.280287256937699
5.254967866487327 1.791677052176053 -0.02986847170733995 -0.0028061357536357115 3.2352674508345673
6.576868031874473 1.5028267017273482 0.007902527336143153 -0.02894045717851586 4.978952178040782
4.219213930631462 5.556666718619274 0.010554465710293443 -0.0280820806488807 5.071898897182659
2.663403883732939 6.687153731811714 0.0290437094744933 -0.007514182587695619 6.030016764117991
5.520432869858424 2.1327013050021097 0.022862310527155094 0.019424591562242265 0.7042814225754612
5.464605911189039 5.42219645248791 -0.010177332718621946 0.028220947870942734 1.9169099002173189
3.9957242470353784 2.579391103323675 0.011701862332760818 0.02762365685323204 1.1700973170176727
4.366541874600412 1.916309249685588 0.0060424532282148825 0.029385179240304718 1.3679939043874587
6.566962547243 3.0808207154839975 -0.023712327557087864 0.01837730997250064 2.48227583733194
4.907134726061799 5.4199326479789045 -0.006059577441002011 0.029381652799604373 1.7741815341409826
1.1459261481644982 5.415735892263696 6.252903672882799E-4 -0.029993482824716713 4.733233502065065
2.7945801755079733 2.035668877063519 -0.009056034826760609 0.02860049358344186 1.8774476005829508
3.7755394558838584 5.268993497152887 0.019345419435606775 -0.022929342486439675 5.413212478096773
2.944375323227042 3.0471664195345625 -0.025543075385207746 -0.01573376305483192 3.693671972990037
1.0964870614817581 2.190871377885242 -0.021642742937442568 -0.02077478467141789 3.906531417154074
5.306673977317634 5.297754297570389 -0.021974385590856856 0.020423671998549688 2.392753303302298
3.0382209895254464 0.9888173676891976 0.004108691798180188 -0.029717312323081422 4.849777178136863
0.5785654535692658 2.4428139470764565 0.0243017445137911 -0.017590486451102595 5.65664026245536
4.63172415050588 3.9038492413438606 0.020722457146869072 0.021692850660901503 0.8082725526087179
3.351574087906579 5.5883298903187795 -0.02453067658978598 0.017269797510316265 2.528181683462635
4.374805096715138 0.5896484428131948 0.010088354990938563 0.028252877615860744 1.2278338646453872
1.0022960987746035 1.1399267825351844 -0.0023172064697098587 0.02991037536001069 1.6481135525589166
0.6870926453209907 1.7675760298188683 0.008599415311660261 -0.028741086553879323 5.003114293894155
3.392491697228762 3.444439887345772 -0.028526458189801818 0.009286613114881478 2.8268689366260107
5.7291573574959385 1.8306353787032892 -0.02595558142716559 -0.015043529930763478 3.6668677089414565
6.476386119594207 6.282737667745029 0.022220670184783766 -0.02015544136304293 5.54648429849528
1.2971934452800078 6.1801756295008685 -0.012514505697941786 -0.027265126941501343 4.282081590143105
1.7731375035387305 1.2296525311813862 0.015449945564140323 0.02571573802295203 1.0297907943774633
6.9387876879872055 4.275154427655107 -0.01889945636610812 -0.023298294981941817 4.03085910267658
5.692739509340046 5.528688232859749 0.007111377872942554 0.029144953332407707 1.3314723459363211
4.187198260092441 0.11250182220372462 0.02903674659221324 -0.007541044180986653 6.029091785452363
1.414378195754046 6.953985081377306 -0.02717916533151202 -0.012700117002702571 3.5787184109336017
3.518973860079712 0.8272020261595264 -0.011607377497156424 -0.027663491963931572 4.315107934660272
3.930984481634898 1.0459472533178764 -0.017055363475976644 0.024680246690467294 2.1754924562776017
2.4974839877528408 3.0068041653486457 0.0289464128339617 -0.007880684237162231 6.017376791818097
1.0739656132827227 1.4018586465587326 0.0056975921718249315 -0.0294539885829332 4.903469377470868
3.524569793250437 6.1151122435767675 0.007205587853181273 0.029121804609091216 1.3282386016378536
2.503060881500133 3.6011084693420683 -0.0036113428202125208 -0.02978184351303491 4.591718243172489
6.66332098542249 0.35797261083511295 -0.013598449919550762 0.026741020170993286 2.0412398409559667
6.603547651920318 0.8046942119774197 -0.029713147267930076 0.004138705043162599 3.0031944268848765
0.5270369934554516 3.016506319016157 0.027533722353396167 -0.011911932394288182 5.874869218822444
1.589731694422108 4.94070734575007 0.02863161776622011 -0.008957145978997386 5.979989741979629
2.448621819489896 4.431741689495843 -0.02581050210084763 0.015291107916110595 2.6067524126634014
4.7017161392582105 5.598150604086702 -0.016833248105820518 0.024832272513966375 2.1665204272332717
5.411570494883326 1.0685147918035378 3.555849738163308E-4 -0.029997892581419716 4.724242090396137
3.4425048848154796 1.8534640824386572 0.024985153702690138 0.01660548386687209 0.5865802056497148
3.378462311417656 6.530736368832775 -0.017126934713288074 0.024630633514523492 2.1783953120674617
2.7218369095952806 3.7697226418910414 -0.011118611676381403 -0.027863533056485052 4.332712090398716
3.2660583799715526 5.733427884325111 -0.02918841332755104 0.006930838868422832 2.9084585581575313
3.926527152437576 5.564616803477493 0.0064695144956561645 -0.02929411855971254 4.9297469187424054
5.290864883058506 3.8379580001510427 -0.010936545395152621 0.027935496681100302 1.9439474533054872
4.051519251557117 4.750821269248893 -0.012741301069642217 0.02715988304563799 2.0094379023314737
4.767896134950222 6.291089255486326 0.029842167435572997 -0.003073278826795007 6.180562647556934
1.3490789025719263 0.4943414639451407 0.01084016610056129 0.02797303699837116 1.2010929458350137
3.83287215845752 2.344328019479493 -0.013617260529552965 0.02673144619488962 2.0419434033874264
0.6110007765051416 2.7398702407773947 -0.01808026490821201 -0.023939591075222595 4.065539289285596
0.030347217699411025 5.640736589359801 -0.011392529537212216 -0.027752662408204138 4.322861878827771
6.143265122441435 0.051602448657252345 -0.029877296432740685 0.0027105641239676924 3.0511171305739975
0.3866523708029001 3.200140210828618 0.029995441375545093 -5.229691063891875E-4 6.265752120609328
6.440127099249636 5.35214893964054 0.010719449794482312 0.02801951812761192 1.2054048090381078
6.331005112173731 0.180847485391754 -0.005160415976668025 0.029552835852888117 1.743669970294496
2.670537305632321 5.775539280471645 0.006135572298819463 -0.02936587735052299 4.918361354041747
2.1724901931986635 6.897116130203388 -0.0037332278826013466 -0.029766810537519263 4.587624619424912
3.598559620683416 3.3963741442785467 0.0024269945536126037 -0.02990166713473907 4.793377305011836
0.7136469708135946 0.7998893611812737 0.0069252430324148965 0.029189741501801432 1.337853941292733
1.8765947703266452 6.491813533613847 -0.009381396184180659 0.028495427802288573 1.888844485956812
3.0635673928859806 3.9170737562027487 -0.00447619606415505 -0.029664181579730844 4.5626232033609995
3.300297641927468 1.0563578732411099 0.02245116423735505 0.019898372405483557 0.725191916958709
1.9588940541631767 5.2791378981758905 0.009888784773292017 -0.028323346124840332 5.048296557046627
2.0396679751490883 5.546003816682184 -0.029835493518210816 -0.0031374076121537743 3.24636448459919
1.5223613586960463 1.019688019754952 -0.020838118600132904 0.021581770390929355 2.3386655517346466
3.696735816052585 5.710513952359227 0.012827606510855941 -0.027119227702916728 5.154210614226985
3.823011145188899 4.3855849204257655 0.02003827724892414 -0.022326384501196093 5.443829760540597
3.9588990426913 5.252306084189616 0.007634871901453593 -0.029012216927501323 4.969715208884487
4.070234288370709 4.636777936112467 0.024409617236566847 -0.01744048698759007 5.66279894839664
1.4725640232757848 4.968018708051361 0.006362356741258077 0.0293175786295009 1.3570949157224703
4.234958481136488 1.31681201554202 0.027018647023773195 0.013038125363899207 0.4495987323350874
3.124931041253222 6.9644703517669395 -0.029386836586722028 -0.006034387742372515 3.3441206091211764
0.6769630021387762 0.43335924442499246 0.028402343944094566 0.00965954752984604 0.3278253128659666
2.5527735896587154 5.27788788143611 -0.013200590721649313 -0.0269396437355713 4.256768379509734
4.476656596984238 1.4967380091287947 0.0012326826879319676 -0.02997466419146131 4.753489974266334
0.126398967000837 1.337998170345794 0.02231213743723693 -0.020054139796606835 5.55103381590126
2.1917931780743993 3.035926595004583 0.027052725369226444 -0.012967268413093475 5.836207440826275
3.3034350682223 4.336622189795335 0.027945118317154072 0.010911936686045235 0.37227036642885825
1.1647184779892457 1.5415351935865151 0.001816431988561515 -0.02994495908881711 4.772973769448326
3.8859755491984003 0.8250647377686322 -0.023558936753275524 -0.018573542986063903 3.8092118450533405
5.58563289933555 4.923862390909189 0.029980532155253866 0.0010805978381381697 0.03602772140943622
2.225636065329782 1.4760376270873496 -0.016673674006196303 0.024939699178921415 2.160108241923322
0.8503189793987744 5.868569290167493 0.0053529891780531216 0.029518562073035437 1.3914026913550082
0.19956613359973757 2.3108137626645155 0.015793431769916703 -0.025506224983893357 5.266805988547768
6.083252436104883 3.807531105495892 -0.017646436521120742 0.024261147501840385 2.1996456018868145
6.817494351527346 3.2443762971541563 0.016076477771588025 -0.025328775384128543 5.277941744412356
4.0459910409700806 2.322498262686529 -0.004393110933472899 -0.02967659981072968 4.565423472398333
6.743095441485941 3.2761809090833545 -6.679517801534363E-4 0.029992563085194802 1.5930632261307915
1.2430910243463908 1.9570663509272794 0.024643785025498324 -0.017108005717120407 5.67635463113511
2.5010642735693227 4.763072421200659 -0.020028304134391977 0.022335331506389094 2.3017905000911516
4.227305901300033 3.853355515252575 0.004091719427862933 0.02971965397045613 1.433979233892595
6.148815431151163 4.217468002975394 -0.011730032095375577 0.02761170670280015 1.972515326606002
6.52280651406394 2.91948640811322 0.026859197095369054 0.013363514934032834 0.4616773750284699
4.32963722557816 0.1959549624182414 -0.016839127515910313 -0.024828285975937045 4.116428096058211
0.19829532970793629 0.9840668878330446 0.016757067503066395 0.02488374346230237 0.9781368541885995
3.446613340525483 5.004134505067255 -0.026679668882330275 -0.013718428056057207 3.616527983072052
1.2589901146125932 5.428544695334328 0.004630086419084085 -0.029640551610113686 4.867344562715431
4.860513575160354 5.323132817393193 0.01612277715015617 0.02529932918016606 1.003414564187894
4.538379324030951 0.5343091768979379 0.008122083561299832 -0.028879608006745227 4.986546606348805
0.8884551726052321 4.992998830953008 0.025887284703185923 0.015160754951393289 0.5297973678546499
3.704751730236926 4.529970241858712 0.027504959206930656 -0.01197819765344856 5.872461267713756
1.7774454065874798 5.286910071950199 -0.023319720724316064 0.018873013149465663 2.4611972391747163
3.2653907608782484 1.537377696874451 -0.010571434394656791 0.02807569722802031 1.9309105653622964
2.6004408364684544 4.089545215398508 0.02447549074867866 -0.017347920699938228 5.666586039428418
4.5608914080482545 2.183854773709652 -0.024159837713512263 0.01778488801361286 2.5070247375176105
3.101435887177186 4.435776124832595 0.025086394501136436 0.016452136971632336 0.5804551138034579
4.363950578426732 6.895586290205228 0.021788962108448225 0.02062137556606269 0.7578744096688386
4.313755242375952 2.1096777214414786 0.0292546821407142 0.006645567909951517 0.2233718235810262
6.1939978041263055 6.483139870507061 0.008454862521633192 0.028783941699153756 1.2850967382666565
1.334890585949788 1.3017148093470816 -0.010992555202935909 0.02791350443979413 1.9459532112557307
0.7511319478896243 3.435545245369458 0.006236782900351677 -0.02934454871102776 4.921809140340099
6.684284730904924 1.875486614681146 0.0050065850113231265 0.029579285091502712 1.403125629371393
1.3200071097297643 1.0933752348802055 0.0038204707460240653 0.029755738997356028 1.443100545671512
2.876688052824453 1.756991393654212 -0.025519149496209537 0.015772539712744692 2.587994534311604
5.186758149067953 0.7373945973041869 -0.02717094355542993 0.012717697366569186 2.703819966051602
0.03029505785091257 4.43074354557759 -0.01354997033498948 -0.02676561794393892 4.243757561806644
1.0274472829629233 0.705685591825302 -0.00957447199440293 0.02843113585540321 1.8956277891277655
2.474588664400815 4.910693442726428 0.027303844766104195 -0.012429805347972452 5.855982255513495
2.125158376866084 3.911575947683745 0.029443060357531674 -0.0057537984656005105 6.090196282149424
3.9639576861258194 4.01885456675614 -0.020978469268269365 0.021445368431441736 2.345189349235533
3.289590484235322 1.1233838818769184 0.023787960343025792 0.01827930367160172 0.655190266034384
1.2116409043216951 2.4298342161230484 -0.029242882622984905 0.0066972991495324085 2.9164521674565895
4.871730483123429 3.8944255123732794 0.029449205979197354 -0.005722260671693197 6.091267315507598
6.0199369855429525 3.181652601747498 0.010227081045152209 -0.028202957527463116 5.06026593098875
3.142627156679352 0.39281021743756894 0.011500197860005806 0.027708219884733085 1.177386553953907
5.869281269949595 2.854338363474155 -0.012644732147666603 0.02720497654683361 2.005885283189907
1.6636000105094475 5.838758710434298 -0.0011878894330937739 -0.029976472752722992 4.6727823116747125
5.2950638162312496 4.520031893540795 0.023789874624838035 -0.018276812231198505 5.628099772283247
1.9610907135148052 0.19928119645395181 -0.027739328961913806 -0.011424956400036275 3.532288459254549
0.9272173624382161 6.687591795305255 0.003647185159649565 0.02977747538679584 1.4489220051303442
0.8355289030207521 0.16285565338486369 0.014347499756983587 0.0263467123323453 1.072135365759368
4.0477795867732045 4.684414249395124 -0.020453685736110186 -0.021946451645048288 3.9621829105728215
4.23841541866208 4.512819933768052 -0.02705110582887618 -0.012970646608205046 3.588695398164567
0.44581191047646096 3.581413976449562 0.009574215843895145 -0.028431222115387636 5.037211433224568
1.8527824016178607 0.8675321406496252 -0.011213775951978349 0.027825370238306477 1.9538909239840767
4.442512205322124 4.930407517525374 -0.02965357319501927 -0.004545942890934147 3.293710063607727
3.307302526266099 1.2209454400307487 0.02156243150140682 0.02085812905672843 0.7687968330206976
6.651446517584206 5.331688340247652 -0.029696215976481793 0.00425849230105534 2.999161827004296
4.3825200108426525 1.254193133664924 0.024875566631883134 0.016769203461785006 0.5931472590508843
2.6991981982942526 4.307231045315432 0.01423973721556472 0.02640511094526325 1.0762210024187946
2.4084757025852057 0.36700174650761713 0.029912690090319327 0.0022871317322165265 0.07631176959980346
1.222530359626267 0.009005720063445561 0.029323609803765163 -0.006334501407098075 6.070433922285318
1.4094614661066436 5.400076574420149 0.016251303581494424 -0.025216961194840792 5.2848592462470805
3.4762719551080226 5.230908827116801 -0.01340460901949119 0.02683871191086814 2.0340042670984957
5.0747294480622385 4.17295807006345 -0.010012751249988823 -0.028279759765702524 4.372101210214158
1.5621585780099392 2.6155630779028405 0.029955974446208535 0.001624683039272953 0.054182608562497014
5.992677881136258 5.945187274733154 -0.029243719667972526 0.006693643251700585 2.9165771840478723
4.453810403587734 5.641762416955884 -0.0018793563352761534 -0.029941075795052143 4.649702722299784
3.311219674813216 0.8789351991574269 -0.00814046606090461 -0.02887443180932328 4.437594775610069
4.410570468337053 4.557862237523041 0.029824825307111422 0.0032372512105621255 0.1081188967697928
0.6842066793048082 0.03590116374801118 -0.01851277959698388 -0.023606714968277508 4.047346382405834
4.49416929438748 6.347470585457131 -0.014054321486378174 -0.026504264705090926 4.224822431594884
6.339155239350258 3.6518179303737046 -0.023890550517871225 0.01814501573306132 2.4920354319195255
1.9199640024133142 5.330102987554407 0.01522185215299827 0.025851406480736437 1.0386371994211183
1.3342884902541723 5.338732061554886 -0.022748681330987498 -0.019557543242983786 3.8517038684490177
2.084694520565351 6.440923130309899 -0.002259450823444281 -0.029914793697708112 4.637002568331097
6.958975833133576 2.5755341904711506 0.020319970218113378 0.022070315139004818 0.8266659011723188
2.0474862392715414 4.827445825052207 -0.02054101480135231 0.021864736699320785 2.3249890015303953
2.1151852035111642 4.081314444801264 -0.026632758343169725 -0.013809278874522138 3.6199362214603124
4.759812621072006 2.952864315961625 -0.017692676410425375 0.024227447274444276 2.2015528493746475
1.4017264842704558 0.8372435585172542 0.001471002883325641 0.029963914138797815 1.5217432277361258
4.987859825848913 4.169531399552019 -0.022787355044706158 -0.019512469092006393 3.8497241556833277
5.492279353379289 1.1075397009197372 -0.022461881344836697 -0.019886273820162417 3.866245814609257
2.163344824548383 4.998120956112576 -0.001426227794056239 -0.029966078727111784 4.664830127488722
2.5342336988234537 1.2013516003530722 -0.003892800382048134 0.02974636289003289 1.70092326910769
4.566043747188147 6.967455474948542 0.02291962382787108 -0.019356932700944234 5.581859583745922
2.322286556586948 0.2404463319924144 0.028361166577940505 0.009779786824788693 0.3320618061342704
3.850991988475368 3.9171825564331018 -0.02158457450138982 0.02083521402803322 2.3738580044220963
6.5385124754107 1.9715648944169357 -0.0012877271041814963 -0.029972349906291235 4.669451551390863
5.236888251770632 6.683075142951901 -0.014931334172853647 -0.026020285544524156 4.191431143395489
6.402053192360986 1.6977341014288672 0.011227588710677663 0.027819799635221378 1.1872052711189511
0.376709499801419 5.904509912695005 0.027241560556940134 -0.012565722359759644 5.850998637565324
5.590103000289701 2.603903524039701 -0.017311202539285364 0.024501474785078546 2.1858961895350144
1.180430646895831 4.78718876112457 -0.023284329722837217 0.01891665904324015 2.459324188201876
5.793589356971098 3.689253908651114 -0.00799180657486886 0.028915930344187143 1.840445758199215
2.8712491526678208 5.370123261431115 -0.020913814392196643 0.02150842550185272 2.3421789130750392
6.827551721374948 2.419672365219867 -0.004708202761686931 -0.029628243733890867 4.5547973972067295
6.818438262573007 6.205040927690585 -0.004330536004943958 -0.029685795557974928 4.567531706237729
6.342706402853793 4.958443618767718 -0.008568682667933675 -0.028750263952462298 4.422732789118086
3.7256032940964277 3.879877904572677 0.018048963271628787 -0.023963199386129456 5.357931790117306
6.051988109616818 5.47865686214439 0.01037429837633086 0.028149137343777674 1.2176944773968958
3.5792147294240104 1.5131165370163453 -0.022535059447536334 0.01980331022066774 2.4206270101670198
6.747386322441246 5.691493440443653 0.023998079787291265 -0.018002559999144633 5.639577527488068
1.7886796631409485 4.562358496595511 0.018926000962649927 0.023276737047141595 0.8881265854082754
3.6696757144162993 1.032765322212021 -0.02271507180263054 0.01959656890890186 2.4297646576184495
3.614751718155715 1.5099516617254403 -0.02984108587675308 -0.003083762911808853 3.2445666373887985
2.7464685770231285 4.0469272244989565 -0.02984043094865656 -0.0030900939789041647 3.244778799123564
3.17658076091289 1.5901394136372067 0.007463021236532146 -0.029056897873363394 4.963796394250724
6.666832239428419 6.167766399923614 -0.013868482716588937 0.026601977128395436 2.05136414983017
6.787001237925747 5.571761165880586 0.024431946728875338 -0.017409192371772957 5.664080422984827
3.4310156903158124 0.9917562729834599 -0.02180827717491537 0.02060094771271616 2.384655360682812
0.1380258380582318 0.012421173005154128 0.02441719773355946 -0.017429872484911034 5.663233730084461
6.275738903812769 6.230125639033938 -0.02255685430504577 -0.019778481333533625 3.8614570403765742
1.1530311824913366 3.92498286774707 0.009094503040453401 0.02858828456636011 1.262799746842398
6.898027544049085 2.437551615021673 -0.0035135261012297528 0.02979354182261614 1.6881832705231705
6.961837186248151 1.0162851592776465 0.02531770742149168 -0.01609390228998999 5.716944459133081
1.1630182456062985 4.997683856734781 -0.02640825518051138 -0.014233905237881619 3.6359471256291775
1.7755120490850234 6.706017077785364 -0.027768401704413134 0.011354112329123117 2.753449430478721