300

4.237223853708665 0.45173351564722525 0.008351815015707439 -0.028814010237094796 4.99451040710278
2.0948952095852094 3.9520423643368345 0.0072561384352387 -0.02910925033402014 4.956682912086795
0.6606594379799825 0.0885375147817283 0.00822129797721933 -0.028851520922990686 4.989983723207043
2.0264921277551706 6.743877456261818 0.008619098646043221 -0.028735189898968404 5.003799214171815
5.736623879993532 2.5967341419228998 0.008576345413228673 -0.028747979048152086 5.00231171006533
4.494475473318711 6.43053174217685 0.007859881984804955 -0.02895206823674154 4.977478918986392
5.485375053359261 0.43043949247967084 0.009096663819254579 -0.028587597089637748 5.020461143913255
5.221512078010857 0.6116947260966422 0.008555008429120603 -0.028754335860486768 5.001569584007877
1.9179144839646987 3.457996619449346 0.008962504446579828 -0.028629940866949703 5.015771703171507
5.898508416340394 1.6298924826929606 0.007278159649837129 -0.02910375219987077 4.957439485793337
5.774872194773354 0.08176733908100095 0.008183447664885726 -0.02886227961052412 4.988672067881726
6.764687218167637 3.5596510017251997 0.008067337832675622 -0.02889494869857845 4.984651456810294
1.7145832791991544 4.823568817189153 0.00776693369487776 -0.028977141697886153 4.9742698916142585
4.54729191433056 1.8483251856245833 0.009691024826716483 -0.028391619147346364 5.041322766473302
2.253090905943327 2.4417579724553957 0.006253034489245519 -0.029341089953788455 4.92236299265723
2.1668974879826415 2.1159085336968975 0.008276583213089777 -0.02883570998461457 4.991900446130814
5.891610372890928 6.647433472973409 0.010102190930712495 -0.028247933347404906 5.055841203274319
0.4806663348387568 6.448781957784703 0.009102102657398251 -0.028585865864342534 5.020651401345505
6.570966145778181 1.0414661087617294 0.009539130972548389 -0.028443012855331764 5.035977663067858
4.649554305568591 0.2544484255735141 0.009285553365434946 -0.028526803162949397 5.0270755478702025
6.138420793441303 4.493265618830986 0.008800573734042097 -0.028680130786865116 5.010120679644957
6.45099144938148 4.5106588240031416 0.008061258704522161 -0.02889664527412768 4.9844410757595865
1.3608941824326979 1.797999131422204 0.009455581310052976 -0.028470897107203644 5.033041663677437
1.125949078689495 4.670865347432277 0.009161106340293714 -0.028567011230120492 5.022716167458176
6.067788868527711 4.2330703023806695 0.008563704314369211 -0.028751747223708927 5.00187201758415
3.6852402186000104 6.9217056481925425 0.008513831303574483 -0.028766554825600428 5.000137856577335
2.3023270234110207 2.262019122009578 0.006730818033221001 -0.029235185797317365 4.938675840908267
3.9474647607857185 6.719947613890592 0.008069548099646204 -0.028894331510998766 4.984727950823077
5.12022946016432 1.3132862337596483 0.009611939027738417 -0.02841849095443034 5.038538552616016
5.327049278055122 1.1529212466295542 0.007286464300660744 -0.02910167414419996 4.957724842375666
1.6359200025683283 6.542255306306138 0.009219401407130557 -0.028548251044401986 5.024757479859541
3.368577008709079 2.561223586544695 0.009158509043914295 -0.02856784402247639 5.022625249353417
5.530173151088798 0.1421536792247157 0.00917849015119074 -0.028561430610956704 5.023324754347657
5.993910608186112 1.457560638664868 0.009324048333061606 -0.028514244206759732 5.0284252763046435
1.4975986737754488 1.7609088402301805 0.007753997545605431 -0.028980605964381505 4.973823492312032
6.012662146655047 0.07313335319067293 0.009765719284501536 -0.02836601358767768 5.043954814748189
0.6250278069614925 0.2584015413539136 0.007809840089516916 -0.028965607153591214 4.975750884064471
2.2592112496289265 6.392252706778506 0.007721180270037883 -0.02898936658910604 4.972691276076066
5.260677709534556 3.975217660142328 0.009571699636764774 -0.028432069324330882 5.037122932996564
5.7714801619814455 2.8218384727929813 0.006934424767109348 -0.029187561617053596 4.945645931107519
3.6365007921407844 5.3299328410343465 0.007156667038568639 -0.029133865464422416 4.953267184799759
1.49399971916111 2.6589645720871613 0.00676340538074626 -0.029227664081409113 4.939790646095422
6.063299056273924 6.561898667601514 0.010019222726671809 -0.028277467636854313 5.052905597581568
4.188795162259817 3.272187701217775 0.008525691406807956 -0.02876304201637721 5.000550169672385
0.10421596510959101 6.898280642932211 0.01033592737375979 -0.02816324919685871 5.064128039143198
0.727491294504277 4.472833931236385 0.008215981073409907 -0.028853035455587164 4.9897994430001384
6.618503346654545 6.7096040842398486 0.009941583697804032 -0.028304856713637628 5.050161313707287
1.2899698311080627 5.538077392003904 0.008327679649637713 -0.028820994980274534 4.993672882596002
1.547562806707761 1.3786901717762083 0.009587015667602306 -0.028426908565462195 5.037661670449664
5.788626112543571 4.0950390968057215 0.008364806162244526 -0.028810241544771468 4.994961298729666
1.3677198640160209 2.4584862872141056 0.008212665000499584 -0.028853979510451745 4.989684515104159
4.475665287625476 4.458348778857004 0.00810049340989275 -0.028885671301118902 4.985799093286964
1.3449657042455594 6.0679981310498565 0.007955405691421035 -0.028925966194492204 4.980779778140366
0.3537353554074748 2.1651190687642665 0.009123466265203472 -0.028579054625856574 5.021398838991791
5.9802317073775235 3.076741775547246 0.007215380087221747 -0.02911937997617607 4.955282970472398
2.054753112460115 6.976168591973421 0.007951984274741315 -0.02892690695691931 4.980661498217888
3.995276100772452 6.882860786582928 0.009313900699428284 -0.0285175604454727 5.028069417548705
5.613991838072461 3.3632338910480257 0.006920464990192594 -0.029190874675478953 4.945167679974491
4.099115342931015 2.1546356265816526 0.008953252522538474 -0.02863283550868929 5.01544856396847
0.3528809180407008 3.044790472608366 0.007569486783040831 -0.029029344977821496 4.967462165079072
5.271395579383372 5.804674499288968 0.009178654717248711 -0.028561377725549723 5.0233305161812485
0.8823971219432664 5.429270895120977 0.00924571817085213 -0.02853973888291858 5.025679451780111
6.856649593635568 6.658425194834663 0.00854293643098374 -0.02875792477102913 5.001149777941239
5.924597429154087 0.16735851062788465 0.00925296761498277 -0.028537389339532794 5.02593347451452
5.950223321819149 3.178754289162686 0.007276944552592532 -0.02910405603998339 4.9573977354756
5.510591206888577 3.8986434743344387 0.008376393985906243 -0.028806874592584207 4.995363534186152
0.7596557046432153 1.2374466178269596 0.009190808528594599 -0.028557469050858 5.023756078385263
2.4059758959048057 4.114868427844294 0.009006403742646978 -0.028616161371232768 5.017305407152936
3.7766739574669264 1.9968126353404614 0.007450405268071583 -0.0290601352602064 4.9633622369105375
5.840370537315794 1.7245740633246078 0.009015297550740983 -0.028613360691669962 5.017616219045183
1.5029465209667543 5.914834182973713 0.008291125561772111 -0.028831531990494867 4.992404800002301
2.420764305714473 6.61190302182426 0.008194446777583214 -0.028859158719709 4.989053178016281
2.9616954327403002 3.0315214427649506 0.008885076116624398 -0.028654064675047247 5.013068390717371
4.860210655651434 1.1387697529372331 0.009304552807240006 -0.028520611793180068 5.027741640842766
2.9377246407563624 0.8273197631215364 0.008214026706405059 -0.02885359189540298 4.989731708422887
5.3642428215018745 0.8765155338158199 0.008938986327321194 -0.028637292529845846 5.014950356773522
6.546874426121496 6.862941961794337 0.009215863524121456 -0.02854939332989 5.02463355590284
2.2811688028809542 2.222114049750482 0.007247826942478898 -0.029111320901186826 4.9563973946991435
1.0569553436441648 1.7478269208033044 0.009461207292247467 -0.028469028022978293 5.033239274832117
6.163298811840883 4.728428665007389 0.0073909704662487394 -0.029075308348614957 4.961317536554738
4.910753928537096 2.2551932466765474 0.009189048786023609 -0.02855803533872871 5.023694457899224
5.352820127113507 2.858218961408021 0.007309888544627236 -0.029095799172133553 4.958529834117291
1.8709473476751024 4.305322342647362 0.009745535224015568 -0.028372954431949305 5.043243343942884
5.5978158479167295 0.24009434689990883 0.007531460934213373 -0.02903923373982891 4.9661524776635435
2.7380977272158056 6.073099560695053 0.006139332761280777 -0.029365091405379014 4.918489411267291
0.7425078732550787 3.4914250733002876 0.008798495251923333 -0.028680768492177516 5.010048209298642
6.689111002433093 6.1994010221485905 0.009795358158420161 -0.028355792327993085 5.044999875664098
2.627893023824361 2.9347437404061676 0.00854247381945106 -0.02875806219208786 5.001133691577879
2.0368761699958142 5.912297492034235 0.007623806611174556 -0.029015126619668766 4.969333826954228
5.54687141260489 0.9347175329086964 0.00788529860095007 -0.02894515617463231 4.978356909763007
6.003995011688066 0.7856386407156273 0.00968846138915184 -0.02839249400653127 5.041232479334153
2.315423165852488 1.8293445059956008 0.0077434264214727615 -0.028983432289072276 4.973458744639718
0.537734239114157 5.029399972673301 0.00843786025866156 -0.028788930411797167 4.997497934405601
5.022569116669071 4.388968699597544 0.009462460538661777 -0.02846861149677428 5.0332832965521845
6.014830042520922 4.1404429175312965 0.008726880677391623 -0.02870264018592312 5.007552207788748
1.988644271015846 0.42858238292744083 0.00891054197141422 -0.02864615579402698 5.013957247789986
4.491505343767699 6.465475073641141 0.0071619394620887475 -0.029132569799819857 4.953448161153703
1.4479311575606721 2.3378872977302327 0.0069096026221375 -0.02919344775123607 4.944795581182271
4.7051147871362025 3.004641042530259 0.009703925761174795 -0.02838721234678756 5.041777194079394
1.3147522212975629 6.57778466883323 0.008735426890692458 -0.028700040366476262 5.007849971348062
3.388265763716658 6.450427460480513 0.0072598821773521525 -0.029108316865991486 4.956811524197825
3.1127486308514647 0.5274538740976145 0.007292303513406133 -0.02910021150212425 4.957925496105728
3.505314705919981 3.808759989682081 0.007045162875220336 -0.0291610301611863 4.949441668820461
3.184829778092507 3.456818704591097 0.008684843009911115 -0.028715387893831382 5.006087940854639
4.3407571350612395 0.9219182589195536 0.009940423866035877 -0.028305264057477793 5.05012033757962
4.9120722258192036 3.237719530512846 0.010448277212377347 -0.02812176209438726 5.068120209947685
6.147416340827312 3.157353203783322 0.006606048888754792 -0.02926363132079444 4.93441014934663
5.404910055450705 2.270504436710018 0.008642076922351756 -0.02872828756588452 5.004598966504863
1.591805711096744 1.1958126527710229 0.00856116407266882 -0.028752503712213388 5.001783667882784
5.44140860138609 6.282047684852672 0.008054828606250482 -0.02889843829904877 4.984218562083765
4.741187086035837 6.8325086628524225 0.008143793417617867 -0.028873493532497307 4.987298422431987
2.6274993842644436 5.527633638009495 0.0072009768853050745 -0.029122945110295798 4.954788374777543
3.6282940585133425 2.010745981086848 0.008786883412035335 -0.028684328123616532 5.009643369407682
0.9586074614048617 6.970627438999745 0.008706945510102171 -0.028708693803168955 5.006857739811675
3.8877706782457637 0.23349731727006884 0.009163818525047183 -0.028566141322201744 5.0228111100486075
4.68948679763001 2.1680524174303955 0.00815120290986868 -0.02887140265248899 4.987555050903062
2.083856987192963 4.05364460320972 0.006770886812210926 -0.029225931837603195 4.940046624579079
2.8680231280208157 2.06109336208448 0.006227158204244367 -0.029346592659102895 4.921481162529604
3.490169600498756 0.07499284466807712 0.007138618860335354 -0.029138293031110526 4.952647740518917
2.6677778085180464 1.6572483543575025 0.0068715171859460526 -0.029202435712851898 4.943491193662733
0.9847612581958785 6.696324402622839 0.009262114147803847 -0.02853442204624183 5.026254001672173
2.8452676452734553 1.7992897027613397 0.007195256619994368 -0.02912435891435942 4.954591961728455
5.5670522395194135 6.227924209440498 0.008725546833413683 -0.02870304570002815 5.007505736992098
2.4350223084778877 2.2500015119755647 0.0076418808743102485 -0.029010371536794408 4.969956803511962
5.21276612079429 6.506734364999016 0.007870283403149107 -0.02894924246252595 4.977838199911354
3.022745220142744 3.564133353380714 0.008329920839416471 -0.028820347305489834 4.993750645871067
5.636497829982651 6.740275031923071 0.00794248183119766 -0.0289295174927114 4.980333014612183
4.499686750364984 1.4692898572133382 0.00869079235295754 -0.028713587868425195 5.006295130446519
5.465884382148768 2.0877444594293353 0.009392022198025523 -0.028491927260748715 5.030810064863457
6.406254180125522 0.3330332273619546 0.008964442149986969 -0.028629334203567097 5.015839384901812
4.654958488283495 2.0158067576995284 0.009098797260065487 -0.028586918134353427 5.020535772995864
5.2658422664918225 5.231828134577589 0.009395511530796494 -0.02849077680714708 5.030932534754056
5.476801207060754 5.61783090825296 0.007985395596162275 -0.028917701450371053 4.981816707618567
4.891918193068458 2.3503465423995173 0.008928610279223322 -0.028640529298212133 5.014588050817981
4.883992665042836 1.0082256843065378 0.007644821188197799 -0.02900959684312214 4.970058158751102
5.797347930171176 3.593746780171553 0.007867784546630063 -0.028949921698129155 4.9777518823779765
0.615818572834331 5.199824542859815 0.008277767256190673 -0.02883537010777454 4.991941508066843
1.9879811618868197 2.434949684453361 0.006022072706787254 -0.029389362706839492 4.914497887540946
5.382216698655878 1.940912606538117 0.008795301830079792 -0.028681747954366295 5.009936867536179
4.633171179717182 5.525820711909234 0.007795216230877152 -0.028969546146149223 4.975246048658115
5.859769924155588 1.9321527164425347 0.008593638750415099 -0.02874281428509331 5.002913313753927
1.3577318330756973 6.708021813564649 0.008707587370043476 -0.02870849912818605 5.0068800975727745
2.45730295498476 0.38434031928263485 0.00933871278554427 -0.028509444812361954 5.028939604732412
5.629889482172874 5.283156764962984 0.008234464039414535 -0.02884776597907694 4.9904400914803295
4.168582989897888 0.4499200024154342 0.009401344253972722 -0.028488852665881335 5.031137264872864
4.220721687907543 0.8305541077665606 0.008012474676711361 -0.02891021012644251 4.9827532477021155
1.654066849284691 1.1449215087355535 0.008653080887885014 -0.028724975041724908 5.00498202448623
1.9851074655198446 5.860810177932903 0.006626667137979126 -0.029258969268284682 4.935114774505585
6.043611028338024 3.0971920101030532 0.00777019032958986 -0.02897626860453133 4.974382279640836
5.857378629439339 3.575762956422105 0.008550329360341745 -0.02875572756564643 5.001406862268766
5.606355022699345 0.20997633832752677 0.008176772499737379 -0.028864171415225806 4.988440799026636
2.0539880138451534 6.995124165529189 0.008441966020754817 -0.02878772671998296 4.997640553386654
4.5564350757194285 3.344346105804803 0.009120250247002816 -0.028580081095617015 5.0212863104114795
3.650567245940847 4.417322659505293 0.0090407199873264 -0.02860533834987373 5.018504824879933
6.707535860204067 3.147161536893246 0.008372487961268124 -0.028808010089876396 4.99522794336952
4.341022403100695 6.179501097997134 0.007604459071106141 -0.029020203345873914 4.9686670765674155
1.6794009564140753 5.942434511541631 0.0078002888358294905 -0.028968180717429143 4.975421154076087
2.613694816663072 4.639807158243306 0.006570897838421165 -0.029271544229798194 4.933209126345412
4.0354215031273934 0.17466803827506777 0.008038664837409486 -0.028902938736948467 4.983659275462977
1.7879828282442143 5.207440293566681 0.007528624680339118 -0.0290399691877004 4.966054809178818
4.909619523067682 0.17369101744214924 0.008729719504674613 -0.02870177690265367 5.007651114020174
5.407269311067712 3.9091069914054217 0.008705011236643285 -0.028709280370115758 5.006790364621728
3.8665255211512686 6.646194416636873 0.008899199517186861 -0.028649681463382818 5.013561321851135
4.988140808943004 6.862100278343744 0.008435337252675337 -0.028789669769443825 4.997410297471856
2.852562741180259 6.2123213218023245 0.0062323558903529435 -0.029345489262508177 4.921658279644036
3.745161181502338 5.142120767270306 0.007133830733840666 -0.029139465661897616 4.952483419632483
1.999545195479285 1.1472544718633506 0.008510595329778865 -0.028767512355654706 5.000025367613813
1.2050323531635243 2.3235591109539446 0.0074849688025832245 -0.029051251987209707 4.964551798270988
5.5475133675984685 0.2525350874579509 0.00804392952832265 -0.02890147397181291 4.983841430791676
5.9876712693567855 0.019037382833216588 0.009884366744442359 -0.02832488824446377 5.048140575880051
3.8985755923828065 6.4107392879946525 0.008518040616795203 -0.028765308690341343 5.000284186383323
1.5777111888162745 0.023847228201428563 0.009345595521524077 -0.02850718934493664 5.0291810337837095
1.2580665998102898 2.93124648579527 0.007543849891175736 -0.0290360177851476 4.966579129514344
4.349286282352535 5.889377858482528 0.008714182912305317 -0.028706497803997026 5.007109847379803
2.735601738611434 5.71025135598925 0.006092262565391553 -0.029374892967197832 4.916886748743052
1.723166064537811 1.8954674705546866 0.008221484032214003 -0.028851467905603174 4.989990171919612
0.8675030797799722 4.881577244528334 0.008003714562954012 -0.028912636565950844 4.982450249347956
3.84787230525512 6.405770161837336 0.007223853023248391 -0.02911727919120372 4.95557395337176
1.6680835839372812 4.219445026520744 0.008324656195627897 -0.028821868420083285 4.993567979618298
2.679530973224329 1.6781298930946948 0.009232802335848231 -0.02854391986092932 5.02522692876152
4.235131638061558 0.9715636461523892 0.009261443619733559 -0.028534639687202927 5.026230502842863
1.421419361365834 4.694481551861286 0.008547028924979851 -0.028756708722584328 5.001292089340638
5.3772655807264265 6.528678268521159 0.009212019698674976 -0.028550633847100913 5.024498921100347
3.285401337124784 4.904568132790289 0.00761367501686392 -0.029017786833898652 4.9689846597797835
1.1756509783837632 1.1508605236809228 0.007523407246319756 -0.029041321309575832 4.965875149465314
1.5901885033265986 6.30444167097546 0.007818277734880325 -0.028963330838497742 4.976042194266115
5.1218110526219744 0.9816574132466923 0.006909961097224293 -0.029193362903832214 4.944807860499561
3.9478411491863645 0.12156539608640364 0.007575576776478208 -0.029027756311910916 4.96767195830952
5.951371393361564 6.3654561758496175 0.008688642113671294 -0.028714238597262815 5.006220245519905
4.741496025196033 5.458049597467588 0.009419974047721278 -0.028482698062863666 5.031791268242835
0.38329871433013424 6.774304314502395 0.009697344142424843 -0.028389461364798356 5.041545351729703
5.757693291399595 4.431980797689801 0.007755292197670191 -0.028980259538671418 4.97386816562922
4.807128733380378 0.20294025468259222 0.009258668198841602 -0.028535540352054998 5.026133239407288
2.451833825804793 0.7911416433728752 0.008303207933797532 -0.028828054703849196 4.992823893254309
1.2625360176233082 2.802758116087276 0.007374158346427134 -0.02907957683120267 4.960739352304136
5.21380988511431 6.017414099985459 0.007480315057427552 -0.029052450613358292 4.964391610711937
1.4658614190292392 0.41357292395821327 0.008197963634428679 -0.028858159890204103 4.989175042888934
6.401470966071536 6.176225342145069 0.01005382095174077 -0.028265185020981874 5.054129389502343
5.819503949039422 5.201744339127665 0.007287024189318007 -0.02910153395380206 4.957744081475212
4.838442619934063 4.203074289645048 0.010107516639876062 -0.02824602816989724 5.056029744102569
6.541104503087307 6.518377068297869 0.009746511305739187 -0.02837261914887482 5.043277745982089
2.835907583884298 1.1894364564593314 0.009269130392304844 -0.028532143658870964 5.026499898525398
2.078229301044001 0.5656854853252398 0.00744338008461657 -0.02906193546403841 4.963120497986467
5.945868995234309 1.789544482696332 0.006662426283143906 -0.029250847441085758 4.936337104115336
4.715378527914719 0.7542575439226655 0.007028461408672511 -0.029165060092974284 4.948868976016312
4.713302447880956 4.314180170680717 0.008824285030802376 -0.028672844185660358 5.01094753458738
6.432793005873668 6.01308409312528 0.007519595094447301 -0.029042308613737373 4.965743885221946
0.3168725547094042 5.2225073092312035 0.008469192667831655 -0.028779728552492403 4.99858645745408
6.208367459696083 5.055416984081229 0.009640371813294947 -0.02840885832449851 5.039539225128274
1.9333369909318903 4.481022543906077 0.009103368538951198 -0.02858546276071167 5.020695685135411
1.048226372345199 2.302805793451214 0.008179620088999175 -0.028863364585571812 4.988539455212462
1.2999305991238688 6.767443474640344 0.007599638549018229 -0.029021466088471067 4.9685009710048496
5.074833225948063 6.042021742532436 0.007910691366559813 -0.028938226657883443 4.979234286403356
3.132643723760203 4.330754298961499 0.009292238421862416 -0.02852462629222798 5.027309899803562
0.23923861858884501 5.814321399320789 0.008311423808558463 -0.02882568705641771 4.993108900764819
4.853034529829839 0.23019122351850116 0.008971256959361391 -0.028627199453825546 5.0160774296770345
4.289418970103603 5.057290589813374 0.010123905881224984 -0.028240158103454344 5.056610036098552
1.701435586757959 6.877299322192473 0.009593690880451233 -0.028424656467411297 5.037896499968055
4.988199094034102 2.1109513012336545 0.007936276536323403 -0.028931220415651368 4.980118523920402
0.9253718571492553 0.57008053662736 0.009644246839951815 -0.028407543063244303 5.03967563034072
2.1998220307992953 4.311083316071461 0.0072556597889549875 -0.029109369643242736 4.956666469021539
5.370238813516716 1.7185861906873874 0.00787578914166814 -0.02894774508309727 4.978028390756711
5.524161811773089 0.8949539470841305 0.0071526242357892724 -0.029134858272207194 4.953128420724845
1.480508959470993 5.922829037639512 0.00864449431629431 -0.02872756025170873 5.004683114386513
2.7391219186128626 4.041687654702999 0.008520497413027146 -0.028764581064819935 5.000369595767589
0.44337421084098916 3.778818763785971 0.009796940950966693 -0.02835524551125015 5.045055695222562
2.665775540439907 0.0355887096398767 0.00673064958147945 -0.029235224579457746 4.938670078959943
2.690118687378493 4.074390916914535 0.007602349518109213 -0.029020756051566 4.968594384695403
5.447362819722944 6.69147472811635 0.007911405319662184 -0.02893803147880002 4.9792589581124584
2.5550841053428486 0.7293916643204902 0.009766641858343517 -0.028365695951463137 5.043987338846243
1.4539169134929337 4.487293933296529 0.00798210471655645 -0.028918609999339994 4.981702907844003
6.0854848848041945 6.777562564489935 0.00744017351434843 -0.029062756546418444 4.963010163801322
2.3260476028624346 5.074575286594889 0.009362795161029393 -0.028501544989221275 5.029784437426478
2.9815440560338073 4.45969823973561 0.008922039242932459 -0.02864257697462945 5.014358627635839
5.462352064520612 5.784732797039004 0.008028108665814344 -0.028905872608345116 4.983294065688476
2.226346312425166 1.7894436257968505 0.006866524403473404 -0.029203610095611537 4.943320225661343
0.7435510167569862 6.274200771417981 0.0076256016781313055 -0.029014654901385283 4.969395694047611
6.525676620826967 6.8612865045767775 0.00826891729396014 -0.028837909195807643 4.991634608155205
0.28550451604947075 6.033466208020462 0.008176589381887665 -0.02886422328904767 4.988434454909476
2.38172125512664 6.904676137286077 0.007454787669675586 -0.029059011352763755 4.963513044410341
6.476165206673877 4.518994843098949 0.010182929826911461 -0.028218928756070752 5.058700892591874
6.688781891174245 1.507519719614223 0.00849222095641527 -0.02877294185910473 4.999386708326542
3.8343252942031083 6.674756034599701 0.007025903225329556 -0.02916567646855296 4.94878126296854
1.5624405076555115 4.103164393044835 0.006947382319083211 -0.029184480103515462 4.946089895422595
0.6928413361487907 2.1472486847410472 0.008950580680735452 -0.028633670834834386 5.015355251420816
1.017739631938876 6.16911248068929 0.007354689820599985 -0.02908450683169242 4.960069917702091
4.678837395076154 6.503739370829521 0.00848119238304666 -0.0287761946018189 4.999003433305861
6.518500272935353 0.7378298033095175 0.0087973497570751 -0.028681119874434655 5.010008270067884
3.344329625432654 2.2366211173041455 0.007677239406774951 -0.029001034379674488 4.971175823376332
5.003850041622443 4.1705135373949 0.009443157589654342 -0.028475020188525827 5.032605329668205
0.5896249866681234 2.9943020699980085 0.0068322599442118045 -0.02921164535000928 4.942147091860232
0.8754440514126397 5.200825963416832 0.008012279332038392 -0.028910264265575133 4.982746490764369
0.4339055329052912 5.614020271986969 0.00807729760153711 -0.028892166126066123 4.984996162331347
5.4791728030149764 5.359821997120982 0.009963592274985158 -0.028297116972897718 5.050938974790056
5.181515639825642 6.360046090822808 0.009086193888087903 -0.028590926543714423 5.020094924907084
5.347412148073969 3.0844628357459816 0.007224443643686001 -0.029117132654834076 4.955594237613289
5.783596747330172 5.333046336784442 0.007483143132351285 -0.02905172230455096 4.964488955696969
4.414217389959686 4.9231861442999865 0.010342943488182248 -0.028160673287410377 5.064377173581168
4.599733563398577 1.5879734632692137 0.008635525169963283 -0.028730257657023032 5.004370915051954
6.65647660051946 5.874659624250663 0.006901547595150803 -0.029195353068457112 4.944519671185063
4.245077267496916 5.306289057762609 0.008581081285059867 -0.028746565777135802 5.002476451671159
5.308896706170495 0.2716911508435541 0.007589684410797216 -0.02902407088167512 4.968157994140718
4.172994148710865 0.1137856677766183 0.00940518100022866 -0.028487586250030693 5.031271943217919
4.917496664265048 5.944428833101406 0.007414952622445701 -0.029069201530260262 4.962142452093177
6.310562987211719 3.4963850141713655 0.0073934774768120715 -0.029074670949124644 4.961403762228145
1.3781090744216429 0.36342058138503275 0.008848503847789796 -0.02866537946121853 5.011792304934515
4.760624180234622 0.7722619627828557 0.007014840053220845 -0.029168339325846584 4.948401958652682
3.315755334739431 1.5524343996864018 0.008097741712181972 -0.02888644282639848 4.985703832874557
5.945833344137358 6.408160141341604 0.008884503764256849 -0.028654242144277794 5.01304841621806
6.520866538093064 4.463941684037419 0.010037938458767022 -0.02827082933870186 5.053567535514728
5.321249761557069 6.301677039385973 0.009650743370414893 -0.028405336688699764 5.039904329553403
6.141256988355842 2.7601063755670556 0.008247380783240143 -0.028844075825310143 4.9908878755415
5.304814927107629 6.790865489746335 0.009157394417940154 -0.02856820133425061 5.022586232793309
4.373053052829133 3.4061529368892645 0.008458402681149581 -0.028782901592499695 4.998211561917566
5.007837669648294 5.6112340481305445 0.009485114136924263 -0.028461071831705834 5.034079141381888
5.460230917671726 3.6550814598698853 0.007380624645309604 -0.029077936306503054 4.9609617242216055
2.9473495327386052 6.715298463161314 0.006500064825619149 -0.029287354903827497 4.930789921773473
0.9524678761378976 6.413983810903251 0.007803869767258066 -0.028967216239322607 4.975544772161475
5.996530396408223 1.3976889921266364 0.008796385695606267 -0.028681415562941334 5.009974657137026
0.4841763919582229 6.7655800305624165 0.009708752030812376 -0.028385562069548606 5.04194721464561
3.929086789151932 0.33077068315568303 0.009552868308995597 -0.02843840197815249 5.036460679751615
3.5945715179406137 1.183167374245447 0.008612454638917898 -0.02873718192677531 5.0035680071801885
6.325373366048273 3.029933189795454 0.006670382713826747 -0.02924903407723204 4.936609119388779
1.3778945141579906 0.12016786751794159 0.007767762988059 -0.02897691940426623 4.9742985105985165
0.72224017301668 1.4244869052779896 0.007861558826538162 -0.02895161295708548 4.977536837298257
1.0847883617056973 6.140607454570157 0.007460599548361217 -0.02905751975614905 4.963713052172516
5.1028326395606225 1.3341616897179367 0.00795563474342383 -0.02892590319815835 4.9807876967091245
5.623634991301883 0.6847557821373742 0.009169441548267957 -0.028564336885229757 5.02300795850425
5.086807452691936 5.784036007917729 0.009844558708312237 -0.02833874845222692 5.046735511471845
5.9681593096004235 1.7330928607581484 0.007329028038913978 -0.02909098396419091 4.959187698070748
1.637281147647732 4.611593980065764 0.009103892482363552 -0.02858529589963281 5.020714014205188
4.071303239105398 2.5506980524594836 0.0071616570009806835 -0.029132639238495097 4.953438465449775
2.6099587760392335 5.184939664671465 0.007530881208237982 -0.029039384088293055 4.966132514172777
5.446480993043665 1.6043724874036043 0.007865775168747535 -0.028950467716337754 4.977682474282382
0.7448017606991175 4.7714856820152205 0.007642480441839396 -0.029010213592734927 4.969977470919151
1.2679331513545953 4.065272987031476 0.008119174180421008 -0.028880426081136418 4.986445866073203
5.878675157361854 5.483641464608677 0.007890596455008819 -0.028943712401559726 4.978539945091708
3.882294818558136 5.075898272955319 0.008920143947224497 -0.02864316728228207 5.014292457745516
4.463713266638891 4.277142385833531 0.008034956497337622 -0.028903969867232628 4.983530974532991
5.845536013523249 5.995975715466444 0.010418253204299933 -0.028132898893841247 5.0670527782113925