300

0.017659793432919676 3.9613713994318505 0.006879351284751721 -0.029200591190949966 4.943759470811162
4.656104184260289 0.4078341642063376 0.007332391971598955 -0.029090136266006577 4.959303334643846
3.347241730862892 3.5726800115276913 0.008441300081782274 -0.028787921997415904 4.9976174207259785
4.679312335690257 3.2201745388873593 0.00646314313075905 -0.02929552492909663 4.929529427578691
1.5785773822468325 6.123303277607188 0.008960280315785924 -0.028630637028584243 5.015694018632701
0.21568749859715486 2.923853109900008 0.007681312077867145 -0.028999955944146057 4.971316257912458
1.2721239827977884 3.9412665482276203 0.008037072142805786 -0.02890338165978741 4.983604170948718
1.010527857973421 4.123039896070614 0.007684790968530876 -0.028999034255815938 4.971436221747951
4.55875058572376 6.93307993672475 0.007488633948767982 -0.029050307426623897 4.964677961706768
1.775060477884629 5.166112584401681 0.007170764990282576 -0.029130398717733638 4.95375111613011
1.5056376941893685 3.577738987143393 0.008307660589771485 -0.02882677185404494 4.992978352342331
2.4909695652158 0.057706295038081 0.008060232590573493 -0.0288969315081352 4.9844055661405005
4.324056781177519 1.292222822705325 0.00731952462405038 -0.029093376553399917 4.958861032461826
0.4249458388091828 5.38433481634868 0.007997117371536107 -0.028914462017230677 4.982222079802849
5.062179932836197 5.959817475480319 0.008246837494721515 -0.02884423116215191 4.990869040233377
4.9902316758698335 5.637196527188273 0.008416973994275842 -0.02879504382319437 4.99677251509416
1.6167452826245736 3.141789012888903 0.007618827519664381 -0.029016434433362152 4.96916222752083
3.158972609353009 2.931883231169282 0.007749746120240505 -0.02898174313376987 4.973676796209357
2.476347458682638 4.5867022025607955 0.006627705698918008 -0.029258734032225828 4.935150270120764
0.4035921401404612 3.7566783271932667 0.005830922268184859 -0.02942788380944824 4.907998101272154
1.8512114323878142 0.9860046527193799 0.007039717026255831 -0.029162345313610213 4.949254922120554
2.1773973859832587 1.0067587408962968 0.007206918576022239 -0.02912147531699906 4.954992400868041
4.150538643222332 5.31103868189745 0.008618719993415888 -0.028735303472820557 5.003786036883606
3.743316680342872 1.1415265639533514 0.007405114894880341 -0.02907170915845199 4.961804042276236
1.8168268693292906 0.7338566151884454 0.007103950589274797 -0.02914676458931835 4.951458129720285
6.418162281889498 3.4179396393713555 0.008633459743051543 -0.02873087838659146 5.00429902552616
5.129821540580769 5.784747267736367 0.007501355159333797 -0.029047025162200965 4.965115889225834
6.694127414106381 3.2195448072983344 0.008745721352538437 -0.028696905025172192 5.008208682483832
0.9820044726576886 4.844234908402222 0.007670766261237476 -0.02900274719686845 4.970952626014551
1.1780312513306423 4.681339992378482 0.008784156779980094 -0.02868516323231802 5.009548314283826
4.30041144874731 3.0212855364823774 0.006418233699071022 -0.029305396707502682 4.927996706875947
6.168071587326751 6.076282067233446 0.007081491848384642 -0.029152229300711496 4.9506876622291465
1.2651186702874953 3.639332387432255 0.006361308832353876 -0.029317806021928322 4.926054648231065
1.9125661378777425 5.005551309902407 0.006903920696696421 -0.029194791984422954 4.944600955502549
4.26018661835858 5.265997470591262 0.008526697181797955 -0.0287627438741494 5.000585137468977
1.7377732577569265 3.567853761641795 0.0062072509192079425 -0.029350809801877566 4.920802860477433
3.248127023889263 3.7270942284697806 0.008672983355950539 -0.028718972121359165 5.005674959712727
4.913520283102829 2.8689176134641716 0.0065771339539012165 -0.029270143644205777 4.9334221750525105
1.019136410146733 0.47784437448525546 0.009331457870858463 -0.028511820250632782 5.028685141256772
1.5443170976600384 6.329711347684972 0.0070978394691569155 -0.02914825337597569 4.951248467889521
6.327070776365481 1.817011112233567 0.007909259137363475 -0.02893861814078261 4.979184794099447
4.2749805233644 6.171006130274435 0.0083757824293705 -0.028807052412488307 4.995342304717255
1.7716373046224638 3.052440999845695 0.0058196282906112584 -0.029430119377248827 4.907614330949564
6.9808418701981605 6.785298029349578 0.007511987049729203 -0.02904427741508989 4.965481929917125
2.8090870594286854 3.3871776890776406 0.00817744488672286 -0.028863980929951606 4.988464093968814
3.329114261160433 0.9390199911367666 0.008939729897008709 -0.02863706041772669 5.0149763219620995
2.2953459820833513 3.191915714678973 0.006226012058466432 -0.029346835840475722 4.921442107193867
3.9228761351890515 2.010323279315689 0.006425537782442055 -0.029303796071608358 4.928245953896317
4.322309972890833 4.8878936701099835 0.007694067024323467 -0.028996574498123363 4.971756109957172
1.530924417807641 0.5941438267885494 0.00815542409514876 -0.02887021056085783 4.987701260370987
4.159341779937773 5.9725378916182015 0.009213840227281448 -0.028550046379404184 5.0245626866666635
0.26839437206841493 0.9706956497354478 0.00714861743087185 -0.029135841652971603 4.9529908968949865
3.97554907242164 2.539129832706511 0.008413557997659173 -0.0287960421207503 4.996653885741834
3.1762456009528397 5.688686809472631 0.009912527565027567 -0.028315045422399883 5.049134956220621
1.736851593586055 6.581221653726674 0.009067911061159615 -0.028596730389799794 5.0194555272717984
4.709932357075389 3.4528357638248948 0.006490390134257853 -0.029289500437957767 4.930459597067005
6.765223604711162 3.388745944272809 0.006897758365465305 -0.029196248552368048 4.944389884380968
1.3893058096900013 6.871932591044415 0.006983626293096862 -0.029175828416659673 4.947331971425038
6.96831056430072 5.689781526977313 0.009006053033963507 -0.0286162717478961 5.01729315156063
3.0946532953871446 6.547616140048744 0.008221267503306836 -0.02885152960657495 4.989982666974757
0.9588189149473344 2.290482150435932 0.005960058215528359 -0.029402001735723927 4.912388242056554
3.5241708350650645 1.9040693521436969 0.007179161122295738 -0.02912833063496975 4.95403935214378
2.5290209160823593 3.139560245307463 0.007280712831260347 -0.02910311359062327 4.957527213637361
1.663801023618121 3.66544010199296 0.008008745252013748 -0.028911243478763535 4.9826242497451325
1.7058898410425483 6.68218718288541 0.006734572552854861 -0.029234321140234023 4.9388042674959145
1.2733592908506568 0.4041748776152244 0.00911457150899664 -0.028581892628155095 5.021087621051489
3.5234932534190224 4.743817995355226 0.007663936606014294 -0.029004552671934008 4.970717150300043
4.964996506068279 0.5709566632094799 0.008385008839363089 -0.028804368188936252 4.995662602665731
6.612530197109499 5.52310285779456 0.008068127713529648 -0.02889472815581027 4.984678793210045
1.7724812370434953 5.275933174387749 0.009384223930479642 -0.02849449668308976 5.030536376256329
4.122878915231534 2.38329270859586 0.008664722297146092 -0.028721465622654763 5.005387320583502
5.116931849057376 3.1000758266191566 0.005305855213199932 -0.02952707063791732 4.890186089454125
5.593670800741756 6.505397914967219 0.007431677267278953 -0.0290649302939988 4.962717833331256
0.681391300349295 4.658755547731045 0.007987083021082624 -0.02891723542827588 4.981875060752881
5.649126093490022 4.318727812924827 0.007858400705761706 -0.02895247033238587 4.977427756190538
1.175977458172837 4.393257521839516 0.006251069624805043 -0.029341508627639443 4.92229602682793
2.2746275362384214 3.3589488603969837 0.006727541855073742 -0.02923593987865331 4.938563779506817
5.105810443216656 5.743725156983751 0.008725716244515269 -0.02870299419956396 5.0075116391968795
3.835029083142771 5.257452223587884 0.006975413545606997 -0.02917779302599431 4.947050489411322
1.8839156589537802 1.222668082019096 0.006765215033578872 -0.029227245261047752 4.939852562292107
0.7867850879821913 5.791930444048812 0.00795216913160478 -0.028926856139275696 4.980667888704991
1.1618349255741671 6.375465833798173 0.009187685517344004 -0.028558473958431096 5.023646721484792
4.466313594532231 0.7710532927243822 0.007970647704749211 -0.028921769917603177 4.981306748217325
1.323890533681793 3.735423382143616 0.008186317945545873 -0.0288614656331662 4.9887715167530935
5.378220431033604 2.5489600499530454 0.007687819646479576 -0.028998231481992185 4.971540663842157
3.4427731246681867 6.982762827016615 0.0099309539437661 -0.02830858798610055 5.0497857932290895
2.379017532071141 2.6859173574192403 0.008080372282123863 -0.02889130637029562 4.985102583093236
5.281935424543604 6.414056200650682 0.008206658230691694 -0.028855688532499448 4.989476343059858
4.645700963787851 2.3789192307357054 0.005826177994090266 -0.029428823455605192 4.907836886881993
1.386233899635864 4.460091307383515 0.007715814105420564 -0.028990795309728794 4.972506172605284
1.824004268651697 4.306464785153604 0.005891697898809787 -0.02941577630913657 4.910063765063014
5.121131448824593 5.3475094697315395 0.007631870239900394 -0.029013006680475614 4.969611748307728
3.166215212491739 1.502022752165942 0.00806604809789334 -0.0288953087556176 4.984606821785677
0.8178974289642792 0.9015891329545168 0.006883583803323194 -0.02919959373043787 4.94390441961808
1.729244875715439 0.6320048327791002 0.006912827740149501 -0.02919268423141352 4.944906056663322
4.657352159958028 3.908570902404129 0.006329625240004241 -0.029324662731583143 4.924974080173811
0.20635263797132278 2.957082699809919 0.00836465032804399 -0.028810286789436052 4.994955889747658
4.197254707164884 5.841221447795847 0.009632479249093382 -0.028411535395254255 5.039261417685061
0.5538607360326954 6.53223997737725 0.007304496200885193 -0.02909715338742355 4.958344507767985
3.9629584599951952 3.052244343224127 0.008044776954373679 -0.02890123810071773 4.983870752116596
6.15660204117246 2.957027572058531 0.008582099977527206 -0.02874626166957588 5.002511888873067
5.823954527121366 4.01768978449094 0.0076272607111846835 -0.029014218825321122 4.9694528736186205
6.073001424145965 0.2678750696606826 0.008143186447435016 -0.028873664722066553 4.9872774007851675
5.684531736086012 6.900446201854395 0.005875166154931684 -0.029419082627640602 4.909501794022655
0.12076257967844528 4.430793200737651 0.007050742016227413 -0.0291596817030057 4.949632995051289
0.7181972861791188 6.753858638558642 0.008215811508296395 -0.02885308373918019 4.9897935661497845
1.8644687501274968 6.6528394061253024 0.007362304516016367 -0.029082580219324503 4.960331739146449
1.2888932036714462 5.808528457876851 0.009251014957549894 -0.028538022395659935 5.025865050744188
4.358956478823831 4.7030039909540164 0.008952585046102562 -0.028633044214548698 5.015425252480404
1.1327398866237095 2.7680861651539788 0.007415045639030564 -0.029069177803493065 4.962145651927294
0.47708787472193487 3.3301111161510257 0.005861395554508297 -0.029421829347503026 4.909033731930831
5.256060273474606 2.002564876148024 0.007105439596833508 -0.02914640163271875 4.951509216585346
6.488521527807158 5.544351270570857 0.008231771786092442 -0.028848534334723012 4.990346766490495
3.5980962903935083 3.443466912949883 0.007125769217812115 -0.02914143807457829 4.9522067761537345
6.664374532769809 3.7412610005608222 0.007444623609960572 -0.029061616942386695 4.96316328702094
0.5518272948020676 5.701646377873839 0.00888930110828856 -0.02865275424468265 5.0132158423378295
4.6505793119434715 0.5117193673384693 0.00881637959109591 -0.02867527595169238 5.010671834542201
5.694325623234058 5.583691948633251 0.008417429579109213 -0.028794910648945193 4.99678833677131
6.24754115844508 3.5774822265145687 0.007058441572744229 -0.029157818892436998 4.94989705151439
5.463938647354912 5.172332566615218 0.008914294186603248 -0.028644988377632335 5.01408823540554
3.6485548575407285 3.1746496042816186 0.006940142245170104 -0.02918620265839332 4.945841823152977
5.696878915890812 5.328866622918401 0.007818708266751993 -0.028963214618536803 4.976057059018302
1.2416690637030012 2.709587854098801 0.005608019688918644 -0.029471174309292473 4.900429168177673
5.240837699785163 5.767039130272302 0.006679718791998188 -0.029246903372149097 4.936928323713019
0.945630309347106 3.0031979693618718 0.0072009989505664555 -0.029122939654402005 4.954789132436611
5.544963126514589 0.012989485923427285 0.006854848577606636 -0.02920635292154918 4.942920436820257
1.3459691954627298 3.231687010048469 0.007727786775525461 -0.028987606171466 4.9729191770907075
0.341382029132587 4.995886013239615 0.007888061302056229 -0.02894440341231795 4.9784523570638255
1.4048938638298945 5.640706407780481 0.007334882091564947 -0.029089508498818605 4.959388935715305
2.1419684776942995 3.8308406711952445 0.006290554496517026 -0.02933306878126374 4.923641920313502
0.5062539946387791 5.545453006948337 0.008011637326324837 -0.028910442185332248 4.982724283989221
0.9656803257930394 1.720025915125432 0.007358720334034728 -0.02908348732606638 4.960208499528289
1.1723508871768524 2.105281823794075 0.007263767481319616 -0.02910734755997742 4.956945003872067
0.7804807090992024 5.89015192959592 0.007035868469596113 -0.0291632740767998 4.949122954155384
0.6906715551151553 4.5252514776044945 0.007662836219569381 -0.029004843407128673 4.970679212085921
1.5499388881005627 0.09729739089475796 0.007681971619846444 -0.028999781241103764 4.971339000842384
3.2414788296885844 1.67195092631295 0.008734851303777312 -0.028700215551471033 5.007829916144268
4.772750413639432 5.946338593302952 0.008437895619038937 -0.028788920047862224 4.9974991626688
1.2797009680682367 5.48329745129514 0.008189252330611548 -0.028860633157738815 4.988873189600222
0.30599053553793093 2.006930818801807 0.006048523043343137 -0.029383930455167958 4.91539796760613
1.7826299050444605 5.481848814856934 0.007875527317850182 -0.028947816316015885 4.978019346062727
3.991725460395754 3.1791337309065155 0.005704150105090434 -0.029452719256099203 4.903692032359555
5.169117110217483 3.876125430939224 0.008252045311170117 -0.028842741689763047 4.991049594565732
1.3002774761102185 1.7648793314776487 0.007775391982274931 -0.028974873244277957 4.9745617981975085
6.937324001221422 3.9553780881470515 0.0064990291167401374 -0.029287584750876332 4.930754558224317
0.003447319645388802 4.33960391328041 0.00737650089145508 -0.02907898269538263 4.9608199094928205
4.439008592606751 4.656248954849826 0.006911210219442385 -0.029193067212998965 4.944850648599995
4.601978300148793 2.3293124848839386 0.008307164015769399 -0.028826914958335483 4.992961126245284
1.7678694909926695 6.594159329417992 0.007227919455482173 -0.029116270028028354 4.955713612804568
1.6078229202993375 0.07784317787726683 0.0074244448700828 -0.029066778603262886 4.962469005375016
1.3496877438948234 3.7090564459745194 0.006381011549493366 -0.029313524039344573 4.926726736562585
4.747697797978305 3.48142908234271 0.006561716535461874 -0.02927360374310355 4.932895477710062
0.3917273155825471 6.86974158618121 0.008394575301045468 -0.02880158164953927 4.9959947371629925
6.292559304375637 0.892285944291956 0.008302147879636696 -0.02882836000511725 4.992787121832913
2.4261115702639753 6.642816851000936 0.006621128051446451 -0.029260223227554994 4.934925466134095
0.09007070230190543 2.6804687693441602 0.006455123512235936 -0.029297293056556928 4.929255686913923
4.294534981269685 2.410113364561068 0.006631150976702693 -0.029257953392610614 4.935268023805476
5.1893946580852806 1.1003456340491753 0.007560081347342084 -0.029031795845616753 4.967138181241238
6.839173357407996 3.689465060276394 0.008503235583914663 -0.02876968864281377 4.999769541967228
4.427321777268008 1.682963927370647 0.0065051905146673306 -0.029286216832631048 4.930964938897516
0.6714892219993417 3.6776027921951866 0.005582124219633562 -0.02947609012736561 4.89955057040501
1.191561744268187 0.419801222676391 0.008498170024752075 -0.028771185346287097 4.999593473763937
6.647943402018731 3.154646664548522 0.005862245619112239 -0.029421659985480072 4.909062624323635
0.7184320581049726 3.358096728470401 0.00847165007152284 -0.028779005282769367 4.998671845145086
5.521066476822003 2.694147053344691 0.007826342238455398 -0.02896115272510003 4.976320643137018
6.445404201987856 1.6322239448018065 0.008685215699902122 -0.028715275172739918 5.006100919635349
4.742779723975958 4.646892262361451 0.009269112778058275 -0.028532149381139106 5.026499281177995
3.964080855680204 5.82920189697 0.008431163112687025 -0.028790892458679804 4.997265313129242
1.2800311874134305 3.748858364955299 0.006926617387042213 -0.029189415403079323 4.945378449630433
1.7110818106640073 3.513025066638028 0.0056838216406912365 -0.029456649021177034 4.903001871721723
6.638878074218069 2.9097912362607086 0.008590990187452482 -0.028743606029847667 5.002821168062955
4.263602632716923 3.507562578925882 0.007022488925184553 -0.029166498749347004 4.948664198925297
4.038742762839383 6.443466339156318 0.007903703022541762 -0.028940136118053492 4.978992802586299
0.06676887328176366 2.3826405073435986 0.008187444115558901 -0.028861146180541752 4.988810536817415
5.3601530958923025 2.1858032195499333 0.007413998111831745 -0.029069444989503243 4.962109616426336
4.510453080476763 5.406774837880002 0.008529466948929702 -0.028761922633355298 5.000681435884865
3.502183101697766 1.356823860933271 0.007777257660888335 -0.0289743725260126 4.974626188288802
6.589556980916769 2.9043300796921985 0.0061634488160927465 -0.029360039146625893 4.919310730972487
4.269653887113612 0.6862903166461152 0.008668095271829226 -0.02872044784397506 5.005504760079358
5.484653463185611 5.195052822269093 0.007568681988250302 -0.02902955481850756 4.967434441688056
0.00673479293989665 4.479342803620957 0.0074945162323712695 -0.029048790447155 4.964880453098147
4.076810649037536 1.1756656534529548 0.009000210733919618 -0.028618109768903992 5.017088998047697
1.1007162898653138 3.023287758234514 0.006284546381135287 -0.02933435659398991 4.9234371008477655
5.8883413309406025 1.3708133220091818 0.005780573756969815 -0.029437815255895467 4.906287478626476
3.963650899036847 4.664305663467972 0.008819283415046 -0.028674382993276324 5.01077310189064
4.226787965091796 2.7762796237123033 0.006978583859684386 -0.02917703493011846 4.947159145856224
0.9318454696658242 4.498628694915823 0.007220749014915965 -0.02911804910469776 4.95546735112806
6.716625625453277 3.6272889275860134 0.006797842386201248 -0.02921967383275121 4.940969040277227
1.6793939839081231 2.860949378162724 0.005650912059820159 -0.029462980040928972 4.901884771089129
0.45343410611426654 1.9490902468607707 0.007014193878164002 -0.029168494720151854 4.948379805408771
3.0800451449900828 3.262228047076234 0.009276489549162296 -0.028529751867905944 5.026757834464915
1.4865048739909856 0.9283037760631118 0.008147741534842247 -0.028872379671260325 4.987435163535695
0.5518636099035096 3.703372864127973 0.007099851040226863 -0.029147763468345037 4.951317480188407
5.184081291699954 4.2879577889199485 0.007598128520288657 -0.029021861466645725 4.968448939917287
4.0551342705244995 6.318639580409532 0.008442834940355566 -0.02878747189612021 4.997670737202657
0.900326852921931 2.5023019994701228 0.006575734590607798 -0.029270458052341512 4.933374366753566
4.146109875168432 3.8976035885246327 0.006193593897039908 -0.02935369473573216 4.920337580273497
2.09330740843439 2.6630240862335013 0.006423313331648119 -0.02930428374561425 4.92817004454048
1.5176617735489926 1.6905002937488283 0.007217566666076676 -0.029118838085005018 4.9553580613294566
0.6107110763768104 0.7104621083565258 0.006889495291342573 -0.02919819951008227 4.944106875487425
2.230008268956253 3.0040231274619256 0.005921188674397347 -0.029409854210488508 4.911066415535485
5.584734971574383 4.691682993637133 0.007002988745100056 -0.029171186959669672 4.947995671227591
4.757811155030998 4.049246570746828 0.006322486716348413 -0.02932620264748912 4.92473065585008
1.8955056293088923 5.3476847839293224 0.006381623800930115 -0.029313390756843572 4.926747622923017
0.49275325211954923 4.2624722302673925 0.00841082800065564 -0.028796839624225905 4.996559082463415
0.5009021887675837 0.8253744340288851 0.007085671403680322 -0.029151213709879505 4.950831034732475
2.125611816806099 2.500140547165509 0.006748060186518641 -0.029231210780929377 4.939265655017119
2.9680364189939112 1.700313862591865 0.008525941597786663 -0.02876296785575388 5.000558868032631
1.9275540200304806 1.5500581288790343 0.009077592800983468 -0.02859365854415159 5.0197941065300204
4.508528841370653 0.9416206488360697 0.007469554088400301 -0.02905521918211016 4.964021230383759
3.8180248267853494 5.8115959431723665 0.007226378935244222 -0.029116652408617626 4.955660703894174
3.962953527639134 3.246937634775921 0.006401021849598236 -0.029309161012914815 4.9274094176547205
0.8013017009019849 2.5368235404974233 0.008192283301224713 -0.02885977294284338 4.988978212097988
5.667264996167914 0.7822552555229723 0.007421431697257296 -0.02906754808309336 4.962365342943727
2.90249214618782 2.294616146647633 0.00821007571596904 -0.02885471636904538 4.9895947787311785
0.5995341784820282 3.7307579087883975 0.006547286968718883 -0.02927683441475946 4.932402584167166
6.9975484467063005 1.5476807648419497 0.006524367243737368 -0.029281950619261123 4.93161979047369
4.3685178132951545 3.3577333705360646 0.007882162489577925 -0.02894601033800497 4.978248564688689
0.8509684703539464 5.643112768002055 0.007731634363022559 -0.028986580172150847 4.97305191159667
3.588865810343889 4.051838184533595 0.007510164735342255 -0.02904474867593145 4.965419187794939
4.737123691450198 0.7626044296178424 0.005457792074412138 -0.029499364496078283 4.895334173538988
1.2957146996853395 5.268396899139474 0.008190708498406696 -0.028860219928027717 4.988923645119051
1.339979077664366 4.4132864121360225 0.006416630645065674 -0.029305747749627617 4.9279420055381795
4.134728664243729 2.3999418873168947 0.0062899579847080335 -0.029333196698461073 4.923621584544586
5.2461371698539665 0.4866583859337658 0.005868779214943486 -0.029420357416697834 4.909284696784534
3.1457956794769903 0.27315626220103173 0.009722328926677954 -0.028380914718195413 5.042425556666288
5.360802156800455 3.5230379998771753 0.007118536190888834 -0.02914320576908117 4.951958579496463
5.199439922752973 0.5193247661383313 0.006128113930871661 -0.029367434679424362 4.918107380014064
1.156558570692263 3.181711633521902 0.008238724321598398 -0.028846549560609547 4.990587776122613
5.275374480050417 4.223305412994247 0.006955307999049953 -0.029182592253573905 4.946361475942157
4.076881347015861 0.9597266308213206 0.009109590024882734 -0.028583480711392672 5.020913337781381
1.7974767951317834 3.2696376447399342 0.005589701372826721 -0.029474654172061444 4.899807637664855
4.907924904122835 1.5375708732195261 0.007744336328151084 -0.028983189176425693 4.973490138799157
5.516006297260935 0.9103314846575974 0.0057601466875087685 -0.029441819069792236 4.90559362008352
1.1510677695492502 2.271231340879513 0.007742076547323501 -0.028983792897676167 4.973412170937261
5.045612588520056 5.310046077996456 0.007784326822296418 -0.028972474107740204 4.974870176073597
3.394409520090778 2.7503218709874426 0.0059622639530777476 -0.029401554526144184 4.912463262605942
2.2182048623677013 3.3474466281352293 0.006990679762254879 -0.029174139172589136 4.947573735710952
2.9378389877887603 2.5099646590932627 0.006785043189709463 -0.029222648560898398 4.940531029063335
5.0897948710819785 3.395835108064457 0.007403688371419729 -0.029072072483724034 4.961754973453396
2.2232449008237096 1.023668290701458 0.00870230925192701 -0.028710099506686237 5.006696250588449
2.5766906455660066 5.051140829137027 0.007800009470721817 -0.02896825594088553 4.975411510227628
6.6016593558259995 3.179852357009435 0.007939660649387208 -0.028930291888824285 4.980235496772481
4.147787770163665 0.5662963327435317 0.00676850709277219 -0.029226483054501998 4.939965200417499
3.4652075578668207 5.655518028349256 0.007059029243814441 -0.029157676624432416 4.949917206399982
3.6596094854692267 2.643152204257047 0.007483158572534898 -0.029051718327463824 4.964489487169234
0.3824299478162212 2.992499028737939 0.007654306866108623 -0.029007095449207636 4.9703851569804565
2.3244818515868255 4.2606357147407845 0.006868920951433071 -0.029203046501400563 4.943402289867649
6.232715075289718 5.777610493505336 0.008060073421862135 -0.02889697590465465 4.984400057992031
0.8147626769453746 0.687803837519623 0.006824667306286851 -0.029213420137986227 4.941887181569372
3.389019542525012 6.512344515092499 0.009078752242139328 -0.02859329043195012 5.019834655682457
3.4909388344738357 1.6710283785001814 0.009955164966317565 -0.02830008287078685 5.050641175300733
3.0906289677451557 2.092731989998861 0.006491335584576443 -0.02928929091542524 4.930491876678675
1.1643655368948522 1.84450776998231 0.006256846542820066 -0.02934027728804894 4.922492916472859
0.8822115228099057 2.8490142635056253 0.0067379374913011025 -0.029233545771310723 4.9389193713510835
1.1156676022241936 6.591482911208652 0.007854962960339534 -0.028953403200516755 4.977309020552566
1.4519160855072577 1.8151708189598914 0.00703471015787554 -0.029163553504240228 4.94908323618105
0.15054568735716917 1.4208731329824151 0.009466365473969342 -0.02846731326825981 5.033420466021814
0.44393516363975793 5.115455460106506 0.006488356829485032 -0.029289950932927064 4.930390176656795
2.299273237095965 2.349005555296152 0.006932183100636706 -0.02918809410460448 4.945569129692826
6.96214542432902 1.798280203964464 0.00834188455470613 -0.028816886751971582 4.994165784290302
1.0380333707904343 3.766638079092585 0.007276505800090614 -0.029104165738623185 4.957382660199685
6.91549344987386 3.6126213733548167 0.00820964238567185 -0.028854839661647407 4.989579761104048
0.6052692353454607 2.4299532427055355 0.00683427874943754 -0.02921117310165729 4.942216202022268
2.0091530509408186 6.987339441143298 0.008500612922350258 -0.028770463672738604 4.999678382613036
4.036693026045769 3.8415255221426334 0.00602710340492131 -0.02938833143522078 4.914669064658225
0.5390475821002694 4.282019925676295 0.006526354847745112 -0.02928150768661535 4.9316876691155755
6.107948924674659 5.068256708625889 0.007859926918000016 -0.028952056038279883 4.977480470972392
1.6517486323526065 2.898933610215011 0.006739656567205996 -0.029233149494300423 4.938978176655423
2.291823460070821 0.9735434661549718 0.007754555404509857 -0.02898045669892707 4.973842741748768
1.0253504548498873 2.7914493929225976 0.006398961548897979 -0.029309610899766737 4.927339122742966
1.9157265268502417 6.271503021612768 0.006685371288356584 -0.029245611820182826 4.9371215961794945
1.0096683445214887 3.2803032863210873 0.007926632154305648 -0.028933864288931882 4.979785183634885
0.18441828042242334 6.924795812374567 0.008551695259388209 -0.028755321389102178 5.001454362673332
0.7084702829669884 2.1000892280531596 0.00800529557742628 -0.02891219885650414 4.982504932234999
1.1676669098486752 0.14539392918479846 0.008901577545154098 -0.028648942689174554 5.013644326565508
5.684273570859385 3.2136028821061844 0.007423729253017927 -0.02906696138191754 4.962444385694086
3.5991482524317355 2.887891452264754 0.007753293715448796 -0.02898079427072319 4.973799206143868
1.89085196325649 4.9391602685588145 0.007636087746219422 -0.029011896937843232 4.969757117142439
3.1524393091420526 3.245610322511839 0.007065577715962174 -0.029156090470769544 4.950141800777825
6.720628345695424 3.842096792252995 0.006448696442985847 -0.029298708404744085 4.929036318046967
6.291475611483768 4.67355266652739 0.006889619363809046 -0.02919817023414014 4.944111124808642
2.0542069241762135 6.5293368679981185 0.008071842808133556 -0.028893690551412474 4.984807368958678
4.006195315295911 3.589415247192752 0.00647485556887264 -0.02929293848971521 4.929929248201185
3.5257887644889343 4.942071912233859 0.0079051231432171 -0.028939748238202997 4.9790418738894235
3.7087037450856997 2.609432769911948 0.00598818236354073 -0.029396286703952588 4.9133448735032825
0.963484414510781 4.864949933911662 0.006040794070455797 -0.029385520362898904 4.915134940719366
1.378516909280944 4.187787365333265 0.006480728939855037 -0.02929163963331731 4.930129757316413
0.7716508766625588 2.268739028077774 0.007373076022080587 -0.029079851271501034 4.960702133081674
1.9179930299579266 5.290230864984961 0.007685716803531005 -0.028998788892226533 4.971468148291046
4.249850598632395 1.0801741873072421 0.007163161688582868 -0.029132269300952487 4.953490115324102
6.952097719083362 6.088230106152724 0.006367303518115286 -0.02931650466730638 4.926259125291341
5.216130605292178 1.6545662799276806 0.004947663294563456 -0.029589197824943302 4.878068019601718
1.3817153386174548 5.157212152130676 0.0070271301563501485 -0.0291653808781184 4.948823330816312
3.3339972583218445 1.2359360679842577 0.009029863773784777 -0.028608767191665028 5.018125330581856
3.873377745053254 0.5331359791591878 0.009123449126613845 -0.02857906009710762 5.021398239301275
1.567213251434988 1.9705938773822766 0.006045001201282274 -0.029384655187299644 4.915278113026744
6.587869585886581 1.5656951637924597 0.009085975406808364 -0.028590995976126358 5.020087283286449
0.24377744141325494 0.7871600584095344 0.0066639295470025395 -0.02925050500406081 4.9363884965633895
1.5279764806186191 2.481368682666499 0.00833216925109721 -0.028819697353911787 4.993828661483056