500

3.172332160448042 79.28391379758087 0.5685607659591869 -0.8226412677539966 5.317144247551134
67.20503679868166 83.25453247676634 0.47313683769753045 -0.8809889515842867 5.205236954945739
57.01571128102191 66.97433579590127 0.42435117215972584 -0.9054976988853515 5.150634202803258
12.543434379089934 77.28801857071029 0.3040200019613104 -0.9526656488020573 5.021298550143008
81.5707047071736 64.37035405980785 0.36142333812551286 -0.932401828965501 5.082182951711584
80.3604556839894 39.661783319029134 0.19216465128676022 -0.9813626989018066 4.905756413266593
59.81480617097493 96.38202580794247 0.8377118583236616 -0.5461124814760395 5.705468766252545
9.151844630219879 20.26207787256243 0.7900903196813 -0.612990445884682 5.6233453065269465
14.986608561762301 70.68511929109161 0.30266516382962194 -0.9530969513139721 5.019876717325678
58.23583905259803 12.562353514018888 0.3161700220156674 -0.9487025440983134 5.034078667877121
64.84837114268548 34.22600123181317 0.4132991986466375 -0.9105952846342041 5.1384631992449865
11.318323952853492 73.13930776160822 0.30372898089587574 -0.9527584721029526 5.02099308422602
26.67509352630598 60.59360612517568 0.33042677427466993 -0.9438316305583514 5.049144691810948
96.58532474242713 30.12419027672513 0.37581066956567327 -0.9266964662933599 5.097660395015254
9.062938365796983 27.61306557655939 0.4845265053580327 -0.8747765803938353 5.218210791933787
14.008407839490486 12.46789557437033 0.49538147363458573 -0.8686755410276188 5.230662901037377
98.10075097010305 80.13607810845788 0.5861771537504532 -0.8101829080035061 5.338721223911116
68.8066280829524 65.83494679627925 0.35097257972580126 -0.936385736905799 5.070998534981864
97.9306443074558 86.1830612095248 0.6152273435140095 -0.788349742051518 5.37506329345258
62.044928546893935 92.05343967121095 0.8400034688032386 -0.5425810284174397 5.709678595877315
9.520394388341781 78.0180549203332 0.3041941982419373 -0.9526100407595676 5.021481406913916
12.409970774799634 70.7606870839705 0.3031511333611282 -0.9529424905742547 5.020386643311779
36.91836725042113 19.027503375737595 0.6837251955776052 -0.7297395815853526 5.465244315705508
98.8474322490618 78.95628729611533 0.5842739201706728 -0.8115565206492978 5.336374074088655
30.098357372624523 47.71341117297062 0.23253156646140596 -0.9725888497196565 4.947068772130668
98.56234485095273 87.19126516153285 0.6171686556897893 -0.7868308906201245 5.37752816783286
93.34834601316574 84.26070252902596 0.6170951392748067 -0.7868885493406337 5.377434737691423
78.27227911777382 79.85405447700518 0.4933234881476893 -0.8698459266110272 5.228295389834398
14.053856433476716 12.377184779429365 0.49538147363458573 -0.8686755410276188 5.230662901037377
9.182342275799035 79.39714567833352 0.3044282864994894 -0.9525352583390206 5.0217271501194185
0.6169270144567061 79.16857153897845 0.5767024867258637 -0.8169542470690786 5.327075543135162
57.58137022656353 11.20242266438867 0.30404696770476436 -0.9526570429223404 5.021326855840063
10.969464112092352 76.7166946076718 0.30402841002434267 -0.9526629655329686 5.021307375983305
10.856449252804305 74.3857526590289 0.303897151203738 -0.9527048448970187 5.021169598049115
96.98525178491758 87.01541182265824 0.6169394850657136 -0.7870105919025818 5.377236943303578
97.11985533424482 89.73361441021913 0.6187182194627006 -0.7856129867211371 5.379499065864442
97.68810827290346 86.27193062571573 0.6158715838327246 -0.7878465537319888 5.375880755445814
9.003283260939272 74.3267683797072 0.30393522728685946 -0.9526926984154361 5.021209564599141
12.686265178846924 74.87882689558371 0.3038896005557002 -0.952707253396392 5.021161672574049
14.81323340603192 70.06021409063246 0.3026767291457022 -0.953093278558641 5.01988885180827
55.472212005503266 13.921547950425408 0.32931310714772644 -0.9442207779225736 5.047964992568719
98.46295640703701 23.090675840016402 0.37682832300725777 -0.9262831181553175 5.098758791724868
13.883349910876989 23.745489701263068 0.4850549079843182 -0.8744836969551374 5.21881493600206
93.01864415187188 84.84447016728504 0.6194208677697196 -0.7850590987762689 5.3803937761819345
0.16206565950048457 78.66203398239433 0.5765780177463927 -0.8170420977230246 5.326923193982575
98.43613864967814 81.14923601553927 0.5901981947566253 -0.8072583792727211 5.343693315020561
84.47644490181628 39.387504634887776 0.19216463408731974 -0.9813627022696993 4.9057563957405135
1.5360867171494172 23.48408888675797 0.3778090656148828 -0.9258835293595027 5.09981781361934
95.90622746370484 87.77946232816026 0.6177821670704982 -0.7863492824754653 5.378308131069238
10.558869785025108 20.177139310366165 0.780837345165604 -0.6247343758708427 5.60839399912211
52.31485667869088 9.704901158326356 0.2739835707758274 -0.9617343723424505 4.98992165236811
80.12473653562512 68.3614663270511 0.36142876827307024 -0.9323997240800811 5.082188775545813
14.069926863644206 73.37565488188935 0.30324772751600687 -0.9529117565422193 5.020488009043122
95.8068271609942 85.85798520425817 0.6166622604880083 -0.7872278301037252 5.376884741793357
61.59300919530147 95.50021360827674 0.8376481717306299 -0.5462101613814349 5.705352158593854
38.46562682405508 20.175207633777983 0.683672067480926 -0.729789356010593 5.46517151400177
15.963843848318385 69.40805659918695 0.3025794918126218 -0.9531241530537433 5.019786830568317
11.760341751792108 26.537811678603347 0.48792697445004063 -0.8728844526075771 5.222102238543381
90.62267173507838 83.8597733735241 0.6199956033367021 -0.7846052841035158 5.38112607991204
73.35610080924242 63.8808054140868 0.3614300386674991 -0.9323992316324644 5.082190138045963
15.345265556323183 27.282024048803567 0.4819786057582556 -0.876182985221311 5.215300504510287
11.946439231555221 28.830497002691448 0.48315487216081476 -0.8755349047909322 5.2166434904242545
78.87147462605255 66.60727088089772 0.3614287573399985 -0.9323997283180988 5.082188763820078
7.813969491770023 19.696787179363035 0.7930031308498501 -0.6092175592202966 5.6281117712230655
59.80610130181535 68.60947795554777 0.4243524562585546 -0.9054970971059662 5.15063562091758
57.5114390851661 15.954651511652367 0.3402560049601686 -0.9403328405881323 5.0595781138092795
61.552272101771415 8.576536213471357 0.251036956088221 -0.9679775031879412 4.966140347487665
8.284896880047668 75.61652410143519 0.3040309503064922 -0.9526621548354544 5.021310042491107
97.5789592589838 87.73478158199849 0.6173774432177961 -0.7866670786335582 5.377793547936122
55.98528556555196 66.34968317475418 0.4243509237613951 -0.9054978152943555 5.150633928480843
49.42082128545822 4.33643739582114 0.2812401095241219 -0.959637431947535 4.997475114150333
11.758411312954049 72.1306938096894 0.3035257619268532 -0.9528232322139942 5.020779796107445
10.97671044137729 17.80316105881515 0.7544158672268306 -0.656396754468202 5.567152736130547
90.29346240731385 86.33871915674813 0.6200548056303689 -0.7845584987843071 5.381201537036763
14.760731882834348 25.560840263149085 0.48234385850051037 -0.8759819645214391 5.2157174204370875
12.76028458364767 25.007577901375388 0.4887306337109686 -0.8724347354802393 5.223023169464915
35.48877023936071 63.650721655698625 0.3304268731961478 -0.9438315959268458 5.049144796619344
98.08727320033974 79.99385083008845 0.5861771537504532 -0.8101829080035061 5.338721223911116
8.698318918775303 20.014502648351854 0.7909735123912953 -0.6118503924125385 5.624787440932189
62.06677088704451 96.51865672989139 0.8367592379816018 -0.5475709795564856 5.70372672637521
10.13451792893451 19.74511100765525 0.7804316413061053 -0.6252411160890322 5.607744860242409
40.5416262907909 70.80421002555114 0.6085190579096574 -0.7935392593695305 5.366581983592997
11.98626475844619 20.074212198677195 0.7669793524841642 -0.6416717796996938 5.58650933041301
24.924725408681997 22.569932121976642 0.6038194870500737 -0.7971210868234423 5.3606730449602935
98.96803410435317 81.71386019518182 0.5908496421861975 -0.8067816931044248 5.3445005408204
61.840463583041156 34.48138362803027 0.4132991986466375 -0.9105952846342041 5.1384631992449865
99.15957982574793 86.92924168708998 0.6168375289660886 -0.787090504871587 5.3771074013069535
10.190517986620067 16.551340561273815 0.730126757938241 -0.6833117277952965 5.530896417923122
61.7164960365914 91.56385221408067 0.840128979523583 -0.5423866681295394 5.709909958931135
82.1945171271128 38.262960653378514 0.19216464787100934 -0.9813626995706587 4.9057564097859725
10.688872744908192 70.91688179662059 0.30359031209104065 -0.952802667085092 5.020847543049998
63.56021525043067 93.9467164631103 0.8380431027317508 -0.5456040303771044 5.706075598510421
15.33307472914775 10.437902176857571 0.48313322578244805 -0.8755468497716419 5.216618766988802
37.451265343087094 22.510995862965565 0.6838010018613451 -0.7296685479403787 5.465348202044275
36.29926118467885 9.188933179810125 0.6342980785285377 -0.773088576797643 5.3994892174235485
2.476341229298431 74.85497575792192 0.5618708489556329 -0.8272249688530179 5.309034644249756
9.262512506402466 18.567163242744037 0.7803020675097918 -0.6254028169427639 5.607537648913224
90.98614498966948 84.17311507035129 0.6197484712945452 -0.7848005047960114 5.380811142829659
62.757823227525265 36.27512619630565 0.4132991986466375 -0.9105952846342041 5.1384631992449865
41.43599180942683 69.0736942857267 0.6085190579096572 -0.7935392593695306 5.366581983592997
97.60763670512775 82.8864424761521 0.5946771374597272 -0.8039646150065964 5.349252981413145
59.57428157305066 0.8809839739100086 0.741327341339791 -0.67114363066491 5.547434915157499
64.64320148506319 97.75016735461213 0.8332623422005639 -0.5528778066358155 5.697371348360901
14.715192463950915 14.097899488071908 0.5011377764833186 -0.8653675109347215 5.237302046124604
10.800763645212573 73.2410201757541 0.3038064538087654 -0.9527337711155948 5.021074399605941
61.11999061934633 96.73973457748943 0.8375310531026986 -0.5463897282056872 5.70513777338551
26.150065971688694 24.851429817015557 0.6038194870500737 -0.7971210868234423 5.3606730449602935
97.37449971785158 87.14674424333217 0.6169394850657136 -0.7870105919025818 5.377236943303578
9.383180928430118 18.399936778487014 0.7803020675097918 -0.6254028169427639 5.607537648913224
96.71890188115262 84.80720104196 0.6095013870607586 -0.792785001858014 5.367820480726966
58.20135605122234 65.63625571925388 0.42435120616935756 -0.9054976829471246 5.150634240362306
11.520618223218783 14.456089288735415 0.5545941506832769 -0.8321209816053762 5.300264138466346
5.421499479449238 27.544175539969743 0.38259983381946716 -0.9239141557316438 5.104997577365236
68.0411614133869 64.73558515967771 0.36060508115916506 -0.9327185939189762 5.081305521060124
57.20380853666185 8.587241914692585 0.2714518277338845 -0.9624520274901671 4.9872901593057035
9.305708388540598 75.79264694068537 0.30401019300007476 -0.9526687790371097 5.021288253828521
60.8232409887506 95.14906939781183 0.8380632364224455 -0.5455731039532066 5.706112501209459
29.460842989309487 46.90284538298286 0.23253156646140596 -0.9725888497196565 4.947068772130668
66.75762218568352 55.60994085548338 0.4465793818153171 -0.8947440168771452 5.1753276425219585
29.008338012283104 59.34340242551968 0.33042679204558434 -0.9438316243369175 5.049144710639427
76.26960389769651 81.24099799637673 0.4930962708712022 -0.8699747511582816 5.228034193634009
77.8426089954256 67.31314150320881 0.3614287573399985 -0.9323997283180988 5.082188763820078
65.6337217998401 63.796194313459765 0.3702013096056538 -0.9289515543699031 5.091614697973402
11.04107239841713 21.433517323738574 0.7767187939958511 -0.6298475331805552 5.601828407278063
31.66572142352266 48.796504780691706 0.23253156646140596 -0.9725888497196565 4.947068772130668
16.045671318805635 60.40788689975603 0.7926050784816776 -0.609735343870645 5.627458665835623
69.71190844165422 64.0747546021298 0.35097257972580126 -0.936385736905799 5.070998534981864
27.766330139112842 60.38575236176488 0.33042678842564854 -0.9438316256042238 5.049144706804065
95.87365157872927 86.99601786535877 0.6170217764876841 -0.7869460765134944 5.3773415096154045
63.2337166752072 33.85454243730001 0.4132991986466375 -0.9105952846342041 5.1384631992449865
11.28321457782824 11.92279641328697 0.5076459445032784 -0.8615657810227693 5.244839265123932
54.71233959266804 7.840507280041054 0.2707239211857281 -0.9626570305658312 4.986533935640949
39.315295750002186 17.846812629357338 0.683608546528712 -0.7298488577184333 5.465084477431233
13.800910512647928 71.98571461120137 0.3029844981950364 -0.9529954846973316 5.020211784352223
39.1659054257345 71.20201637498968 0.6085190579096574 -0.7935392593695305 5.366581983592997
75.2072692744381 64.31707428372765 0.3614296116456929 -0.9323993971607036 5.082189680064281
10.567944639297428 70.56854381522248 0.30353226798497535 -0.9528211596579377 5.020786624304931
11.583209763281975 75.5359960960689 0.30393873028375545 -0.952691580855787 5.0212132415444515
61.81429600197181 34.432649406832965 0.4132991986466375 -0.9105952846342041 5.1384631992449865
80.39117800602297 79.75492011711171 0.4934080847245848 -0.8697979431617535 5.228392647184938
97.98340397101217 22.978677386279422 0.37682832300725777 -0.9262831181553175 5.098758791724868
11.403280341313005 73.86063129335037 0.30377796547191055 -0.9527428549686147 5.021044498072159
14.17831534716327 23.96650781176849 0.4843860679870523 -0.8748543519581089 5.218050258225698
10.750593920210536 28.562503631806432 0.48425605916969483 -0.8749263221308621 5.2179016580965
52.04538125591105 6.30592971243396 0.2761718651309817 -0.9611082670074558 4.992197754806906
56.56546284688103 13.112016248464796 0.3236430980019943 -0.9461792351957802 5.041966270495514
57.69310546507606 65.73189672314365 0.42435096990593074 -0.905497793669259 5.150633979441249
16.260698871221173 70.23190596821033 0.3025819198541134 -0.9531233822425085 5.01978937802498
10.932971398610256 27.08556018743186 0.48945394446878565 -0.8720291487352627 5.223852433656523
10.261659832088467 71.94967138835854 0.3037042918178139 -0.9527663423586289 5.020967171072989
65.72777104627897 56.897213316758055 0.4465793818153171 -0.8947440168771452 5.1753276425219585
98.11038791370223 91.65380981437882 0.6202074077009435 -0.784437869708542 5.3813960589275185
60.27426960054798 7.271619948199823 0.25211486099091307 -0.9676973167615649 4.967254072561902
40.078573810986995 69.4750838009122 0.6085190579096574 -0.7935392593695305 5.366581983592997
76.68512977991796 66.1865351504276 0.361429010963874 -0.9323996300051153 5.08218903583205
99.82122386985326 13.495493281586668 0.8574646230581072 -0.5145429235776333 5.742710798958363
10.64130881469378 80.10931656553593 0.3045077147406915 -0.9525098695884477 5.021810537373601
30.46014118131166 60.61109429668737 0.33042680816448294 -0.9438316186938388 5.049144727717578
54.29549909610323 10.390640662197955 0.27782354908080775 -0.9606321229149815 4.993916700354173
42.26751109345366 18.848544276871852 0.6834003928859854 -0.7300437678682565 5.46479931448477
63.64180897172334 70.4883566186854 0.42435637102109114 -0.9054952624800474 5.150639944251708
10.248025146735662 26.57986433724676 0.4906403061397731 -0.8713622036736903 5.2252134149258485
75.17714707060236 64.20474925701873 0.3614296116456929 -0.9323993971607036 5.082189680064281
71.16051193290497 84.09272456130756 0.4843642676119184 -0.8748664219529573 5.21802533953529
8.415860119947698 21.97845189036441 0.7834277364460399 -0.6214828893598231 5.612551199671393
14.5982394796272 9.821587575089538 0.4818802189019577 -0.8762370995518287 5.215188217671019
51.30223221730945 9.659301223613944 0.27463642646007197 -0.9615481440163262 4.990600549673749
98.53787380555039 87.80887050848426 0.6177008408399446 -0.7864131682681983 5.378204712742532
10.33964788310032 24.68334670493949 0.5361983250218008 -0.8440920306719021 5.278315750006133
82.31509002810611 64.61105674587354 0.36142108746757284 -0.9324027013762654 5.082180537884393
15.705016404784118 70.29045538831103 0.3026381728184748 -0.9531055221501421 5.019848398181704
0.03457647486089854 81.9088159355643 0.5899133449894411 -0.8074665599288732 5.343340499804404
62.478924975197025 69.74445381984398 0.42435587777417877 -0.9054954936378791 5.150639399525667
30.51574488982364 48.37653837249438 0.23253156646140596 -0.9725888497196565 4.947068772130668
0.5496439876482242 82.73610710370471 0.592605551537613 -0.8054928058566393 5.346678716631419
34.592920260307054 60.79243494917987 0.3304268600981319 -0.9438316005123423 5.049144782741852
14.44442035999876 27.501435296189676 0.48204845979777733 -0.876144555656537 5.215380231659299
8.176026452957428 74.66460292351921 0.30397357416038834 -0.9526804638556198 5.021249815899288
86.62073676571501 37.69721121327846 0.1921645935602113 -0.9813627102054768 4.905756354443745
15.946125725012006 25.618718325889063 0.48197766359271316 -0.8761835034955345 5.215299429203782
11.730181844423631 15.620471625258563 0.6231597908050186 -0.7820945435967734 5.38516537717901
84.5525704711837 41.400958131786645 0.19216464241184633 -0.9813627006396398 4.905756404223133
31.61853525578708 61.67035151173528 0.3304268204775051 -0.9438316143831624 5.04914474076336
62.756259624077074 93.82642504019233 0.8386235891897021 -0.5447113691255046 5.707140403067652
8.472206048053986 79.77061378231258 0.30445062342952267 -0.9525281192140077 5.021750600184435
2.073920555791206 29.280082928408696 0.38078618941416104 -0.9246631159246284 5.103035372321174
97.72304298205664 89.01753921435613 0.6181276309089188 -0.7860777518203448 5.378747533121388
12.068185316430815 19.96858314050582 0.7660968769742734 -0.6427251162746521 5.585135182945365
16.03697844812879 25.681562151609107 0.4819776635927134 -0.8761835034955344 5.215299429203783
63.2127749253418 96.59512593548459 0.8363856181937105 -0.5481414942136061 5.703044759559362
96.9016756801291 23.80117793025073 0.3766043489582791 -0.9263742031952913 5.098517004919174
13.168073099790709 75.04673048443742 0.30380591890019615 -0.952733941686349 5.021073838159987
99.66931873801369 28.468386886817047 0.3778216435600836 -0.9258783967981741 5.099831398459834
30.79130918913934 61.97834897200947 0.3304268142428094 -0.9438316165658723 5.049144734157632
10.10926480875203 23.509342677145142 0.7340069637566871 -0.6791419418329937 5.536592311169863
62.43434485454773 34.217198431331184 0.41329919864663733 -0.9105952846342042 5.1384631992449865
57.29356235293572 7.727437322854836 0.26600991781954747 -0.9639702918771085 4.98164041637621
57.98984659570941 64.76235308427209 0.42435090395613306 -0.9054978245758588 5.150633906608608
97.78026191332839 83.57928948610278 0.599042980361234 -0.8007168711098388 5.354694350516115
80.52685607421985 39.76091681918974 0.19216465128676022 -0.9813626989018066 4.905756413266593
38.84024510164237 70.29250589083631 0.6085190579096574 -0.7935392593695305 5.366581983592997
67.35837260017453 81.7527336671668 0.47278182548859304 -0.8811795194440651 5.204834028426542
1.8924677381813302 22.773889322540153 0.37762352055211496 -0.925959219796329 5.0996174239672145
40.983946167586986 19.630756033117322 0.6835291670750012 -0.7299231999037672 5.46497572147414
91.24094594902657 85.72858585136741 0.6196879689456419 -0.7848482790603705 5.380734052528318
91.26286898960939 84.18324414375238 0.619748471294545 -0.7848005047960115 5.380811142829659
39.53847756008907 70.64264822323999 0.6085190579096574 -0.7935392593695305 5.366581983592997
56.2279633421213 11.964755522917237 0.31043185285773633 -0.9505956368147882 5.028036276264293
98.65958505130563 81.75943759248254 0.5912844200363214 -0.8064631018356085 5.3450395511937305
2.3619699176762965 79.7405081511591 0.569819139450209 -0.8217701310684292 5.318674732253794
3.453284309956745 24.850094411708266 0.38036540631404064 -0.9248362869608625 5.102580348553982
64.18189752079024 96.36102773763417 0.8348493324942011 -0.5504785118730674 5.700248006014703
28.509742299528728 49.459010486003095 0.23253156646140596 -0.9725888497196565 4.947068772130668
39.93851927348935 20.02853865545236 0.6835528575943525 -0.7299010144359267 5.465008178148191
78.58997957059711 67.86283702243055 0.3614287158025609 -0.9323997444193728 5.082188719271119
64.45587310366149 82.73060937867703 0.47248643028914467 -0.8813379449408844 5.204498831524779
0.06265511464991391 78.57623428749808 0.5765780177463927 -0.8170420977230246 5.326923193982575
10.2887761796399 21.828869577205996 0.7813698967470313 -0.6240681729246683 5.609246898645189
52.97396148985098 8.86781562840518 0.2732086565748811 -0.9619547962209808 4.989115998136963
67.69073942135292 54.6346162045012 0.4465793818153171 -0.8947440168771452 5.1753276425219585
32.91421530200854 8.201844529366571 0.6342980785285377 -0.773088576797643 5.3994892174235485
16.989456019702743 61.128517839208065 0.7926050784816777 -0.6097353438706448 5.627458665835624
51.1396049268979 4.6298086858832725 0.2784020994922156 -0.960464612048943 4.994519012963828
8.680560939401072 73.41899429923141 0.3038954535013475 -0.9527053864344477 5.02116781606814
92.08815177475665 85.95019048060774 0.6194991144225881 -0.7849973549188742 5.38049344986261
1.1312376227930518 13.146020345562562 0.8574646230581072 -0.5145429235776333 5.742710798958363
10.158121205095112 17.951693404777227 0.7703153529711547 -0.6376631218573999 5.591724529219513
98.5175992701788 28.250847423191193 0.37634354414856547 -0.9264801869320772 5.098235488131475
94.42888397434307 85.73041815803377 0.6171611460797762 -0.7868367808951848 5.377518623746584
12.217216232041595 71.5039863489727 0.3033301635562001 -0.9528855187675846 5.0205745198606255
77.59780918296585 65.1113591783115 0.36142887543033897 -0.9323996825423958 5.082188890472135
16.682099190072957 61.891901319109024 0.7926050784816777 -0.6097353438706448 5.627458665835624
74.99880564044392 82.39207359891303 0.4917578921383214 -0.8707319768560674 5.226496452155093
13.336489502912835 14.303110758763337 0.5240442776913489 -0.8516910208631722 5.263981558834641
10.023975893280305 73.96227797961875 0.30388273569784297 -0.9527094430857683 5.021154466950345
16.711321369548497 71.4775175093892 0.30261377167882153 -0.953113269863723 5.019822796566869
27.83868451220523 58.74281613178681 0.33042677721467906 -0.9438316295290812 5.0491446949259196
96.39820758081589 88.6211216215805 0.6180464650178815 -0.7861415693619697 5.378644283034238
15.452654151797848 73.7423980503882 0.3029346391184754 -0.9530113348865055 5.020159466515752
77.41111728030548 82.34511785972461 0.4932840577079257 -0.8698682879673243 5.228250060044681
63.16258477759478 69.51467738353053 0.42435587777417877 -0.9054954936378791 5.150639399525667
63.766754581647874 92.44444595794774 0.8404983720688125 -0.541814070092016 5.710591368780648
88.54349542282078 84.35810655015534 0.6201298087893065 -0.7844992162207292 5.381297139841126
13.670927700680751 12.383857087603747 0.49776339888208765 -0.867312860929291 5.233407071159787
65.99286174091566 92.37557866527254 0.8417781720583468 -0.5398235906720902 5.712957779342574
90.92986791408094 85.63055147377257 0.6197484712945452 -0.7848005047960114 5.380811142829659
58.812487717895515 5.691599211126178 0.2577778414158748 -0.9662042146849558 4.97311059022503
16.779843029467454 24.521365343642856 0.48207951598136295 -0.8761274680496981 5.215415678420033
36.11502719744345 20.376317391821992 0.6838069174282984 -0.7296630041856366 5.465356309272471
15.542724048276542 12.977440642803893 0.489803953686758 -0.8718326025980103 5.22425385218985
54.81371251552056 9.142094025020342 0.27239259741995986 -0.9621861944919017 4.988267766006438
55.38959783919524 19.33259485937143 0.3693583695572386 -0.9292870357634493 5.090707451729488
72.66138746414018 83.55870086611334 0.48824107022739316 -0.8727088044377745 5.22246211135189
13.041006279630402 74.08052353058834 0.3036426012113267 -0.9527860046881562 5.0209024228055785
96.74163042792085 81.58451170521613 0.5909774316991606 -0.8066880904180153 5.344658944174464
24.32082391728754 21.687414468951413 0.6038194870500737 -0.7971210868234423 5.3606730449602935
99.76763529712689 23.864279692973472 0.37718948274759645 -0.9261361099236983 5.099148724770572
25.05964364161858 23.85251278928135 0.6038194870500737 -0.7971210868234423 5.3606730449602935
8.640288406134111 70.93798654639816 0.30372139934663556 -0.952760888984703 5.020985126763719
62.81691838256945 96.17229446115108 0.8366786979288181 -0.5476940354177117 5.703579656850415
65.61124358008274 54.62253396531959 0.4465793818153171 -0.8947440168771452 5.1753276425219585
11.46164256390792 74.81072855167035 0.30391363889889034 -0.9526995854366868 5.021186904291181
6.347192535706967 10.18178611469229 0.8693410268833076 -0.49421268597383894 5.766256353549812
14.678848557673554 61.11384902815568 0.7926050784816777 -0.6097353438706448 5.627458665835624
79.51330099749482 65.59116390116033 0.3614279706488173 -0.932400033265056 5.082187920092834
10.235736005881817 74.21301632727794 0.3039158466409802 -0.9526988811584153 5.021189221645926
98.39810917404088 81.08611997014022 0.5895952348610439 -0.8076988665518545 5.342946595726136
7.631763918640742 22.218680881846957 0.7889396678320709 -0.6144706669329477 5.621470458517241
10.538438343316825 75.68534524184572 0.3039908568770379 -0.9526749492535028 5.021267957099119
11.481935234595662 25.79516993069104 0.48903670708046676 -0.8722632051897488 5.223374030618842
7.328874465414628 72.53378229575304 0.3038837808041109 -0.9527091097308764 5.0211555639337515
99.97987247851269 23.23948734820307 0.3770385988895963 -0.9261975463945962 5.098985812589873
28.952557250412255 62.40349475804254 0.33042680706078 -0.9438316190802352 5.049144726548192
38.23922684781089 20.733493544482524 0.6837062734272492 -0.7297573101218127 5.465218386016363
73.11672587334407 84.47692763664172 0.4873547978229672 -0.8732040431874641 5.221446857549839
95.66863654527984 86.33790856356168 0.6166622604880083 -0.7872278301037252 5.376884741793357
98.93335919677983 85.79146113929258 0.6126333511923142 -0.7903672418609431 5.371777093311925
13.549596757725547 61.24296100467978 0.7926050784816777 -0.6097353438706448 5.627458665835624
8.130688675586558 75.29177819766126 0.3040217931082435 -0.9526650771993526 5.021300430285819
34.847571223155384 10.500922880418969 0.6342980785285377 -0.773088576797643 5.3994892174235485
55.32767896427732 14.849741763244884 0.3336534248835762 -0.942695810992846 5.052565418582777
8.126704967574286 18.129665496062557 0.7866288827445815 -0.6174261096131353 5.617718874096788
6.2612363856606095 75.7441637818522 0.3040896003404403 -0.9526434353758972 5.021371607453947
97.82201609099477 80.79590886451416 0.5895952348610441 -0.8076988665518543 5.342946595726136
11.676161072339944 81.60549181782079 0.3046279784873755 -0.9524714141236444 5.021936799765314
10.944815831887885 77.57421697906749 0.3041454278851796 -0.9526256130802598 5.021430210772747
35.516988034641734 60.098210701257 0.3304268699791354 -0.9438315970530927 5.049144793210884
12.69496445391827 26.189680404653494 0.48457380282926354 -0.8747503813154848 5.218264860801835
66.77900112276814 85.32430756827492 0.47313354293564824 -0.8809907210346549 5.20523321510477
67.36495064905655 56.582965394071906 0.4465793818153171 -0.8947440168771452 5.1753276425219585
4.475280001369159 28.03440062370202 0.38205503983984634 -0.9241395709160892 5.10440799064924
10.858575215387434 26.089899137078895 0.4896349484639523 -0.8719275298112239 5.22406001220104
96.6965148306205 82.07861172284916 0.5925908727829607 -0.8055036048921996 5.346660493431722
55.95325563546803 17.829683478856055 0.35632701026841007 -0.9343613122091349 5.076722896192354
96.69252767784647 88.67471319004028 0.6178754583480432 -0.7862759807924922 5.378426775071232
78.90153154991216 66.72369011086248 0.3614287573399985 -0.9323997283180988 5.082188763820078
57.48237862057029 67.48438540384863 0.4243513730427679 -0.9054976047437772 5.150634424651478
58.805604710923085 67.68775942782403 0.42435170200658306 -0.9054974505784741 5.150634787947682
56.01313988887467 7.047470370341527 0.26904387606886926 -0.9631279212803661 4.9847891461315745
62.01594304176329 68.81413848449995 0.424354608269472 -0.9054960885837459 5.1506379975261
61.794259461588695 94.34340268346777 0.8384959361835507 -0.5449078500110555 5.706906095516306
60.710614604940815 0.41317186596815547 0.741327341339791 -0.67114363066491 5.547434915157499
11.725155787823487 17.634142137578657 0.7251463590313728 -0.6885947705171332 5.5236358982966935
3.7725512255672315 25.942605438484602 0.3814904236115122 -0.9243727909738089 5.103797103513816
63.33339311341506 98.36988503295066 0.8334141623406071 -0.5526489247344142 5.697646005019634
82.66216040196234 36.96015980993038 0.19216465008525171 -0.9813626991370789 4.905756412042265
95.22294868012501 86.47553163240187 0.6164811291382445 -0.7873696828151533 5.376654674938203
14.221065510991107 71.14530023896494 0.3027955794608816 -0.9530555267448738 5.020013553840656
52.11657315823522 18.172244679287758 0.37519249337851185 -0.9269469202238149 5.096993410018312
3.775400039946497 10.793766708641881 0.8693410268833076 -0.49421268597383894 5.766256353549812
53.55091219241584 8.070986371869461 0.27273992830212423 -0.9620877982334836 4.988628765406425
11.186768181374289 71.08374627816161 0.30356792745876376 -0.9528097991826022 5.020824049676951
42.046931863001824 70.70334981746377 0.6085190579096572 -0.7935392593695306 5.366581983592997
98.42540657188243 83.31668861370692 0.5959085986004119 -0.8030522661160313 5.350785586221601
63.257977771764935 34.78197034844099 0.41329919864663733 -0.9105952846342042 5.1384631992449865
30.11824236613805 60.77652291895046 0.33042680816448294 -0.9438316186938388 5.049144727717578
98.60096927370391 80.31692082326757 0.5859604180702593 -0.8103396747382711 5.338453735285891
17.458764281519247 71.51610940473655 0.30255360092955325 -0.9531323720053583 5.019759666456114
51.05650451332317 7.141082522418077 0.275998015582043 -0.9611582051851685 4.992016875047539
60.781318698722345 97.24904573483651 0.837382536075216 -0.5466173142850852 5.704866014795135
34.29345869516775 61.76709160278388 0.33042685739339983 -0.9438316014592443 5.049144779876158
53.56195737915852 10.898566019613124 0.27469677092931793 -0.9615309064408725 4.990663307852318
39.11323619734524 19.105583125192453 0.683602483115159 -0.7298545369310167 5.465076169697518
1.7109892815799883 78.391524144518 0.5677344611237619 -0.8232117477614806 5.316140142375021
60.854286438262136 68.61444743089199 0.4243536108448958 -0.9054965560193472 5.150636896003596
10.524026162886758 73.50132782199786 0.30379679703409995 -0.9527368504008974 5.021064263763849
1.2465225294419602 76.43473407275133 0.5638412200510927 -0.8258832112177212 5.311418481177226
2.273324763868431 25.885182299854105 0.3792617735947159 -0.9252894180145964 5.101387313307292
75.23943510477221 66.07079137733594 0.3614294377702366 -0.9323994645607057 5.082189493582554
7.002911340139784 20.741672425199713 0.797704777949087 -0.6030481632815059 5.635868525271595
59.809762558097056 7.859793674677879 0.2581711970461827 -0.9660991838397035 4.973517726728723
41.033556228544946 71.83081793279187 0.6085190579096572 -0.7935392593695306 5.366581983592997
57.78221200619046 8.322938997962202 0.2655421990308841 -0.9640992379075104 4.981155248417001
99.47152648695342 25.357249637011442 0.3773252961543788 -0.9260807852892804 5.099295374341569
64.72158815161333 84.61332481432694 0.47268343762331 -0.8812323006997703 5.204722377036037
3.936250920077436 27.17120825183573 0.3814846998421729 -0.9243751531636532 5.1037909114643725
12.883475272476845 24.333736352349906 0.48460136512420643 -0.8747351124310465 5.218296369831248
64.49264987897476 90.97829298538078 0.8415738946313058 -0.5401419997325664 5.712579475762498
37.757078194889985 68.80534640844932 0.6085190579096572 -0.7935392593695306 5.366581983592997
98.61461603135109 24.833366845975277 0.3770520973102958 -0.9261920513122034 5.099000386652172
13.636006873433471 72.02140382034347 0.3030214478620572 -0.9529837365535587 5.020250556723511
11.758395898191342 15.25410642518841 0.5798898663262564 -0.8146948771976639 5.330982480599349
88.73066994685725 38.14684040451089 0.19216457373745208 -0.9813627140870512 4.905756334244527
96.32537209259405 25.976106001046244 0.3763775976039055 -0.9264663534213817 5.098272244135595
76.6845272700824 65.42627318002741 0.36142900242143283 -0.9323996333164486 5.082189026670269
30.965799845991143 59.712929965034675 0.33042681177266986 -0.9438316174306456 5.049144731540491
91.15643107133425 83.56156818021717 0.6196220278301494 -0.7849003392964317 5.380650037655258
38.411480146166326 72.45167533749398 0.6085190579096572 -0.7935392593695306 5.366581983592997
77.82842803776909 79.98664943638842 0.4933168310108261 -0.8698497020988374 5.228287736614198
9.834123838330402 82.16171731255285 0.3046090428352963 -0.9524774700868072 5.021916919282183
11.499536071000598 13.174664513418364 0.5279696164819337 -0.8492632595796898 5.268597005431261
64.35423383607281 35.03632337675337 0.4132991986466375 -0.9105952846342041 5.1384631992449865
0.18037779153678457 22.22468783917294 0.3770255133315395 -0.9262028731855074 5.098971684372325
8.032930662776645 77.67575130415337 0.304202031091983 -0.9526075394828198 5.021489629439392
43.374722670158086 18.02332425909317 0.6832575403018858 -0.7301774672095934 5.464603655662377
9.085995004068234 26.568851162468818 0.49029314948980707 -0.8715575870608698 5.224815052766877
76.27774402708158 82.47392035354808 0.4932477677785973 -0.8698888662245488 5.22820834165975
10.772337496217531 68.9250118485983 0.3034592561851271 -0.9528444153352473 5.020709998268578
6.99001809253655 74.68997281967589 0.30401437231841905 -0.9526674453469257 5.021292640790036
68.18214102699753 85.43898481079256 0.47387570143124236 -0.8805917439955068 5.206075819372714
14.97961082531249 71.06560474259958 0.30272398825996366 -0.9530782690482358 5.019938437181959
8.389204917117475 23.910193209187838 0.7648511041195327 -0.6442071006494199 5.583199148631765
18.858985271216547 25.167997834915987 0.48228685030623575 -0.8760133526503409 5.215652342415821
16.361016228021477 27.959113626435304 0.48185965821667887 -0.8762484064369563 5.2151647530715035
65.80587448864712 98.39796514853627 0.8312160146654765 -0.5559495813143872 5.693680376737753
98.24716715241789 86.36853902226518 0.6158129814526113 -0.7878923605889613 5.3758063746209785
99.51511602386171 23.37499600126148 0.37697458522766725 -0.9262236026427032 5.098916699081925
9.60561549700353 72.74405758301242 0.3037679935787135 -0.9527460344064218 5.021034031579017
10.713371323614156 76.89216633419828 0.3040454773910409 -0.9526575185648062 5.021325291464549
64.38999001831361 85.43800218679108 0.47274311144421666 -0.8812002897083279 5.204790094600055
1.5772673415068672 27.434146734255194 0.3796140581361614 -0.9251449437063336 5.1017680720572125
8.30597804528633 20.756530687376372 0.7919176508340993 -0.610627901669586 5.626332070819946
9.353964357210733 73.94645592378585 0.3038988718493434 -0.9527042960377036 5.021171404113302
97.29621595178523 27.869792986357236 0.3763166959654955 -0.9264910924221629 5.098206509611012
9.197841150895181 72.34586154589601 0.30376918435259476 -0.9527456547461969 5.021035281412734
16.070314107709905 70.48098161969133 0.3026440272376444 -0.9531036631853746 5.019854540654643
57.92143703408906 66.3754948528904 0.42435118414385775 -0.9054976932691247 5.150634216038114
16.531724636672294 59.05032923007024 0.7926050784816777 -0.6097353438706448 5.627458665835624
97.87598172722353 92.6425364726801 0.6220813131375007 -0.7829526421470987 5.383787172730438
65.02064983537439 95.18918988355857 0.8359374803934071 -0.5488246795412194 5.702227710162408
74.21061198346048 63.35802423607716 0.3614300386674991 -0.9323992316324644 5.082190138045963
0.0715137746003478 23.162579894235517 0.3770794139495879 -0.9261809302590047 5.09902988032279
67.65859948772798 83.54552859726506 0.47321746846334095 -0.8809456439197295 5.2053284802111595
13.889299965549744 26.512410744935682 0.48366582303718003 -0.8752527472826162 5.217227171559147
49.64654243559925 6.5339143499486205 0.2793720296624573 -0.9601829351963506 4.995529016167362
10.84133698058345 75.70743293977654 0.303984114766074 -0.9526771005801946 5.021260880075253
74.64230452406872 84.55385576209174 0.489197850272239 -0.872172840261046 5.2235587816640106
13.421943062141143 26.642407807481884 0.4841992372601736 -0.8749577696304354 5.217836714469927
13.078669284800382 18.96890091438955 0.746030156481021 -0.6659121605894454 5.554469469405361
8.046813250534543 16.38491389013621 0.7804365352872303 -0.6252350073283355 5.607752687630766
13.626012598827126 14.90084995275615 0.5279070618517132 -0.8493021453211403 5.268523349592032
4.735099402701702 8.91399858717543 0.8693410268833076 -0.49421268597383894 5.766256353549812
94.27579823621966 81.90997898354178 0.5972170690594875 -0.8020796546627993 5.352415944639253
11.834500115560465 74.58622526791879 0.30388982392809605 -0.952707182146199 5.0211619070347435
55.006266304526314 8.005864498912556 0.27071175158799504 -0.9626604528867693 4.986521293987988
97.55420138583064 28.074363193419156 0.3763166959654955 -0.9264910924221629 5.098206509611012
66.09703061394379 85.53238749047141 0.47313354293564824 -0.8809907210346549 5.20523321510477
12.031524463424367 72.92145053982 0.3035796181864861 -0.9528060744043078 5.020836319440112
76.40677262379671 65.11260170753081 0.3614291888330789 -0.9323995610570945 5.082189226597046
0.5041816567121352 26.04342336163875 0.3781389934408431 -0.9257488329128728 5.100174177905459
2.505559879108417 27.50782542911199 0.38008449329366906 -0.924951770611687 5.102276624008825
10.882150075541771 27.31532443558822 0.4884889301110061 -0.8725700918315987 5.222746146049698
34.24805661117713 9.586439819442834 0.6342980785285377 -0.773088576797643 5.3994892174235485
78.37930977986392 65.30214535493224 0.3614287994512832 -0.9323997119943808 5.0821888089844895
11.884080639978295 24.652079260639184 0.5057934254106643 -0.8626546300874682 5.242690446599508
98.5645044636662 26.118658428106915 0.37698515964878987 -0.926219298764918 5.098928115812896
57.02424369418424 68.87647705783458 0.42435158764151276 -0.9054975041744331 5.150634661646866
41.14444893198394 20.168171787300036 0.683485142591669 -0.7299644236923097 5.464915409320509
66.08489414915823 80.92589118293007 0.47267140952201503 -0.8812387523369996 5.204708727902595
96.78984020069296 89.60523763684026 0.6186399991450118 -0.7856745836908942 5.379399503799423
10.17417087526312 75.53696918053143 0.3039878225222829 -0.9526759174861937 5.021264772011471
2.485993256060208 73.55232885677636 0.5578062697057415 -0.8299711835220338 5.30412928516632
57.73083107820471 16.59140271994159 0.3461930301339 -0.938163304487395 5.065899133334733
2.4878279433743993 8.631719576508605 0.8693410268833076 -0.49421268597383894 5.766256353549812
0.3325078996990243 26.31105578217547 0.37789286659941257 -0.9258493297363662 5.099908324498445
12.051994712045824 13.724477807884044 0.5241766243994619 -0.8516095739440612 5.264136959130103
9.905269610325263 73.37220407434832 0.3037999965229623 -0.9527358301820332 5.021067621974014
55.37965434052325 65.77534346296311 0.42435080122616414 -0.9054978727190431 5.15063379315724
9.449849518941713 16.537585285526472 0.761513266840486 -0.6481493226301565 5.578033654349933
13.444047847938878 28.455545562484975 0.4824272128950851 -0.8759360617409699 5.215812578307789
55.86960664208909 15.274448056156725 0.33746586703494796 -0.9413377654096062 5.056612519436443
65.8146874363218 54.29999579760612 0.4465793818153171 -0.8947440168771452 5.1753276425219585
4.9038443489556025 8.323781487867397 0.8693410268833076 -0.49421268597383894 5.766256353549812
35.23397438660582 21.806151205735986 0.6838772679200932 -0.7295970685399915 5.465452728674406
12.730835255922882 15.661386793393255 0.56033430011894 -0.8282665465357258 5.307178339483249
26.892077537864292 59.00121522368789 0.33042677721467906 -0.9438316295290812 5.0491446949259196
98.78783946862424 21.94589729732342 0.37685923915776975 -0.9262705403182306 5.098792168518428
98.68246642217787 29.724179510543227 0.3761179355632026 -0.9265717989166703 5.097991988665759
82.60669671496466 39.53487243847334 0.19216464726483587 -0.9813626996893561 4.905756409168287
3.183826429013523 77.1817154091206 0.5650837535606764 -0.8250335456584639 5.312923745776176
97.5126392876242 88.14351350134977 0.6176566072264312 -0.7864479102582281 5.378148466689901
10.52456001927298 21.4890374565045 0.7800354320552328 -0.6257353472023186 5.607111420286901
13.312281838792867 70.1183734789285 0.3029602655421686 -0.9530031886109399 5.020186356577057
36.48669702841656 70.77372607253936 0.6085190579096572 -0.7935392593695306 5.366581983592997
1.912185628001653 28.85597785236099 0.38130785611167634 -0.9244481158331803 5.103599607370658
98.29024075993314 25.6369042928074 0.37688681460297363 -0.926259320589231 5.098821939099495
54.62072834544809 18.426069991067827 0.37110500531179813 -0.9285909083296747 5.092587699294226
14.07707735281791 14.504101150683375 0.5244886680654973 -0.8514174282165479 5.26450341681063
10.78624124998876 76.00984343888777 0.3039910456160419 -0.9526748890283955 5.021268155213922
77.93220404107747 67.85708422729333 0.36142882678820365 -0.9323997013976907 5.0821888383033755
57.041823269554506 67.00911964444951 0.42435117215972584 -0.9054976988853515 5.150634202803258
9.433303149768154 81.22238511659481 0.3045925429242458 -0.9524827467177248 5.021899596179155
78.7006044076201 67.21906717871643 0.3614287573399985 -0.9323997283180988 5.082188763820078
14.774799999609524 71.66684179100031 0.30275055095652414 -0.9530698315944751 5.019966307730474
74.31889179418177 64.40320093446417 0.36142976671835075 -0.9323993370492701 5.082189846379986
54.85379444082607 14.02076949741445 0.3275619037567174 -0.944829719688831 5.046110936373214
0.7316425126789792 26.105000728007084 0.378547931083006 -0.9255816894649417 5.100615954919957
97.10240718463038 85.01045389723487 0.6111916836810625 -0.7914826124426917 5.369954332310718
95.78453511826339 81.36010872485623 0.5901470187416629 -0.8072957923031232 5.343629921650619
69.75244549914835 86.1688479583525 0.4773262476718181 -0.8787261537495866 5.2099984098500975
9.840239171391953 73.51924363992656 0.30380674671628377 -0.9527336777135926 5.021074707044956
59.615980505175855 70.55642874851597 0.42435288494282714 -0.9054968962071045 5.15063609434187
62.672709045918594 95.13235973248777 0.8375649810427385 -0.5463377183856859 5.7051998711028045
38.568988442737236 69.00489808128992 0.6085190579096572 -0.7935392593695306 5.366581983592997
11.001112606633399 12.272571775493477 0.5139770154805905 -0.8578039563662928 5.252203640832452
78.91417290268174 69.34175775114124 0.36142876827307024 -0.9323997240800811 5.082188775545813
62.056787908901775 93.66267861152885 0.8390321951327291 -0.5440817728345198 5.707890969742069
83.2553017110147 39.50591789542728 0.19216464382007079 -0.9813627003638896 4.905756405658101
76.64549258617504 82.39510192525285 0.49326886509751233 -0.8698769032026383 5.228232594716436
69.55299907834065 80.28824075423725 0.4725833350273693 -0.8812859873244379 5.204608786616564
56.301601505546515 13.339128670442754 0.3254381028727366 -0.9455633459470572 5.043863996274835
10.720324758359558 75.05001533331986 0.30394266782833107 -0.9526903246456305 5.021217374620938
59.12196714244407 67.98462410912383 0.4243517722658267 -0.9054974176522271 5.150634865539557
61.80574665210355 36.400005596566174 0.4132991986466375 -0.9105952846342041 5.1384631992449865
98.46664331646964 83.90442584675438 0.6013029001172836 -0.7990211651205142 5.357519710920781
56.024519476421354 9.92140877260113 0.2775928816750606 -0.9606988040188953 4.993676588251249
63.46167380686213 83.83773135137908 0.4725046657716318 -0.8813281686318886 5.20451952232078
67.66328874113326 84.93288511097239 0.47387570143124236 -0.8805917439955068 5.206075819372714
13.659552274587414 25.52215218747807 0.4838976734328274 -0.875124586356878 5.217492086317623
61.54540703893121 95.82772421106274 0.8379188343019026 -0.5457948580942668 5.705847875300101
0.4936945016771266 25.845658416957203 0.378547931083006 -0.9255816894649417 5.100615954919957
12.001711951598846 77.23395493970665 0.3040442154647964 -0.9526579213140447 5.02132396682694
10.325896390609895 75.05639531235424 0.3039593827267686 -0.9526849918269742 5.021234919614088
97.87456973753115 83.30804841279993 0.5950265221989255 -0.8037060643542835 5.349687628555976
8.66195189182058 77.16098802027511 0.3041384622167278 -0.952627836985905 5.021422898707834
59.74176192398557 69.53176440700632 0.42435271301996375 -0.9054969767771709 5.15063590447611
55.82026524799869 63.9705919355512 0.4243506459760696 -0.9054979454751361 5.150633621704504
53.9115580089013 7.500778788325215 0.27182736907925914 -0.9623460299806137 4.987680373062572
65.21439299930553 57.47609171107343 0.4465793818153171 -0.8947440168771452 5.1753276425219585
56.773253572430285 16.50703171319608 0.344289320283207 -0.9388636024146039 5.063870702957999
60.07498252018741 65.90891411056428 0.42435144079639475 -0.905497572991791 5.150634499476223
99.2515559347997 27.033672895395163 0.377251155828243 -0.9261109897988765 5.099215317484505
10.615967637023784 70.62168042667012 0.3035718024382812 -0.9528085645943645 5.0208281165768
41.65755651073599 71.49605268230707 0.6085190579096572 -0.7935392593695306 5.366581983592997
53.28839385942526 18.231299588495006 0.37110500531179813 -0.9285909083296747 5.092587699294226
14.09106755758907 70.73628649380727 0.3027826734179343 -0.9530596270317448 5.020000012116356
65.39151913954748 90.40026535897549 0.8420801693622815 -0.5393523786605483 5.7135174606265045
5.365002736596412 26.5006225597003 0.3822968465789082 -0.9240395668453937 5.104669660887521
59.46619320671444 67.97528938794844 0.42435207831293137 -0.9054972742264307 5.150635203527411
10.099970478863051 20.64917252954287 0.7847554121595065 -0.6198055687765018 5.61469038850935
32.23460211731199 60.6342326218451 0.3304268280982368 -0.9438316117152139 5.04914474883761
39.088389409493814 71.3701839388057 0.6085190579096574 -0.7935392593695305 5.366581983592997
15.158149395953568 11.507591624864705 0.484373462115712 -0.8748613314108922 5.218035849174605
63.22811758074558 92.70019872814461 0.8400373093851207 -0.5425286341208241 5.709740968525978
14.211487360464435 68.04587208816149 0.3026300149497997 -0.9531081124675648 5.0198398389430885
34.8556772443455 20.186701987500065 0.6838539845808498 -0.7296188921436279 5.465420816551912
11.474948038158322 79.86636521311934 0.3044299611842984 -0.9525347231116179 5.021728908254107
60.23235632682142 93.66595532222418 0.839177590034196 -0.543857492716979 5.708158254700348
98.83003149928425 89.52989801205455 0.6187505862332613 -0.7855874948317314 5.379540265916168
76.33135062107394 80.00232059373515 0.4932840577079257 -0.8698682879673243 5.228250060044681