300

0.18678697888966184 3.20032503012332 0.006938717137262012 -0.029186541495851582 4.945792995299208
4.834801432594631 6.6489086301313 0.007688873004361252 -0.02899795220222981 4.971576988917866
3.521430306826589 2.812674406783491 0.0065724543848170724 -0.029271194771643652 4.93326230275711
4.864886708660399 2.462886912249842 0.006080701741936091 -0.029377288273862434 4.9164932034120685
1.7768345692656595 5.369381053636108 0.008383704479868272 -0.028804747858542985 4.995617319572218
0.38772976997265346 2.163581229416452 0.005803359964771053 -0.029433331668693104 4.907061583017294
1.4454253194388436 3.1811253689291057 0.007087456566703698 -0.029150779739401285 4.9508922732225225
1.187866276904133 3.36381403282792 0.0049676017989124166 -0.02958585696523665 4.878741901651009
4.759121641970416 6.179571220887032 0.009074576155343688 -0.028594616059686266 5.019688607783717
1.9749488079902724 4.412602976072759 0.008355770611521375 -0.0288128634031336 4.994647690129183
1.6803659639988953 2.817911915486041 0.006639140007735223 -0.029256141576730336 4.935541087278032
2.7015423358425177 6.307110752196304 0.008016073946543611 -0.028909212346301387 4.982877748074955
4.509861204038634 0.5350481977497505 0.008742487930064331 -0.02869789024985425 5.008096009463388
0.6219927594782088 4.629910766176975 0.008006575684127352 -0.02891184438624317 4.982549208166915
5.276351834024121 5.210124813282259 0.0066835757194646525 -0.029246022218451902 4.937060200428773
5.193521529035128 4.884687870262824 0.006210340977517076 -0.029350156131492253 4.92090814182186
1.7870127742118274 2.3809143504619814 0.005903238142462206 -0.029413462554302907 4.910456095262328
3.340137178073524 2.173504076917475 0.007310216184393924 -0.02909571685553434 4.958541094857312
2.6430645523276968 3.825504383473385 0.007855506915917417 -0.028953255621673595 4.977327807876474
0.5844998265099185 2.9984070343591314 0.007439263252543443 -0.029062989561629008 4.962978843367062
2.0286181447396254 0.22689038467871778 0.007458501416101198 -0.029058058376739773 4.963640846670084
2.353397689571274 0.2474158702881643 0.008249818376864447 -0.028843378733233553 4.990972385896186
4.360385675758631 4.560198328093308 0.00799701849005122 -0.02891448936553746 4.982218660011117
3.933339296623612 0.3854453130129596 0.007648221689943512 -0.02900870050487401 4.970175380451747
1.9878603649829516 6.973323987775766 0.006477084914465796 -0.02929244563041467 4.930005354063614
6.6025437939397875 2.6605234983591974 0.0070198720769377755 -0.029167128690075567 4.948574478866391
5.33142286260325 5.03168746256032 0.005829381263370325 -0.029428189106471825 4.90794573607897
6.868536972191319 2.4599551924682586 0.007638724053789762 -0.029011202919390532 4.969847988108486
1.168732893774796 4.087375978170476 0.007816928464661352 -0.02896369502287937 4.975995609094559
1.3600399227344493 3.923167967971254 0.007833473006598729 -0.028959224793749037 4.97656686971263
4.484152666459312 2.263568461780093 0.005875758634686186 -0.029418964299698088 4.909521933363964
6.367881711011829 5.322751785878317 0.006587418905102737 -0.02926783067069876 4.933773569210441
1.4407549342057526 2.879843858603202 0.005690697310046019 -0.029455321490783882 4.903235293529339
2.093744757724828 4.247403363512911 0.006285119632800964 -0.02933423377559707 4.923456642877395
4.458370758350322 4.512016542672261 0.007455276618771212 -0.02905888591356529 4.963529870521353
1.9123627903293443 2.8081505990144846 0.006314033149602897 -0.029328023891590713 4.924442404953742
3.425389969938031 2.968011710140547 0.005903477872606165 -0.02941341443980364 4.910464245623395
5.100951166238683 2.11212919868871 0.006655180933914431 -0.02925249676073586 4.936089414028854
1.215953114540879 6.723427898404031 0.006678243144560722 -0.02924724035703416 4.936877869177126
1.754870308383114 5.5790495409965315 0.009551011267252564 -0.028439025717714287 5.036395379972156
6.50976100699345 1.0589759990091931 0.007796100920074458 -0.028969308076721715 4.975276587377222
4.483619715424111 5.419723964919735 0.00809402217984824 -0.028887485265286155 4.985575071253132
1.9433971737264581 2.2920841922042396 0.006735922810524967 -0.029234010054911205 4.938850455154849
0.19769050218173298 6.036714106057554 0.008895604671861916 -0.02865079785140282 5.013435848369475
2.9846066738287087 2.6277171525963547 0.007752297845026881 -0.028981060679726535 4.973764843184895
3.5280687962830135 0.18520582454816242 0.00822069390774885 -0.02885169304694442 4.989962786090064
2.4743142817224784 2.432962696001939 0.006733039735496233 -0.029234674205816435 4.938751835695121
4.118265781401794 1.2556490468328376 0.009063558911518133 -0.028598110074923487 5.019303340480202
4.516686000485393 4.132980090540751 0.006046044750733464 -0.029384440489349604 4.915313626571374
1.7208735905135755 6.838163773232944 0.007130994848277047 -0.029140159788063037 4.9523860996672475
4.3648191880391085 5.220464060320699 0.006638893506457689 -0.02925619751454235 4.935532661661098
0.4564892262749934 0.21412282283723047 0.007947181722652432 -0.0289282267459853 4.980495478306759
4.153542560759889 1.780177823376578 0.008755002793790344 -0.02869407475561328 5.008532128475046
3.3790451454885386 4.935904247509131 0.006576203512229134 -0.029270352703131972 4.933390387085887
1.9459015486320907 5.830258849686952 0.00942466465273337 -0.028481146328466454 5.03195595533696
4.891614915540769 2.694644035740143 0.006453009594875762 -0.029297758739679068 4.929183533471116
6.94898182443347 2.6310277780942757 0.006579993133618656 -0.02926950102686295 4.933519858587531
1.5988022915736042 6.120933125917122 0.009733011061837523 -0.028377253138211746 5.0428019653995815
0.15912651027767927 4.933972748102523 0.006861446269042152 -0.029204803630516803 4.943146341999915
3.3131951883551873 5.7992087177018625 0.007960787078816608 -0.02892448563217238 4.9809658229234275
1.12469542633356 1.5285763737998215 0.005421156293491707 -0.02950611910166322 4.894092398233409
3.718682619068477 1.1489970013933555 0.008274175364274253 -0.028836400989742755 4.991816944806745
2.695502959460772 2.377786476420032 0.0054476473836438085 -0.02950123960079438 4.894990289240729
1.8380968487051976 2.905584669246167 0.006288201858215776 -0.029333573212111944 4.923561716701362
1.91347877052706 5.930646163891202 0.008701371308660966 -0.028710383789646764 5.006663581296514
1.4809990662173538 6.65270289558853 0.009616525577208202 -0.0284169392409334 5.038699950161318
3.7302338899846896 3.992113759354452 0.007324737503061465 -0.029092064562544283 4.959040214019864
5.143708690474557 6.811987160406727 0.007285400412633628 -0.029101940499348108 4.9576882849201365
6.809706821608997 4.76912214198502 0.008150842226674731 -0.028871504480990524 4.987542558175838
1.9570987020868835 4.518630057020695 0.007590597417430241 -0.029023832118562517 4.9681894511472855
4.30804844550441 1.6260987543615795 0.008569858977003068 -0.028749913340987303 5.002086086623198
5.30399416823664 2.343153426129228 0.007717914913241784 -0.02899023610445351 4.972578637953659
5.794527988063364 5.752338415502417 0.009024641096707423 -0.02861041511540193 5.017942780714756
0.8605070512881215 3.8998786693899907 0.007268828930639073 -0.029106084002783753 4.957118896706446
5.834003128056853 3.5613750844758973 0.00668567287042619 -0.029245542878696015 4.937131908236802
1.354087151116393 3.6341377442248297 0.006273950432350623 -0.02933662465200125 4.9230759018889465
2.453912280328956 2.6001334064850994 0.006943400715285405 -0.029185427639611076 4.945953468830689
5.307229238193128 4.9905371803714695 0.008132963322196894 -0.02887654597765806 4.986923354453303
4.038255930832809 4.504647131083989 0.008964414087155209 -0.02862934299061041 5.015838404689445
2.065049981091205 0.4643624932933662 0.007653458850898931 -0.02900731920770337 4.9703559223423195
0.9812001655308001 5.037042737058198 0.006726908205198184 -0.029236085681890407 4.938542105898986
1.366165958460088 5.623251358980777 0.00955630017862007 -0.02843724893332873 5.036581359499989
4.6559277225218265 0.014838520761303913 0.008275194791905674 -0.028836108460678554 4.991852297096458
1.4943833064766043 2.9746147050191025 0.006783164110672659 -0.029223084790071057 4.940466727396526
5.561474635429421 1.7913621240146151 0.006573113386192727 -0.029271046793926826 4.9332848164620176
3.6600436586471776 6.233913782605511 0.007963082662124959 -0.02892385372864696 4.981045188496666
2.5581428437861615 1.9271692785888728 0.008660110675480321 -0.02872285645767899 5.005226760880163
5.489871193407855 5.662686394557205 0.008672846107452914 -0.028719013569348768 5.0056701806977255
4.823271640425706 1.6197022618699253 0.007401684372222316 -0.029072582762011356 4.961686041951845
1.5618453110261645 3.700515754518041 0.006855672228611081 -0.02920615959508971 4.942948638004178
1.9917708282480169 3.5451286488596385 0.005257285558716782 -0.029535757118349073 4.8885414122390305
5.321905989387111 4.594386164591624 0.006138617460687705 -0.029365240943526074 4.9184650524542395
3.3548014376644195 0.745493358430549 0.007139489517714211 -0.029138079714120642 4.952677620806169
1.0099130586347178 0.145963566611136 0.008677510760362068 -0.028717604478852347 5.005832608537575
1.9169464963322869 6.875146707694242 0.007993613127790617 -0.028915430986987095 4.982100888371941
4.8386855790045304 3.150318909774808 0.0059629748525043946 -0.029401410355770353 4.912487441639365
0.37529677368090686 2.1960828383778312 0.005254999016773319 -0.029536164025372548 4.888463996712396
4.401608729754432 5.088932455335433 0.007011426945788033 -0.029169159949917606 4.948284946183128
0.7654232265055174 5.7818973743016695 0.009772224140082875 -0.028363773291929645 5.044184142440416
4.155908289131814 2.2969478274903046 0.008522732646126553 -0.028763918861007945 5.000447304489393
6.3358562689183415 2.1987262493092814 0.005328141586157538 -0.02952305721360609 4.890940918366789
6.003572686902301 3.259119558261676 0.005062975663807627 -0.02956968510870029 4.881966410426158
6.28147994952589 6.516613857872451 0.008639721503440681 -0.028728996020449177 5.004516977981817
5.879052781229784 6.146173358926569 0.010136334994776544 -0.02823569926305471 5.0570501927931275
0.2965498873529487 3.6711353804752505 0.007116381865008328 -0.029143731901583578 4.951884658101185
0.9265642961665888 6.002537572125706 0.0087583262471262 -0.028693060508577686 5.008647954202079
2.072259369570816 5.901335210177689 0.008280907621373207 -0.028834468418305947 4.992050416475803
1.487387990714943 5.0546856596430585 0.008593920450307962 -0.028742730059856503 5.002923114474998
4.5594991994069645 3.949531122626476 0.007912776169616045 -0.028937656665486172 4.979306330333768
1.3023042039585362 2.007137449101982 0.006586252936132301 -0.02926809307524644 4.933733731487017
0.6521423645338376 2.5705274307336476 0.00671551592621616 -0.029238704585612837 4.938152458367604
5.4270751837866795 1.2421265190433959 0.005612227308297014 -0.029470373337302756 4.900571940790175
6.6913777383792565 4.791711509101518 0.005818163323727371 -0.029430409027712028 4.907564553384759
3.7774254569545285 2.684719354432087 0.006552162293957911 -0.029275743701461045 4.932569112282055
6.844910552243891 2.982999747754368 0.006199768031945653 -0.029352391322515183 4.920547920812188
0.7416496879449526 4.945537400663381 0.007260855744840622 -0.029108074032003814 4.956844970705702
4.833294039748051 6.753781104456026 0.006980156726997268 -0.029176658685780912 4.947213053919794
5.885578804844252 4.827980479407744 0.005587665482817963 -0.029475040194241034 4.899738565550747
6.4307581854109435 2.819795102553957 0.007734026792688019 -0.02898594193001124 4.97313444827361
5.654193257821582 4.41639897692824 0.006572507847939688 -0.029271182767164894 4.93326412923307
3.828294087137317 2.416049215121454 0.006634104932666918 -0.02925728373828241 4.935368987455512
5.893940153202893 4.574551251839333 0.005512237038592025 -0.02948923944136868 4.897180121572523
1.4122353296018413 1.948798142544012 0.007526271479032713 -0.029040579154415956 4.9659737768410634
5.439196250896518 5.013328298487758 0.005733439232855835 -0.029447031676607907 4.9046865739284895
1.114556179206959 2.2420876155232095 0.005675759894987008 -0.02945820343494248 4.902728197246855
5.737189076839054 6.258078313351296 0.008170558470604307 -0.02886593103086121 4.988225520381846
1.518692027884792 2.4714321940021864 0.006719164133833573 -0.02923786642938579 4.938277233386021
0.5214565039217833 4.237166387018465 0.007932017667128595 -0.028932388351609682 4.979971320201939
1.5980425509883087 4.88530741484691 0.006852408904059085 -0.02920692541524307 4.942836905348797
2.3203518767900166 3.0717732959611266 0.005415128361760786 -0.02950722597645624 4.893888107773277
0.6982718040628967 4.789891923327676 0.006468687192404009 -0.029294301254797466 4.929718677555675
1.1410007060192446 0.9604096572348326 0.0054139998284626146 -0.029507433061135745 4.893849861909743
1.348935112330876 1.3459815821711192 0.0072912057949479255 -0.029100486560463518 4.957887774274389
0.9746264570558058 5.135089936417939 0.007036749515723093 -0.029163061503432227 4.949153165075311
0.8653234755874224 3.765406956955702 0.007110986828140641 -0.029145048744684064 4.951699544026316
1.7529926040810109 6.344672201333969 0.008898469839227973 -0.02864990810666502 5.013535852979043
3.4379318094957436 0.9174198696478308 0.0077346513273874595 -0.028985775284503662 4.9731559944595585
4.9850556941047 5.196352284744689 0.006965915471825515 -0.029180062056811697 4.946724978006418
1.4810454996474385 4.730127504133866 0.007456981249222256 -0.029058448524460965 4.96358853220868
0.4841803105013749 1.247916287113393 0.007033908702393616 -0.029163746816319593 4.949055754865183
1.9698062843280388 4.725070143340458 0.0065605293492937465 -0.029273869827152257 4.932854923059431
4.169996488306006 2.420178014596693 0.0058759105799247365 -0.029418933951738096 4.909527098240448
5.352206240564683 3.118422659882578 0.00630196291505776 -0.02933061989486817 4.924030863411161
1.482754226355561 1.0068835389188155 0.007846226209090455 -0.028955772037294776 4.977007280762734
0.1137767428199447 3.195869181811311 0.007083829138600378 -0.02915166144038991 4.950767838360955
0.17917317185745132 3.5802115262588408 0.007894885816643304 -0.02894254270001453 4.978688144750473
4.623167245097579 3.8987317666290395 0.005203568938011001 -0.02954526815426401 4.8867230075767445
4.784258631871167 1.5715668073443694 0.0065774018530741505 -0.02927008344475937 4.93343132770484
1.979117483394462 5.8436828525581275 0.008629164147702156 -0.028732168837594066 5.004149517431867
1.8127564745783509 6.3256220434313555 0.009137462565698492 -0.02857458272417042 5.021888617100908
1.5234661409809038 2.9490840298444625 0.0051137199720308075 -0.029560951744618324 4.883682755741091
4.935806310942429 2.7246876118036374 0.0071760071190956265 -0.029129107810344772 4.953931074015486
0.5999585044046228 6.118459079107654 0.00829578958022056 -0.02883019034346988 4.992566571737501
6.481874250950896 0.1360795857703829 0.00850652470547956 -0.028768716298004433 4.999883869834491
2.6483884472931556 5.8954800790580135 0.009194661206928592 -0.028556228835226165 5.023890990970886
0.2655106524711899 1.920961707091732 0.005706642234459193 -0.029452236492461596 4.903776647629548
4.485585272125942 1.654300375768451 0.007975424316256113 -0.028920453090774192 4.981471908242221
5.37623615513937 0.3434759296865789 0.008715998044053245 -0.028705946737497788 5.00717307867963
0.017989685648143197 2.930672421927086 0.006602723310909265 -0.02926438184687275 4.934296508795312
4.616248424162372 0.9265514531594793 0.0073890912322644945 -0.02907578598699048 4.9612529037561615
0.8605307284206923 2.9211562075735302 0.006137778136860881 -0.029365416386332284 4.9184364703179275
1.3941746555671737 6.666914389642687 0.008940239157431095 -0.028636901435175135 5.014994105276049
6.827665230857216 2.3961604448877662 0.006636016942251622 -0.029256850123383915 4.935434339515188
0.896080111723766 2.598891907074887 0.0065479009227842 -0.029276697107177264 4.932423554860115
5.700503015476957 1.9356450484199714 0.006270434099925156 -0.029337376436867967 4.922956041904762
6.624621265741186 0.8734865185965954 0.005961140440025462 -0.029401782338053812 4.912425050044817
4.931551805994215 3.8905247280730997 0.006056146467668042 -0.029382360183656992 4.9156574164908315
4.172429734017646 5.078001268819536 0.006776228472710808 -0.02922469379968973 4.940229399713708
1.4521638342409564 2.9884305212667512 0.007732755378864335 -0.02898628113868084 4.973090585411151
1.890488879617243 2.7544258614457098 0.00782710860995699 -0.02896094561315181 4.976347105282677
6.812572676029501 2.1501121048697236 0.007053285864157906 -0.029159066489146568 4.949720234507132
4.449818674604604 2.7505376143269893 0.00746005178115851 -0.029057660391408557 4.963694201083995
4.2506674307558345 5.693124391088147 0.007629478078088739 -0.029013635833103773 4.9695292978433665
0.23742540471373733 1.6220046259371605 0.005066325005091363 -0.02956911143309494 4.882079680951634
5.535689985753614 1.426358048768099 0.006742040804904982 -0.029232599709656276 4.939059736807482
4.711645388728834 4.653604293369308 0.005938486757885309 -0.029406366232950662 4.911654623443399
3.6942947880684684 0.6012192320797325 0.007964971823028019 -0.02892333355369622 4.981110504063114
6.7601121229308285 2.1439789721923774 0.006125339371437421 -0.02936801351104154 4.918012903526094
4.458955632892831 6.9299256310565935 0.006828867663140917 -0.029212438556876903 4.942030965740993
5.682063408999877 4.441083958512876 0.006717200429189136 -0.02923831763959926 4.938210070841988
0.17572626183723283 3.7183019196231304 0.005654408436309331 -0.029462309231209183 4.902003442597687
4.265441489812535 0.4192326974444509 0.00910186491161464 -0.0285859415645299 5.0206430844566645
1.2715795621038817 2.2626683724069605 0.005465350405132784 -0.0294979650984456 4.895590399735368
6.067510492874998 0.6120086632030044 0.007157799505752529 -0.029133587253125023 4.9533060561466575
4.165664161786078 3.9112674154352365 0.0061070284295137445 -0.029371826701128256 4.917389444515501
4.41114817490357 2.0187334625573534 0.006175948148726853 -0.029357412427941217 4.919736476031584
1.1101498247248058 3.7396712722972376 0.005536491610761542 -0.029484695362916112 4.898002673802843
6.893726165873741 2.867946981118425 0.00649421103414334 -0.029288653486359027 4.930590051839786
1.848984733003158 2.1000014791177186 0.005943340069823503 -0.02940538571102971 4.91181966909386
0.630326168352356 1.1899428873853086 0.006223054232324279 -0.02934746319567589 4.9213413196833855
3.258194860015067 2.5032449416428637 0.006364080485643631 -0.029317204497909585 4.926149187424053
1.6649650325973286 0.16922390248298078 0.007033762702005015 -0.02916378202928905 4.9490507486394275
0.7293467505707985 2.9441963590985583 0.00733025650048079 -0.02909067444452189 4.959229926553064
5.369179784284736 3.530867026220983 0.006132594835660277 -0.0293664992905459 4.918259963179435
4.265941977818941 5.568051148973096 0.008624923222470432 -0.028733442178174376 5.004001918715033
1.0675808059803753 1.7407871604069112 0.007083782296732882 -0.029151672822884347 4.950766231527723
4.3276363538216716 3.1392949518777433 0.008046034872528245 -0.02890088792459601 4.983914277095376
2.2755340973349742 1.9049034182220475 0.0067572832037303895 -0.029229080103632805 4.939581186021008
1.6996971134819048 0.9324624747758289 0.006105746381759709 -0.029372093236976288 4.9173457958194255
0.8077307722982748 6.9562087667648305 0.006559568663478187 -0.02927408510866078 4.932822106001465
2.412206330718455 2.245916117587862 0.008040192308471717 -0.028902513863724593 4.983712124147424
5.7624438176402455 3.932591002480294 0.005774359787149633 -0.029439034784594233 4.906076394990282
4.939715032352558 3.2912162318108713 0.004788579488925337 -0.029615359300171312 4.872693993327426
2.0812597887053137 4.5905183781744086 0.006476656685544496 -0.029292540316223713 4.929990734996481
0.6757134011082953 3.504672452754626 0.007874737291023443 -0.0289480312387106 4.97799205475048
0.6897406639197697 0.06888443551946494 0.007730800336862526 -0.02898680262035753 4.973023138869608
2.3102730972726504 1.7426282780447833 0.0061945358764348745 -0.029353495963437833 4.920369671040698
3.169843387608329 0.9473714137388088 0.00835733609249725 -0.028812409365359275 4.994702023268109
2.1085810378709056 0.7916235261812917 0.007019865763973244 -0.029167130209463467 4.948574262425327
4.692043723985394 0.18380867219945893 0.00696958069584838 -0.02917918684480528 4.946850587025965
4.022712816046571 5.059190350783199 0.006942637505750797 -0.029185609201518175 4.945927318548773
4.153230312617296 2.4907911965893352 0.007985729377716968 -0.028917609277149245 4.981828250101886
0.971738416688173 1.7761980383768063 0.005750384737659252 -0.029443727266922157 4.905262063347873
5.857551086315969 0.026160564936454994 0.007165141765017112 -0.02913178236028835 4.953558084384852
3.089720701764823 1.5377258904493167 0.006543744736679576 -0.029277626352236588 4.932281594852652
0.779068805336575 2.972101524842561 0.00557895759497208 -0.029476689640349767 4.899443141216059
0.1819921839415455 0.790353502406015 0.005961220847681353 -0.029401766035481086 4.912427784834064
4.557103649307696 2.6013266510196793 0.008583795555186435 -0.02874575540609016 5.002570873676349
1.052205249065026 4.889805341166231 0.008290755476441163 -0.02883163841389977 4.992391963894667
3.768282972570978 3.2932138946737237 0.006111598121921782 -0.029370876193878213 4.917545027836445
4.929290927018667 0.007127007204253362 0.008689665503833696 -0.028713928909703083 5.006255886223995
1.4853560957541037 4.51226044013399 0.0061343621403250346 -0.02936613016948857 4.91832014453622
1.5182972741655358 3.6543527595661627 0.005056783295217157 -0.02957074471002062 4.881756998063521
4.322312918040221 1.6432710285466494 0.00834854775883541 -0.02881495705911158 4.994397017707765
5.446635403001445 6.73358438569935 0.009325104766158667 -0.028513898735531854 5.028462325839923
3.361431728338849 6.524252435929518 0.007030087501966138 -0.029164668174260094 4.9489247312321005
5.547733910510456 2.766093988496361 0.007819562738098852 -0.028962983937863444 4.976086561087076
5.399872526326741 6.766129228069783 0.008156515678464201 -0.028869902181804626 4.987739070595577
1.3291561783141266 2.421349180224599 0.006595134468979379 -0.029266093031630993 4.934037196295179
5.460118593244095 3.4660995137039694 0.00537335758458225 -0.029514861142621227 4.892472679338139
4.269483958962441 0.2042284180333747 0.008059509813376723 -0.028897133102923623 4.9843805539804595
1.9783423218549314 2.5111287442869608 0.006022017988418933 -0.029389373918938096 4.914496025698672
5.08911264420534 0.7793613152916561 0.006878770805802722 -0.02920072793957774 4.943739591844124
5.700473156115502 0.15288340145671464 0.005417693772344511 -0.029506755060309486 4.8939750502413855
1.328711571758171 1.5121555750411688 0.0074711857381402225 -0.029054799666599147 4.964077387644481
5.242302057722532 4.55572874151236 0.006925441219481069 -0.029189694481366407 4.945338155505931
3.5828159441366534 1.9936951456999492 0.008002443342866167 -0.028912988440218643 4.982406281986167
2.3891464118566703 2.586919184705987 0.006995932657642646 -0.029172879978667327 4.947753792737
3.1303957518291052 1.754724543594364 0.009007790574241566 -0.028615724854887125 5.0173538707520144
5.268602223146925 2.6370728510400756 0.006737868456220654 -0.029233561682878578 4.938917009849602
2.387308999809046 0.2620024643766829 0.007261671041850136 -0.029107870648330755 4.956872980111507
2.7631893410385615 4.294181380054678 0.00775672972936404 -0.02897987480831482 4.97391776978248
6.7806372567608255 2.421092835030148 0.0064455697144470935 -0.02929939642818948 4.92892960031114
4.340202790959289 6.810885151091759 0.00787605852482976 -0.028947671790896353 4.978037696611169
3.6691046180006426 4.902963557653722 0.008442909354069755 -0.028787450071844873 4.997673322137613
3.842662599117014 1.8853461137349241 0.007374323484056552 -0.029079534954199182 4.9607450311264
0.5507938766705959 2.2314630620789466 0.0054795620046345335 -0.029495328447694313 4.896072203627728
2.4657806792259462 3.495078232225466 0.006344064017084651 -0.029321542451704884 4.925466482938613
6.432461206836243 5.024278467605516 0.005294340380967812 -0.02952913747352695 4.889796127671802
1.015961925149171 6.934600080643938 0.009403884284700374 -0.028488014328133953 5.031226424942906
3.5993836791680605 5.761653031032277 0.008330140942304337 -0.028820283688425846 4.993758282945265
3.6862048176713174 0.9162857099834308 0.007241923237747871 -0.02911279010707437 4.956194602261146
3.290472507029987 1.339085889628962 0.008490648634125967 -0.028773405877160506 4.999332062902435
1.3350827519126554 1.0837420061449898 0.006769770276178655 -0.029226190487433835 4.940008421140513
1.0446894670410327 2.086524272294807 0.005468575487190682 -0.029497367376443904 4.895699733200217
1.3079406125490034 5.8358742853028165 0.008862592092726393 -0.028661026872705445 5.012283814713478
1.6325218479353865 1.056860119197034 0.006227786164442618 -0.029346459402966776 4.921502560639811
0.3294008010872642 0.6621326469823418 0.006088071581575721 -0.029375761852547925 4.916744078544002
0.6304169776976283 4.358438102667145 0.007127735954900454 -0.029140957090617654 4.95227426607353
2.4925960861222918 1.5938267208399715 0.009206530248771218 -0.02855240446579693 5.024306656378572
0.13540169422606993 1.038287429631144 0.005809856596337696 -0.029432049985177577 4.90728231144401
1.2193635589977798 3.00855378042652 0.00491643997976638 -0.029594401800431016 4.877012885676173
0.09777162558215022 2.8547036112756277 0.007846864967545233 -0.02895559894357413 4.977029340625727
0.7744323347984029 1.6688407088956514 0.0049149126650718 -0.0295946554886979 4.876961277667389
2.219418085540349 6.236636346522686 0.00987415405479952 -0.028328450040587927 5.047780043214497
4.224131546955596 3.084716659050879 0.006523745169788858 -0.029282089217807814 4.931598546244288
0.7192260955809378 3.5234216238876703 0.006705725587567025 -0.029240951495193325 4.937817629498428
6.2927209223303695 4.311021635268167 0.005564773714299806 -0.029479370643021502 4.898961973365615
1.825026114471537 2.138881757086419 0.006687503622323433 -0.02924512429964029 4.9371945080321185
2.423202230988578 0.20635086136591504 0.00629350633308059 -0.029332435596715705 4.923742553099067
1.1956409749745518 2.030646005802045 0.006410720126293259 -0.02930704126080179 4.927740325363864
2.129301610693957 5.521639141243296 0.007664233060474183 -0.02900447433750066 4.970727371276853
1.1892538332194196 2.5216270188586067 0.005061034470738191 -0.029570017417749346 4.881900762714526
0.4024578660157955 6.176618413147448 0.007236507164870402 -0.029114136841966985 4.956008568989406
0.8724822632699234 1.3378452049307237 0.007280767742848589 -0.029103099853360903 4.957529100432086
1.3732727892776773 6.393205423663174 0.0076255778564387755 -0.02901466116216749 4.969394873024923
5.869773804943432 2.456923051778194 0.0062948720427455414 -0.029332142539634922 4.923789113040622
3.7836658943116483 2.130555494930161 0.00844192109437067 -0.02878773989455267 4.997638992778056
2.0736972528550615 4.18148242400495 0.006866350796792151 -0.029203650914489985 4.943314280966171
3.331698146063321 2.486974880526443 0.0083188359653371 -0.028823548847805226 4.993366047511745
6.895300177044677 3.0822684183153517 0.007755885092325554 -0.02898010086998736 4.973888624254776
6.430373566051718 3.907878734360032 2.537373444907814E-4 -0.0299989269368091 4.720846992712197
2.2721149257606923 5.780844505027469 0.009450637369426319 -0.02847253858214267 5.032868019760298
4.1888791057204555 2.831429905068347 0.0068221063067369445 -0.029214018305251672 4.941799517293255
3.734193099037976 4.1908810475939084 0.00866332225009001 -0.028721887953111567 5.0053385752729085
3.8954025518970674 1.8524258713698092 0.007091976794579442 -0.02914968036094301 4.95104733985009
1.1492139211016568 4.1078788820609065 0.007205547954181331 -0.02912181448124401 4.9549453354689055
1.5433934716410007 3.425766855859864 0.005298359991033291 -0.029528416506907674 4.889932252850999
0.9432449372636883 1.5082347806509457 0.00808684624277147 -0.028889494939264217 4.985326670003552
2.1010451878664256 4.53241922134268 0.006301378861767105 -0.029330745378194443 4.924010950704121
4.436737510233686 0.3231601352977733 0.007971408364976762 -0.028921560273933677 4.981333048923906
0.14986994526004824 5.334187887645073 0.008698832893442497 -0.028711152994820025 5.006575167946437
5.380914883514166 0.8925978687616185 0.006693514843276525 -0.029243749059291915 4.937400058954429
1.5602811001425883 4.398632851914238 0.006219703653966216 -0.029348173477353565 4.921227151798195
3.5341827923985645 0.48248255507563126 0.006103121490201254 -0.02937263876596455 4.917256429795708
4.068164174317541 6.778207098725182 0.00826424861308127 -0.028839247473905837 4.991472718036543
1.7512425386050825 1.2129365755805048 0.006764925114248244 -0.02922731236700722 4.939842642814742
6.771433807077466 0.8079420453831481 0.006701672532687003 -0.02924188067249828 4.937679022843336
0.44007163574034625 0.032669723696216124 0.006786594184559125 -0.029222288400707227 4.94058410448543
1.7057662782345562 1.7222640830341291 0.005617094959686536 -0.02946944594344902 4.900737114400744