300

3.791596354553456 2.070551244529866 0.008822243007260524 -0.02867347255427641 5.010876317335529
1.5952438665969422 5.555084503148064 0.008082017172569025 -0.028890846273903075 4.985159517297639
0.17661357883273784 1.696508076781315 0.00898684140809854 -0.028622310904357205 5.016621869210392
1.5563161293394652 1.3561162495957448 0.009106652473197245 -0.028584416746409404 5.020810568506541
5.270499456552915 4.210001854656357 0.009557078784360545 -0.028436987272028758 5.036608739410204
4.036554909749537 1.0460201669803924 0.006772729359484257 -0.029225504906214707 4.940109669984816
5.032579414754991 2.04731675900573 0.006952028306668427 -0.029183373732714332 4.9462490922156945
4.776237042439293 2.230558475163965 0.008327194363131233 -0.02882113519691123 4.99365604468578
1.431820934000744 5.065045274745465 0.007462595654914638 -0.02905700717712079 4.9637817477864346
5.459787877878157 3.2510184796316923 0.006323409825970063 -0.0293260036174864 4.924762133254951
5.321529098719108 1.6984417470754902 0.008973929509334483 -0.02862636178702239 5.0161707880608
6.289468083183945 5.169944801381348 0.008591927522861698 -0.028743325859091038 5.002853778445117
1.2179351549076425 6.427241725710853 0.008532351816959 -0.028761066956419338 5.00078173901749
4.109739164906813 3.4693366992184793 0.009307091879539351 -0.028519783322210085 5.027830668006499
1.8163983925315963 4.063291542634483 0.008804400217113368 -0.028678956341137905 5.010254101679971
1.721272575476187 3.734587171965747 0.008027853124089766 -0.02890594357944473 4.983285225221546
5.432856154631762 1.2626891320093125 0.006783416879305222 -0.02922302611711451 4.940475377027054
6.988497778014154 1.0538266264613394 0.007766663575830509 -0.028977214098319864 4.974260569828397
6.127218062546347 2.6605262628710045 0.007622913249737501 -0.02901536133821146 4.969303037572011
4.215245550407753 1.8765782681275873 0.007954590775723056 -0.028926190305513473 4.980751605787001
5.66763268329663 6.105128732480074 0.008255906428286441 -0.02884163672622236 4.991183465024827
5.970064179467542 6.119503181931839 0.009180543784041106 -0.028560770574851516 5.023396657488882
0.913699350263019 3.416318495546951 0.007608261118918562 -0.02901920679044057 4.968798092640737
0.6327696136129584 6.275634456701572 0.007721709470144139 -0.02898922563399523 4.9727095310935105
5.594302614288085 5.844203807489074 0.010069222075251637 -0.02825970217109984 5.054674321969962
3.246371362568033 1.5427006601187823 0.007006505187409279 -0.029170342559846754 4.9481162180262075
1.8630197146562755 3.8826093721171744 0.007308937666654904 -0.029096038049620312 4.9584971533147035
3.5034889338464104 1.339599875322135 0.009486289950581749 -0.028460679945733758 5.034120454715389
4.675276766021222 2.9325554532292766 0.006985944077071222 -0.02917527352660183 4.9474114141055
4.892067480679615 2.7747276124606373 0.007198194769943328 -0.029123632878711413 4.954692845891359
1.1566971754071012 1.1513311666465234 0.007145708088884284 -0.029136555319880447 4.952891043717967
2.902401011582592 4.174511597054268 0.009425884271788873 -0.028480742716699703 5.031998777619569
5.080425760353447 1.7598582895621986 0.008691223904887269 -0.028713457246300315 5.006310160017651
5.552153878452228 3.077782089078234 0.0083501210521858 -0.028814501182804528 4.994451618024964
1.0625799381742431 3.382530234919973 0.009810274553039065 -0.0283506351462184 5.045525967500218
5.559009996957987 1.689343836706695 0.008206427343508226 -0.02885575419661944 4.989468341624699
0.13405882897016583 1.864004519057179 0.007343833227938943 -0.029087250016462878 4.959696657786173
1.7921264202012035 1.005153031175114 0.009901020105134186 -0.028319071327953686 5.048728577154598
4.773132906004685 5.582217553821522 0.009972554787533675 -0.028293959620555746 5.051255721281309
5.295532176404809 4.4324144415350455 0.007529883434741537 -0.029039642825957845 4.9660981550056436
3.1550746498282463 6.938023845904357 0.009000214600130901 -0.028618108553005218 5.017089133144369
1.0479935287446809 4.277734449331997 0.008168578649620098 -0.028866491349746174 4.988156934277131
5.606734449552193 1.1774836630390841 0.007623947325912468 -0.02901508964610849 4.969338676660018
3.7301492593463363 4.8874863007431095 0.007677950490209459 -0.029000846130240617 4.971200342699782
6.642170904304371 1.5121864342896154 0.008939952228761776 -0.02863699101070951 5.01498408574858
0.2361368902920267 6.078226119403402 0.005437481949451407 -0.02950311492112977 4.894645723685383
6.154826509450893 1.3229140762630183 0.008812959574232662 -0.028676327232456753 5.010552569633487
0.8019389940628666 0.14477703571587838 0.00858378968035823 -0.028745757160377174 5.0025706693043315
1.1082199221810172 2.9993420657559158 0.009036664717800928 -0.028606619702055882 5.018363061875948
5.310504077103873 5.704680014064498 0.007484902977519799 -0.029051268946762295 4.964549532446292
0.9086825965832918 4.07335278736719 0.008674831494204657 -0.02871841392812554 5.005739312859017
4.005337442685304 6.070217404453992 0.008897995029527057 -0.028650055575068466 5.013519280204109
0.8679653526310388 0.6780924497958202 0.0071999840901003885 -0.029123190572159178 4.954754285127029
6.909028262106708 3.7842618181900276 0.007684316962524057 -0.028999159864028214 4.971419876204301
5.502688454013929 4.686754466403963 0.009599653236599613 -0.028422643398126123 5.038106267402591
1.5862884561520143 1.5887833847843549 0.009532906815114517 -0.028445099536727643 5.035758842047181
3.5437511253474274 1.5002634817190483 0.006823906244364288 -0.029213597922339626 4.941861129857415
5.137517269059252 4.973413177967791 0.010166221360774897 -0.028224952493205797 5.058108854437208
3.658565268334155 3.7750989486406943 0.00923786541821129 -0.028542281662737052 5.0254043125150245
6.88878674221999 4.657831794394753 0.006089196263941251 -0.029375528741781037 4.916782364762195
4.801916915973584 0.41680525749764596 0.00928192164177522 -0.028527985043391074 5.02694824133664
0.3978645511333893 0.03707115834215924 0.008716242071364365 -0.02870587264225524 5.007181579622946
6.383727158517982 1.2690394076264513 0.007040018315920338 -0.029162272581393686 4.949265253595509
5.469757968866442 1.7835799600157667 0.00751666619762081 -0.02904306680213962 4.965643037226972
5.4792052778140015 4.790352600639941 0.009186721207665562 -0.028558784173221167 5.023612955519482
5.029593152154635 5.507450446960508 0.008281497807420617 -0.028834298917533738 4.992070884610451
0.31236017817023215 2.8554335940372453 0.008067694291052632 -0.02889484917465597 4.984663793187653
1.9045419301952282 5.717231939022841 0.007841114318171919 -0.028957156736277807 4.9768307436400745
3.3325364132941813 3.6161433408629278 0.008309267933112603 -0.028826308581151115 4.993034111490969
5.4006036212275585 3.3452502407387885 0.007955421796740421 -0.028925961765098623 4.9807803349176405
1.0147372004830542 0.5214712999926382 0.00928030828812647 -0.02852850991687668 5.026891688488471
1.9566689338354486 1.2252248200700981 0.008020114724872825 -0.02890809159733444 4.98301752554803
2.4966361683359826 4.644901064899343 0.009596947331261518 -0.028423557165157782 5.038011066481184
4.427015827163187 2.7609792652721543 0.006925584204699606 -0.029189660556841274 4.945343053991653
2.475640340611212 2.441130060560806 0.008738088765775793 -0.028699230037083273 5.007942720787653
4.930165029802163 2.498421024109666 0.009606534035279238 -0.02842031850330009 5.03834836592863
6.0888074687059826 1.4774313388628453 0.0074873572237928124 -0.029050636512877263 4.9646340131961795
1.8353403415676863 3.8410409079649495 0.007871049123695035 -0.028949034279097802 4.977864650458383
0.6032516055002557 3.3644129972322383 0.00833990157257094 -0.02881746070978199 4.994096971777564
5.68446607607243 6.337716471703984 0.008736962188248404 -0.02869957302332419 5.007903466396718
4.481072279663931 3.878359069908389 0.007099360604023762 -0.029147882925077685 4.951300654362349
4.889344685696814 4.472327831045212 0.008163025923315775 -0.028868062071695677 4.9879645806185975
1.356247570601851 5.903481002876365 0.008364746751817295 -0.02881025879401228 4.994959236601538
5.151646497128275 1.85870800073382 0.007875796658032794 -0.028947743038125088 4.978028650409575
2.269148489515431 0.6853435859902606 0.009639733569428896 -0.028409074900644433 5.0395167588458945
0.2640601738019761 5.100762709014808 0.007715589732763999 -0.028990855024915472 4.972498433168573
6.221503577097847 0.8115060149672271 0.00948894246318519 -0.0284597956937565 5.034213655363194
2.1658397432425947 4.549013489029264 0.008796060701297079 -0.028681515234364748 5.0099633259757805
1.553363082860887 0.5203123943608382 0.008556040750847968 -0.028754028703293542 5.00160548562793
5.101464130041709 2.5537622978732557 0.008516349180114327 -0.028765809507857863 5.000225385625286
5.554482405688895 2.403562010941243 0.007975461494069032 -0.0289204428381832 4.981473193762175
1.8680572538496556 3.447908641067183 0.007170739633097345 -0.02913040495966932 4.953750245658588
0.0595066005443004 6.638767658493836 0.006985659832918719 -0.02917534158666777 4.947401671478042
4.550869266044852 6.000651973141462 0.010036245211627225 -0.028271430491789578 5.053507642360674
5.547991192349849 5.753517485402933 0.009861164295242593 -0.028332974406903213 5.047321538704383
1.5040826208635898 2.0361494390434967 0.008615149282997208 -0.028736374211644596 5.003661777054837
4.040369578761733 1.0830292071664385 0.007794971434262767 -0.02896961201567994 4.9752375985313915
0.9970780955998447 3.955161815282026 0.007532187225834069 -0.029039045363010507 4.966177488446641
4.236992110947832 4.6170254283102246 0.008247141693602227 -0.028844144187090172 4.990879586513415
0.8496379924210947 1.19158519651846 0.0066986518766792265 -0.029242572784128652 4.937575725100892
2.9477009006535093 1.070722936956609 0.006897485772014706 -0.02919631295257767 4.944380547799609
2.661356209624064 2.1447234937193933 0.007433461163855656 -0.029064474107154417 4.962779210068022
3.0099505410282896 5.4129713246045075 0.007175009835324567 -0.029129353474854118 4.953896837485754
2.701235172962183 5.064773193656384 0.00910009207771458 -0.02858650598056916 5.02058106738461
3.9105745372606493 2.5449226840106673 0.008855647786981426 -0.028663173276399993 5.012041532895575
4.447418846152513 4.851262725301771 0.009634283286501715 -0.028410923701200453 5.039324915021728
5.6738831101599665 4.768378026403436 0.008445333204828633 -0.02878673908346374 4.997757521352332
4.953263868686626 3.887873933376344 0.007093512608111528 -0.029149306662055664 4.951100027336105
1.1428673089187218 2.813668011331526 0.009979993707392212 -0.028291336582077768 5.05151864894326
4.980879716055314 0.896881235859558 0.009194198387523141 -0.028556377851731596 5.0238747837118485
4.3003307994104825 1.4528563304421804 0.007922661417750285 -0.02893495180676289 4.979647951293979
2.126218632932327 0.13020648485721453 0.00916202612306671 -0.028566716250214043 5.0227483649994
3.1944818053870696 3.6328910134918346 0.0079180084980701 -0.028936225417709367 4.97948714863216
0.48073370191905507 1.5803474832500441 0.008523027039807767 -0.0287638316306904 5.000457539330099
3.4411344261968706 1.8521561665456274 0.0072352392087950135 -0.029114451971340886 4.9559650180086585
4.254646005648913 3.789996228130234 0.007044078174617247 -0.02916129219821853 4.949404472064259
1.586055379658254 5.657319202026567 0.00703195216380945 -0.02916421863801421 4.948988667368879
2.4316243352927085 3.682644326172506 0.008908535037200278 -0.028646779984685452 5.013887189093016
3.0418381919400304 1.6933321805341879 0.00837446344768715 -0.02880743587970564 4.995296518258945
2.2288191235002635 3.277982874023146 0.009253663169956938 -0.02853716380331063 5.025957848072817
0.506766076407321 1.3059421265142461 0.007198411283522554 -0.029123579364378534 4.954700280189789
2.4030594625790735 3.4192593585740974 0.008490200457872507 -0.02877353812420609 4.999316486879721
5.098832672718231 0.8406236190799358 0.00877977862989646 -0.02868650357241212 5.009395690163979
1.9911763010796133 3.869412739783565 0.007875898523845622 -0.028947715323356455 4.978032169366526
4.747599375600767 1.120246009138678 0.008148576616211654 -0.028872143999532293 4.987464086845344
2.5314623713986544 5.169753949001328 0.007961284212292136 -0.028924348803233375 4.980983010252451
5.175878064977607 1.355055465020686 0.008816226439405732 -0.02867532303861847 5.010666493649765
4.05991677188355 3.0893825692841688 0.007322833305448966 -0.029092543931059162 4.958974760366016
5.017205992101778 3.7058063843352733 0.00835241747227162 -0.028813835606681933 4.994531315625573
5.95615410012439 1.950378583408861 0.008653827406827993 -0.028724750150572808 5.005008013085495
4.2361698181205245 3.641922305885538 0.00881406375495457 -0.028675987866568713 5.010591074817449
4.780763388871719 6.8393532700768445 0.00901772321549807 -0.02861259631715841 5.017700994027811
5.000565162391071 0.22801634748519864 0.00905727746856423 -0.028600100084745134 5.019083702735905
4.449332627799945 3.970089201741085 0.007087181959738949 -0.02915084650348169 4.950882853006229
4.435904270076854 2.6263421989200664 0.008684716621711358 -0.028715426119083978 5.006083539447417
5.319461674011182 5.203068652924011 0.008008527878394116 -0.028911303692863526 4.982616731099543
0.12605848971136732 6.805245245596004 0.006947402133293649 -0.029184475386724133 4.946090574352354
1.5477202508669876 4.055252647100924 0.009672142795890529 -0.028398057217632035 5.040657785394389
4.938159313303224 3.5605675584519485 0.006446753373285955 -0.029299136010197062 4.928969999235463
4.153801769827133 0.1350515211512938 0.008195684414254343 -0.02885880726887285 4.989096063681074
5.4229301798881355 3.553635058500343 0.008545637512701052 -0.02875712223956904 5.001243704030348
0.8732111736496944 1.3157938289064615 0.008274066222530786 -0.028836432306115385 4.991813159948702
1.9914163687204411 1.9971148658988913 0.00988437675833652 -0.028324884749973064 5.048140929417007
5.159675040111641 6.895064756489065 0.008093883071956366 -0.02888752424174661 4.985570255749229
3.73623921427947 2.072265536141755 0.008830017334127908 -0.02867107939856818 5.011147461726932
3.7904733908814805 2.4536412912988226 0.008283166111094056 -0.028833819711859596 4.992128743396643
1.1916666307774382 2.7591013461051044 0.007480376724294441 -0.02905243473553695 4.964393733317171
1.5246397131579508 0.4757921337700422 0.008158575031452677 -0.028869320280466546 4.987810403491996
5.5722375520523 4.708842365160952 0.007888344652895597 -0.02894432619076031 4.978462146563139
5.389779987343506 5.18837591244267 0.008497739509309023 -0.02877131250450574 4.999578510373083
5.159958523826448 1.8287682465203072 0.006784160788171395 -0.029222853426731577 4.940500833359371
1.5871221773807769 1.6079647316840582 0.007026872387672214 -0.029165442983904253 4.948814492652855
4.089353417693275 4.957286549802251 0.008737966095630358 -0.028699267386322152 5.007938446454666
3.162522932542982 6.024031837039955 0.008404871218385832 -0.028798578780945935 4.996352233293342
6.243216474918408 4.760983387370786 0.006888876642862946 -0.029198345477088546 4.9440856876421595
3.8850270199332595 0.795623938756276 0.009207454705840291 -0.028552106364327996 5.024339034103399
1.1903298747259337 0.5488490703801991 0.00965849557325638 -0.028402701689476423 5.040177255815767
2.1100768196037243 6.2412378739026835 0.010209229868590517 -0.028209424409056615 5.059633049505889
3.5990918850104827 1.7959826438787871 0.007614416450967886 -0.029017592286597962 4.969010210887234
1.294939562922541 6.812161328914077 0.008137977605203682 -0.02887513325505535 4.98709700422629
4.469846056668462 1.7940392643104084 0.007981628553628628 -0.02891874142544762 4.981686442258492
4.925198721806916 5.5174044955274955 0.010089429758638553 -0.028252493821705346 5.055389483791959
3.4144811546034237 1.2637345767332497 0.009057973407487516 -0.028599879680677835 5.019108036273298
4.534544895461717 1.4789080781639357 0.009403581071806671 -0.02848811441682231 5.031215781436568
2.387042422339452 0.825052743545012 0.007811909503644245 -0.028965049109346816 4.975822328590045
3.2645813815585463 6.750496894329572 0.007268231665661104 -0.029106233154674636 4.957098376479556
1.5384497607887972 2.762020640548742 0.007308037554978695 -0.029096264143271402 4.958466217550273
0.7505651989667155 3.9396554187682726 0.006523051189171629 -0.029282243820845533 4.931574846474097
5.094987741264775 1.8693734937093516 0.007211872191960465 -0.02912024895990464 4.95516250626886
5.529256276038743 1.6343028855670894 0.008835149419431032 -0.02866949833422844 5.011326465339812
3.4582556099143305 1.031040995435207 0.007877218017098255 -0.028947356292261004 4.978077751597123
1.1004705811375315 1.6336526958746924 0.009089312401055483 -0.028589935293316403 5.020204000316733
0.7975200592272037 4.545843774612953 0.006515675993486791 -0.029283885779518737 4.931322987739495
3.8629047569474806 0.4963304046335071 0.006892354935887163 -0.029197524611476088 4.944204815690593
2.223682339000933 0.30835305849547123 0.010533460814851474 -0.028089966238178152 5.071151020057755
1.267193223252963 3.5115661981287034 0.007338020925440727 -0.029088716865784816 4.959496839792923
0.38622291029554884 6.489529044707101 0.007018096388631619 -0.029167556001144075 4.948513599534823
3.391872888797386 1.0216865209587125 0.007845980787461137 -0.028955838538760895 4.976998805031292
1.1606509138774659 5.820125528812809 0.008575960863069118 -0.02874809376767626 5.002298333494002
2.234180222491479 3.2971473011775845 0.006960486518305441 -0.0291813575323097 4.946538932034862
3.808066692928463 2.595212365064859 0.007391332289289888 -0.02907521637046405 4.961329980915056
0.9269489005918321 6.298818552639738 0.006914041961399762 -0.029192396677148715 4.944947650208494
4.911003733961182 1.1421395269454049 0.008545222338690428 -0.028757245611886164 5.001229266802708
2.798486946059379 6.511321405652305 0.009500208508447123 -0.028456036939391766 5.034609539762792
0.7182034705014441 2.766355966130565 0.010124530198402386 -0.028239934282176332 5.056632143611163
1.1066353238264706 0.912566919634401 0.007984948098432951 -0.028917825019619505 4.981801232779601
4.678566847276208 2.6010894962526336 0.00888931236696681 -0.028652750751760134 5.013216235273141
3.50248988672591 1.7407785738693728 0.007215627942448516 -0.02911931855995528 4.955291482174513
5.480593867024022 0.977326255855731 0.008779938672668913 -0.028686454589303516 5.00940126919555
4.2771052724533725 0.07173475396805729 0.006788431007942196 -0.02922186175537775 4.940646961875864
6.89429629579554 1.3804053662996643 0.008971437519695062 -0.028627142868791634 5.016083736983218
5.28386475189895 6.0428100429497595 0.0074390977464996845 -0.029063031925764787 4.962973148635528
4.36072289586686 1.8214171238361783 0.007523316766549536 -0.029041344748998013 4.965872033913762
1.9978635283976456 2.407665693543733 0.007695714067063418 -0.028996137415145524 4.971812911671911
0.8130798546686854 4.420291385597115 0.0060689080181227486 -0.02937972694678365 4.916091762882434
4.736784632489466 0.6275923768552024 0.00820536498616598 -0.028856056304419033 4.98943152568242
0.9736170639429117 2.018424489100401 0.00736623592460202 -0.029081584693807568 4.960466922333056
5.935293977328064 0.7890903389292628 0.008161155608105626 -0.02886859087555688 4.987899792823877
5.343164406350769 6.811874403703514 0.008874559325635314 -0.028657323615016446 5.012701385443731
4.344441376059201 5.8081250192203 0.008846366623726364 -0.028666039097835265 5.011717748116764
6.074689557672397 1.1310707311443977 0.007848386531113047 -0.028955186562311132 4.9770818891641095
2.3805070278888674 2.8053764143733813 0.008772893027395572 -0.02868861007316099 5.009155669638343
1.6078635872984433 2.17783803470355 0.008946282182126768 -0.028635014145583393 5.015205134525271
5.501514974678384 3.409014541242283 0.00710592718755866 -0.029146282761359374 4.9515259456390925
4.285532259085359 2.377004827835275 0.008402772660570565 -0.028799191162509542 4.996279363881335
4.240626931849717 5.925500048313488 0.00759949291204376 -0.02902150422496733 4.968495952758069
5.976482795402485 0.6287614425673962 0.0070051218414872995 -0.02917067479483321 4.948068795269991
6.824689135685431 6.827675451576019 0.006080693054815937 -0.02937729007197759 4.916492907703363
5.747099030213318 6.669739263627326 0.00966216717309091 -0.028401452876908328 5.040306528044442
1.4201941708411985 6.079766773164108 0.008201987735704271 -0.028857016428996202 4.989314489790969
0.5985315278404033 3.9205759858164693 0.00788546555780357 -0.02894511069138782 4.978362677808744
0.8186358607130423 1.3762040718479653 0.008607777318240577 -0.028738583292145476 5.00340524916734
4.597630036022224 0.6520040690776521 0.007876622325451273 -0.02894751838659408 4.978057173207404
2.6509652552938365 5.9395536930683495 0.007932067667190136 -0.02893237464369485 4.979973048371518
6.764741868547905 0.4247158947032054 0.007265863096418954 -0.02910682451701142 4.957017000604948
4.41450551440214 1.8511259328835785 0.008701005278892336 -0.028710494721211052 5.006650832283328
3.802787158949901 6.66406762201856 0.008440412339891535 -0.028788182289484807 4.997586583561787
1.2356652978529665 1.4902975675868915 0.008001160040651156 -0.028913343597790398 4.9823618972856485
4.54771338105524 3.7312352619115257 0.007088064821174012 -0.029150631847197333 4.950913139079926
0.4446111008260832 2.1785504404481433 0.009194307251730626 -0.02855634280086954 5.023878595969652
1.692820363185062 5.9119312454285105 0.009108989154656919 -0.028583672202506495 5.020892316261324
4.931493104745364 3.3395095408974234 0.007284923787293642 -0.02910205981392594 4.957671907168181
5.090139808957196 2.51697265824599 0.009052727422280568 -0.02860154062664963 5.018924614772081
1.0043169942842955 0.5333246403756694 0.00762100622519007 -0.02901586228454385 4.969237313486676
2.249887365810299 5.648170064508634 0.007830218197954045 -0.028960105023504823 4.976454478611022
6.9537250716831895 5.384636741017873 0.00797963542300086 -0.028919291459439146 4.9816175211514775
2.2173275382779205 1.653383690991355 0.009427616239212162 -0.028480169452553175 5.032059590108583
2.2000494135824806 5.680308073510733 0.008458521472578851 -0.02878286668311415 4.998215689072742
4.984815020301551 1.305798562380924 0.007378293165832017 -0.029078527988174306 4.96088154467477
2.0988172775378433 2.345346456583025 0.008469481176562233 -0.028779643649632945 4.99859648218922
0.9471190278596379 6.087913292272842 0.007262619401499619 -0.029107634040384685 4.956905561110486
5.622906517226147 1.3914168719154165 0.007580552389155275 -0.02902645733594219 4.967843370937553
1.8060504626699414 6.6707961422901665 0.00938422996395811 -0.028494494696055774 5.030536587998222
2.5018030432424347 6.06847380730165 0.009523625468159764 -0.028448208343272142 5.035432570040216
4.985394388858621 0.39467522287952883 0.009661252300292338 -0.028401764099965622 5.040274316037898
1.7887016155395152 3.41053445045845 0.009065957433736171 -0.02859734980395358 5.019387211550448
0.2613426256934033 0.8826794342456779 0.00919723679553882 -0.028555399407586418 5.023981185864211
6.064684988074526 1.4753142792562979 0.006380986276365101 -0.029313529540825344 4.926725874396512
6.8094736651115895 0.6434576850852588 0.00692573941106524 -0.02918962373190202 4.94534837116426
1.9217968878784801 1.5193205486924455 0.007919340761930597 -0.028935860828674588 4.979533190306019
6.009991544174222 6.131887775648021 0.007477963467599639 -0.02905305599032992 4.9643106686476095
6.238085170442604 3.124831831470976 0.008271027230405143 -0.028837304113836587 4.99170777429792
3.3813615699262862 1.2916802959042708 0.006779956708501883 -0.02922382909597646 4.94035697302442
1.0541556878163694 5.703271084676485 0.007212627428917434 -0.029120061908787694 4.955188441465485
0.23843749334435715 3.7638536917827974 0.0066298562764195166 -0.02925824679904831 4.935223772802208
0.5267145925526079 0.7750002038496879 0.008956675606457448 -0.028631764913827615 5.015568117196455
4.222207946835419 1.1197239146800202 0.008943489875382439 -0.02863588638140841 5.015107622290735
6.059137488513034 2.3523045862993324 0.009010034547130034 -0.028615018389991 5.017432289194973
2.905150189355347 3.857290867651057 0.009795804581619293 -0.0283556381095317 5.045015619340308
4.51712291874453 5.777527672258176 0.009893706908565092 -0.028321627135590416 5.048470345998316
0.12701103668571165 4.607694998441608 0.006445118030166684 -0.02929949579049476 4.928914184173964
0.39286942294352223 6.808494806536048 0.007040781536618273 -0.029162088322917053 4.949291425187827
6.950192559803419 0.22159994514662815 0.007495714932727362 -0.029048481159043203 4.964921718387301
5.005069862846313 6.9707820780135945 0.008429930928574652 -0.028791253264480524 4.997222515692755
4.7128210951376195 0.972373131539235 0.009133998223716572 -0.02857569030573264 5.021767380865488
4.880787293263947 4.697440099548517 0.010637403896170015 -0.028050768944001284 5.074853962750286
5.311763665348559 6.944425703419992 0.008738656569643162 -0.028699057151025578 5.007962505484903
3.945144463439728 6.535372350495291 0.008559136768035222 -0.028753107271842247 5.001713159819377
4.155449689890667 3.2072923716761292 0.008475723736042204 -0.028777805808474884 4.998813397966909
6.187308536164198 0.48673230066693396 0.008047548351908754 -0.028900466527786203 4.983966645396933
3.7656733467303694 6.915181445989284 0.010405211886228153 -0.02813772495427973 5.066589256858813
4.863665267625217 1.8905582647418977 0.00921471482153781 -0.028549764110369306 5.024593320542635
3.7280982655273798 1.7329320114021884 0.008810567812067965 -0.028677062172212685 5.010469165245773
4.461976768634849 0.5606880871568656 0.009139447268153775 -0.028573947988204857 5.021958074790537
5.8386014849921715 5.108144478775486 0.00882761358800281 -0.028671819585455473 5.011063624105665
0.8921703247545483 1.9707575334175127 0.009104576626480216 -0.0285850780032616 5.020737947724244
4.331482870565748 2.395382645330164 0.007711765258291217 -0.028991872595626047 4.972366515453619
2.871416692281907 3.1718884537594514 0.007869514440387495 -0.028949451505555897 4.977811637558774
5.467254525103502 1.0177278824186093 0.006610937627490893 -0.029262527294911234 4.934577211010692
6.056808481860564 6.077462755721107 0.007719542799557245 -0.028989802672074256 4.9726347912902
4.844893185254655 0.9118721908937866 0.00862466701033558 -0.028733519084178132 5.0039930018650995
5.6737033891517905 4.372517264078535 0.006707983761397263 -0.02924043354426932 4.9378948565965075
4.832921988545216 1.4024556609753078 0.0075005655356303975 -0.029047229070011366 4.965088704998624
3.911590033444944 5.020410460383596 0.00978725746895051 -0.028358589373177086 5.044714209518348
4.5325696172441905 0.22163937950149876 0.007934525846230233 -0.028931700599783353 4.980058012281448
4.988744575050267 5.266789762857698 0.010210998324754106 -0.028208784327082737 5.059695740477568
2.486518538749845 1.329513992578482 0.009190498050819751 -0.028557568971778365 5.02374520637027
0.4635289524804526 1.0204303454373778 0.006532062117980869 -0.02928023504835368 4.9318825837458835
5.552450867878351 3.017015409152846 0.007495835300520877 -0.029048450098885913 4.96492586207582
6.976181901584895 1.3662483218999402 0.009153243434023973 -0.028569531578895323 5.02244093532709
3.476259199850777 1.94773267390966 0.006668675440191418 -0.02924942337676741 4.936550749520268
3.1478007172279283 2.801873949976585 0.008881213470931092 -0.028655262122056258 5.012933590819926
5.849444430506805 4.64011792378489 0.007687057530975165 -0.028998433518303675 4.971514382486002
0.8909125681563811 1.7272287121457048 0.008291856360559883 -0.028831321823597378 4.992430147300931
0.2716031889097746 3.0417775492583603 0.007362374061701808 -0.029082562613627783 4.960334130464756
0.5871782285315853 0.7444487933828557 0.009048851767559644 -0.028602767028536463 5.018789112573948
4.651497195306211 2.95136071026945 0.007345305650467322 -0.029086878225433762 4.959747279001224
5.180401846739712 2.304305657968622 0.008180422524853527 -0.028863137170357434 4.988567256510995
4.612962276453522 0.3950955188431055 0.00897587858399339 -0.02862575070885319 5.016238875492799
5.52722825239746 3.3531557331003157 0.006307100536747735 -0.0293295155571884 4.924206029105452
1.1437124616709569 6.216358948132029 0.008588949914759118 -0.028744215754856823 5.0027501870228255
3.6321929358640412 4.171234994128392 0.009281969966086802 -0.02852796932045221 5.026949935263668
2.1059541908013086 6.786216306132606 0.008262536222980057 -0.028839738125786482 4.991413341468703
5.008517291780023 3.2254530316689944 0.006352806618689142 -0.029319649521533157 4.92576465564778
0.26373043742773206 6.379390646965319 0.005381871293163278 -0.02951330990220895 4.892761141893264
0.7689683803158665 5.668197528061465 0.006954592646348485 -0.029182762739729688 4.946336963020014
5.417178354272099 0.09786424272258751 0.006932045990715048 -0.02918812666792118 4.9455644322348595
3.39578673713945 6.682968752801635 0.01053573980684894 -0.028089111533161362 5.0712321531801425
3.9944727315630586 5.8892844605040855 0.008057618675580103 -0.028897660481065637 4.984315110791596
5.380899898326652 0.6094969200387479 0.008622539757165634 -0.02873415751568328 5.003918968833147