300

0.2671410118970087 2.8495339288656942 0.006423987479872549 -0.02930413596846767 4.928193049706895
4.929240079070499 6.301685540635761 0.007303201617671356 -0.029097478346613515 4.9583000162685105
3.606947549682586 2.463151919138648 0.007277051276109523 -0.029104029355483972 4.957401402440979
4.947820510194425 2.112727299662667 0.006057427930644396 -0.029382096025727115 4.915701030030675
1.8775535202486329 5.023837084883485 0.007581676655439331 -0.02902616369919329 4.967882103599882
0.4547987969661356 1.8099608736052513 0.005281611138915299 -0.02953141689417028 4.889365070361498
1.5262355519660151 2.8304729062311957 0.007919150031225184 -0.028935913028327726 4.979526598812699
1.2679108966236707 3.0129716258048265 0.006245555758970885 -0.029342682789097276 4.922108110263526
4.851190439410816 5.831765049600241 0.006594656789324574 -0.029266200672977954 4.9340208743769844
2.0588429658780525 4.06266005465059 0.007832627554946231 -0.028959453475255657 4.976537675273885
1.7559582869610015 2.466148830423147 0.007867402892339713 -0.02895002541846215 4.977738699143472
2.807424529109063 5.963191644718536 0.008592082189777655 -0.028743279625750878 5.0028591594174205
4.605513302876943 0.18813385173022912 0.008906925610629897 -0.02864728043229767 5.01383100782193
0.6984180081720068 4.278209198938088 0.007928535001902938 -0.028933342923409315 4.979850949642552
5.33758010006784 4.855734334821807 0.003506517312198382 -0.029794367527088958 4.829540682129295
5.2561297956124635 4.530375041441328 0.005476905932670108 -0.029495821761813704 4.895982153782855
1.8662318076241275 2.0298832215410894 0.006036741120530778 -0.029386353238258278 4.914997019306613
3.427248505177003 1.824412539658986 0.005752212813148955 -0.029443370183323866 4.905324150819264
2.729107788996891 3.4760843628582294 0.006145596056733664 -0.02936378124675805 4.918702706539149
0.6582426249272716 2.6461407829845185 0.006676596161182145 -0.029247616376390194 4.936821557102181
2.1257682217538565 6.880557474076294 0.009041023587142531 -0.028605242395350058 5.018515438294871
2.445901440043473 6.899822262716704 0.009547807522858288 -0.02844010146793521 5.036282729003359
4.428318558009868 4.206870351192891 0.0038902873356558895 -0.029746691655477175 4.842431440688282
4.025463715689254 0.03756358549210285 0.0067992191319390625 -0.02921935350407113 4.9410161576164535
2.093134593423595 6.629212251656638 0.00955331591199575 -0.02843825161794601 5.036476419179722
6.674214008111938 2.3079629445110923 0.004529855225724737 -0.029656034995156958 4.863963892641948
5.39459038709134 4.677528824309009 0.004915637224773404 -0.029594535148814587 4.876985760506022
6.947334327945219 2.1087861420651537 0.005791980503430893 -0.029435573068107172 4.9066749795549285
1.2508426661023209 3.737043319009926 0.007148741284482892 -0.029135811264619522 4.952995147799323
1.4428772812097854 3.572908145364572 0.008246937245020538 -0.02884420264241487 4.990872498475955
4.563053303219608 1.9125292778983183 0.006609684181015439 -0.029262810443073203 4.9345343766923015
6.448454084028217 4.97219637636967 0.006750554555542582 -0.029230634840739317 4.939350988245857
1.5197638475755186 2.5287683120980358 0.006291471537092214 -0.029332872104483026 4.9236731834471446
2.178529592199269 3.897713022360211 0.006024886514434667 -0.029388785998883712 4.914593630864179
4.5319888691252 4.15987330032587 0.005479030331316031 -0.02949542721556206 4.896054177979048
1.9926768544144542 2.457460888675875 0.007095885872020742 -0.029148729023599922 4.951181445650804
3.508562881315784 2.6179066725774174 0.006635361474181836 -0.0292569987884428 4.935411935654155
5.18987906478119 1.7634306965663016 0.00556078752572844 -0.029480122830370006 4.898826755495499
1.317445218628827 6.378260553498407 0.006948443599525382 -0.02918422744470401 4.946126260128501
1.8586984290338793 5.234543523614897 0.009546207490214524 -0.028440638574999896 5.036226469797093
6.5915865713004855 0.7086549102884937 0.008393546946759879 -0.028801881356129114 4.995959032563587
4.566240336345191 5.069610722094845 0.0048220525475337435 -0.029609927545146464 4.873824356955101
2.025213574813106 1.9416530246697181 0.00790052508595487 -0.02894100384171561 4.978882993533267
0.30402468053243664 5.692892487862149 0.008632550140843786 -0.028731151700999002 5.004267366282438
3.070483989725443 2.278310103122459 0.008042845249008964 -0.028901775729191687 4.983803914585609
3.6283111291650236 6.839602087052482 0.009741021847624914 -0.02837450428402396 5.043084275097044
2.5570646182380146 2.0827413858077723 0.005996405896680263 -0.029394610327783868 4.913624628822594
4.20092533900854 0.9054094292594197 0.007471213406719777 -0.029054792551853656 4.964078339934059
4.588532146780579 3.7803160335037336 0.0065007727324039285 -0.029287197781311097 4.930814092911017
1.8295150268206473 6.495070653996461 0.008238762135750987 -0.02884653876066444 4.990589086995499
4.445552551357407 4.870011673845712 0.0053158782981185815 -0.029525267787432374 4.8905255539051415
0.547319445045967 6.865985398325154 0.008567899082301208 -0.028750497479443762 5.002017916859777
4.2368852769560235 1.430094382980678 0.0063984081615637844 -0.029309731711464605 4.927320242035352
3.459161227200746 4.585209253257536 0.0051387235894566514 -0.029556615500952774 4.884528650357528
2.0472312630794316 5.485024165916609 0.007327392320328061 -0.02909139600954202 4.959131470787291
4.973340114148959 2.344238980279116 0.005286432121043305 -0.029530554268919533 4.889528322011328
0.025115577882961967 2.279305889926169 0.005324413761968716 -0.029523729745602235 4.8908146515747815
1.7022168502576036 5.7762242419869985 0.008686853106744408 -0.028714779872077115 5.00615794228109
0.23916967779725243 4.583227093066632 0.006181834547057764 -0.029356173484171997 4.919936988339587
3.408278720974977 5.452137842193152 0.006757259211595994 -0.029229085650209808 4.939580365190109
1.2007651858081352 1.1768578387192479 0.00521129374823354 -0.029543906604740378 4.886984470364473
3.801872786800936 0.7988893973360804 0.007455743028190857 -0.029058766248717158 4.9635459210465305
2.779789814729891 2.0280157822506943 0.006110515555525035 -0.029371101437393975 4.917508169479261
1.9141250984374651 2.5538603775854476 0.006328516687774701 -0.029324901986751074 4.92493627760069
2.0203828014965763 5.587034017187625 0.008859712158523981 -0.028661917250388226 5.012183333684667
1.583661701194294 6.3078209699923 0.00799550231482448 -0.028914908658573282 4.982166223870393
3.8015024545876166 3.6394222904718077 0.004675979299280763 -0.02963334637857658 4.868893064588382
5.245829503831773 6.466889686098123 0.008662780834787033 -0.028722051253495917 5.005319725057883
6.8856121842738744 4.4175564267756116 0.00823404054467127 -0.02884788686037003 4.990425411180431
2.0430440824679708 4.169142796027137 0.007709647089785593 -0.028992435940275188 4.972293455394505
4.3895003195418605 1.27569891878077 0.00840993594069983 -0.028797100157365238 4.9965281049001815
5.387524392878567 1.9930784806194783 0.0059872112551696355 -0.02939648450726668 4.913311838545038
5.8831314825382 5.403714328812258 0.004879194981347197 -0.029600565135382065 4.875754501883352
0.9502104028377844 3.551275346763527 0.007575259684951148 -0.029027839063656698 4.967661034589765
5.903434054911025 3.2085306092560195 0.007415385535844606 -0.029069091099564612 4.962157344632304
1.43379212959867 3.2832490406938515 0.005988117715371271 -0.02939629987305982 4.913342674308682
2.5349548283695773 2.249519782103161 0.0063795793355628065 -0.029313835769159583 4.926677878352529
5.3690018913104085 4.635940036772639 0.0049285408251736875 -0.029592388976468192 4.877421789253471
4.11608185364807 4.15355886075606 0.006847466951413293 -0.029208084434781113 4.942667703883396
2.155840045033096 0.1162555515211777 0.008388171339253996 -0.02880344739060444 4.995772396791959
1.0765125899494026 4.690049167754301 0.008196018918214289 -0.02885871227016676 4.989107654752991
1.4636538483632464 5.276802920440392 0.007539787315911649 -0.029037072979741223 4.966439217028064
4.755713506640567 6.669092496000228 0.008692100817208543 -0.02871319180069472 5.0063407002750315
1.577989740806915 2.6246089400153494 0.007407879785904853 -0.029071004748332695 4.961899149327031
5.638880597268294 1.4399156915729319 0.005972245988475174 -0.029399528531137063 4.912802781362487
3.7553705046978014 5.886979735911674 0.006092589720491698 -0.029374825114334875 4.916897885991394
2.645164555995657 1.5780364695122129 0.008594305345442265 -0.028742614975490702 5.002936505544811
5.570843122080096 5.3123965252412475 0.005172374310275723 -0.029550745235854874 4.885667280699468
4.907862598834688 1.2700786081017519 0.008007488695004577 -0.028911591530031235 4.98258078743448
1.6403878778744916 3.3493941770857028 0.008063982912345911 -0.028895885167085522 4.984535351189333
2.0728281892673226 3.1944660965150478 0.007762254984108781 -0.028978395358640517 4.974108432985922
5.380544547949642 4.239400842691842 0.004374017060668278 -0.029679420054188773 4.858711120699512
3.449281119756561 0.3982993808680264 0.007249886599916985 -0.02911080803221278 4.956468146403863
1.1115459651089177 6.8007540756185145 0.008894208271239261 -0.02865123137367431 5.013387110108675
2.0176473531578734 6.5296223571523 0.008294950523923256 -0.028830431765855768 4.992537468468527
4.924218730132307 2.800757613682403 0.007268567625573977 -0.029106149258746987 4.957109919037992
0.4499755101298165 1.8441480171252416 0.004217863695317132 -0.02970201383488543 4.853451799892162
4.480088475769594 4.737843391356276 0.004608444568905584 -0.02964392414400166 4.866614460983338
0.8615709982747833 5.4350792328528765 0.008204942045459327 -0.028856176566389623 4.9894168687999665
4.2286727569196145 1.944475384320139 0.005768598596266702 -0.02944016423587256 4.905880699703648
6.413152238164762 1.8473278278204373 0.005124752330410453 -0.029559041147370672 4.884055974941972
6.080170217187574 2.907501821950242 0.006535115885570534 -0.029279553623000533 4.931986879463344
6.3837687650191315 6.1716018423363215 0.0071612139989581675 -0.029132748137810915 4.953423259096828
5.975641931575131 5.799545591096345 0.008449555238573143 -0.028785500104571763 4.997904190434392
0.3837209247896385 3.3219740121314354 0.0072130104447590895 -0.02911996703850807 4.955201594475488
1.0318198094633857 5.658418595405361 0.009823615938281906 -0.028346015062035327 5.04599659089499
2.17401436922103 5.556129929467069 0.008396943555595143 -0.028800891286974942 4.9960769646934295
1.577224428684497 4.706217506779341 0.009034371604568067 -0.02860734398210666 5.018282902660121
4.627368147788006 3.596149474073184 0.00660621754912943 -0.029263593246448297 4.93441591283109
1.3831071035947193 1.656415037705839 0.007280214486942611 -0.02910323825666331 4.95751009027189
0.7243377282666332 2.2179815235350424 0.0056251197702018325 -0.029467915222677096 4.901009430985909
5.51005149592188 0.8920298545726023 0.008310174448025513 -0.02882604726013235 4.993065559118723
6.769941883727181 4.440598271526013 0.006126789173548715 -0.02936771108586582 4.9180622704870345
3.857463775828088 2.333904704917039 0.0053978068556119595 -0.029510399542356392 4.893301113447457
6.924990653517609 2.6322367949517513 0.006251159810509819 -0.029341489413856732 4.922299100484961
0.8334864765875528 4.597561476394358 0.007199641146208281 -0.029123275354359174 4.95474250951501
4.931757480640737 6.407667542339965 0.008211117767052281 -0.028854419852348413 4.9896308926345
5.949536998786976 4.4738964895480375 0.004424158193371524 -0.029671987198029447 4.8604007561469516
6.511604335229526 2.4691406557641793 0.005970477897037351 -0.02939988764742118 4.912742641600829
5.7093035152212135 4.060891523202812 0.007069420190118108 -0.029155159031902918 4.950273592642453
3.900790455838345 2.063550839600574 0.005660756267868201 -0.02946109024587839 4.902218903062991
5.948342784012377 4.218786150342984 0.004628813771146036 -0.029640750379706125 4.86730162681844
1.4870165564753597 1.5968110986583521 0.006939048983555033 -0.02918646260175809 4.945804365154097
5.498382293843262 4.658374574114372 0.004603250913613028 -0.029644731083724146 4.866439262026326
1.186308790772134 1.889441769700531 0.005822144432049844 -0.029429621713714757 4.907699827127102
5.833938892517077 5.911459502411307 0.00797944290800612 -0.02891934457898157 4.981610864182782
1.596201856293693 2.120024267545447 0.005367068550467343 -0.029516005406805716 4.8922596032151295
0.6029489489593371 3.8868121307621486 0.008521296058984905 -0.02876434448192985 5.000397360790145
1.6839430520909322 4.535857654315655 0.007532675271801774 -0.029038918768604077 4.966194295026383
2.3965848448728395 2.720070340263873 0.007042540744046168 -0.029161663530540394 4.949351750779766
0.7837272655951295 4.440313113403426 0.007071430940415984 -0.02915467140022208 4.950342560440238
1.2225712524102341 0.6099673566481633 0.008213381617670441 -0.028853775531159056 4.989709351182786
1.4279610415236734 0.9948980894857864 0.006029242939292597 -0.029387892567841443 4.9147418673741745
1.0667464750551254 4.7872982211142014 0.008648154275470893 -0.02872645866840628 5.004810519196148
0.9506841987592042 3.415840341412243 0.00745814168329998 -0.029058150709083727 4.96362846689491
1.8556877248652592 5.99977011005143 0.009647001200799126 -0.028406607819867903 5.039772590721271
3.526888855510538 0.5686825659953343 0.007935100393586372 -0.028931543023898765 4.980077871083691
5.057842355582025 4.844045175844253 0.005288512515124114 -0.029530181770137744 4.889598771322307
1.5653896452260976 4.3802208675944545 0.006306014877175755 -0.029329748999417603 4.924169013313316
0.5635487576513114 0.8969039762623129 0.007610179142679403 -0.02901870385486449 4.968864188188934
2.053087592047281 4.374941602962139 0.006249838704478604 -0.02934177084240147 4.922254075514459
4.251025637858136 2.0695679945335708 0.007878790601865995 -0.028946928311168837 4.978132077677085
5.434234342100267 2.7680332131793675 0.007642627187901871 -0.029010174933404714 4.96998252935003
1.5685760997621745 0.6574257872574523 0.006370788351614645 -0.029315747573257125 4.926377996164012
0.19243749523007594 2.844724223160347 0.005810615056093923 -0.02943190025584306 4.907308081367812
0.25785073588149177 3.229160768919256 0.00551171434522013 -0.02948933714034099 4.897162396717087
4.696106313337549 3.5464605691636075 0.005933136663880608 -0.029407446154464275 4.9114726901942936
4.874084671376775 1.223047157490724 0.008763450371841017 -0.028691495910465867 5.008826543182145
2.0905078529985044 5.501421935522804 0.009353805223124997 -0.028504496625056185 5.029469034441978
1.9172208997231026 5.981221953426843 0.009178508219418619 -0.028561424804551764 5.023325386957065
1.5934105826559284 2.596063867463504 0.005704436446691913 -0.02945266379846911 4.903701754445607
5.016044565552983 2.373954938996178 0.006156605455619046 -0.029361474916356666 4.919077652498544
0.706857456140084 5.774828553513247 0.00869652641160731 -0.028711851705736716 5.006494834921512
6.5695199416064485 6.787132953892155 0.007298427207550211 -0.029098676263639395 4.958135936351464
2.7552371611256965 5.5518953336657475 0.008464692187833203 -0.028781052554853435 4.998430084315888
0.3378673407359462 1.568426059840241 0.0066499696715426075 -0.029253681877116997 4.935911270028361
4.569567519678759 1.3043792431968015 0.006404483535683449 -0.02930840477817173 4.927527528532731
5.4697049496542505 6.995982856695273 0.007122603605487366 -0.029142211959271355 4.9520981483543505
0.09182353410994305 2.5785188002642063 0.006006345828589652 -0.02939258086298962 4.9139627954066185
4.7074894453108405 0.5784947628078536 0.008596270536792587 -0.028742027292073043 5.003004878288279
0.9317366928301039 2.568375448644604 0.005660687306060418 -0.029461103496356115 4.902216562287695
1.5010233474128514 6.32330571948996 0.010144262392502955 -0.028232852149792625 5.057330964921188
6.902379668440484 2.0442340197163844 0.006298759292776706 -0.029331308040584536 4.9239216401929475
0.9661453447831907 2.245882265778361 0.005193410446626555 -0.029547055486678703 4.88637918994838
5.7727043749253415 1.5832053417441294 0.005118441754870094 -0.029560134539646503 4.883842488355156
6.704905875783628 0.5226767173560153 0.00818329987860057 -0.02886232151260352 4.988666947489995
5.003524860451658 3.5380241525924037 0.005307601451839829 -0.029526756794955106 4.890245230028591
4.249168578913171 4.726614132878194 0.0060657607254538904 -0.02938037690060393 4.915984639427581
1.5297685543415347 2.6370073390139126 0.00715411357777604 -0.029134492597542874 4.953179539948389
1.9674144640383802 2.4028366005186927 0.007017014795257541 -0.029167816225475925 4.948476517629533
6.88266843266548 1.797212270974411 0.007379324259875895 -0.029078266342194594 4.960917003783397
4.533175413399335 2.400381629502255 0.007274505014217485 -0.0291046658939443 4.957313915103237
4.330613633226289 5.342402670825263 0.006155509418469063 -0.029361704715481673 4.919040323554276
0.3181243157501448 1.2713237587795294 0.00819509369600018 -0.028858975021884926 4.989075594486635
5.610398223816867 1.0744214406264603 0.0060710545936161426 -0.029379283451461718 4.916164826587146
4.773828385283733 4.299286513683588 0.005992462174418074 -0.02939541455887582 4.913490465849748
3.788644849589625 0.25394829860570334 0.006732415273747543 -0.029234818018619695 4.938730475436124
6.836451913977962 1.7923763018173615 0.007216819468090707 -0.029119023279721917 4.955332401115691
4.558030646832108 6.58388907303477 0.008021734213348718 -0.028907642245786676 4.9830735479615775
5.740515482002931 4.086003711633547 0.006405278390457538 -0.02930823107491712 4.927554648982838
0.26214994763300153 3.3690856322941407 0.00772931481733387 -0.028987198768672753 4.9729718910863685
4.355533832812928 0.07079715216535439 0.00745397217353704 -0.029059220547635742 4.963484981060447
1.3418540973195205 1.909664369014621 0.005905673350899514 -0.029412973706724643 4.910538888257815
6.148751616743233 0.26148493409988477 0.007431477245441076 -0.029064981437298243 4.962710951440955
4.240183789937858 3.559207515564864 0.005736078733990028 -0.029446517633796142 4.904776210269424
4.4884613065975305 1.6673512794868701 0.006180286594032241 -0.029356499410107217 4.919884258564264
1.1920503038892432 3.389294670831095 0.005974418353271848 -0.02939908715147612 4.912876673061142
6.973473488697706 2.517075819651604 0.005856060450116859 -0.029422891700248924 4.908852403706928
1.93727927340028 1.7511723020319385 0.009060221459042022 -0.02859916759475902 5.019186640783703
0.7080936706852844 0.8385875203531222 0.007672384369796275 -0.02900231918454291 4.971008417987885
3.337277032697618 2.1521815246385025 0.007103281646555194 -0.029146927622816645 4.951435178944852
1.7626250651871926 6.822996379942787 0.009619915370878541 -0.028415791881577657 5.038819240352001
0.8059570957353628 2.5925654294487304 0.005070085625114146 -0.02956846684821536 4.882206863028649
5.4468903070590065 3.179446928976764 0.007559107780968351 -0.02903204935163385 4.967104646900881
4.348207001530614 5.217852445898863 0.004924063748059418 -0.02959313427477811 4.877270499652237
1.1373401764699307 1.3877191982352417 0.005341792354097718 -0.029520590347174684 4.89140331417941
4.409881063157235 2.7889995472439906 0.007401136023366691 -0.029072722362441804 4.961667180623164
2.363848745010588 1.556020678910977 0.00844255232169747 -0.028787554781457222 4.997660919798328
1.7783653877551373 0.581342850611107 0.007484447111652294 -0.029051386394333738 4.964533840706738
0.9107333523472136 6.611483073975551 0.008788831400649996 -0.02868373132301564 5.009711281365406
2.4941368029803623 1.8955654257844705 0.0060998723101490975 -0.029373313701383373 4.917145811790131
5.824900295639282 3.578680734060198 0.006889818228463209 -0.029198123309191224 4.944117935674267
5.017310765784159 2.939861653487185 0.006197288886646485 -0.029352914854498657 4.920463460123397
2.165062898499655 4.2405773041379575 0.006940989040980798 -0.0291860012871408 4.945870836818845
0.7616584971501772 3.1553088884676277 0.005917416025435633 -0.029410613519304855 4.9109381387943385
0.7918331852428486 6.723889986301402 0.008420011316904724 -0.02879415582063826 4.9968779974639395
2.4022996542482717 1.394746662502067 0.008748222790024312 -0.028696142563349854 5.008295851142385
3.261936858041961 0.5994980391663315 0.006953756909332944 -0.029182961892959124 4.9463083250815405
2.1940256163898844 0.441977953061661 0.006827212170215746 -0.029212825504953435 4.941974295293669
4.787239994512541 6.836775982415608 0.009035191525508359 -0.0286070850332113 5.0183115639944855
4.102727095818721 4.708506571941493 0.005958763853819871 -0.029402264085175645 4.912344219341868
4.228953139370181 2.138929391033857 0.006919564594778298 -0.029191088123238753 4.945136834988435
1.0526601881751951 1.4255422750829165 0.006914850574806334 -0.029192205150144115 4.944975349751909
5.953862351779028 6.679428321758533 0.008909111865771379 -0.02864660059698483 5.0139073250516635
3.1801068314633696 1.1893746413848238 0.0072959966742745614 -0.029099285773519848 4.958052409946443
0.8575462121134754 2.620915782560842 0.007072465277321049 -0.029154420503606105 4.950378038163221
0.2635337225909821 0.4399044525347344 0.0069339863620019575 -0.02918766577051976 4.945630910862563
4.637922320235475 2.250700780830658 0.005443902104876133 -0.02950193095159239 4.894863337460762
1.1421974445240175 4.541429657675943 0.006005584238939864 -0.02939273648282849 4.913936884526687
3.846505254599954 2.9419705247714756 0.0070959196765182165 -0.029148720794305905 4.951182605375546
5.021637732474325 6.659285199652287 0.009308023115322061 -0.02851947940767205 5.027863320454586
1.5696452650246628 4.162347647351046 0.008402873283612479 -0.028799161803419758 4.9962828578368645
1.594804618092398 3.302747187616626 0.005904973308692077 -0.029413114255781112 4.91051508785797
4.406931008972116 1.2936396231254539 0.008685723101177356 -0.02871512169937077 5.006118589764857
5.548888156467569 6.3886086421498245 0.00807584001515395 -0.028892573579548744 4.984945713496922
3.463392903018382 6.1791699917882115 0.007221784013955363 -0.02911779242414814 4.955502896215488
5.62660878107354 2.414925499746726 0.004996638293915108 -0.029580966951061303 4.879723414287641
5.498651659581237 6.420110457783864 0.006713044564426608 -0.029239272095522868 4.9380679355462505
1.4055355840696757 2.0696581488919845 0.006585129978839421 -0.02926834575376255 4.9336953636834675
5.531322484338713 3.1134963920888006 0.007889955691758524 -0.02894388707796669 4.978517806904737
4.359715735104232 6.855832648205693 0.00747994445049665 -0.029052546033308067 4.964378854255443
2.0659098757782832 2.162015262796406 0.007791895522677031 -0.028970439488618143 4.975131422872137
5.176806122880405 0.4303541213790785 0.007904355960721088 -0.028939957789295635 4.979015364338888
5.7926671093786295 6.805105171717004 0.008009468385974302 -0.0289110431526446 4.982649262037196
1.404381154051035 1.160313887558097 0.006637805837486845 -0.029256444309994772 4.935495484431125
5.297973486645846 4.200168271816494 0.0037455715364085743 -0.02976525984878422 4.837568030554845
3.6659584671242436 1.6437943123382261 0.005270400427831967 -0.029533419702606548 4.888985463421238
2.475034690287817 2.237486322916961 0.006632538443054537 -0.029257638896558344 4.935315445912894
3.214965099793011 1.4049473494597364 0.005723664386712755 -0.02944893318930715 4.904354637909593
5.343366988439306 2.285076740042048 0.005160591322608557 -0.029552805234038568 4.885268557190732
2.4788300233843716 6.914011701453263 0.006490414906054903 -0.02928949494865455 4.930460442823982
2.8594597026582864 3.9474331835538794 0.0074842784684949456 -0.029051429840991006 4.964528035715921
6.853952723145712 2.0687570859463182 0.006565097377861662 -0.02927284571781831 4.933010970363405
4.439415577681908 6.4649945829826265 0.0075104938547019265 -0.029044663572823228 4.965430519269882
3.753697265845603 4.553401417430514 0.004846052080319659 -0.02960600917440291 4.874634933728902
3.924807369179955 1.5349992555323024 0.00778245832504522 -0.028972976071141437 4.974805684478665
0.6243394387321217 1.8792280025387575 0.005534907827985191 -0.029484992713848652 4.897948958654345
2.540338043077685 3.1431400456617475 0.004104124995085484 -0.02971794336801782 4.849623504932882
6.51486562748837 4.673950332536587 0.005370821067181799 -0.02951532281822979 4.892386739663596
1.121822537146474 6.590667402539074 0.00871322086879205 -0.028706789825608273 5.007076334457867
3.6946405769555577 5.414779905883669 0.00586158201127785 -0.029421792201106033 4.909040069296365
3.7814550750889637 0.5692353264123994 0.008261355651398997 -0.028840076331402068 4.991372406122706
3.3708667789793743 0.9883426319426893 0.007349641592565699 -0.029085782926729482 4.959896350472409
1.421902956355168 0.7344573499682553 0.006486155575967766 -0.029290438471356862 4.930315023400267
1.1173789199541908 1.7340750486176892 0.006338821167576013 -0.029322676313827328 4.925287681017297
1.414362356681165 5.492110583778199 0.00946612467080323 -0.02846739334250346 5.033412007098234
1.7211914442100744 0.708154955491461 0.006814927141688082 -0.029215693865686006 4.941553780501271
0.41100392309986106 0.31195655613117373 0.0065863228669637884 -0.02926807733849475 4.933736120807364
0.7139595332705008 4.008323388406216 0.006330796462451033 -0.029324409902861087 4.925014020189707
2.586943993359654 1.2464929782296772 0.007569861828848703 -0.029029247180940455 4.967475084641669
0.21415214729040374 0.687079531225061 0.005766791192275065 -0.029440518326698983 4.9058193076167225
1.2939902914887065 2.656472464739416 0.0065126891305485185 -0.029284550197823344 4.9312209920865175
0.17849524089896204 2.5039892159028225 0.006901709913947933 -0.02919531469711729 4.944525230936418
0.8503608120424604 1.3170521605696164 0.006416406527093834 -0.029305796820408545 4.9279343579672625
2.31885491572065 5.890707431471381 0.007458470931570501 -0.029058066201365116 4.963639797579805
4.309747532195886 2.7351645198476997 0.006457973159439177 -0.029296665043515843 4.929352954526263
0.8020154042890553 3.1732525426177687 0.006208647580729343 -0.02935051439444126 4.920850445827178
6.363313436502853 3.9581890334022565 0.007444785128630313 -0.029061575566175432 4.963168844825416
1.9126489213051423 1.7898253307863938 0.006992353873539008 -0.029173737972827615 4.9476311195050355
2.521403904470829 6.860078883347443 0.008697941312263919 -0.028711423108728214 5.006544114613794
1.2732227218119092 1.6793336775690038 0.005057583888050429 -0.029570607792457237 4.881784071939899
2.227781412687292 5.175682686462822 0.00810946683020714 -0.02888315335502289 4.98610975982019
1.264024293166372 2.1696090450603216 0.007651934185889207 -0.029007721441278698 4.970303361317029
0.5062902492420867 5.832112547255137 0.00986930677805334 -0.02833013914051024 5.047608938469236
0.9560859000122538 0.9877728117536013 0.007791627781641618 -0.02897051149897686 4.97512218101363
1.4789900966069323 6.0493115961389545 0.00840239884998331 -0.02879930022701592 4.9962663840070975
5.949301863292613 2.105928021929802 0.006489980670061792 -0.029289591169939948 4.9304456171917685
3.86174805527121 1.7793219616290001 0.007354089142501852 -0.029084658720434323 4.960049264901165
2.1554112911733783 3.8310631292881636 0.008017737964713329 -0.028908750888428134 4.9829353086694885
3.414567957713774 2.136907379368534 0.005552313602260525 -0.02948171999158381 4.898539317959492
6.976618984965474 2.7318131269533277 0.004244953687772593 -0.029698154289259558 4.854363918205387
6.485670906346573 3.5546945396873624 0.0067940301692878124 -0.02922056046791038 4.940838574787016
2.3651297463984853 5.433248654012113 0.007104473254809223 -0.029146637194909817 4.951476061956813
4.270595446170794 2.481042159991623 0.006555249056410356 -0.029275052686689243 4.932674551068202
3.8011539134214734 3.8373322795928724 0.006825838574867551 -0.029213146488350925 4.941927275268119
3.976853664624543 1.5019300992748434 0.007076723224422359 -0.029153387254398436 4.950524088829759
1.235040759486381 3.7584102357288645 0.007518712374007165 -0.02904253715220059 4.965713491048443
1.6265960516390177 3.0756425114735153 0.007126807124028868 -0.029141184262429887 4.952242392472116
1.02341185111907 1.1574765068097614 0.0056151833527457165 -0.02946981024565729 4.900672247381248
2.185880146851222 4.1827700642868395 0.007525986019156437 -0.029040653133830543 4.965963947164074
4.533054704124651 6.976350887067958 0.008528759519638373 -0.02876213241496843 5.000656839938328
0.2393178159606848 4.985627133653326 0.008399449628950747 -0.028800160519183205 4.9961639795403965
5.468592569079421 0.543720943890952 0.007993100851161197 -0.02891557259995323 4.982083172039951
1.6430171424090516 4.048412728433959 0.005935956089017622 -0.029406877177103566 4.9115685656537105
3.6298308285762375 0.1356300427374349 0.006847930678141108 -0.029207975716015886 4.9426835805695895
4.166318357309138 6.431961184058135 0.008830075036111024 -0.02867106162765252 5.011149474277635
1.836327674799897 0.8632833268172835 0.00853236558657442 -0.028761062871476787 5.0007822177763765
6.847709770180061 0.4562688232806194 0.006884117432471715 -0.0291994679262472 4.943922694882557
0.539704240722296 6.686942198527754 0.006952726846629191 -0.02918320731852758 4.946273028514451
1.7941083058862495 1.3735220140427167 0.009070301584969624 -0.0285959722541077 5.019539122685132