300

4.944205521178015 0.0825229225798137 -0.028086529348817706 0.010542621549595796 2.7825044727230703
3.772217168617139 6.747621582383961 -0.02613176436161573 -0.014735361934780908 3.6550351075391116
2.2369569407155905 4.594686645674739 -0.020914900753287648 -0.021507369120376568 3.9409558842348438
2.684430485359527 1.12839350689492 -0.01900928339376982 0.023208773014861142 2.257049220949064
6.636836401158279 0.4518041937513311 -0.02999833433087842 3.161287282753706E-4 3.131054834285223
1.1479637702395267 0.11249281557807528 -0.009734725045923188 0.028376665207178162 1.9012697123648552
0.5001105788431373 3.4594173473052106 -6.714338681085466E-4 0.029992485334842736 1.5931793246601056
1.4207409579862467 1.2019444889497675 -0.020596033216999415 -0.021812918551268115 3.955677013519975
6.827505344869014 3.2864136506534036 -0.0052336907011978125 0.029539947218033335 1.746149957973752
1.1343786465724501 3.224769995080753 -0.028285095289646837 0.00999766895109046 2.801838157959651
5.983559795459634 1.1419057642470647 0.029876189528065852 -0.00272273746128564 6.192302332215045
0.23503181122188158 4.645195638114873 0.0013222745622019957 0.029970845666783468 1.526706224712321
6.762794500845878 3.7924132736022798 0.026625888989303115 -0.013822519145557625 5.804344532886227
1.8623669129529004 4.932651963103302 -0.009808157676223186 -0.02835136756839684 4.379326660008026
4.282676140849782 4.764737043521094 0.008366232201709062 0.028809827468193664 1.288174510436861
2.821899823444901 1.7707881118141104 -0.025745257354758706 0.015400705299993331 2.6025008132320724
6.870832732045848 3.4587331453749557 0.00968076295582389 -0.02839511980240879 5.040961348615165
6.503544481612746 3.1988021110511973 -0.02950371993139638 0.005434198212222651 2.9594472105218124
3.404855263565625 1.7887666026386042 9.564093286999302E-4 0.02998475081097016 1.5389106130854024
0.7003577866080588 6.751954764777074 0.0018184999982712967 0.029944833573694932 1.5101424772247194
5.285852180526418 4.986794908302446 0.010214908241848798 0.028207368711218164 1.2233509568579275
3.719872080965123 6.033298497847438 -0.02903114119408622 0.007562594856861645 2.8867568739397442
0.5024153673020315 5.260507649243613 -0.008511923251996097 0.02876711946914616 1.8584788748205656
6.465269189975079 3.5038067287629926 0.020693192369683647 0.021720768622478955 0.8096207365765996
6.213953336348415 1.8914065466261456 0.020456223944744695 -0.021944085807398168 5.46271071105555
5.325569358986581 3.069565088226984 -0.012227561611640183 0.027395012995681225 1.9906046055898623
1.027882032821926 3.126496125549911 -0.027145923135439422 0.012771016291776257 2.701856711860795
2.5859454588782436 5.717858730160542 -0.023940352360923855 0.01807925686622123 2.494785069557596
6.134363213677274 0.2429371289602915 -0.0019590910122571754 -0.02993596436405036 4.647039443365523
0.36074205278252486 2.1005586709255692 0.01301942037732263 0.027027665327189403 1.1218897780710901
5.5528010192545025 5.350877094706726 -0.018523936731123326 -0.02359796109797073 4.046873669324782
1.1995285208717754 2.2086411938185173 0.02674025026390093 0.013599963817008714 0.47050012827832033
6.337774430043816 4.964123438762204 0.010576368679357935 -0.02807383881050642 5.072678974088697
1.756234579589407 2.7021003413393943 -0.003957717319693216 0.02973779537251207 1.7031059313078158
6.729122940389496 3.9408779264615585 0.025830832384683734 0.015256739439158482 0.5335091958548287
4.806947970187848 5.739595136225098 -0.02906402831183075 -0.007435203984363879 3.392042847677339
2.6703595377679075 1.9023962924485296 0.004210021935836254 0.02970312635565114 1.429997516745534
3.053586336067731 5.792527627465945 -0.026677607695685026 0.013722435922063072 2.66650709657512
5.511063768824092 6.7962555470966635 -0.029571582495720852 0.005051881698810468 2.9723903918636623
6.6908710107187686 4.347077368205422 -7.330382289994529E-5 -0.029999910442358793 4.7099455171899045
6.993590759445481 2.05637508209683 0.009747908063288253 0.028372139298785345 1.2398583317149159
6.503065297491923 3.618662803502565 0.022852906088292428 -0.019435654949594233 5.5784198712731135
4.929342265086215 5.1114485775804726 0.004798899236351031 0.029613688829987887 1.4101428447260462
4.969935736957972 2.2734580225647694 0.016049172900535313 -0.02534608548097167 5.276864094944984
4.7229560086276265 2.527138752212577 -0.02958250726493814 0.004987510793961458 2.9745667715426003
1.5486279642618708 5.675854345534075 0.01239356582703147 0.02732031343325032 1.1449201428305225
3.3928090902559265 6.817841308354835 -0.029016378134767016 0.007619041930598267 2.8848120171535516
2.1926346552280833 6.974960749525709 0.011105836149242423 -0.027868627584188285 5.091607408801316
1.5871894927303927 5.827296256841415 0.017280997980991294 0.024522787540998976 0.9569286928753296
1.8683205464062849 1.8151275326310188 -0.02436368560108183 0.01750459436638387 2.5185775065909164
4.923092192619911 5.4205798426707785 -0.0211720502130087 -0.021254276976125024 3.9289289215937275
3.3073868267191577 5.386687162331142 -0.004047249608158626 -0.02972574255774378 4.5770680440901685
3.817238825464823 3.712871377926954 -0.02770205930487893 0.011515029755453113 2.7476475326036582
2.9091751896439306 0.14755482447755253 -0.02446131560029201 0.017367902553357177 2.52417674683828
4.582922225611502 4.74282161756244 0.024467052111197558 0.017359820304022246 0.6170855360631191
3.0856019527267224 5.624655981596637 0.01573413196771572 -0.025542848142337343 5.264482742623912
4.373540200510349 3.5813662191751487 0.02930745878601434 0.006408811083662154 0.21528620605863735
2.3922435458158433 2.6845833928586074 0.01414140282601798 -0.026457904794452085 5.203243961728878
2.702925389181597 0.5309791523977299 -0.009238770609107204 0.028541988676900158 1.8838433731221702
6.331086599016669 4.413835807760629 0.0012494460838139835 -0.029973970115479226 4.754049232892953
0.8221625632665248 0.46119680991632694 -0.010742011262215231 0.028010876352632042 1.9369931741133577
1.048062744041591 3.642513235189871 -0.014626344932451118 0.02619293862698421 2.080071844732682
5.219363024669155 4.693490860392125 0.006516920043026819 0.029283608950277887 1.3518198368464416
1.530518152125799 4.427241279308196 -0.02995384347359531 0.001663508689292474 3.0861139087367135
2.405616286279876 0.7004187359082993 -0.004437582698296957 -0.029669982470432562 4.563924759084424
4.839014871377597 3.9570519271440263 -0.029825981581570758 0.0032265806507511398 3.0338315243089493
2.297665759774986 6.195726645531285 -0.02156352299613142 -0.020857000647152298 3.910337155730443
5.981526235957121 2.8803260155838935 0.014349243453089015 0.026345762701504433 1.072069181883827
6.499463742985185 0.23578758806477498 0.029909965958434117 0.0023224849548085765 0.07749370369673247
6.497511731412394 4.511875175058755 0.004935548963412017 -0.029591220935097667 4.877658616247162
4.053979760986123 6.976640193253527 0.021781930291836574 0.020628802989062944 0.7582153447527507
2.407692908366756 0.8126615635835736 -0.026883578506575977 0.013314398472359393 2.6817431129985496
2.823136421848775 3.862825455316531 0.025687388807579786 -0.015497033788703716 5.740347660091499
5.932242238471947 0.9114058157605595 0.020242426527771824 0.02214145813327929 0.8301737274859291
4.64630688211213 4.894966209718984 0.019172513269795525 -0.023074113957409385 5.40569541894568
0.16119900206292506 3.3314520256043307 0.0071578512696087926 0.029133574535270466 1.3298774742566217
5.578068356705697 3.042080453369777 0.025500012179002753 -0.015803460977605866 5.728375044853183
4.943080742450275 6.338784822198326 0.02827239791691504 -0.010033519623124184 5.942163051427858
3.691677228065333 2.001112878937253 -0.028826228600618776 -0.008309545394596985 3.4222474099961175
2.517306432206982 5.933608539720922 -0.006315176937020058 -0.029327777622147402 4.500296555839932
2.4040915321631466 1.4391276354282694 -0.029700880306290343 -0.004225838263754846 3.282923964001795
2.530000151296452 1.9725988642239562 -0.01975198061921708 0.022580063366121735 2.289486476941746
1.8133241605391752 1.4664174466220656 0.025826495677983823 0.015264079434904773 0.5337933760852887
2.6759086474804152 5.796357155401234 0.025727552191057313 -0.015430264361196861 5.742944935851241
3.0231703081735373 4.034165011724808 0.029111968030074938 -0.007245227216305555 6.039266194799782
3.872461066672413 2.7042540668714548 0.006747598797331298 -0.029231317289343174 4.93924987091737
5.222907244284233 1.8882046197841598 -0.02534486224584827 -0.016051104564452093 3.70614398151766
6.0194619138893595 5.997044351677724 -0.013770165939682394 -0.026653002269793377 4.235513456785859
3.2745245057038543 4.928221051422995 -0.029300381566414655 -0.006441089974725412 3.3579803807966373
4.625932157409927 5.19838719421427 0.025850876365890122 0.015222752415889294 0.5321939522535075
4.355113669444222 6.753842074504544 0.028288957083834994 -0.009986736559504397 5.9438172923119605
1.1135504373985483 4.3745852177020215 0.02897909228787802 -0.007759652709409652 6.021555654009042
3.2907931010187528 0.09126118110977484 -0.012480880985736133 0.027280535365345932 1.9998708157745169
3.981541957352838 4.324758935371198 -0.010296883206660822 0.02817754773269644 1.9211493859589202
1.4686249709692218 6.272376881976381 -0.02259240324017968 -0.019737865027229226 3.8596578393462124
6.321291316192294 5.171065080592661 -0.017903455022983347 0.02407210622774859 2.210280767512206
5.295302067678744 1.7924062124354354 0.025113200950621025 -0.016411189414960975 5.704361582921054
6.6145568554765966 1.6624672536894587 -0.012029167214832624 0.027482706127992487 1.9833742200832538
4.488972635720414 5.515522812671336 -0.007463557706713642 0.02905676008020432 1.822222203452652
2.6355683042840976 6.783500906706576 0.00869303663198038 0.028712908492785037 1.2768120149379412
5.561877853148738 2.206971852219182 -0.007061971166356614 0.029156964232333032 1.8084254510579172
5.624992246459486 5.193471995530587 -0.01132264324060084 0.02778124817293269 1.9578065423991582
4.211190835417587 2.4675863338464628 -4.454293068949255E-4 0.0299966930299418 1.5856445159455919
4.333197111767721 2.104625477813782 -0.026172417313301978 -0.014663034200954817 3.652269451509022
6.62854626353157 3.19977516518274 -0.008551009971931768 0.028755525181431194 1.8598378774935953
4.92429553635535 5.3144907931389085 -0.028446430387512503 0.009528934788758145 2.818362426996185
1.3246586929279207 5.24839382782551 0.028905173152012204 0.008030626691123968 0.270992197559754
2.881797425868991 2.2511931717940112 -0.023057708025009352 0.019192240636085697 2.447430954419535
3.823696947097232 5.29122172863048 0.01936269691516961 -0.022914754377284543 5.413966227431009
3.0064194370689905 3.197745409769239 -0.001119396828708957 0.02997910857146817 1.6081182182388842
1.158247904908001 2.5476347102867534 -0.029991433739727416 -7.168697479598127E-4 3.1654905865196836
5.175396925636574 5.136777943615889 -0.02777949445833811 0.011326945203326546 2.7544275817862305
3.0464254712056587 0.9188687415670541 -0.01873097094021685 -0.023433965256369906 4.0380697402542225
0.5769763188546824 2.520298868099575 0.029615319737180214 -0.004788824163047127 6.122872032500677
4.355763319681538 3.757881343600045 -0.02148156302714725 0.020941405156070597 2.3689264772911454
3.0931358376557707 5.44883388966712 0.004650761143382461 0.029637314668964253 1.4151431915744235
4.393774416271794 0.43934496656356514 -0.009569207104184827 0.028432908317603013 1.8954426144614318
1.1039003259173277 1.2896604004586993 0.029229938460227072 0.006753569249762531 0.22706514383972665
0.6765463468488044 1.7161251232501007 0.003508104004870381 -0.029794180745424302 4.8295939370823895
3.2170554126364297 3.351886564226737 -0.0010870292859155289 0.02998029965379869 1.6070385698364935
5.927131014744882 1.6481381740854029 -0.014119595549037689 0.026469548948397193 2.0608272641239616
6.376298610454912 6.567250529684458 0.016074104370496358 0.025330281654304395 1.0053372637253086
1.4127732863202296 6.135567220823227 -0.0010292988421307181 -0.02998233719865061 4.678072283949373
1.642206224306821 1.1745542177650417 -0.0010044236081976352 0.02998318083885189 1.6042833720133036
6.780853484711732 4.203168176347387 9.606508713045408E-4 -0.029984615220200204 4.7444161510705785
5.465504169945157 5.5178001267935946 -0.02965285173435425 -0.004550646549711822 3.293868685840425
4.379000667128265 6.983890717405311 0.029736373626713854 0.003968385507038926 0.1326683547875614
1.4051223511722515 0.19549549827066548 -0.023295108817180693 -0.018903383432489283 3.823291098779635
3.381102274319793 1.0469528990353174 -0.00846864819758908 0.028779888771596585 1.8569748853840098
3.8706961595585794 1.1771056297767957 -0.012985862618962077 -0.027043804688716477 4.264723668640097
2.4070909682398036 2.9432326811945666 0.01589337636847217 0.02544406782749351 1.012456103872954
0.9422863606618191 1.673133782498247 -0.02999789502015199 3.553791776965406E-4 3.129746403930648
3.385032387398256 6.307091974897507 -0.013791765564249167 -0.02664183181804117 4.234702885789482
2.5694827641295026 3.538126441745263 0.029815698636148524 0.003320258248746773 0.11090247340861192
6.958109058184476 0.4755865748487614 -0.0298510089820085 0.0029861786209213572 3.0418882552923687
6.870732807681536 0.9426578194292458 -0.00965244525098675 -0.02840475841609471 4.384813716492433
0.6365870116442397 3.1306305966339143 0.027342664015019134 0.012344177759647565 0.4240691819951925
1.389037153576072 4.896881326968778 0.029976739716617094 -0.0011811333380238032 6.243804017386371
2.2951080583856527 4.191621675460454 5.9444005824134295E-5 0.029999941106778387 1.5688148586374804
4.602169930336882 5.541303008328186 0.02790841132909533 0.011005479411912211 0.3756199358831064
5.675685162227979 1.2279886683641457 -0.012252473040022329 0.027383880375204787 1.991514132056422
3.2698368884888644 1.8450223184519885 -0.002468189773473103 -0.029898294921987152 4.630022888550773
3.454349246636493 6.3424421203658365 0.024180593664320016 -0.01775665762583281 5.649785373426391
2.7412636113249946 3.8771925390061344 0.029879967923168677 0.002680954477496912 0.08948452570804805
3.1743703717825897 5.596227564579869 0.023560456064707018 0.01857161570846786 0.667537387455486
4.0492490300331045 5.751620664414552 -0.029052002391718592 -0.0074820556688370765 3.3936551971016238
5.022070878433969 3.793893978062833 0.012082907334922899 -0.02745912144143848 5.126923128327446
3.576778260336937 4.729527918341308 0.024718134147567492 0.017000407179325376 0.6024711061905998
4.540734133229736 6.482897753480562 0.0057156477914709425 0.029450490154220747 1.379102882298143
1.3077867153035185 0.481520640146679 0.029953733754717417 -0.001665483158576653 6.227640645146249
3.923481685614185 2.4505334463094965 -0.01418158567596537 0.026436388325852187 2.0631706721326992
0.6616095206628386 2.7294552159765164 0.02198429088057494 0.020413009441977673 0.7483542330265225
0.1505647356617867 5.587376713973559 0.02407615975313142 -0.017898003563014915 5.643927311167359
6.327683237408631 0.3214840858145211 0.018636603993909658 -0.023509083171706007 5.382687739427851
0.24581219392414305 3.492097457474865 0.012232608598422443 -0.027392759752858077 5.13238149688507
6.32063096140324 5.190346248463118 -0.005980666229715668 -0.02939781678031106 4.51168876371454
6.500964118802381 0.424557262750581 -0.02864394633365547 -0.008917641977264242 3.4434087825121753
2.599881704498699 5.78587804319447 0.01730568169523402 -0.024505374534237224 5.327263534046396
1.9850581336627737 6.8964677097979745 -0.013004894027426767 -0.027034657965940675 4.2640198243832605
3.726644395729736 3.5059746562073584 0.027450233219958584 0.012103086225004025 0.41526913706427016
0.8306100952625435 0.7904356204648568 0.029324795566634063 -0.006329009794203128 6.070621194653397
1.8028087560527093 6.5607654710780015 -0.02025105560455382 -0.02213356606833316 3.971376586746827
2.80796913068226 3.885613916059176 0.02002536512135418 0.022337966598516782 0.8399337315624169
3.212820430401816 1.137144593297606 0.0032195055597887393 -0.029826746117377425 4.819912900364228
1.7683962857333422 5.030439711534246 -0.029005506183687507 0.007660327083621543 2.8833889283814194
1.9073834646082197 5.346470928183192 -0.0029363530490997694 -0.029855951345938426 4.614353585499325
1.4494860934301785 1.0979777882782384 -0.015541747935266628 -0.02566035991790909 4.16780971321119
3.3936358323330675 5.979771368244636 0.007716549900252256 0.02899059947011991 1.3106537541972199
3.585225592358156 4.21719352526884 -0.02697374228806857 0.01313077404332514 2.688562008362097
4.149763868272511 5.228107030823645 0.02783282343879615 -0.011195264151631246 5.900755905838187
3.958259318294012 4.668868061707011 0.01795901349639368 0.024030685263561453 0.9290018975308663
1.4024833581438736 4.849003889085557 0.02416535205130149 -0.017777394641416353 5.648927513930425
4.188397474778251 1.2116380710033947 0.029989314984739564 8.006164787680731E-4 0.02669038478050112
3.159117276828988 0.07851081033017684 -0.022470938003377378 -0.01987603947592101 3.8657902747961366
0.7543776175226559 0.42675998638598756 -0.01124013500156545 -0.02781473287929588 4.32834689941535
2.429737654304848 5.24574895110984 -0.020541784299155087 -0.021864013762504485 3.9581611115128585
4.5991045698188415 1.5710358520247234 0.0246391740296194 -0.017114645866570796 5.67608516073246
0.046408786081773915 1.4269740364511685 0.012767355944740823 0.027147644873548257 1.1311952204493192
2.0992390780972228 3.1490847933582207 -0.029201034070316736 -0.006877471135831913 3.372898757146525
3.0145031115867686 4.165435488771993 0.017103492786142194 0.024646917343034643 0.9641487656483123
1.0742848773581515 1.7706039448505395 0.027024057364562967 -0.0130269076743796 5.834001716517569
4.171510107168978 0.9102941178532159 0.0021873377993748317 0.029920152963369456 1.4978203117811173
5.713783164094067 5.013755908076035 -0.006637554434623352 -0.029256501348032232 4.489291069406358
2.3108418956689367 1.4558564788256718 0.014532856846710787 -0.026244924687889873 5.218098831043911
0.9198182710518688 5.817566511666505 0.0013886914660917256 0.02996784169759317 1.5244900641780466
0.20318944056356725 2.6444614705231357 0.020722561177082658 -0.02169275128382904 5.474917550180883
5.9963245132808405 3.8934965938758337 -0.007634114064127953 0.02901241634983001 1.8280964340671124
6.66718455590585 3.235686972058205 -0.02286198918084734 -0.0194249697733309 3.845890619276512
4.327794160323445 2.374641035750092 -0.028582760804672584 0.009111848593061267 2.8329892786429727
6.629080507068359 3.3555824988875718 0.016479033306753543 0.025068734736218887 0.989268687291598
1.4160189357065291 2.052528285340866 -0.012543003809406292 -0.02725202846463395 4.2810361170748035
2.5307265590112276 4.752954415976397 0.004255602097448828 0.029696630293489346 1.4284628251832219
4.217349850375546 3.8007771691004035 -7.636620412065508E-4 -0.029990278763072878 4.686930829121506
6.115598933029348 4.226045225980792 -0.012599117556581914 -0.027226131506246518 4.278976072192191
6.568954911455281 2.763347224351363 0.02277243786721713 0.019529876435444626 0.7088956558123555
4.4854948655473965 0.10814006083819977 0.029959919626237275 -0.0015502309471180364 6.231487917438824
0.2425046566532553 0.7840559134897601 -0.021086298102217994 -0.02133935407514477 3.932955438836662
3.5818976820733806 5.177823994895112 -0.019273520700483205 0.02298981078234541 2.2684882913122606
1.1330885724526694 5.39895369458014 0.011637488914800527 0.027650838174599606 1.1724265427780947
4.727684637835252 5.418943077850423 0.01943640265133754 -0.02285227017114665 5.417187134762218
4.753794744918121 0.5681658069209571 -0.028976235564811326 0.007770313538883952 2.8795951022552986
0.8460572186794028 4.8604934819392875 -0.0073554618730843685 0.029084311589473836 1.8185038093475394
3.48238770750272 4.3061467392127195 0.0036989651581287495 0.029771087597851537 1.4471829208323004
1.7119637619492147 5.293585019988153 -0.010945384380097605 0.027932034669388393 1.9442638798472573
3.4491705026320023 1.3597346828212447 -0.023790610432328222 -0.01827585443302708 3.7966379283597322
2.3373089653461365 4.051944073235521 0.0034532859128834107 0.029800584162124756 1.4554310644599862
4.94026440708363 2.0959294194621108 0.02440724879386013 -0.017443801372252928 5.662663159890442
2.9894339002095074 4.279811816171889 0.0227774623389232 0.01952401622102725 0.7086383461647592
4.605234757283836 6.852086863420105 -0.0057076624446300815 0.029452038799006076 1.7622186336364816
4.413563014621159 1.9885620701838789 0.023836187682494382 -0.018216370570585765 5.630637946771574
5.981114330406652 6.7805961754940975 -0.024748247029265626 -0.01695654059584222 3.7422901684668357
1.454185225485535 1.4054471474094044 -0.004195881300574131 0.02970512716874803 1.7111190873340925
0.7000581367700888 3.3956974589743663 0.029727475557305247 -0.004034500835273068 6.148293238256566
6.733235551958363 1.8016863523755595 -0.02603338013485771 -0.014908491498270234 3.661672832000332
1.5569618702268297 1.2471732117688494 0.011418158586892066 0.02774212779302595 1.1803455692419889
2.7905253964651178 1.9220171030954436 -0.015307590632464379 -0.025800730009611913 4.176910013540725
5.278807881778772 0.7604379649787719 0.009049271738754045 0.028602634161877246 1.2643815116845973
0.08036164439123764 4.604282967347164 -0.029968868306574404 0.0013663573555992262 3.0960316474095153
0.9821884572072098 0.73824334070268 -0.022008477666987433 0.020386929900838804 2.394424048971978
2.384069802644674 4.814001964306872 -0.029994593338973592 -5.695352751154356E-4 3.16057830331815
1.8302248895351194 3.963763282141508 -0.02682787296597014 0.013426288843972057 2.6775767683293354
4.094264614737903 3.901491467256464 0.01771122441879698 -0.024213891252481693 5.343911295489139
3.111866040983483 1.0548577337737366 -0.021065191556760284 -0.02136018971537929 3.9339440462954314
1.3091508121635183 2.4164069670740833 0.02710443984896784 -0.012858823448266329 5.840212259743525
4.847974090488484 3.844243245800396 -0.01718860422517516 0.02458763682809494 2.1809012708988043
6.059257705111514 3.592058610398179 0.01537305712745164 -0.025761776230611665 5.250407252029106
3.469041091356128 0.4120960410450189 0.018892331336056 -0.02330407296351169 5.393613078351953
5.7423847170743425 3.026447401597873 -0.014103518345680363 0.026478118707209116 2.0602199775870815
1.5325299628025058 5.484304907581619 0.012321981046084812 0.027352674148973563 1.1475387939489479
5.320897584416118 4.33227656050046 -0.02688192503772142 0.013317736529392901 2.681618942040996
2.0595012230340504 0.4232767235729651 -0.020283267618997926 -0.022104050640009632 3.9699202691986475
0.914205026594304 6.474060121489746 -0.029999834193660715 -9.974143003474156E-5 3.144917374049395
0.6113840028608393 0.2261597784895317 -0.02877453929579559 -0.008486806720711585 3.4284022156700273
3.973241501029172 4.540913882945062 0.015546752386689714 -0.025657328197358307 5.257163285627557
4.25649349546132 4.504538436803758 0.0024632690537508034 -0.029898700733791653 4.794590491384495
0.57872891688905 3.571428892799848 -0.02600720332015228 -0.014954108982626151 3.663425981932306
1.7683526689767863 0.8420522946670876 -0.023421082307872893 -0.018747077199602166 3.816599386726381
4.299731564021809 5.064983491178834 -0.021340288864397625 -0.021085352052647038 3.920981862547122
3.223487050458072 1.3618635821530396 -0.02999632104707599 -4.6981234631059365E-4 3.157253705319514
6.636032738596404 5.071275095838147 -0.019169727290465236 0.023076428571362433 2.26398203094306
4.594421915004885 1.5289001605357917 0.028797014082240613 -0.008410230671464122 5.99903594791118
2.650125913605048 4.2327544556411105 -0.015226484681741736 0.025848678191286382 2.1031346619498787
2.6242379575254007 0.3584451606333396 -0.029900989888744393 -0.002435324141301398 3.2228595473658532
1.2069623408763344 6.963794001166824 -0.017338862548740612 -0.024481908534995392 4.096159754801889
1.45807051582224 5.350100077405845 -0.0216776786873107 0.02073832796369359 2.3783370084140456
3.4192558274851916 5.4440435481440135 0.029957714513631703 -0.0015922754534754484 6.23008450757259
4.894218785928139 4.204641396991359 0.022847174873549096 -0.019442391835817596 5.5781250408906375
1.5848152762338772 2.753227011963656 -0.002823088377673883 0.029866874158703698 1.6650387150810306
5.863537185236338 5.893962233255824 -0.0134515936991707 -0.026815193957016814 4.247429642231877
4.366303811857723 5.433171712982828 0.005998701257314889 0.029394141988251483 1.369482589928745
3.1347029118339376 1.0630112966275609 -0.007301067795184825 -0.029098013833423666 4.466551277413974
4.302418296940885 4.792092224767145 0.004043653923310302 0.029726231899594963 1.4355963514903762
0.5877325526391007 6.993894387776381 -0.029856124510590196 -0.002934591829903306 3.239569058089354
4.4952160178822 6.4056846034753425 -0.02936051716757102 0.006161171289029991 2.9347484747146826
6.09552659211965 3.869176213759582 -0.004044638342304207 -0.029726097972656327 4.5771558888340635
1.819313663203439 5.2802391302252305 -0.01038469182677001 0.028145304682362492 1.924267429353493
1.1769420854356463 5.378517871976766 0.017514405905250614 -0.02435663330154893 5.335806897273218
2.276216706544587 6.73005450022354 0.006599414820856039 0.029265128122430383 1.349001852125931
6.787585938994333 2.5791042881861297 -0.0023824590158378223 -0.029905248519914576 4.632889966117574
2.021091227425786 4.658056240065373 0.007175816741767949 0.02912915470947557 1.3292607687976552
2.0440789604818055 4.270266650360613 0.02485685782358596 -0.01679692290683128 5.6889233048810395
4.960888457110771 2.7597222172087252 0.015637391493191394 0.025602187158300857 1.0224855459764504
1.2483565239241419 0.8561463274766691 -0.013660308671882334 -0.026709473356636895 4.239630848691324
4.705425488785524 4.11584712949136 -0.019344772135438008 0.02292988859606564 2.271591594632495
5.741266981838797 1.2508017584817301 0.018455145894625533 -0.023651798874675185 5.3749924972710925
1.9835576035362057 5.081325658057233 0.0054774407834870835 -0.029495722443489875 4.896000286917838
2.6385986589006296 1.4056595430244139 -0.023501536697060506 -0.018646119512561274 3.8122962368428137
4.657073443965654 0.16980737254735284 0.026463344586050864 0.014131220517702362 0.49047017152548045
2.47558821685061 0.14575362248638452 -0.017356727104540302 0.024469246498789367 2.1877554454719164
4.010725043917181 3.8777375764255053 -0.0063328153838358645 -0.029323973968653223 4.499695092258516
6.7868357479272134 2.0003946745942094 0.02996496518362615 -0.0014494349050828703 6.234851993892065
5.109037923486207 6.822066978688526 -0.01846172073411535 -0.023646667154919216 4.04950744858578
6.476756968577119 1.5346998476578875 -0.021473520427258655 0.02094965203673095 2.36854250036009
0.3587777274845091 6.0508865524275945 0.029945622894469417 -0.0018054554722366192 6.222967070446501
5.759072205566027 2.5834924991419173 -0.02652275747717652 -0.014019391420702857 3.627841758586394
1.2562455849143364 4.71749034265771 0.02494615394507054 0.016664015222893954 0.5889246797670236
5.60993988231965 3.60269972488671 0.029936798791789693 -0.0019462985639154195 6.218263091281838
2.830391665706765 5.381054157061536 0.019991093617365733 -0.02236864269422083 5.441718401985022
6.6278922840503665 2.6478247693083117 0.029971844461694225 0.0012994381724456925 0.043328161348766464
6.8504486034043035 6.28193936071527 -0.019094087611014724 -0.02313905396300579 4.022476621347903
6.2504592847112415 5.16317494712529 -0.0186740673715842 -0.023479335761505998 4.040495642482014
3.7488878846962925 3.6047903984487553 0.028596278338569318 -0.009069336534888938 5.976068912461048
5.890401153953507 5.448776147854818 -0.005463218412074882 0.029498360032075784 1.7539254706927476
3.779807957633073 1.7017663298740604 -0.01754869650476384 0.024331938907199507 2.1956228121539336
6.793145618028315 5.68447080386625 0.006025453262000545 -0.02938866980636325 4.914612915386044
1.820687972236004 4.660936708392796 -0.0065043494226645895 0.02928640364721969 1.7893435656774317
3.57762086464597 1.1130909347858182 -0.025947882513272697 -0.015056805540266397 3.6673792589693566
3.4300081866976546 1.6940038388788043 -0.010841749253071348 0.02797242344048021 1.9405563040361296
2.76009006558662 3.8266936282804775 0.0027660652706983308 -0.029872209207191833 4.804722297207251
3.0544626904375116 1.6088513470344503 -0.029637103467629274 0.004652106839813207 2.9858941127298277
6.779568086523416 6.151274590909345 0.005819251188640739 -0.0294301939443746 4.907601517495159
6.773575729872988 5.564051755011692 0.009229653299613614 -0.02854493825477525 5.025116608242408
3.155257452733604 1.006371134149351 0.006028076792696313 -0.029388131791275134 4.914702186344066
0.2409563658381339 0.08045057383840284 0.001432166931949671 0.0299657954654808 1.5230392775984125
6.350211701274201 6.709054844628691 0.029253847809105837 0.006649239682976814 0.2234973359814788
1.305633081315521 3.7213877597497262 0.027381938988979074 -0.012256811053607201 5.862309081442437
6.895988767440659 2.3824742108873203 -0.018051971396924767 -0.02396093338508769 4.066720633678608
0.16398131098565918 1.1107637001447184 -0.01519884502258011 -0.025864939783026595 4.181119596024969
1.2643262981866188 4.8158623310719095 -0.02955278229914933 0.005160722660547261 2.968708632603626
1.7122816708310276 6.929522535878791 -0.007466638136147102 0.029055968662975835 1.822328219105236