300

6.073661859908557 0.4641085070873114 0.006212654577721535 -0.029349666490403523 4.920986970005657
3.8402317333963936 3.942406036058739 0.00688407058093136 -0.029199478972008305 4.943921090348816
2.445110224829874 0.08721363853467716 0.0066825699183597 -0.02924625205537 4.937025809524425
3.7756341073525386 6.734074768916188 0.005449506116827046 -0.02950089630981853 4.895053294864303
0.6611624251805337 2.6334709248903803 0.007894179368209877 -0.028942735394266544 4.978663736180396
6.305422201220351 6.435566379240315 0.00845619116424451 -0.028783551396479083 4.998134728387301
0.34265135743415776 0.4482863920625853 0.00776214029825008 -0.028978426078555095 4.974104475354849
0.08475041644975079 0.6308551708518952 0.00662638362060578 -0.02925903347878339 4.935105084585901
3.72711879211422 3.4641909245207825 0.005677755762014893 -0.02945781881787765 4.902795950192516
0.8507046037333565 1.674556949676631 0.008724440581590378 -0.028703381970393294 5.007467195948244
0.6031609483884374 0.0915698248777026 0.007812086796060684 -0.028965001292781158 4.975828449503637
1.6086009101906569 3.5762156697490073 0.006824273906166896 -0.02921351203901389 4.941873715172788
3.4905161170901895 4.822167238595413 0.00592557778497388 -0.02940897019472501 4.911215657231923
6.482279640919376 1.8876505731875395 0.007028568765499688 -0.0291650342209407 4.948872657026207
4.1230485736571465 2.46429902247088 0.007016296350280365 -0.02916798905521329 4.948451886274102
4.047611693551178 2.140938978708969 0.007754289577857027 -0.028980527827193518 4.973833569142228
0.7288429248548537 6.659505790999398 0.008999927955544261 -0.02861819869934187 5.017079116964066
2.265603155826189 6.44849352815504 0.006283397678872615 -0.0293346026666314 4.92339794207362
1.548054542168183 1.0935247838205184 0.009080444232854586 -0.028592753147152827 5.019893830635255
6.485006349687843 0.26604136816425966 0.008732945593789046 -0.0287007954812392 5.00776351626896
0.9475304085755325 4.4994144621536165 0.006060573082556106 -0.02938144744410997 4.9158080743552
1.2640549746278222 4.517951035115252 0.005290461888312177 -0.029529832593638526 4.889664784621097
3.2357003235501978 1.8216102954638083 0.006335549359882726 -0.029323383404861205 4.9251761029264385
2.912584004689548 4.672065916822265 0.004399339209217197 -0.029675677153558674 4.8595643632415655
0.9118084816370986 4.2472322694614135 0.005979661203724799 -0.029398021224032553 4.9130550100775
5.502710462846077 6.927923664816523 0.00800325588849115 -0.028912763534178668 4.982434385230731
4.19535966527738 2.2905215102754424 0.007341965371609438 -0.029087721541607343 4.959632442668267
5.763241619386851 6.725850214685076 0.008238707714868888 -0.02884655430357255 4.9905872004306016
0.038750381399515206 1.3477138379372398 0.00816574185854479 -0.028867293948335537 4.988058662838375
0.24905977212584662 1.1884461402803133 0.006943041450055047 -0.029185513108780828 4.945941159101713
3.388129517832777 6.533090594106401 0.007552264018989705 -0.029033830408464426 4.96686892285863
5.258736157624132 2.5880381723854122 0.007725947657735975 -0.02898809639817565 4.9728557326577
0.37169016877019156 0.15562659857602804 0.007157595922394521 -0.02913363727054556 4.953299068226444
0.9713084722424717 1.5097869800668902 0.007273650967188653 -0.029104879343634385 4.957284571220708
3.339750761344796 1.7755035855154693 0.0062225120623156755 -0.029347578156201166 4.921322845550099
0.8524110224673098 0.0862658540459992 0.008606834572127287 -0.028738865646507943 5.003372445132693
2.3795845299385467 0.24981567576885094 0.007150375576356961 -0.02913541022736831 4.9530512403895175
4.009389955894365 6.382683183505283 0.006756005966007738 -0.02922937535061719 4.939537488741888
0.11341819768466714 3.9904880923089405 0.007952717027629027 -0.028926705513736942 4.980686829493028
0.6528517012850223 2.8462026667452713 0.008013749819223643 -0.028909856689975012 4.982797354967371
5.447600932216547 5.3358292430729914 0.006954251051959564 -0.02918284414354295 4.946325257688495
3.3874433854801875 2.6878031595663203 0.007329156488360226 -0.029090951603017855 4.959192113511554
0.897011536878772 6.573569222813451 0.0088656980748784 -0.028660066253327076 5.0123921860643925
6.069778800575856 3.2967035877343256 0.007706308705290734 -0.02899332347522029 4.972178310416675
1.9203171757455317 6.904946528790625 0.007978172134277237 -0.028919695181585887 4.981566922452977
2.5063874656800977 4.47172343098943 0.0050913941470256815 -0.029564805185213594 4.882927557834009
1.4332134967921146 6.716219659452561 0.007261841462999971 -0.02910782813207221 4.95687883492914
3.0694357768372322 5.536146352721949 0.006906554659738523 -0.029194168985125165 4.944691176770289
3.4125206053322032 1.399206031700451 0.006641862527934853 -0.0292555236179429 4.9356341463351825
0.6411673109666768 4.110992251806755 0.00721954608253494 -0.02911834738377428 4.955426039080839
3.2580240755971435 2.486510552461747 0.006637507888784182 -0.029256511908057798 4.935485300406187
6.355739993924469 4.4821022886312845 0.00886868419963766 -0.02865914235574919 5.012496378876157
3.1012537296304306 6.060342215025832 0.007631098821774449 -0.029013209591017546 4.9695851597008724
2.2471399567146677 2.194936996558021 0.008369425044590359 -0.028808900090475226 4.99512162330948
0.83816746441843 3.0954643876598853 0.007460300957076947 -0.029057596418661968 4.96370277631646
3.8131729146500972 6.968739971789798 0.0072349224984823825 -0.029114530675265114 4.955954139909876
5.830271209893265 6.893943330560506 0.006415411304660081 -0.029306014703334188 4.927900398176299
0.500001930249827 3.3886766345905643 0.008778342055088796 -0.028686943210524528 5.0093456121265625
6.041615110633875 2.196913671971345 0.009756569472439181 -0.028369161992019925 5.043632270157834
2.2234200984075185 3.068439357770939 0.0071975913680272265 -0.029123782008848027 4.9546721273095224
0.06889177196297097 5.807177545806632 0.006612731369230585 -0.029262121998214582 4.934638509686063
2.671994424886145 5.430726202875429 0.005468302694738527 -0.02949741794867333 4.895690485181069
1.6626723824749576 6.662643555247219 0.007301381440846773 -0.02909793513387605 4.958237462307119
0.7647042601890657 0.18066394658188845 0.006398468931712761 -0.029309718445080745 4.9273223154136865
0.8150975031903704 3.1989437027910355 0.006258881826990994 -0.029339843187647777 4.922562285252392
0.36997739391724 3.9174611088354054 0.007844369846104805 -0.02895627499726996 4.976943171028057
2.5865668122742593 1.2483065130245234 0.008480674662219924 -0.028776347184338406 4.998985442064791
4.12685376915055 4.100050831932897 0.00548140539271318 -0.02949498592847155 4.896134701619053
5.705986760958411 2.035363400555938 0.00729823095063205 -0.029098725487402992 4.958129191826373
0.8294879406323149 1.7793047256259324 0.008723863800433529 -0.02870355727765263 5.007447101473103
3.276886054777318 5.911389503893395 0.00582573927974636 -0.02942891030677861 4.907821979262693
4.202915078209595 6.61079526862229 0.006122863500015013 -0.029368529799092494 4.917928599231649
4.706477400573549 3.0227968028190246 0.007303632899048562 -0.029097370095524704 4.958314838246357
6.738081475699891 1.1619988583316607 0.008456882123084578 -0.028783348393754547 4.998158733808561
4.752561861232182 0.833868259869705 0.007958023209863795 -0.02892524618030535 4.980870269534877
0.26232770751139106 0.904291363532947 0.009081258138413604 -0.028592494655477276 5.0199222962130134
1.3975093332208286 6.879454381739417 0.006616343832385097 -0.0292613054099037 4.934761963260466
4.162643816757464 2.247221020283056 0.00844299301969212 -0.028787425533892918 4.997676228461648
2.906576075168468 1.7641637088257314 0.00645009951938371 -0.029298399549976206 4.929084206976867
0.9812226710945509 4.736674057670532 0.006022016184040344 -0.029389374288663516 4.914495964303061
6.850108658995832 2.2966524904143233 0.007238106147783721 -0.02911373935779146 4.956063490549912
0.26133515485649056 2.889505347449082 0.007274965364968137 -0.02910455082866791 4.957329732211818
3.636423078268853 4.301927233170157 0.004170226140771068 -0.029708739689438688 4.851848132491538
0.42503290320826725 0.2501739144630766 0.006694870446770915 -0.02924343874616926 4.9374464145254535
4.4912113609801105 6.066443595927354 0.006003238574069438 -0.02939321565638582 4.913857080941517
2.581110983928283 3.50625386201028 0.007827516007203833 -0.028960835505160546 4.976361172434583
1.4919201864345133 6.203839621572692 0.0070371286480464135 -0.029162970020058732 4.949166165525141
4.374798996469549 2.926714293117387 0.006784604601246777 -0.029222750390829763 4.940516020577789
3.774020883437947 5.900934651200459 0.006818880468587664 -0.029214771420552198 4.941689097818159
0.4644125937139046 0.9692533479060633 0.008137065101443259 -0.028875390413548942 4.987065402651018
0.9015747626305775 0.8148623447529261 0.00791762500307372 -0.02893633035322036 4.979473895545571
4.188857465819471 1.853393963414025 0.007672350153185744 -0.029002328236314247 4.971007238199297
2.32316163159298 5.030237386301354 0.007096376154215832 -0.029148609666292437 4.951198265704896
6.894126555225855 4.410220255379017 0.0069053256238448485 -0.029194459714621743 4.944649078302801
0.8256629621706646 4.1457133210603985 0.005812109217929358 -0.029431605230412772 4.907358848369293
3.7499624451203455 0.4214033833767832 0.006903522293052738 -0.02919488619517678 4.944587309130243
6.299760956458063 6.469916774082606 0.008536004823463532 -0.02875998299119468 5.000908753614857
3.296082006787488 2.355488747113028 0.008377413602066466 -0.028806578091469172 4.995398929258402
6.634153452756225 3.0415394517556287 0.006457775320076778 -0.02929670865328403 4.92934620156599
3.070847306440739 6.569150953049011 0.008098599989188606 -0.028886202211698134 4.985733545102758
5.209679703186891 6.458466114635863 0.0069305986309978794 -0.02918847037129576 4.945514845249996
4.914970184170007 0.5300706627562132 0.0058060496754606785 -0.029432801211676792 4.907152966995012
5.233338732888556 3.7969938134825223 0.007604523009040161 -0.029020186591491425 4.968669279789485
4.841366456091928 3.4284233564031235 0.006184495611252756 -0.02935561299026807 4.9200276367205324
6.2001472486730895 0.9398268373261229 0.008222478190943572 -0.02885118459265507 4.9900246299102395
6.8167387081606785 3.2682375305821214 0.005618660701318635 -0.02946914745837513 4.900790245686761
0.9969757866387285 3.175152274293882 0.008334570339822682 -0.02881900305788783 4.993911976641341
0.3628178005445579 2.3160568074842174 0.008032435594513776 -0.02890467052951803 4.983443759099279
3.436978745166119 1.2109959269304595 0.007154750739870149 -0.029134336131965106 4.953201409689311
0.24325050328136047 6.285251343755129 0.00840337117537063 -0.02879901652641892 4.996300146291902
6.550717755433852 6.837538110756404 0.0064859797903490755 -0.029290477397256317 4.930309021936613
4.358112418142107 5.516850595869552 0.0055079734439491945 -0.029490036089173416 4.897035542155532
5.575027464056646 2.0545101689519796 0.007417747226912134 -0.029068488541333506 4.962238589537263
2.7077148314986683 6.960719901732432 0.008108941628975764 -0.02888330080960041 4.98609157621384
5.726462682700637 0.24550024821927532 0.00789274747201702 -0.028943125908287255 4.978614263091101
6.623471358667465 2.208851246868819 0.007775697632004223 -0.02897479122160579 4.9745723469981655
3.82471607014896 4.044080902659371 0.005771020607955043 -0.029439689555811523 4.9059629693266515
4.762143483025679 2.0894647515521654 0.0072501276795747215 -0.029110747991590052 4.9564764278609115
5.3219662815226325 0.08509942156061708 0.008416443019147181 -0.028795199025279345 4.996754075334146
4.548668829835434 1.6828532848311684 0.0062544718029586294 -0.02934078360347582 4.9224119792906045
2.7575054158357806 6.691986716862451 0.006742168051332707 -0.029232570361971053 4.939064089704345
4.757500183535384 1.8322683994835955 0.008709616144653714 -0.028707883701394418 5.006950766413597
0.3520222577439947 6.226963586297424 0.007332195425982878 -0.029090185806130486 4.9592965782145555
4.2963823650106185 2.2701206795976967 0.0070601466659643616 -0.02915740607555947 4.949955530006776
0.03785084116446646 6.515795455615502 0.008606933141567297 -0.028738836126339398 5.003375874965027
4.687186918370934 3.5374181965070672 0.007241398407424518 -0.029112920655697695 4.956176574818751
0.4584471984435732 6.749629979014943 0.00860233855921314 -0.028740211747874694 5.003216005151093
6.404672054686191 1.5006562038920508 0.008012636675643168 -0.02891016522789411 4.982758851226161
0.46539857759957165 2.144995555247723 0.00906833237838111 -0.02859659678834537 5.019470260361907
1.2490820454131686 0.3473583704422407 0.008576639005067506 -0.0287478914596663 5.002321922688818
6.582968925456434 2.0537243211366247 0.008342408132574183 -0.028816735182000754 4.9941839534717785
0.07102987084732543 5.2353400874440785 0.006485840396878799 -0.029290508263705755 4.9303042629361045
0.27139123463717646 5.619596136306688 0.0068019309021898735 -0.029218722354029007 4.941108965951056
6.854900470874457 2.397611526229787 0.007389760840324621 -0.02907561580986385 4.961275933572792
6.781385751054196 1.0371775575782989 0.00905569488813494 -0.028600601219082908 5.019028368434303
0.6619491251088034 3.6148155033542615 0.007643121271067687 -0.0290100447644562 4.969999560763162
2.399176411043861 5.200743569059805 0.004363919649333776 -0.029680906409578506 4.8583709132970725
3.8532692191375686 2.455822329029593 0.0061953240376936185 -0.02935332962489904 4.920396521794449
0.3574202831843205 1.9921389173365969 0.008777927611970148 -0.02868707002883027 5.0093311650591446
6.432652511398257 5.527763334663929 0.007941627356876188 -0.028929752071604687 4.9803034783139255
0.8419955813752162 1.9857655684053162 0.007400765387094007 -0.02907281671398888 4.961654432051956
3.104084865328994 6.697148364099926 0.00604627899620881 -0.029384392290806426 4.915321598330017
4.264581582199905 0.38926144766557264 0.006451210630342409 -0.02929815491465217 4.929122131082431
0.42063386065689107 5.284450212075479 0.008229400450391108 -0.028849210877025782 4.990264567933471
5.998379426652174 0.4595334741184151 0.00873856096609455 -0.02869908626144478 5.007959174243057
6.071206543223969 0.8455461792699028 0.006908977361600002 -0.02919359573291544 4.944774163398456
3.5024675965060377 1.1612266941149116 0.006299396247229612 -0.029331171250401668 4.923943356099284
3.734395336478148 5.852342826182405 0.007805334039525007 -0.028966821719536857 4.975595321797517
0.8960311507498612 3.1156275980834547 0.0073447199379693085 -0.02908702612906304 4.9597271423951454
0.7161788620147663 3.594209456034601 0.00846612778597259 -0.02878063029732988 4.998479964655306
0.464192059479543 0.2275226225215008 0.006678973006880751 -0.029247073692480044 4.936902824160592
3.8519546800048787 6.997238830084518 0.008406792274616388 -0.02879801805075221 4.996418940575908
6.4871367932024695 3.3828432375752784 0.00599652976766564 -0.029394585058229686 4.913628842895761
5.424107989195912 4.414005359124889 0.005859682155409739 -0.0294221706377618 4.908975496627367
1.5525626898861857 3.1632248547621855 0.007357033386756699 -0.02908391410636036 4.960150496343136
6.182772722074166 6.192779006819979 0.008735136081340524 -0.02870012887846434 5.0078398386479055
3.4100298927653956 5.928418523206578 0.007310137481233424 -0.029095736629366615 4.958538389884131
4.322106348961187 4.622271629675202 0.007460895165686582 -0.02905744385397027 4.963723225708108
5.8921823641774935 0.1915335407254411 0.006193161018893727 -0.02935378606916074 4.920322833323355
3.568209388202328 5.2067208697712175 0.0070621443171004885 -0.029156922293761482 4.950024043224409
6.759684128192378 0.1891933009721141 0.008374829180246615 -0.02880732955693203 4.9953092140516535
0.2961499869487939 3.935505513159677 0.00769654318659092 -0.028995917350153638 4.971841505917478
5.720253668021828 6.662038501495199 0.008517847454396873 -0.02876536588927081 5.000277471273523
6.819785341285631 6.873071064871663 0.008998637654494256 -0.028618604444715992 5.017034030551866
4.624851082571537 6.209623024048504 0.004656714220652557 -0.02963637988464806 4.868242983031933
5.546958073511751 5.1458825400276735 0.006666582660957366 -0.02924990043785829 4.936479200685283
3.8414127487713725 1.1607739620092121 0.006413308150086675 -0.029306475028089474 4.927828633452359
3.0659229146726394 2.34411120981398 0.0057055243279991496 -0.02945245307512788 4.903738691179285
0.3856940440455643 0.2651402463408344 0.00677365687941231 -0.02922528994689343 4.940141406762059
0.8269021535047797 0.03166096906719734 0.008183349348467584 -0.028862307486424835 4.988668661485143
5.72748815803427 6.420625875576995 0.008534176564788335 -0.028760525557802615 5.000845184681943
3.352399392629176 0.01968060436688751 0.0069350098245632135 -0.029187422612029515 4.945665975907927
3.141396459070812 2.958144302571767 0.005843509605983287 -0.029425386921581524 4.908425854477716
6.170089254188146 5.897641898471322 0.008142912555875596 -0.028873741965795903 4.9872679149372265
4.4658391987787445 5.700431478272964 0.0074190292761396 -0.029068161355678888 4.962282694219233
3.5994409698145255 1.918758061221868 0.007128204694408331 -0.029140842435225082 4.952290351352697
2.688522118560119 4.891976326417659 0.004203814154795894 -0.02970400556409754 4.8529787993308915
5.675533593210424 6.415077542804883 0.006976936759979039 -0.0291774288354415 4.94710269431512
3.4356392755815834 4.215836943742004 0.0039419183443679786 -0.029739893741678618 4.8441673277089405
4.549782468311825 1.700075263705055 0.007226692038448033 -0.02911657469863912 4.95567145731518
6.0660692287323625 0.9828972586658854 0.008498731186695481 -0.02877101958944607 4.999612978124051
3.225032584226682 4.700855193146544 0.005988894861005588 -0.02939614155537799 4.913369111232048
0.18612624777885461 6.534197350599796 0.007512637633166522 -0.029044109140972635 4.9655043296936
5.044624853268805 4.8983205425515415 0.00743580461774268 -0.029063874650272572 4.962859840395077
3.019170145991036 1.1665890884482866 0.008155758042522818 -0.02887011622338615 4.987712827585538
3.335287658320238 6.293118078966383 0.0062672267997107975 -0.02933806176694341 4.922846718470312
8.739710860519168E-4 1.0052191157865658 0.008952597049151807 -0.028633040461598175 5.015425671683125
5.78669175685518 0.13364614071481967 0.0075502723150324995 -0.029034348416467928 4.96680032404955
0.7850414519755583 6.376713149550254 0.0066722549838718875 -0.0292486070340144 4.936673131202211
6.543484070376842 5.460844326471327 0.006854595911969088 -0.0292064122220381 4.94291178577842
2.18400244913343 6.7780388601165225 0.00847338764093107 -0.028778493739014845 4.9987322219660815
0.5800093709901334 4.4411626798937505 0.005188625861661881 -0.029547896061609756 4.886217261227606
6.629665943566961 0.21181512304066696 0.0065293119274997665 -0.029280848446611125 4.931788658213263
4.289724616719356 0.8037188033259248 0.008024555460898034 -0.028906859214639202 4.983171144497942
3.158537882858706 2.832602398248629 0.006998594636200436 -0.029172241482583173 4.947845042133325
6.99387873170305 6.015312069783693 0.006989730158089991 -0.029174366699503303 4.947541186319992
3.2337934927111287 0.4090206803463546 0.006130317972077468 -0.02936697467498523 4.9181824311205276
1.2244916543831281 6.185096959457347 0.007044996177908011 -0.029161070433940887 4.949435952383275
0.602026827199927 5.200745735776621 0.006906846742792141 -0.029194099884592803 4.944701181624321
6.693189102660223 4.219924784646084 0.006843896781303769 -0.029208921185946937 4.9425454733764695
1.357970612883263 6.525735171082379 0.0059876261619948145 -0.029396399999731176 4.913325952730068
4.696826802464533 1.2087145212200578 0.00832308527288511 -0.028822322105276025 4.9935134755051145
3.876478011127064 0.5684149598984546 0.008595855472921597 -0.028742151427627052 5.002990437310597
0.9447716423958233 1.8487418082346274 0.008112655861156696 -0.02888225778706436 4.9862201729855515
6.56043893414906 0.7683834446232124 0.008903020709038144 -0.028648494240613026 5.013694701031142
6.58836531393081 4.3361459199534 0.006129406987291463 -0.029367164827135465 4.918151410497985
1.2443340827313691 6.019255339840079 0.006418888159618497 -0.029305253365127376 4.928019039354657
2.116294176643747 5.226565665100819 0.004916578450369188 -0.029594378796341803 4.877017564623819
1.0093789757518623 5.059231988422332 0.006943865192408151 -0.029185317133614677 4.94596938355388
3.6728218121668768 4.471369998835251 0.004053483212140376 -0.02972489316799803 4.847919623569064
2.9100614986925883 2.3239412111962308 0.006649969673006519 -0.029253681876784222 4.935911270078403
3.063666337827785 6.761454124528559 0.007220008377806074 -0.02911823275929379 4.955441915537526
6.885295359052593 6.047569216733929 0.009003203827615257 -0.028617168288256858 5.017193587168062
4.8291543377583555 4.311322953930028 0.008530819271791735 -0.028761521561837207 5.000728454031317
2.0435923124711417 5.819243363420979 0.006747625482429375 -0.029231311129486983 4.9392507838116
6.687162016289845 0.24178386136291913 0.007171945596894006 -0.02913010807318079 4.953791644669126
6.124495034718474 5.068692330129759 0.008278231165811348 -0.028835236929239713 4.991957596318536
3.4632158528653676 6.870980908569055 0.007111841634829061 -0.029144840170450614 4.951728873527685
6.921682133229866 2.150141058123001 0.00921987293594865 -0.02854809876410269 5.024773996810962
2.679114930932398 0.5637192140915017 0.008198232524699546 -0.028858083503083817 4.98918436055256
3.905179522828574 4.293123711319659 0.0061988726125715545 -0.029352580437384212 4.920517415069755
0.3498819607996755 1.771289537919891 0.008135681967466163 -0.02887578014399344 4.987017502878131
0.40959528743423546 0.9200369669771384 0.00885629769242295 -0.02866297247640558 5.012064206858143
3.269257949525297 5.923288218745546 0.0072360336968251785 -0.02911425452142662 4.955992306543059
4.406371540987092 4.015606595332918 0.006304460538348714 -0.029330083145473758 4.9241160183158925
2.294100194191265 3.797669792507003 0.005467361969652339 -0.029497592327049328 4.895658593497968
4.4573905695064715 0.03600337536724334 0.006785031590134774 -0.029222651254136287 4.940530632125523
4.368161459864988 4.050122312449641 0.0069909779609953595 -0.02917406771687618 4.9475839570615765
0.24367113827850992 6.692922983255656 0.007549919637138755 -0.029034440126731332 4.966788177149207
4.380182216334537 0.7387653587158406 0.008528661835759045 -0.028762161380731927 5.0006534436731025
3.239686009071677 4.488766584707828 0.004102707808994415 -0.029718139050654166 4.849575817197314
0.9168619478748521 6.789064022295764 0.008004062177082502 -0.028912540335733164 4.982462272281463
4.041195560000104 5.059327970314455 0.007327604228105675 -0.02909134263447199 4.959138755001907
4.681484623668501 4.440473502347378 0.007166936728678672 -0.02913134081924683 4.953619700156993
0.24555629650011082 5.783994787503984 0.008746348740065525 -0.028696713813904793 5.008230545106882
4.114913739340396 1.8168279243840255 0.006650655188453625 -0.02925352603643354 4.935934703616646
2.531228159995197 6.2740486026859035 0.008370260290081798 -0.028808657425785738 4.995150616051532
1.3535763820040712 6.871115836273343 0.008735752849602598 -0.02869994115239019 5.007861328805033
2.0762261464222056 6.034284742143909 0.007214822360573647 -0.029119518167465726 4.955263817409209
4.170241664987744 6.904898066600845 0.00535862215562589 -0.029517540015950434 4.891973447446462
1.3142826155817269 4.535088530745097 0.0074983963735917375 -0.0290477891038975 4.965014028645785
1.64841228590356 1.5580581761587313 0.008561734287787899 -0.028752333922402142 5.00180349978363
5.681626344294929 6.68910180887716 0.008894853971003255 -0.028651030920972594 5.01340964673247
3.3382409587654545 4.102006780973483 0.006693975490937863 -0.02924364361919908 4.93741581098714
2.5544031625090713 2.1666110581517244 0.005804059763333412 -0.02943319368100672 4.907085358789964
2.7870444190453645 6.164666671450851 0.006872547003050779 -0.02920219337123254 4.9435264585765175
6.476235091036748 6.505634187623503 0.009695214541548501 -0.028390188710069302 5.0414703389082955
1.4150982872331268 0.7710638574609369 0.007647202286333463 -0.029008969254213365 4.970140239308913
5.309176234097188 2.2854286656353286 0.00756910608222001 -0.02902944424401025 4.967449050757333
6.900465663856534 4.198656436422039 0.007287327495477585 -0.029101458004259107 4.957754503831499
2.4838511007098156 3.023625632612317 0.006863260494506295 -0.029204377332594324 4.943208463242968
2.6755308594769613 5.2051689103444545 0.004579938270165044 -0.029648341698001887 4.86565290904602
2.2301167556029013 5.617282204573242 0.005964938430644196 -0.029401012049224153 4.912554227260051
0.27439792224453624 5.361547037270017 0.006999295124451613 -0.029172073422381685 4.947869054352932
6.9736301088891715 6.361203852599586 0.0071332125989383805 -0.029139616984757137 4.9524622067075645
0.2308088765415944 3.1095219602611697 0.006079463763296505 -0.029377544491511958 4.916451062924857
0.5512751694649123 5.328903177758472 0.0059135509707963696 -0.02941139090413429 4.910806723529878
6.247763992335771 4.9341629986971025 0.00829402085778776 -0.028830699228610143 4.992505222616966
6.5158169081325275 1.6222806633769098 0.007399437075675115 -0.02907315481613794 4.961608743197381
1.449554880507407 5.876157569623501 0.007796517681760638 -0.028969195916317622 4.975290973723346
6.071203322890077 5.314390530084884 0.007551307350625639 -0.029034079239686372 4.966835972874042
0.1440384808783578 0.2829475516493499 0.006995602401899641 -0.029172959175142586 4.947742472109932
5.987125534079952 0.11986251561864024 0.007848185810808093 -0.02895524096737982 4.977074957068681
6.704491071039515 5.943757252345341 0.007171969187721213 -0.029130102265017496 4.953792454512656
1.1471147541901099 3.510534938652539 0.006517330844241367 -0.029283517525507417 4.931379498722081
3.12520630446461 0.35311258470676976 0.007863691592162925 -0.028951033738769085 4.977610504591395
6.612340959121468 0.7888952980425681 0.007078781736926685 -0.029152887491995592 4.950594699154718
5.212024079621963 1.5827173396165923 0.0076045722634975645 -0.029020173684684306 4.968670977037992
0.7854320948522885 6.421852364256218 0.006398536668734178 -0.029309703657643214 4.9273246264914485
1.3621524056812508 4.479155002723404 0.007685709483287171 -0.028998790832352125 4.971467895858311
0.12073292683025943 6.304684808116518 0.008194947645005637 -0.028859016495639912 4.989070533638511
1.0265129733452694 2.7880412392566276 0.007696367022897856 -0.02899596410966275 4.971835430456961
0.11630497601581603 6.796454319638977 0.007963808833605715 -0.02892365379515153 4.981070294901827
6.291019295748816 3.441337166452299 0.0069046239040988396 -0.0291946256825284 4.944625042312471
6.801920959397128 5.613112218481982 0.006897886666871503 -0.029196218240227556 4.944394278831596
0.29356572645738876 3.666278899938346 0.0070305226500917565 -0.02916456327920147 4.94893965164558
4.762490059641609 6.722498717005343 0.004551895956093415 -0.029652659968456462 4.864707147214235
2.7088942946184655 6.405246016499634 0.00851698132522062 -0.028765622348662007 5.000247361268369
0.9628387079544397 1.446541104379733 0.008539575169911938 -0.02875892306602289 5.001032898759073
2.2758753644238547 6.76630549843554 0.007080416750822455 -0.02915249043623328 4.950650783651669
5.776486392852256 0.3449236837800425 0.008464619650037485 -0.028781073888585175 4.99842756398524
5.381055295120234 1.1834143224314833 0.007689509502989893 -0.028997783425693556 4.9715989387602715
1.1938392430262423 3.0528163511999096 0.006182625832241537 -0.029356006843889712 4.919963943059351
3.120168511816058 0.10805737269051102 0.006879778405610006 -0.029200490562483743 4.943774097966874
2.5695205226365867 1.4412780142247075 0.006151155776117648 -0.029362617094154504 4.918892049646319
2.8424393126468948 6.132619440487846 0.0068714784986106045 -0.02920244481619873 4.943489868864699
0.0482193037504198 1.3756347678052177 0.007915988211447015 -0.028936778166137152 4.9794173307033445
0.4720170824675495 0.7004161961264871 0.008833154648840576 -0.0286701129915748 5.01125688793796
6.868915461605468 5.782050593672565 0.00789870082818318 -0.028941501779051793 4.978819960402564
0.9722713102853539 1.7929930379261956 0.00917657739479396 -0.02856204522294152 5.023257785159661
3.4196669133145106 4.611550767772605 0.00505098185764467 -0.029571736206617027 4.881560812936893
6.018632327641462 2.593412109869481 0.00901148527628454 -0.02861456155727896 5.017482987772721
4.334314893393055 5.172813549597252 0.005205309857009865 -0.02954496148740959 4.886781931666528
0.42558039117557406 1.6567434244351376 0.008752471439960285 -0.028694846988486965 5.008443910967156
2.522174934776463 4.770807837750187 0.005387078811566365 -0.029512359815473458 4.892937591170824
3.054248482041868 4.066494281778706 0.004130422100898635 -0.029714299811175227 4.850508448952838
0.6581471513162616 5.4824509004477004 0.005670218290436748 -0.029459270604324142 4.902540083121996
5.707772229060804 5.084661481760997 0.008463377735296929 -0.028781439111164684 4.998384413862855
6.342184687459213 4.301438443299142 0.007941639721416163 -0.02892974867736021 4.980303905712704
0.6224601443352749 5.994407409633613 0.0075514517841280574 -0.029034041674420547 4.966840947496955