300

2.762655775849411 5.736847890631324 0.008517038216665941 -0.028765605504071208 5.0002493390271425
0.5777329435405925 2.2243118875580934 0.00846587423154072 -0.02878070488184288 4.9984711547682155
6.189042276538729 5.37456389876412 0.007259493851109907 -0.029108413715379568 4.956798183488432
0.529778282413501 5.023475635425643 0.00796860886943018 -0.028922331729755793 4.981236254069776
4.2786688133956465 0.885210499629482 0.0066890748803827985 -0.029244764954511632 4.937248235542258
3.012106129631252 4.7138911266373675 0.007520194013273319 -0.02904215353589895 4.965764507564096
4.005704109949234 5.714404495953516 0.008675697071983391 -0.02871815245302488 5.005769453162771
3.7338265171212894 5.893149410973933 0.008011590673981826 -0.02891045511354962 4.9827226703047165
0.397285282901277 1.729951478890925 0.006653359130128238 -0.029252911176249438 4.936027135895948
4.441356827864076 6.919884563789318 0.006215695119293694 -0.0293490227125877 4.92109056828394
4.288463709817869 5.363460402074755 0.0075914729365003965 -0.029023603130114324 4.968219616789104
5.279950690913068 1.8396253281487769 0.007313143829087456 -0.029094981136530744 4.9586417172863975
0.20035736012014713 3.096822158227243 0.007735051912960822 -0.02898566838808105 4.973169814559524
3.10486784075152 0.1419047223530251 0.007915673013374539 -0.02893686439034703 4.979406438073866
0.8066505983205123 0.7347847023456078 0.006424809691004048 -0.029303955713083866 4.928221107645921
0.6976111192327831 0.40273775762545766 0.006344517752186886 -0.029321444277050634 4.9254819574267845
4.399829301221408 4.92764660324507 0.00826100898420421 -0.028840175633357317 4.991360385814786
5.980021735968812 4.725993448965562 0.009088972297242473 -0.02859004341689531 5.020192104411184
5.072382690354273 6.319052860414231 0.009417928201570966 -0.028483374596245687 5.031719441414904
3.1783040211666767 5.5410203630996415 0.0067937109320959045 -0.029220634691449133 4.940827649712981
4.6149863779512055 2.7640463072296533 0.008394900913829157 -0.028801486743690687 4.996006042560179
4.936922476678232 2.7841193776118662 0.007125347492016861 -0.0291415411932521 4.952192304491492
6.899300672345591 0.0861246699823763 0.006426100714052162 -0.029303672630113416 4.928265164130867
6.609869358543699 2.9434926468867366 0.008865085037757217 -0.028660255882900505 5.012370796194332
4.5451943161062855 2.504434572754121 0.006733442055520366 -0.029234581544550105 4.938765597458255
2.215355229225952 5.2084544623275475 0.0072442884674832975 -0.029112201644669343 4.956275846746133
0.8445559718317337 0.5515184122736748 0.006316123628080188 -0.02932757375431536 4.9245136847142525
2.477268563568114 5.006426137390295 0.007756278357131518 -0.028979995618472632 4.973902194446332
3.6494575886392395 6.599611401630514 0.0074422564324444045 -0.02906222323212283 4.963081834126302
3.865776250737194 6.441633443832432 0.008327267638202355 -0.028821114025688665 4.993658587094243
0.15000952926187458 4.824281936656598 0.008655835280934719 -0.028724145167251292 5.005077914311438
1.8792959583229205 0.8421638248110637 0.006247896354677998 -0.02934218449845208 4.922187878551811
4.056449020843914 5.427535265665848 0.008205170526106238 -0.028856111599408492 4.9894247867201935
4.522436676304727 6.743735551333636 0.008510070047510402 -0.02876766775020989 5.000007108097897
0.03425738217455035 0.048711704334657435 0.0075685282795361665 -0.029029594893519636 4.9674291467874285
4.536220126570196 5.356944042086868 0.00894237933506514 -0.028636233199005066 5.015068841106268
6.139484600859977 5.539831562620673 0.008729034212416307 -0.02870198532712442 5.0076272378060835
0.7566793683660793 4.66937132771435 0.0072233226410007585 -0.0291174107712895 4.95555573803489
3.7449294083767763 2.247987187535574 0.005733918791799217 -0.02944693830076485 4.904702859430844
4.308381229023921 1.1085421272719826 0.00624724566738875 -0.029342323043196363 4.92216570277437
2.1462326123499826 3.6093213215981783 0.008046425934321507 -0.028900779049767466 4.983927808255073
0.03424569296116126 0.9478871816152123 0.008045581895379008 -0.028901014030043123 4.9838986036613235
4.588907969113723 4.847143481881316 0.009462157382497621 -0.028468712258703337 5.033272647784586
2.78905977494981 1.576867752150178 0.005728172011138897 -0.029448056734032634 4.904507705983979
5.638749330030132 5.185924818991686 0.008153841740194998 -0.0288706575068157 4.9876464515325925
6.227719528841526 2.7496956501217817 0.006971042574570533 -0.029178837629753606 4.946900687375832
5.1299564519492025 4.990840821916947 0.007591101507141282 -0.029023700279397133 4.96820681931748
6.766525817173617 3.809079515982714 0.006645309323006374 -0.029254740880779725 4.935751964810182
0.09221869515570226 6.669276824630672 0.007841724077162647 -0.02895699161683837 4.976851800981261
4.280133112851458 2.3702145080409553 0.007773794434420383 -0.0289753018981921 4.974506662976598
6.90186140583393 0.7462478768199683 0.006860851527942431 -0.029204943354020223 4.943125977552869
3.0095444755191005 2.7452050407180404 0.008422948197601112 -0.028793296852922697 4.996979994706654
6.844680312832105 4.346437473826159 0.007494231851847117 -0.029048863815143613 4.964870663356109
5.919736878339086 0.45969830095543057 0.007276285888135191 -0.029104220719238037 4.9573751041766165
4.489535344579735 1.3549149497051414 0.006687383343303709 -0.029245151803670023 4.937190395245251
0.5712078002535133 5.258654706214322 0.0077604961084817466 -0.028978866440049714 4.974047737377748
2.5118764382189345 5.165743233890938 0.00822879398938316 -0.02884938386656276 4.990243546242713
4.134861753100389 1.6452498860557245 0.006624640060090072 -0.029259428293701328 4.935045494485191
2.647041233206706 0.44566208841612426 0.006794518030474754 -0.029220447031719984 4.940855270638364
5.8769698080735395 1.3272889527121783 0.0067440690711671955 -0.029232131847734367 4.939129121074112
3.774835778190369 4.083390182141484 0.007124488166004194 -0.029141751292131812 4.952162816589351
6.359615643008802 3.7009467928799538 0.007994814836556187 -0.028915098750119824 4.9821424480384655
5.372833997986624 4.940149816202152 0.007719345197091891 -0.028989855289879154 4.9726279750214495
4.452339558371792 5.452760027896103 0.007757754084974647 -0.02897960061072373 4.9739531170868885
4.4737581720855015 1.4609855255550905 0.006185930785975549 -0.029355310598103368 4.920076526250275
4.0175405633291765 2.1776185699214357 0.00654083178089643 -0.02927827726513319 4.932182101698221
6.315881387098996 6.5305161788030635 0.008599937417014479 -0.028740930333297048 5.003132459761759
0.857680400857718 2.378106664858685 0.0075657450371759295 -0.029030320391488066 4.967333271953838
2.290712279983484 0.27819526679004775 0.00720710196354133 -0.029121429932046927 4.954998698202225
4.409049813680055 0.021436283776903996 0.007153241043723735 -0.029134706838586624 4.953149591568775
6.973680234634039 4.184549875797911 0.008239942745254532 -0.028846201544656225 4.990630014484716
0.908912968444032 4.8860149696652195 0.008679117009211122 -0.028717119074524556 5.005888541560292
1.4528553635824741 1.3073041491301316 0.0073011771348113624 -0.02909798639847967 4.958230440989129
3.4114047215517793 6.43088806979503 0.00848888134104136 -0.028773927322799018 4.9992706423991455
1.4754436820314205 6.115197320233276 0.0065208868023972095 -0.029282725885926706 4.9315009324335275
3.870855373696814 6.156258837513652 0.008364038467394896 -0.028810464427286457 4.994934652237346
5.071455320263131 5.146986452860296 0.008169605144820312 -0.028866200854593342 4.98819249455194
0.8122961658151254 0.5088551267821494 0.007159219235913763 -0.029133238404477495 4.953354788170238
6.57787963100664 0.03125942449304528 0.00782311771942055 -0.028962023913188254 4.97620930535416
4.668095410138191 3.0071867238481484 0.008104813358602312 -0.028884459496798992 4.98594864976682
3.488557762326191 0.5541935536532364 0.005803385375117134 -0.029433326658532443 4.907062446336082
3.8862390200136234 1.144262872708689 0.00785792667307834 -0.028952598992154813 4.977411383438071
0.3368775539184848 2.5722572229497396 0.0066672583657333764 -0.029249746424277908 4.936502301842717
4.110400612719425 5.521648135791715 0.007518548441919124 -0.0290425795914639 4.965707846501363
1.2175579849983025 4.344439565021913 0.00916052230062307 -0.028567198518226936 5.022695722975853
6.248617346005203 1.770070215740075 0.00527935527611324 -0.029531820259993714 4.88928868230999
5.198208946966839 4.479877028920095 0.0069277686305955774 -0.029189142190220937 4.945417890260715
1.1332675786545867 1.213874143833938 0.006600529141748781 -0.02926487681588503 4.934221531964592
0.511705616333762 4.182468572237831 0.007922049490814178 -0.02893511935114647 4.979626802989722
4.085570146469719 6.223553928075455 0.006221282878712317 -0.02934783875080141 4.9212809620890745
4.531300774853001 6.071690582732206 0.006590910015523616 -0.02926704469479743 4.933892852300905
0.8656938984278036 0.12166575879877484 0.007130330084531547 -0.029140322456788707 4.952363287098789
6.040979850707401 3.307795708266501 0.006881991882591543 -0.02919996896792776 4.943849901376582
3.5413485055995415 2.672268446948824 0.006331329097124021 -0.029324294908214088 4.925032183751023
4.49344819026921 2.4119484211845035 0.0066069213952998865 -0.0292634343452085 4.934439964835758
0.5108843519386845 5.712452894856364 0.006015194259534981 -0.029390771306994606 4.914263847679137
3.028049972964566 4.754105360450391 0.007263146159381449 -0.029107502604439676 4.956923658049261
6.968224404185127 0.6214693959187713 0.0060654917191718715 -0.02938043243733246 4.915975483451513
3.301221025834708 1.3078846345054493 0.006582067929600149 -0.0292690345206351 4.933590745088576
6.845694408595198 4.86490602671338 0.00887341623179495 -0.02865767758171129 5.012661497323123
1.9130724594039665 4.73560698222492 0.0075822662399524865 -0.029026009692454745 4.9679024158286476
1.6378356413819901 5.812488506632237 0.007640650893821264 -0.02901069550904887 4.969914405791567
1.982195472760947 2.079294067487021 0.008492220082722468 -0.02877294211697172 4.999386677961457
1.6392891964744607 1.7214604468119472 0.009057875587791591 -0.028599910661330556 5.019104615991673
2.872311929575967 6.208111585816549 0.006689664584553268 -0.029244630066837463 4.93726840002405
3.497719660822344 1.5377435480364154 0.006917773554608465 -0.02919151262006064 4.945075479716608
4.6572902500917115 1.4361378284881803 0.007181938353923168 -0.029127645999641773 4.954134697953283
3.9553956718401304 0.5620993974671199 0.007326362656040281 -0.029091655336748685 4.959096076827578
0.11571824445645512 6.480678400248028 0.007924570817687389 -0.028934428927412017 4.97971394128427
3.967381709766455 4.567449501816722 0.009557013516914445 -0.02843700920697383 5.036606444250724
3.265195242681175 5.117507243741995 0.008978545731366297 -0.028624914262749573 5.016332049864565
1.061945699237792 3.78496453813031 0.007664722071711725 -0.02900434511523084 4.970744231169611
2.1645752894969186 0.29853062188208596 0.00651514546207142 -0.029284003817921657 4.931304870937985
6.478897241859489 5.254270205110705 0.009200411503226908 -0.02855437669029548 5.024092364996813
2.415886781220043 5.51964451919623 0.008859159750179747 -0.028662088000018335 5.012164060490416
3.2502287246810813 0.4627139713252263 0.007254000797855511 -0.029109783105078463 4.956609477773102
0.559832562230979 2.3243209006360046 0.007096129645590074 -0.02914866967895752 4.95118980875361
1.3803647583911776 0.3419156115883702 0.00880115041227121 -0.02867995382528672 5.01014078694546
2.018780029471337 5.361261541463366 0.008753535413146314 -0.02869452243496646 5.00848099007071
1.2154593424622908 6.9487084465832964 0.008740344297250855 -0.028698543195875195 5.008021313783403
6.5025412923594255 4.9790381077291475 0.00748800429756008 -0.02905046973182571 4.964656287256315
1.376221524639518 0.08582308657698279 0.007132753715991539 -0.0291397293128644 4.952446459003584
4.07437057108577 4.508278418568464 0.0071488585220650614 -0.029135782499042265 4.952999171632364
0.9698425766427076 0.537965733234046 0.009115563923025096 -0.0285815761350777 5.021122343018152
3.7290850857836513 4.789776571269882 0.00752583288715031 -0.02904069281809039 4.965958674145565
1.4671265056782634 1.8252777008578893 0.009042115188841553 -0.02860489735887407 5.0185535994216774
4.148171545087335 5.02203024981384 0.006891560036946103 -0.029197712243550306 4.944177590903648
3.0329231790729017 6.756121476191235 0.00883917319778664 -0.028668258007411792 5.011466818873181
4.026037978907391 0.381988030441441 0.007221479689066236 -0.029117867901005453 4.955492444719362
4.909917950282696 5.611827500374513 0.009468625124972185 -0.02846656175660744 5.0334998441073795
3.2212819737679297 0.3121712530224005 0.008443949305848195 -0.028787145049835452 4.997709447507706
3.747921980109957 3.504471645686573 0.009248101681455486 -0.028538966612150836 5.025762968411446
3.9621028788104296 3.8915991721880316 0.0093769918731725 -0.028496877432632104 5.030282581453851
3.447997529482949 0.643193225730688 0.007820851186855477 -0.028962636045654775 4.976131047404419
3.4044119170110085 6.291753137756053 0.008268027778924724 -0.028838164238503966 4.991603762954331
4.296968038037588 1.8695594127599486 0.005935132086390023 -0.029407043495004788 4.911540544987238
6.090436913046586 3.4698255651490872 0.009063477339245878 -0.028598135927381287 5.019300488115652
0.5330066514392012 0.7255470431658343 0.007580320429576178 -0.02902651791353813 4.967835379630369
3.9361598468476213 0.23390377157227638 0.005804869717794668 -0.029433033950978113 4.907112877266815
3.132074665309574 3.80313672752229 0.008348316524709227 -0.028815024053491033 4.994388992921995
4.421419026818044 0.2274594285084507 0.006635334054001773 -0.029257005007208174 4.9354109984364545
6.858404796665515 4.9862870852316235 0.006989532916560381 -0.029174413954839242 4.947534425543591
0.9859713451311091 5.670061374366678 0.006579288289157192 -0.029269659472022543 4.933495777461139
4.144280354613361 3.564688288342558 0.008550646963923752 -0.028755633126369196 5.001417907167658
2.7113446579616576 5.739571211287853 0.006517960214431102 -0.029283377445969126 4.931400991075057
2.7637066571023428 6.120899578295793 0.00866505362317373 -0.02872136566578135 5.005398856436461
0.1634619799207975 6.425642136326062 0.005939426298752734 -0.029406176481169468 4.91168657380038
0.4912914949362857 4.140288301736437 0.006849511251090642 -0.029207605099035125 4.942737695342638
4.569960510194149 1.379731648850297 0.005956428266845367 -0.02940273732668313 4.912264784364666
4.39628968027091 1.8625768348023866 0.007831009297979809 -0.028959891114694367 4.976481795602682
4.135439072339946 5.496354922095533 0.007085301016786729 -0.029151303735879822 4.9508183290412004
0.5601909443331891 5.275088759305981 0.007408598741359253 -0.029070821534479038 4.961923880419957
3.16048446723121 1.6496738739380843 0.006160368800750797 -0.029360685554644942 4.919205827112571
2.1570620213664875 2.6959204460272055 0.007728623992265302 -0.028987382965458972 4.972948059088004
5.243603869801792 1.43177558861189 0.007437677356089572 -0.029063395457976215 4.962924276187185
2.85517844061955 4.461553826705669 0.007997260057470083 -0.028914422552995825 4.982227014566334
0.1433450994320892 4.210195055984803 0.007140281007543458 -0.029137885769789717 4.952704784314233
1.0322208846685064 2.8916017623295533 0.007720015734857872 -0.02898967673247749 4.972651105175922
2.569255657471864 5.461781417757466 0.006636240764444494 -0.02925679935530073 4.935441989770979
0.2547557132557987 3.474668218381675 0.008295683294672087 -0.028830220926564166 4.992562885133603
3.4324733203427398 5.457556314315204 0.007898202764951043 -0.02894163770562612 4.978802751134492
3.916236835908636 2.1886107868291247 0.007657202077598181 -0.029006331314780677 4.970484968753305
2.3908806825456197 4.9319201448293075 0.005996550558490777 -0.029394580816869357 4.913629550197007
3.5113399927418483 5.147032050325278 0.007419866016393556 -0.0290679477827171 4.962311479780094
1.3297462613080462 4.483261107117974 0.00712947001883739 -0.02914053289235629 4.952333772580207
2.25059567732793 3.420714787792118 0.008707881831057586 -0.028708409813438588 5.006890354516924
0.5423067875959818 6.4375459468735405 0.007988643539345466 -0.028916804360116868 4.981929026143096
6.723007197047509 0.6055507563941961 0.007846503928368673 -0.028955696781498712 4.977016871929523
4.067022448928089 5.535611371791256 0.008391806462016132 -0.028802388517344603 4.995898603545147
4.520333120471606 5.306138560600059 0.009376859507402163 -0.0284969209876864 5.030277936535491
2.4410830940558443 4.700553915221985 0.008539528414196165 -0.028758936949462098 5.001031272978289
0.09300951815899228 5.306262769701469 0.00622612758822182 -0.02934681133028226 4.9214460438977845
6.795850860478642 1.2191436516477054 0.00672350241064227 -0.029236869109637707 4.938425614623174
2.843288697341802 4.165049778189984 0.00871852519061268 -0.028705179297483095 5.007261115502188
1.164399620264057 3.9636410085170506 0.008050990387079333 -0.028899507846798296 4.984085747012592
0.22855069043528078 0.17484608434625432 0.006281632742472151 -0.029334980656013768 4.923337776778419
6.361850023523437 3.1567043573119036 0.007182478551940636 -0.029127512798914238 4.954153243882214
2.357271977105661 4.6864859662728655 0.006287182065260835 -0.02933379180532688 4.9235269514462825
0.14131553633195565 2.4893328622513238 0.006405584541321032 -0.029308164164341458 4.927565094895188
1.2179158921121787 6.96663481422968 0.006156287191959206 -0.029361541649070795 4.91906681301248
2.7931790778004144 6.264766198633003 0.008719469981603386 -0.028704892322388483 5.007294029273726
6.929680698038815 2.973437112096437 0.007075330036060371 -0.0291537254031251 4.9504763008910935
3.8995523337563083 4.813073469392378 0.00949184464597159 -0.02845882789604555 5.034315631925551
1.7598537800771012 3.174162914570099 0.008840502345788497 -0.028667848162603832 5.011513182258852
6.6970462189758795 6.434678170736406 0.006690648093627534 -0.029244405073231325 4.937302030569393
0.08817294613739934 4.581728693129431 0.006796133814657192 -0.029220071272556353 4.940910567347871
3.633420619249298 6.2625273120115486 0.008781422810322171 -0.028686000303743173 5.009453006136411
2.478459024264395 5.408701735041579 0.008228694194052151 -0.028849412331289737 4.9902400870602825
4.42943856854287 4.63744721307247 0.009786901879686321 -0.02835871209341835 5.0447016705133185
3.248821444013408 3.7384103311861168 0.00789561819960129 -0.02894234291217843 4.978713449558462
5.897665783089932 5.055866028785577 0.008860038590120328 -0.028661816344774424 5.012194722740329
4.237645748060982 2.7041164031619704 0.0071559601836079095 -0.029134039092625283 4.953242922559129
3.33910623664859 5.4900804799374345 0.00838583545282431 -0.028804127547248412 4.995691300289253
1.009819486042444 6.085160436086844 0.0068432357173377305 -0.02920907607092277 4.942522841174167
6.81078353644061 1.09310193520216 0.006236687599720162 -0.029344568965713174 4.921805892697766
3.7068306877969706 4.2933905136195865 0.007842467588686345 -0.028956790259288132 4.976877477478274
6.970755119102122 5.692020016086933 0.00857988929201606 -0.028746921569739393 5.002434986347046
4.915201806875598 4.45792805423027 0.00825689296783281 -0.028841354311435394 4.991217670586241
4.313137427817933 3.47816527943072 0.00807299980708171 -0.028893367303152093 4.984847412490602
3.346475494494704 2.482711061787721 0.0060462948100257295 -0.029384389036872214 4.915322136500677
5.07143696949321 4.8044482989948 0.009150056421787829 -0.028570552453148313 5.022329384485441
1.3844033485272111 6.480048391772135 0.0072047656614143375 -0.02912200803111119 4.954918472782591
0.6109658631612807 5.853102291428524 0.00692205014910618 -0.029190498826386285 4.9452219835586
4.492677445099139 0.08050761777976773 0.006940249159021718 -0.02918617723530607 4.945845486318734
3.2404754062203986 6.038234460107952 0.008993079300937118 -0.02862035158217062 5.016839814796532
3.2350960125245463 2.597986831699921 0.007345559059624988 -0.029086814230877216 4.959755991157766
4.9499864185524824 4.295791467628731 0.0077219377018411485 -0.028989164840141295 4.972717404085333
5.80013172460418 3.4947016961864135 0.007102026374233297 -0.029147233511599254 4.951392112116295
4.705085257356846 3.3316904851154776 0.007883866348121802 -0.028945546313810567 4.978307428489973
0.40882080795052916 2.7506626907204144 0.008159607781867756 -0.02886902840149081 4.987846176957588
6.578081415529025 0.5887971259061135 0.00565092109266208 -0.029462978308455286 4.9018850776719045
6.802240882648972 5.046178712888787 0.008448950749782079 -0.02878567753636792 4.9978831907322565
3.5734152897249407 4.319853784566842 0.007957248254676981 -0.028925459377742647 4.980843477979638
1.591217839393151 2.5962079825414404 0.007991263566470674 -0.028916080415768635 4.982019632971151
5.7239834769092885 4.087534344115614 0.007281963774721666 -0.02910280061409282 4.957570197017254
3.3526158133069632 5.508112638565417 0.009101027521865968 -0.028586208178879517 5.020613790831976
2.7732758769235204 3.3295532522407982 0.0067805879745900825 -0.029223682634446402 4.94037857415232
0.23592576504685037 5.164579837731411 0.008136468667241598 -0.02887555848164665 4.987044747260482
3.5358395113898777 0.40163419365818415 0.007129988041396306 -0.029140406149014905 4.9523515493205075
6.438631027609751 5.851165923929686 0.009019994787875607 -0.02861188029519725 5.017780385662678
0.6488458496222825 2.5739909790864064 0.00876318503678895 -0.028691576952321707 5.008817295331208
3.9315310375637558 0.013309567340409629 0.006480862807307749 -0.029291610015034258 4.9301343274778
4.050302673646261 6.180262757759434 0.008246504408838614 -0.028844326392464172 4.990857492505473
6.979446009017198 4.200976091362478 0.007398686759636702 -0.029073345769497813 4.9615829354176935
1.1707486281589392 2.298573247071613 0.007095332887408011 -0.029148863635086467 4.951162474554829
5.941301437103442 2.053115969781629 0.0071987890454159745 -0.029123485991199592 4.954713251208709
1.1623076995651613 5.31238374699981 0.009428868214863306 -0.028479754988179593 5.032103549986101
1.1225173950651386 2.3321811802950196 0.008111074598534962 -0.02888270189675822 4.986165424825767
3.9642706386697686 4.974471649618285 0.007266943025772257 -0.029106554915691755 4.957054103049908
1.0855271264062811 6.015683046500007 0.006348825188551326 -0.02932051191103621 4.925628863725165
6.931539856788338 2.7579513713895882 0.006380958013351606 -0.029313535693120403 4.9267249102338555
4.609899250991943 5.0621816181488715 0.0072483962191805355 -0.02911117916281938 4.956416949912368
0.7379556229158553 3.3244901651237275 0.007122164828492454 -0.029142319196587375 4.9520830919753696
1.4422669247114117 2.7244760620895296 0.007957983160363336 -0.028925257198845675 4.98086888494881
3.95166360518292 4.0591803034774525 0.007439307954179841 -0.029062978119299414 4.962980381462278
0.7609028463217331 0.07683612845032028 0.007338153629887153 -0.029088683388977472 4.959501401854681
6.226096945195407 4.547549207344313 0.008394701588546872 -0.028801544841192957 4.995999121907679
5.0658851817033685 5.150113376043553 0.006745283246300977 -0.029231851701990608 4.939170656907282
5.790020755865554 4.3124066199787 0.008487878795934729 -0.028774223074577037 4.999235800441598
0.8776399991503293 5.1812363740785266 0.009188066453879193 -0.02855835140268254 5.023660060340122
4.978301367169207 2.7959558399668785 0.00815385324078638 -0.028870654258740264 4.987646849881401
5.156788369940415 6.774854184678657 0.0093362144071649 -0.02851026307390808 5.0288519726322
2.3541815415029914 4.957770871316594 0.0070458972350647365 -0.02916085273363773 4.94946685181552
0.05387104313560312 2.377424154520536 0.008113197102798784 -0.02888210575375586 4.986238912623934
6.234347926710184 0.435939150104968 0.006605174253944657 -0.029263828749413953 4.934380261331363
6.514942838902733 4.446158312867393 0.009001586325888971 -0.028617677117781043 5.017137065595779
3.2161168426541606 4.792269479802689 0.007545636239650891 -0.029035553615160622 4.966640651819718
5.013283013215019 6.013043316575953 0.007784615086056233 -0.028972396655470974 4.974880125660368
1.8740364806060505 0.5215502947974153 0.006307464478504438 -0.029329437291779135 4.924218437842363
3.5146367012279502 2.4505108259176174 0.00657585253613956 -0.029270431555119696 4.933378396262941
6.109877281688913 1.2760095730055556 0.007641581782817262 -0.0290104503215051 4.969946493713396
6.356864029784386 3.4722415058561733 0.00882718018080155 -0.028671953021300524 5.011048508002153
5.932546465998372 3.89041958893255 0.007459630124177176 -0.029057768641285387 4.963679690067271
3.9837998888204607 3.6396776152713786 0.009791452906700185 -0.028357141075501115 5.044862155695144
3.679371874905573 4.637864099722456 0.009139629819855624 -0.028573889597952984 5.021964463543272
3.870905665985216 1.368128037416747 0.006731411070673566 -0.02923504925594642 4.938696126014082
4.273444553217714 3.6078330056947396 0.009754150744860305 -0.02836999371248681 5.04354701236549
2.933815959416521 3.2064139271548524 0.006291137501263808 -0.029332943748287387 4.923661795696935
3.126019047561653 6.873184737224367 0.008821839586951465 -0.028673596675375345 5.010862247904799
5.162221076360043 4.153728232002347 0.005979907318029575 -0.029397971162442083 4.91306338188295
2.743847834968257 3.582959957298707 0.007087267042971742 -0.029150825817832442 4.950885771729806
3.8315191380595732 5.556101861478684 0.008558031624722238 -0.02875343622439332 5.001674724425919
2.6828864406026627 5.394415461984531 0.008714512234767336 -0.0287063978323664 5.0071213194527004
3.430146902283264 4.226061459304443 0.008550221298014204 -0.028755759697058677 5.001403104329867
4.832872911080929 1.7785721818030296 0.006968228498060318 -0.02917950979024185 4.946804246107961
6.887862642276836 5.643666267837387 0.006563862204388185 -0.029273122706021715 4.9329687753666684
3.2875671940637137 6.057269926379114 0.008895238496626653 -0.028650911540265715 5.013423067765226
1.8284250754036073 6.833498934467588 0.006564202872578389 -0.029273046316494522 4.932980412957852
4.458360020473612 4.689752642295368 0.009766253652347989 -0.028365829612369872 5.043973653122418
4.988027001546843 2.730728782896273 0.007544468233421212 -0.029035857126575377 4.966600425270557
3.819036266120004 4.579243601243417 0.009301608703413655 -0.028521572108293387 5.027638415348145
4.659452194938828 1.0386112862705683 0.0074317131940157 -0.029064921107787182 4.9627190694168775
3.7997990241736797 5.0672011187524335 0.008908093426515017 -0.028646917312417405 5.013871773411848
2.9773410357824086 1.711278661913937 0.007245527893979659 -0.02911189319741268 4.956318421096135
3.4982305151836774 3.8862181276939998 0.007724192388169927 -0.02898856415813894 4.97279518175502
3.989877008160347 1.9400705782020369 0.006747286333900108 -0.029231389414948527 4.93923918159254
1.4350585029363017 4.989768455714731 0.007928908008319201 -0.028933240706765142 4.97986384158788
6.450081726266708 4.691164211143113 0.008400768223995277 -0.02879977592355036 4.996209764141066
4.518834711906417 6.681588531420831 0.0076926708706992995 -0.02899694492313103 4.97170796134892
5.965262540986139 5.037335247847705 0.008783637351866989 -0.02868532228982075 5.009530206432434
2.435416019142744 5.610233419152184 0.008180580426067906 -0.028863092417352555 4.988572727203105
2.123853439465419 6.467260401752149 0.00649663581594886 -0.02928811573104235 4.930672841718318
4.83611427302319 1.3071773591688072 0.005325967755435912 -0.029523449450700318 4.890867287229456
6.885711404222512 5.400131068302113 0.007943358026881465 -0.02892927692246693 4.980363301993474
6.268094094551424 6.713934861644286 0.008122191877666657 -0.028879577543696265 4.986550356968408
6.565375200770209 4.412738411219451 0.009094009400021317 -0.02858844159852586 5.02036829315646
3.6334044128540604 6.620358504971608 0.0074323525803370915 -0.029064757613328836 4.96274106803567
4.163903965776815 5.97412277727258 0.007096435210667165 -0.029148595288637894 4.951200291752333
3.5971795536587705 4.064386723478619 0.009817934229012422 -0.028347983481630333 5.045796156655162
4.521352888151762 0.025693916692389872 0.007619821408595006 -0.02901617345035553 4.96919648029584
0.10983029295062958 2.8807933091058677 0.009002871342084494 -0.028617272888901795 5.017181968795491
2.618894622734065 0.8417975533747336 0.006213145553453117 -0.029349562557755535 4.921003698529678
1.0320750925720892 3.436237639856842 0.006982947526694908 -0.029175990880164215 4.947308706806725
3.9884876091113237 6.8937871555449455 0.008600462879760669 -0.028740773097706656 5.003150742544447
6.250586847013831 3.0498203406958386 0.00793556081598891 -0.02893141673917372 4.980093785319825
6.7570175018893295 2.338420402948538 0.008802911277403135 -0.028679413401291327 5.010202184593883
4.373907969222443 3.7603198408242577 0.00882222205838588 -0.028673478999809727 5.01087558673437
2.364349313295042 3.347811398843352 0.006626728780657639 -0.0292589553071808 4.935116881302056
2.9998321957351575 2.5643369898536466 0.008534779605663782 -0.028760346609224746 5.000866152405577
4.346073118989857 4.273786750328007 0.006802352417868892 -0.029218624224680963 4.941123392193987