300

3.6889987871230168 2.4776187531197644 0.006845781749391977 -0.02920847945785079 4.94261000784965
1.4793663867828766 5.9585807127858175 0.008350108116786333 -0.028814504931335867 4.994451169105216
0.06716343517477062 2.1016994897135226 0.007242399861175346 -0.029112671540943255 4.956210973910729
1.4407715145293705 1.75970979021636 0.008557719429783589 -0.028753529142717494 5.001663866786791
5.146174615187397 4.611025026884638 0.007721058217293891 -0.02898939909700024 4.972687065819343
3.9302486902897376 1.4520712239299107 0.007990771221467281 -0.028916216475987487 4.982002606325839
4.925147883917989 2.4531524906655284 0.008233409567259549 -0.028848066952531823 4.990403538679155
4.661525556143339 2.6343145171811155 0.006904349852424503 -0.029194690495282283 4.944615655263871
1.3232906637199582 5.470608189738705 0.007712662552677076 -0.028991633902706013 4.972397465440606
5.344050459396281 3.654505205574678 0.009013645683775887 -0.028613881097945246 5.017558488953256
5.20529602099602 2.101747113641355 0.0062951855754284185 -0.029332075251691923 4.923799802100996
6.162738688748892 5.570139978467955 0.00932587394286601 -0.02851364717467362 5.028489301460039
1.106503335345706 6.831936970856831 0.008867269493592032 -0.028659580103832853 5.012447016085619
3.9922431675409245 3.8723216718736477 0.007520907765766049 -0.029041968707008137 4.965789084073652
1.7003862649183779 4.4666831243226675 0.008944909937102105 -0.02863544283256559 5.015157212958138
1.6067376418252266 4.138545080283127 0.008718368581439257 -0.028705226863381048 5.007255659725653
5.318794382255156 1.6666780180014984 0.007452362561626316 -0.029059633381205457 4.963429590707696
6.874299635199339 1.4578892240423733 0.007696445055011416 -0.028995943397571847 4.97183812159498
6.007141957298446 3.0627675132759156 0.008417546549913814 -0.028794876455370214 4.996792398977839
4.101103657714098 2.2806549727545975 0.006555364115805755 -0.029275026922433497 4.932678481358176
5.543009860357594 6.506050883639333 0.0096011943254575 -0.028422122853946057 5.038160488361146
5.844427686500148 6.520079073963312 0.008433486980740893 -0.028790211832247323 4.997346029471217
0.7935615166569728 3.818557835660287 0.00879637573975146 -0.02868141861632914 5.009974310018375
0.529811824596478 6.682654079933895 0.006252140980196753 -0.02934128035999357 4.922332540272846
5.465663318240469 6.243831165841425 0.008301429596977779 -0.028828566850372935 4.99276220608738
3.1438752863929267 1.949855201946186 0.008696325273313762 -0.028711912627700793 5.006487829518927
1.7530735512527218 4.287675604452006 0.007307182292920662 -0.02909647894398954 4.958436823436417
3.390897461952086 1.74405738904825 0.006605147322852455 -0.029263834828050388 4.934379341045448
4.5609725062736866 3.336506698099932 0.008297639723237998 -0.028829657906803936 4.992630746135212
4.775688861080898 3.178047961647823 0.008155553339830071 -0.028870174050760183 4.987705737122647
1.0448762482189589 1.5559970988013365 0.0083089094031525 -0.028826411926048026 4.993021673917965
2.7822815052989 4.576834018616135 0.009008598439914561 -0.0286154705386504 5.017382102406706
4.966298653611806 2.163780424350892 0.006862866597789353 -0.02920446989864646 4.943194975672656
5.435848510588761 3.481135596897787 0.008905749420209148 -0.02864764610337897 5.013789950419759
0.9461038946196574 3.785821911342766 0.008452406789107829 -0.02878466292092794 4.9980032539208405
5.4437040620031345 2.0930410940557937 0.00719725810690872 -0.02912386436828974 4.9546606844053285
0.02683505792451707 2.269871435567989 0.00788654867310836 -0.028944815598422678 4.9784000976285325
1.6736025206645262 1.4077883343736493 0.009802608702503155 -0.028353286628283667 5.045255585831744
4.641398127754472 5.980850579417321 0.008274328884750916 -0.02883635693888839 4.991822268653988
5.173240903876892 4.834013335439457 0.008588343593848503 -0.028744396920339123 5.002729093422463
3.0438233988766448 0.34285288800431485 0.006911178687235815 -0.029193074677962536 4.944849568473597
0.9398530856350744 4.683275281622637 0.008993528034368205 -0.02862021057740549 5.0168554936583085
5.499955056718262 1.5835490023229626 0.006787774930551884 -0.029222014158715538 4.940624510339924
3.616820372750738 5.291616762206944 0.00764789094431805 -0.029008787704828648 4.970163978867994
6.529382994954806 1.9165406059307495 0.007863042234171459 -0.02895121010983195 4.977588075132767
0.13531954489874676 6.4857607442697205 0.006922781849851095 -0.029190325305816178 4.945247050033963
6.044301861039712 1.727981931949723 0.00846363653375509 -0.02878136300845542 4.998393405727345
0.6870313397107773 0.54858862386852 0.006683202779369017 -0.029246107443723756 4.937047448624461
0.9893915697297616 3.401959214912536 0.009115394881530826 -0.02858163004717823 5.021116428671999
5.183972957971276 6.104980004920233 0.010124350794131036 -0.028239998601228333 5.056625790761144
0.7983456208049523 4.478406164140188 0.007800847752150974 -0.02896803021173102 4.9754404482726695
3.8869197254727155 6.473002019144963 0.007652703360097191 -0.029007518530242415 4.9703298775982105
0.7571892286886069 1.083052273443766 0.009050073196633177 -0.02860238058511182 5.018831816041182
6.78301956895999 4.1845937999500515 0.010069448204669438 -0.028259621597846625 5.054682323814384
5.370255190724481 5.085191784499673 0.009963168795578924 -0.028297266079089733 5.0509240093682815
1.4677436310737777 1.9913863457233436 0.007491129368853485 -0.029049664039005697 4.964763862612432
3.440466114343954 1.9072853732239683 0.007809519523249418 -0.02896569358423834 4.975739816946578
5.0082195099931655 5.372903027948274 0.008378918493577596 -0.028806140402316712 4.995451170900529
3.537160443896643 4.177014723435048 0.009725800900108581 -0.028379725101759658 5.042547894026731
6.77416991452328 5.061244549154935 0.010663956537017705 -0.02804068528008182 5.075800725112988
4.692257456021615 0.8220473896184484 0.0078008167042303055 -0.028968038572657992 4.975439376473311
0.28454957022541694 0.44142900239691046 0.00879679373431505 -0.028681290417202562 5.009988883756981
6.277015926514042 1.675065582779261 0.008312134232949756 -0.028825482207474426 4.993133546384337
5.357889570568666 2.188114463384572 0.0084470211259287 -0.02878624383447959 4.997816157226801
5.353820807224177 5.191001843584854 0.008603493767200552 -0.02873986595302318 5.003256200225055
4.905516772142346 5.908512973218687 0.009311239461820137 -0.02851842947437049 5.027976099711671
0.19409052449112435 3.2582694368425766 0.008122273736133783 -0.028879554521413782 4.986553191445458
1.7947985229181656 6.122511319365514 0.007354595766879463 -0.02908453061518784 4.960066683895082
3.2178566784168434 4.020054630657326 0.008607909310667516 -0.028738543757457918 5.003409842035277
5.285035034248511 3.748875267677027 0.009136925356808219 -0.028574754505054194 5.0218698169217175
0.9016309229960086 0.9257737577054422 0.006898991653142038 -0.029195957154542415 4.94443212589802
1.8365975035789268 1.6275602159426892 0.007905078534090374 -0.02893976042350495 4.979040332441414
2.3752991040406775 5.046863622717132 0.008188499960466267 -0.028860846633413994 4.988847120616962
4.309015954855559 3.1639141973083187 0.008227112826009457 -0.028849863336731955 4.990185272921838
2.365448244807094 2.846278187540967 0.006638230782498171 -0.029256347893718615 4.935510009289548
4.812023215552538 2.9012526865104804 0.007133450099505181 -0.029139558844942546 4.952470357151129
5.977709128479373 1.8823144313341629 0.008974842481709808 -0.02862607556806376 5.016202680934446
1.723200632606552 4.245623895012189 0.007138054020645404 -0.029138431405934462 4.952628355774994
0.48762140348065197 3.767984912664878 0.009559902939977664 -0.028436037976100087 5.036708053825166
5.567288776478009 6.740908017490559 0.007250308685414074 -0.02911070291089188 4.956482645701124
4.366197846039371 4.2820550249326335 0.007366282781732421 -0.029081572825064884 4.9604685335636844
4.763614225668174 4.872874621545966 0.010546525118203294 -0.028085063787200253 5.071616148536027
1.2494279049961348 6.309528721791096 0.006601714070228368 -0.029264609536690366 4.934262021931386
5.035534901135242 2.262163655926594 0.006924196207240306 -0.02918998984041685 4.945295503262946
2.1506650283682602 1.088059607782842 0.008760735860418853 -0.02869232488286669 5.00873193423549
0.15361007427355294 5.5057764218868 0.010123957574477342 -0.02824013957171924 5.0566118665865085
6.107271590868555 1.215536255563488 0.007975689308258888 -0.028920380012339476 4.981481071042566
2.0488370994251426 4.952184723807878 0.007251328825507309 -0.02911044881592118 4.956517689325748
1.4313560056912082 0.9219422675430706 0.009724250987668067 -0.02838025621323452 5.04249328116731
4.983663973993645 2.9568015328136257 0.007377206631122452 -0.029078803660428032 4.960844179318464
5.439580219898345 2.807442964844338 0.008141177264292107 -0.02887423129282186 4.987207816149857
1.751544766215756 3.8512901026542656 0.007402330821962423 -0.02907241817259488 4.961708277732383
6.950929093830021 0.044321780632916086 0.00790007648654784 -0.028941126299898798 4.978867493087588
4.430999057447546 6.402956680099132 0.007450741167844407 -0.029060049140526043 4.963373795709818
5.420433232335834 6.153489401022098 0.010252859425098411 -0.028193596322732058 5.061180113731879
1.3903487361878129 2.4402322118958963 0.0076041664108199136 -0.02902028003304858 4.968656991872417
3.9328633713848395 1.4888731456900854 0.00804418277822922 -0.0289014034854787 4.983850193327997
0.8864211176941421 4.360191543227931 0.008919787521476139 -0.028643278279060838 5.014280014112651
4.118775989062238 5.019753695687868 0.007368781569756617 -0.029080939774656787 4.960554457912925
0.737863955300301 1.5962539386599433 0.006298425451959185 -0.02933137972932935 4.923910258484055
2.842754724392475 1.4771875483234054 0.006508242184928321 -0.02928553881461496 4.931069141690296
2.5524060320236477 2.550028968911655 0.008301567450715554 -0.028828527153866534 4.9927669879356555
2.891152373787663 5.815673383528966 0.009766389836467253 -0.02836578272429917 5.043978454118323
2.573130742478796 5.464615802311493 0.007687754074342309 -0.028998248865964873 4.971538402596756
3.802176619748673 2.9505288070967324 0.006378027441578135 -0.029314173465313266 4.926624937991614
4.325060665134153 5.252756502399796 0.010015992806916466 -0.028278611848741753 5.0527913775089885
5.546398314128914 5.16837411638542 0.008842697096778386 -0.02866717126007774 5.011589741088375
4.834149622530723 4.290378576765404 0.00821558470804215 -0.028853148318770762 4.98978570563815
1.0217072921764039 3.2156438502935063 0.008998846716865624 -0.028618538707739023 5.017041335681363
4.873261799152736 1.30259586739548 0.007713529566124806 -0.028991403236692744 4.972427371202375
4.1890072087950365 1.857673362158622 0.008234893810618364 -0.028847643299372644 4.99045498941447
1.9989481283471824 0.5302343265400926 0.007747856621981653 -0.028982248321433157 4.973611600621174
3.0806740384435978 4.036989079398371 0.007395634239982021 -0.029074122414759238 4.961477943068166
0.37066847772225064 1.9854874105601776 0.0066919691164987385 -0.029244102813111347 4.937347202618355
3.33605774293293 2.258658515107785 0.006801664394359053 -0.02921878439405904 4.9410998448284875
4.139415770957303 4.193641773355854 0.007378884384559283 -0.02907837796781841 4.960901876524188
1.4750149214852264 6.06213561459744 0.007966312345966663 -0.028922964364091367 4.981156851815232
2.317972483388327 4.086755077724864 0.007221055109907002 -0.02911797319697382 4.955477863349841
2.9395474407228983 2.1004108875473 0.008238530356066151 -0.02884660495746729 4.9905810520828595
2.1110744549680995 3.681024255062485 0.008026817784140801 -0.028906231097467566 4.983249407854196
0.3971331464523912 1.711206053226594 0.008799440860276522 -0.028680478387685518 5.010081179584489
2.291293641883234 3.8238119424066572 0.006420609218915311 -0.02930487633923712 4.928077768427771
4.990688518723154 1.2462623386793215 0.007981515412552737 -0.02891877265236516 4.981682529881631
1.876044070844878 4.273162535659228 0.007940868752798784 -0.028929960308490293 4.98027725612767
4.6397698963529965 1.5260505181010968 0.006489785913299592 -0.02928963432341787 4.930438967846014
2.412618660367728 5.572462956465802 0.010309856034561015 -0.02817280370404454 5.0632024742164745
5.05978917699685 1.7586121630995402 0.008452203111048587 -0.02878472272872505 4.997996178005163
3.9452687380327216 3.4932983148083805 0.006428588885506275 -0.02930312687992777 4.928350074805854
4.906788526837589 4.11091771495177 0.009281687142313217 -0.028528061339534054 5.026940021367791
5.837781230491386 2.353148483542876 0.008524986509059581 -0.02876325094665678 5.000525662696113
4.119800774440437 4.045338530866716 0.009647799668387008 -0.028406336644464937 5.039800699371346
4.667262506968996 0.24356749293571395 0.007048670590488342 -0.02916018249097191 4.94956195833792
4.887899615915851 0.632436125466141 0.008869492719279028 -0.02865889214367255 5.012524590577705
4.333456322589081 4.373596581592704 0.007407837455949739 -0.029071015534828295 4.961897693238821
4.3144038289201525 3.0282759846501888 0.0080684811744866 -0.02889462945837782 4.984691025945328
5.191109566249319 5.602756280384402 0.010142863025286596 -0.02823335491312136 5.057281400153555
0.022216976771125805 0.21209204551034377 0.0067770423726689144 -0.02922450507158419 4.940257249537957
1.4325079372153855 4.458975414662648 0.006981027555433448 -0.029176450337048864 4.94724290077631
4.819422851202511 3.963231451948954 0.008497586364459905 -0.028771357736098326 4.999573187545746
4.043409884751703 0.5401308972000254 0.007014298315787871 -0.029168469605674128 4.9483833859044335
5.309378416401695 3.9577535335908367 0.008736532392836007 -0.02869970386169389 5.007888490758149
0.7632171923989759 1.7209274919117168 0.007297570359069276 -0.02909889116194006 4.958106490155728
1.8733150077689198 2.3999227552945657 0.007465917143285098 -0.0290561539300989 4.963896058841058
5.055940958287114 0.30188430048930964 0.006856498827038726 -0.02920596555217472 4.942976940293318
3.630078742063499 2.4783824106643784 0.006080305810629822 -0.029377370223510835 4.916479725968189
3.678327295343648 2.8583156326589982 0.008063439706846505 -0.028896036754095727 4.984516552524006
1.0755185304856774 3.1625116451606785 0.008612839180978292 -0.028737066677770106 5.003581388549053
1.402534008882425 0.8775681909412918 0.008505083710337924 -0.028769142341754723 4.999833781243244
5.444672765748272 5.108837076515805 0.00853074736131746 -0.028761542890766052 5.000725953800324
5.264827777550659 5.589253112196279 0.010564051371070875 -0.028078476073843027 5.072240263481133
5.050226183721236 2.2339375048281944 0.008622683090044447 -0.0287341145039944 5.003923957077052
1.4726867073930658 2.011876986638593 0.007800833700281044 -0.028968033995778165 4.975439963190705
3.9737295117982927 5.36086295605857 0.006707193193776845 -0.029240614895404533 4.937867819884907
3.038714332323402 6.425121483285418 0.008175537765738167 -0.028864521167706714 4.988398021892986
6.117594412785441 5.161357399815477 0.01079507929577475 -0.02799046735940533 5.080481068572643
3.774029637540103 1.2004472914929334 0.00796155490203219 -0.02892427429585619 4.980992368806744
1.0697759218840799 0.9509792252555093 0.009501391387200726 -0.028455642001318962 5.03465110869119
1.978914233187133 6.640045092389661 0.008579778166857507 -0.028746954736241455 5.002431120712453
3.494124325927683 2.2024653234619938 0.00850835547000545 -0.028768174902068924 4.999947507771373
1.179290441285528 0.2157112770928857 0.00684338907218045 -0.02920904014182529 4.942528091423668
4.357806501204411 2.198653932359129 0.0061435201634879606 -0.02936421563741856 4.918632011356102
4.798886815007546 5.917804827962685 0.009223514300281104 -0.02854692249529728 5.02490155134189
3.304639214223702 1.6689858267292 0.007246455930356411 -0.029111662206912924 4.956350299478355
4.42510664565282 1.8842462961019408 0.006368832782110053 -0.02931617248198544 4.926311289513368
2.27123320410949 1.2285765475755472 0.008764966744586707 -0.028691032709999984 5.00887939455631
3.158118854535065 0.1566271070210521 0.007816878488939792 -0.02896370851063707 4.97599388363412
1.425733356827514 3.1664690975188723 0.007519474402571909 -0.029042339862846208 4.965739729498238
0.6347097446785914 4.343110466876913 0.010074764098751791 -0.028257726878758348 5.054870439294319
4.978393518667969 2.272621389153281 0.007472949030245138 -0.029054346194525838 4.964138076614461
5.413796495886245 2.0378943958514544 0.006248031751124897 -0.029342155667860106 4.922192492949673
3.3493297734292695 1.4364905085089683 0.006896579018823176 -0.029196527153706617 4.944349490800504
0.9859086995046534 2.0376142678284426 0.0070395350161331395 -0.02916238924979631 4.949248680853481
0.6889387539499737 4.951329655179763 0.010141933152851206 -0.02823368895350194 5.057248465104308
3.7554425949694723 0.9022204175457897 0.006520536525567136 -0.0292828038858772 4.931488970556586
2.097072637528164 0.7086589397943899 0.009660675479078087 -0.028401960307132663 5.040254006763453
1.1465172544049191 3.9136954717921943 0.007509851032050186 -0.029044829789076312 4.965408387121209
0.2820182217946849 6.896231608917196 0.007584191803664693 -0.029025506622369662 4.9679687556534695
3.2799584670275834 1.4263324646107496 0.008382041911192472 -0.028805231701880353 4.995559601493231
1.048595012927026 6.224824491906093 0.0066320338261766296 -0.029257753285726655 4.935298198591836
2.124960507152651 3.7024060861828985 0.008515161538677363 -0.028766161091988443 5.000184099313539
3.698661823189473 3.000360328151224 0.0067017366322904585 -0.029241865982037058 4.937681214891798
0.8216871605662365 6.705268214784223 0.006154276666315541 -0.02936196312773456 4.918998338705624
4.803032110842833 1.5478506669476673 0.0068298772586000535 -0.02921220252963576 4.942065526345569
2.671373014237585 6.911439508682943 0.007203587312410386 -0.02912229952858256 4.954878010493548
0.5989309138212855 3.1688872604369136 0.00902758669946948 -0.02860948581124033 5.018045737997511
0.9892481267170393 1.3156407806804016 0.008855447314275375 -0.028663235212796425 5.0120345388168825
4.559602611138111 3.0037324391182967 0.008502248260106827 -0.028769980440096068 4.999735223945471
3.3945675345318906 2.146463006061136 0.006594861345954418 -0.02926615457875592 4.9340278639002655
5.369567743996281 1.3822219079837372 0.007707825967843283 -0.02899292015043398 4.972230642227027
4.17221579686531 0.4782291587521137 0.008112687127661463 -0.028882249004685837 4.98622125553629
6.789751847196056 1.787096469562122 0.006995350313565852 -0.029173019624140626 4.94773383095457
5.155298638263836 6.442453523178656 0.009003857912373354 -0.028616962499430153 5.01721644362623
4.2503380236979895 2.226461554389843 0.006352673323333422 -0.029319678402857832 4.925760109369354
1.8878455514152983 2.812849703659413 0.007628529877127601 -0.029013885157175547 4.969496616765669
0.7103645894533005 4.82724878099738 0.008378818889430392 -0.02880616937425253 4.995447713162154
4.626844979980372 1.0327463123336917 0.0066050366869961265 -0.029263859799476814 4.934375560412808
0.8644109896904622 2.4238702598514896 0.007563872359478652 -0.02903080837540551 4.967268764847745
5.825018439026122 1.1942055605422766 0.00688060342503975 -0.02920029617156873 4.943802351676313
5.229690413528903 0.2159190111173908 0.007446620472727686 -0.029061105339184067 4.9632319989700004
4.218167776328205 6.2085730233151635 0.00960796999348534 -0.028419833085440264 5.038398892120614
5.968068848584188 1.5371799568807445 0.008035487306284634 -0.028903822303469457 4.9835493391488
2.275309617038029 3.211796309560717 0.00787916503054225 -0.02894682639636822 4.978145012705332
1.4972238896228938 2.5827600257126133 0.007151231680941266 -0.0291352001099272 4.953080624141611
5.389620983325122 3.8135878357132067 0.009457368351350737 -0.0284703035436377 5.033104431630228
4.169773790718109 2.780584778435124 0.006197313706424759 -0.029352909614281168 4.920464305687819
4.120646981824261 6.327785693090396 0.007876605147036081 -0.028947523060836908 4.978056579774364
5.863243118904117 1.0330179603984808 0.007091201774453187 -0.029149868908693085 4.951020752333173
6.722546665587443 0.23473773318753924 0.0060863067517582855 -0.029376127554929722 4.9166840011631825
5.62968073005128 0.07282966197737534 0.008611831840953418 -0.028737368570263017 5.003546335050209
1.3128011216583586 6.48566268655271 0.0072960929372700555 -0.029099261637552214 4.958055718035727
0.4899081463211612 4.326127456181144 0.008011904615770088 -0.028910368112976387 4.982733529430226
0.7103845177555997 1.781887433806125 0.007639862918874978 -0.02901090302939223 4.969887244356306
4.485718537386402 1.0566419011923636 0.0066309103000505645 -0.02925800793958268 4.935259797788278
2.5313907090594108 6.3420236139765755 0.007349290872535499 -0.02908587154738304 4.959884292364955
6.647788723769811 0.8279691050118156 0.006256505438621191 -0.029340350026823187 4.922481290687162
4.298906596921508 2.2546556771608905 0.0076962385488667 -0.028995998210079577 4.971830999703939
3.684132025100701 0.06665608171393787 0.007057277923074817 -0.02915810056084725 4.949857143040678
1.1187017194825786 1.8935425493584106 0.009322351503333645 -0.028514799007678327 5.028365768740363
4.4369049499953706 4.136200013461396 0.007846934779509268 -0.028955580024688295 4.977031751627031
0.328316237527871 2.581976697236206 0.008475969148192831 -0.0287777335278316 4.998821925804663
1.5790494398495956 6.316076079230948 0.009429738105289898 -0.02847946697650157 5.032134094308742
4.814861780037797 3.742842507148418 0.007762816002836762 -0.028978245076368953 4.974127792932384
4.974377138193005 2.920535253187422 0.007263473319029338 -0.02910742096689002 4.956934897766771
0.892029812031053 0.9377940114391946 0.007173852184681679 -0.029129638597695264 4.953857095959114
2.123046258823647 6.048397313204225 0.009869258105875077 -0.028330156096280496 5.047607220434479
6.8397772795284455 5.7887031371618 0.008025035241881084 -0.02890672602296162 4.983187742014981
2.0988846997853083 2.056045039135166 0.006101009839013042 -0.029373077451031 4.91718453855586
2.0766446513219576 6.081526662385678 0.007865451614690199 -0.02895055562328584 4.977671298173959
4.870913302839608 1.7099277464046403 0.008774193700360956 -0.02868821229893118 5.009201007560918
1.9938837131462612 2.751790721652907 0.007012713298015098 -0.02916885071784355 4.948329046151986
0.8433692666265297 6.49479258519789 0.006994672124926796 -0.029173182237540903 4.9477105839010385
5.514898827757822 1.797118760278975 0.006807224028491274 -0.02921748964277956 4.941290125068187
1.6810120278302705 0.07156859316799244 0.007834857901631371 -0.02895885014397575 4.9766146922631505
2.375495491287726 6.468912062236016 0.009675155998972503 -0.02839703076723949 5.040763893270476
4.87487641217238 0.7996518955337301 0.007632390487144389 -0.029012869824471824 4.969629679867761
1.6735889165165094 3.8143124076294974 0.008028053574762661 -0.028905887908880094 4.983292159811499
0.15002051839936667 1.2874992480772558 0.008783559524757708 -0.02868534612088615 5.009527493300046
5.963618293734724 1.8828020290833478 0.007973491606023507 -0.028920986006854478 4.981405080367187
6.694464344869715 1.04718460966568 0.008225110224497026 -0.028850434343262052 4.990115859016117
1.80598091361271 1.922828920106217 0.009387736519813027 -0.028493339625859388 5.030659651311374
5.8865562872307144 6.533014882117419 0.009276512097545401 -0.028529744536257135 5.026758624811292
6.107648630124025 3.523894291266999 0.00826928963923237 -0.02883780242775937 4.991647519838883
3.280047045243999 1.6991678024069239 0.007871323443539507 -0.02894895969196795 4.977874126428986
0.9511027708191315 6.1102546596076115 0.008112211807800706 -0.028882382512275172 4.986204798411983
0.12903124466405752 4.168920179433678 0.009695258744016144 -0.028390173614942518 5.041471895871506
0.418871395958539 1.1806092116058884 0.007209874698898785 -0.029120743582988724 4.95509391220912
4.112361585853967 1.5248676101155452 0.008535475810798589 -0.028760139997629917 5.000890359611596
5.938488400967968 2.754498053314376 0.007562932710456837 -0.029031053181328127 4.967236397679468
2.7889231790821998 4.260591914983788 0.006186447289945285 -0.029355201752478702 4.920094121190229
4.389016010942325 6.177331629076694 0.0080160692200695 -0.02890921365687857 4.982877584581257
0.0186807143376869 5.013228938826369 0.008352935277958815 -0.028813685502591144 4.994549286403327
0.29025995324428505 0.21555637276623385 0.008444683705786056 -0.02878692962282069 4.997734958988072
6.846229807273759 0.6283113600600666 0.008194640269196092 -0.02885910377781108 4.989059882709198
4.892706693499653 0.375367366767995 0.007338806010880414 -0.029088518806131492 4.95952382923065
4.599530742844809 1.3765900189732627 0.008226709793084425 -0.028849978266549333 4.99017130293808
4.753910709049128 5.09765855672579 0.009440887531518305 -0.028475772906406283 5.032525609684988
5.198552349368586 0.3487128824467478 0.009340529526248212 -0.028508849646544585 5.029003329567417
3.8313998453849325 6.939509751826131 0.008655983600735821 -0.028724100471621255 5.005083077908671
4.041007286298287 3.611278593297572 0.008259433865667845 -0.028840626765357563 4.991305770813938
6.076929571974696 0.8918501387256457 0.008414568804436029 -0.02879574676641347 4.996688988203357
3.6544616400528334 0.3197640489855452 0.008255150066040872 -0.028841853223868008 4.991157240458796
4.746166085768422 2.2936576767232535 0.006953123257699401 -0.029183112873085344 4.946286612069793
3.620115929425964 2.13864546949126 0.005973969473815037 -0.02939917836821169 4.912861404602019
4.35469114641607 0.9665489143080765 0.006172100509760231 -0.029358221596299347 4.919605415913608
5.709885790619096 5.5077334517914505 0.008136450686541221 -0.028875563548188682 4.987044124564342
0.7771716391759885 2.37454953455732 0.007785141306240745 -0.028972255259849276 4.974898288516373
4.21991055356424 2.8001876110016024 0.009298528137821884 -0.028522576574884228 5.027530408982553
2.7634722935318963 3.577592958034308 0.008433196004724851 -0.02879029706595423 4.997335922717331
5.3628131829760175 1.4243624520185212 0.009066035871225333 -0.028597324937512172 5.019389954375353
5.932429156503153 6.478426974833444 0.00953288467635552 -0.028445106956158664 5.03575806374946
4.737259181227247 1.317674262340382 0.00771834771631515 -0.028990120878155244 4.972593567253714
5.546141634905581 4.772409121592601 0.009646818169153169 -0.028406669977512258 5.03976614745121
4.718424168867136 1.8062469487749726 0.006673869306460094 -0.029248238724413643 4.936728324693991
3.79513371060407 5.423746229631623 0.007639239793944589 -0.029011067118784397 4.969865765425867
4.423615122593754 0.6271328850851454 0.008114283181964776 -0.028881800644054094 4.986276516700029
4.862850431306856 5.667177391489067 0.008384666570917632 -0.028804467821755296 4.995650720167518
2.374427746698469 1.7341428435221655 0.006403167732110302 -0.02930869227711229 4.927482633659425
0.3564634949021107 1.4263330401039744 0.008335430375788813 -0.028818754318158463 4.993941819439022
5.438898085111164 3.4211537421623266 0.008466190540363868 -0.02878061183738548 4.998482145094399
6.870982508596039 1.772560887805177 0.007522084132464198 -0.02904166404158223 4.965829590035222
3.372699824798313 2.3545385664419842 0.008630996640227411 -0.028731618419371767 5.004213296469487
3.049665979989413 3.209965048826249 0.00730759522570997 -0.029096375238458497 4.958451015309117
5.7168973077101475 5.038394211569709 0.010070946833263221 -0.028259087562792707 5.054735355053621
0.7754046034193138 2.1309240179504556 0.006890413931477049 -0.029197982736019742 4.944138337822772
0.15054815029523885 3.4437537348798513 0.008723102051201631 -0.0287037887848333 5.007420563084409
0.4766946555891178 1.1494256074164584 0.0070542113324556606 -0.029158842612097176 4.949751973240977
4.534867752693142 3.354658197308195 0.008911278405706848 -0.028645926711767987 5.013982955855059
5.067901539662495 2.7088047294405357 0.006840761150043672 -0.029209655713274902 4.942438122892308
4.505963114724331 0.801059349594364 0.008352703876683203 -0.02881375258359177 4.994541255462397
5.41593686617605 3.7578657547272862 0.008607412723847328 -0.028738692492897986 5.003392562609452
1.036341317293069 6.62207961696479 0.006473522821785746 -0.02929323304580461 4.929883751216087
3.510745793012509 4.573027724248249 0.007381455653006236 -0.02907772536569362 4.960990302959176
1.9761343707597234 0.18535324429779731 0.010445496755302082 -0.028122794980850917 5.068021339684762
4.893793197921495 3.629234049505043 0.009688898737270323 -0.0283923447650757 5.041247883027389
0.16294065782720535 6.7869377436328095 0.007955835894571961 -0.028925847873807264 4.980794650730201
0.6633564541496079 6.074515651772539 0.006469619864555611 -0.029294095289121788 4.929750515674025
5.3098581858924945 0.5038005262916222 0.008961162775637735 -0.02863036083790291 5.015724841003411
3.279978395118491 0.08632513472345807 0.007473812487819216 -0.029054124094470953 4.9641677954341
3.869625305978745 6.290080648208417 0.009525115849653576 -0.02844770936386053 5.0354849597916616
5.273045493477039 1.015229033842929 0.009457706133904035 -0.02847019133558315 5.033116296035482