300

2.7691886703921584 5.707567841299171 0.006532894542747409 -0.029280049332153474 4.931911013415421
0.5846795257314509 2.195127216995182 0.006946582190858418 -0.02918467056291108 4.94606247928871
6.197503695062274 5.345781883605875 0.008461418523544352 -0.02878201515824457 4.998316342487477
0.5362634697054957 4.994184982551599 0.0064851872919946835 -0.029290652874044146 4.930281965498791
4.286302222026417 0.8561978976662715 0.007633408630770415 -0.029012601963210396 4.96966477285691
3.021103061709572 4.685271985958827 0.008996932078319933 -0.028619140678540607 5.0169744343476435
4.014708692164509 5.685787761354188 0.009004582215274965 -0.028616734599327606 5.017241753991916
3.74185463126259 5.864243539886311 0.00802811414130077 -0.028905871087622433 4.9832942551131865
0.40417947850769004 1.7007543888485848 0.006894195606413007 -0.029197090042340102 4.944267858165867
4.449285475146209 6.890951251634027 0.007928647282133109 -0.028933312155291227 4.979854830296445
4.295968053398661 5.334414148832359 0.007504343580792204 -0.02904625324239639 4.965218772779245
5.285918803306674 1.8102249602181324 0.005968112393606923 -0.0294003679306446 4.912662182650238
0.20795398882810437 3.067799904140535 0.0075966287079572295 -0.029022254086708013 4.968397261557929
3.1114413516466417 0.11263376482663533 0.0065735108951219005 -0.029270957526389765 4.933298396759918
0.81496899075089 0.705961025491774 0.00831839243037767 -0.02882367685383382 4.993350659608718
0.7045532253144822 0.37355202201453913 0.00694210608169907 -0.029185735610918508 4.945909110160619
4.409433061711597 4.899225347388808 0.00960376049018809 -0.028421255856261915 5.038250777319581
5.988017173583465 4.697078522416284 0.007995437614652804 -0.02891492654927892 4.982163986265134
5.081093680100161 6.2903453934823155 0.008710989745889007 -0.028707466931915403 5.006998614287724
3.18485901144031 5.511745252467697 0.006554990273633228 -0.029275110631944226 4.932665711373744
4.620999165857408 2.734655043534551 0.006012787906202702 -0.029391263695102025 4.914181973911723
4.94465391230489 2.755132744431194 0.007731435626658307 -0.028986633180672065 4.973045055452159
6.905856126003282 0.05684966311061154 0.006555453657690343 -0.029275006871764767 4.932681540003193
6.618699043150938 2.914821465018235 0.008829684607238668 -0.028671181868501556 5.011135856782101
4.55093819719017 2.47498957606378 0.005743881083884953 -0.029444996690340935 4.9050411839227195
2.2222381048417037 5.1792547016563 0.006882875615751535 -0.029199760671246824 4.943880166350937
0.8503743976007935 0.5220880551305829 0.005818425769059737 -0.029430357143091918 4.907573470881062
2.4844494582477257 4.977298234074053 0.0071808946796115625 -0.029127903316241734 4.954098867055669
3.658813113394476 6.571107469330669 0.00935552475523628 -0.028503932299845245 5.0295293599813125
3.8734558889288007 6.412633044572318 0.0076796381916068145 -0.029000399260113885 4.9712585380500895
0.15832998540118565 4.795458855460553 0.008320456139311053 -0.028823081196044965 4.993422258047289
1.8864576326558467 0.8130311898332745 0.0071616743329261665 -0.029132634977789198 4.9534390603820295
4.064994072759485 5.398777969413241 0.008545051915570975 -0.02875729625260686 5.001223340540795
4.52923770847068 6.714516619774154 0.006801032165953145 -0.029218931559481614 4.941078207144825
0.04258225793517066 0.019889899332710795 0.00832487576062031 -0.02882180500194664 4.993575597626637
4.543069779449413 5.32773647020158 0.006849652879216292 -0.029207571885287623 4.942742544360751
6.148490769175935 5.51121532715434 0.00900616831595803 -0.028616235466333333 5.017297180110143
0.7640789778032158 4.64029821676664 0.007399609437136413 -0.02907311094770977 4.961614671745295
3.750330347645233 2.218477361120997 0.005400939268456811 -0.02950982641457657 4.893407260545036
4.314992080992035 1.0792795806251902 0.006610851968112751 -0.029262546646792377 4.934574283739614
2.1541224491718496 3.580377402117149 0.007889836821866928 -0.028943919481029392 4.978513699998683
0.041801987714811514 0.9188543999779673 0.007556294753650251 -0.029032781637245125 4.967007754263187
4.5970132206509655 4.818259145338511 0.008105251537242453 -0.028884336542805145 4.985963819847216
2.7973240700352124 1.54802851799354 0.00826429508540245 -0.028839234156637947 4.991474329463191
5.6465486186530605 5.156956368964523 0.0077992886229289815 -0.02896845002716318 4.9753866262518915
6.234239245110646 2.7204126635976897 0.006519716269120722 -0.029282986524092152 4.931460959103463
5.136734223063044 4.961616485847014 0.006777771113841323 -0.029224336069932848 4.940282185572895
6.773817630421632 3.779979181628001 0.0072918132480147245 -0.029100334354712782 4.957908648655788
0.10066407012015564 6.640490097798505 0.008445374964453382 -0.02878672683216666 4.997758972007563
4.287765926663956 2.341201749583619 0.007632813812497573 -0.029012758457336425 4.969644270846461
6.909963820805459 0.7173627444569488 0.008102414971528065 -0.028885132363019525 4.985865616911796
3.0161899316632703 2.7159503331885517 0.006645456144169663 -0.02925470752948861 4.935756983526552
6.852841566925003 4.317568910792451 0.008161254092897217 -0.028868563033707936 4.987903204311452
5.926404659428955 0.43044867368707734 0.006667781089868503 -0.029249627268353215 4.936520172944649
4.497364601747517 1.3259545848559078 0.007829257167782395 -0.028960364849233648 4.9764212941367365
0.5796988548429605 5.22988142013228 0.008491054589447176 -0.028773286082041934 4.999346171630752
2.519750669951976 5.136795065129954 0.007874231733041324 -0.028948168760983224 4.977974590461559
4.140686724801355 1.6158208238096565 0.005824971700965909 -0.029429062246068022 4.90779589685628
2.6551895851571805 0.41678988101019154 0.008148351950474586 -0.028872207405932732 4.987456305452651
5.883785185795703 1.298073363953705 0.006815377722163676 -0.02921558875847336 4.941569203078196
3.7841610955405054 4.054876352929692 0.0093253173501363 -0.02851382921179207 5.02846978130011
6.367104023704988 3.6718964201706576 0.007488380696184948 -0.029050372709295908 4.964669243991848
5.382273998624527 4.911673749269438 0.009440000637902677 -0.02847606693271381 5.032494464295549
4.459210910774761 5.423557553409268 0.00687135240296895 -0.029202474486834377 4.94348555088453
4.479053965916694 1.4314566487105929 0.005295793831192086 -0.02952887684449762 4.8898453487721305
4.025223752998583 2.1486191113660777 0.0076831896694061225 -0.02899945855535808 4.971381003101855
6.323318526688838 6.501452645729447 0.0074371395898424515 -0.029063533073616463 4.962905773016256
0.8666038870996164 2.3494645386580926 0.008923486241898383 -0.028642126200592203 5.0144091471946535
2.296626076060074 0.24878392516875295 0.005913796076590095 -0.029411341621294797 4.910815057239762
4.415583830122299 6.9921564847828455 0.006534016442243307 -0.029279798994058928 4.931949329754272
6.981327306117605 4.155540872062429 0.0076470714835658584 -0.029009003735482434 4.970135730265909
0.918043686843724 4.857438231196571 0.009130718399691923 -0.028576738468648364 5.021652606249907
1.4602755914939365 1.2782362937269212 0.00742022791146227 -0.029067855403210538 4.962323929769562
3.4186311978981396 6.401771441562772 0.007226476346360099 -0.02911662823225756 4.955664049442108
1.4812894223388562 6.085772376388673 0.0058457403074356215 -0.0294249438446027 4.908501663786593
3.8798310845636177 6.127633034216006 0.008975710866803382 -0.02862580329764647 5.016233016536027
5.079407289736769 5.118059541834569 0.007951969473637572 -0.02892691102572717 4.9806609865453915
0.8180943961492083 0.47942078417027983 0.005798230334082914 -0.02943434261186957 4.906887306362479
6.585220716137811 0.0021714807861259976 0.007341085131170647 -0.02908794370691928 4.959602181202929
4.675776408824756 2.9781866848968472 0.007680998686565234 -0.029000038951301137 4.9713054513148895
3.496714564844798 0.5253237325129444 0.008156802518606529 -0.028869821140292056 4.987749006221376
3.891737592606082 1.1147710823350025 0.005498572592458433 -0.02949179037368645 4.89671677103653
0.3450704776998538 2.5433976318245577 0.008192923781369012 -0.0288595911251819 4.989000405001691
4.117758713564393 5.492564491729196 0.007358100844968309 -0.029083644062518656 4.9601871992148086
1.2262896929852518 4.31573839299653 0.008731707986949328 -0.028701172025383307 5.007720395557483
6.256280119753968 1.741065355828756 0.007662773748765587 -0.029004859911318806 4.970677058280602
5.20752066736274 4.451358756474721 0.0093117203959003 -0.028518272445373936 5.027992963733045
1.1418661014456573 1.1851327902504436 0.008598522791070488 -0.028741353583494313 5.003083240216282
0.5183603345703731 4.1532159702135445 0.006654718236611129 -0.02925260202428692 4.936073596696248
4.093715124029365 6.194680768557438 0.008144977559646693 -0.02887315951801693 4.9873394340565955
4.540481262491997 6.043129794110211 0.00918048763899528 -0.028560788621994574 5.023394691679593
0.8736555987077895 0.09274152451933931 0.007961700279985839 -0.02892423427943553 4.980997394967565
6.049664567196541 3.279080282107322 0.008684716489140267 -0.028715426159178888 5.006083534830697
3.5480833131898013 2.6430341799540424 0.0067348075902597185 -0.029234266994781655 4.938812307279749
4.501939214027062 2.383175126004014 0.008491023757852266 -0.028773295180489638 4.999345100095511
0.5190921912329949 5.683597542248593 0.008207839294310373 -0.028855352607770616 4.989517273308046
3.0370969642981813 4.725502004916303 0.00904699133361537 -0.028603355534088798 5.0187240693981385
6.974565729777683 0.5921472611102483 0.006341325592555844 -0.029322134808523 4.92537309095998
3.307450820227689 1.2785386013523776 0.0062297943929809 -0.029346033153071705 4.921570992851498
6.854866069925602 4.836342402495848 0.009171661330404389 -0.02856362421753172 5.02308567113717
1.9193981684302088 4.706281474466054 0.006325709026242406 -0.02932550775886609 4.9248405353358935
1.6441812330426224 5.783167294746018 0.00634559166063242 -0.02932121188621835 4.925518582931687
1.9908764089756426 2.0505774982901896 0.008680936214695673 -0.028716569196831035 5.005951891330739
1.6463534558185502 1.692304036883435 0.00706425934408942 -0.029156409928512206 4.950096583307694
2.880915302025901 6.179371683546574 0.008603372449933751 -0.02873990226997512 5.0032519790087715
3.504742269222945 1.5085770780537144 0.007022608400601215 -0.029166469982701115 4.948668295250899
4.66369410833957 1.4068292870788686 0.0064038582478582054 -0.029308541409311696 4.927506193820983
3.9625378502296766 0.5329619767190183 0.00714217838954624 -0.02913742074810155 4.952769902187153
0.12244474340426875 6.4514422204034405 0.006726498947813624 -0.029236179844587463 4.938528107557007
3.9759637209018535 4.538703213623776 0.00858201113539842 -0.02874628819294584 5.002508798311629
3.273895626353552 5.088796560644002 0.008700383672377344 -0.028710683097993846 5.006629181507828
1.0685916310298817 3.7557099386523665 0.00664593179208967 -0.029254599477943493 4.93577324240721
2.1701292060799946 0.26904920382616077 0.005553916583076126 -0.029481418055925194 4.898593690262876
6.48833870126386 5.225794621809996 0.009441459404370824 -0.02847558330070901 5.032545692537816
2.4236217259512562 5.490658822206075 0.0077349447312133335 -0.0289856969901549 4.973166116811617
3.256587451724393 0.4333956052317917 0.00635872704331183 -0.029318366093434585 4.925966586921902
0.5687019263797121 2.295661968702013 0.008869364148733115 -0.02865893193399167 5.012520104345089
1.3885246572781236 0.31304666546706506 0.008159898886945932 -0.02886894612130513 4.987856260618492
2.0273249184709488 5.332504196801796 0.00854488899961191 -0.0287573446615697 5.00121767534124
1.221573785977899 6.919338162613024 0.00611444351560822 -0.029370283970272342 4.917641906879224
6.5121719334424935 4.950625949199231 0.009630641083067827 -0.02841215852991684 5.039196720517456
1.3829637943474353 0.0565905396611614 0.006742269707917462 -0.02923254691582139 4.939067567216732
4.083277207099755 4.479631048097261 0.008906636013985099 -0.028647370471203523 5.013820898792894
0.9781478830121508 0.5091382830153797 0.008305306369443278 -0.02882745021866632 4.992896685458545
3.737441998417865 4.760964039079459 0.008356912634213502 -0.028812532190422326 4.994687326219494
1.4764138616678675 1.796751484517085 0.00928735598960414 -0.028526216340804194 5.027138739062686
4.157192172161742 4.9934185688568515 0.009020627074407313 -0.028611680956988 5.017802484480642
3.0402052952162517 6.727018713702517 0.007282116143350148 -0.029102762488718476 4.957575432552153
4.031985858132758 0.35258356253738854 0.005947879225366921 -0.029404467904052416 4.91197403627063
4.919501580388527 5.583399450248017 0.009583630105830323 -0.028428050126496938 5.037542575762203
3.229923287033894 0.28344273574358025 0.008641313265964103 -0.028728517278820233 5.004572384574675
3.7573386880091775 3.4759878676306206 0.009416707899220483 -0.028483778055952452 5.0316765990998675
3.9711193775889484 3.862986189998526 0.0090164987785188 -0.028612982189505674 5.017658200682211
3.4536587683809548 0.6137322282231408 0.005661238898005733 -0.029460997507547274 4.902235285039799
3.413603017293039 6.2631957626034644 0.00919110028203055 -0.02855737515258813 5.023766294763861
4.304069330528875 1.8404120004399298 0.007101292491287149 -0.029147412320018884 4.951366933716611
6.098134671239452 3.440829970331871 0.007697758192865735 -0.028995594817216086 4.971883408817721
0.539864960185569 0.696341502576085 0.006858308746367771 -0.029205540589749324 4.943038911622188
3.9421990106479328 0.20451791612117529 0.0060391638003114735 -0.029385855451101086 4.915079462346728
3.140609571241228 3.7743764184012494 0.00853490593165434 -0.028760309121040606 5.0008705447752035
4.42731693426588 0.1980448965941611 0.0058979074478360625 -0.029414531914289575 4.910274865401963
6.865330387765741 4.957097426310826 0.006925591100225095 -0.029189658920797328 4.94534329022344
0.9937374474753662 5.641084009849204 0.007766102344257151 -0.02897736451747335 4.974241201847928
4.152351280617904 3.535794341685357 0.00807092600454343 -0.028893946657201134 4.984775638864342
2.720017698697192 5.710852256494898 0.008673040735534291 -0.028718954792954474 5.005676957681207
2.7708307243627543 6.091757724105142 0.007124067260411754 -0.02914185419065042 4.952148373227828
0.17096254742658276 6.396594907764784 0.00750056750578526 -0.02904722856127858 4.965088772824538
0.4974904439796524 4.110935737440319 0.0061989490433667135 -0.029352564296118027 4.920520018957216
4.577222467277091 1.3506238495634133 0.007261957082941351 -0.02910779928688388 4.956882807056436
4.403916695684844 1.8335625514944083 0.007627015413933073 -0.029014283307978284 4.969444419247317
4.1434035666963895 5.467431457060267 0.007964494356443197 -0.028923465035264783 4.981093996093911
0.5668370350376697 5.245834195929512 0.006646090704480676 -0.02925456337646856 4.9357786744586445
3.165902610137016 1.620167201346071 0.0054181429058061895 -0.029506672592013186 4.893990271640295
2.166567595817276 2.6674662011002965 0.009505574450788397 -0.028454244926908862 5.034798115259149
5.250782815960345 1.402647204996375 0.007178946158553224 -0.029128383615514848 4.9540319722650725
2.8617243166464257 4.432276676792455 0.006545876026875623 -0.029277149913213462 4.9323543913120025
0.1524309884932843 4.181604032568918 0.009085889061195085 -0.028591023415884494 5.020084263259728
1.0390482872096523 2.86238898131608 0.006827402541145871 -0.02921278101347345 4.941980811988709
2.577671852789427 5.4329861463335565 0.008416195317562774 -0.028795271423909766 4.996745473161513
0.26305329091114327 3.445838542610804 0.008297577655344585 -0.02882967577087065 4.992628593217741
3.441813897091942 5.42904748014065 0.009340576749201886 -0.028508834174554895 5.029004985999265
3.9223114999596764 2.1592322494818195 0.006074664051040464 -0.02937853734730503 4.916287685378391
2.39855739053991 4.902918969777762 0.007676707994290441 -0.02900117505154571 4.9711574995059244
3.519100517869187 5.11805319165645 0.007760525127338922 -0.028978858668828576 4.974048738757879
1.3384827173392604 4.454561380011002 0.008736456031214125 -0.02869972710697198 5.007885830048083
2.2595059345886 3.3920685434388234 0.008910257260670258 -0.028646244353294777 5.013947308923986
0.5490070441488811 6.408303741721991 0.006700256552899265 -0.02924220515154988 4.937630600105167
6.730313535718854 0.5764540655992001 0.007306338671345099 -0.029096690794996036 4.958407829601597
4.075497766007188 5.506833446216108 0.008475317079098973 -0.028777925575147578 4.998799267073827
4.528405889682146 5.277245128867684 0.00807276921054016 -0.028893431732373964 4.984839431548747
2.449774857103197 4.671840621173257 0.008691763047352528 -0.028713294048727273 5.0063289367185115
0.10013528075864997 5.277121330008597 0.007125762599657688 -0.02914143969287241 4.952206549049148
6.802159862400208 1.1898145450340754 0.006309001921565508 -0.02932910661363013 4.924270857931863
2.8511712959192836 4.136103886604713 0.007882598577481909 -0.028945891585271305 4.978263630281267
1.1732718671601265 3.934982968894369 0.008872246896069663 -0.02865803962268149 5.012620694004865
0.23422835525986604 0.14538824800106992 0.005677664824585273 -0.0294578363451844 4.902792863154636
6.369890238884854 3.1278018498611297 0.008040215361416664 -0.028902507450773877 4.9837129217578875
2.3651951033812426 4.657551141752554 0.00792312627558148 -0.028934824520310994 4.97966401694554
0.14894994872897002 2.4603205244042576 0.007634412397014386 -0.029012337847066253 4.969699370609089
1.2251796642146773 6.937527467822923 0.00726377210249857 -0.029107346406757235 4.9569451626353835
2.799932538834536 6.235536235169793 0.006753461034121752 -0.02922996346321013 4.939450422006752
6.938634361134962 2.944804404973975 0.008953663096147426 -0.028632707122462023 5.015462903258385
3.9090633759574582 4.784621051634867 0.009511042201150018 -0.028452417757511284 5.034990280818922
1.7675619077271247 3.145170074624158 0.007708127650023527 -0.028992839945940835 4.972241047615513
6.7034395847391455 6.405367338707665 0.006393365763266056 -0.02931083202874148 4.9271482069007995
0.09490360396396294 4.552493470448191 0.006730657826563603 -0.029235222681240482 4.938670360985634
3.6403033184627427 6.233327509759868 0.006882699213444738 -0.029199802251680524 4.943874125130833
2.485147961892884 5.379456938694157 0.006688937628488917 -0.029244796347421963 4.937243542332364
4.438657268789254 4.608898735604007 0.009218700246383738 -0.028548477468462733 5.0247329194069525
3.2556091619480445 3.709188303788282 0.006787717934636371 -0.029222027397834936 4.9406225598959095
5.905444343937556 5.026892006090414 0.007778560847623361 -0.028974022695163006 4.974671165780579
4.2451438627779 2.6750685413526747 0.007498114716918269 -0.029047861809295594 4.9650043323374025
3.347250610637623 5.4612071501619 0.00814437398903294 -0.02887332977553444 4.987318529907405
1.0171979427198983 6.056081949588078 0.007378456677454093 -0.029078486498766282 4.960887167783986
6.817640244773764 1.0638960188351967 0.006856708333153679 -0.029205916366963403 4.942984113700785
3.71371649696949 4.264191444592653 0.00688580917251943 -0.02919906902693384 4.943980632637011
6.977924756284413 5.66288933977013 0.0071696371822905 -0.029130676316802488 4.953712400469911
4.923929760195843 4.429225740197433 0.008727953320245422 -0.028702314032837437 5.007589578878693
4.322378544372495 3.449624050220593 0.009241116554561748 -0.028541229210126966 5.025518220587504
3.3532276442753504 2.4534807953958504 0.0067521497806460554 -0.029230266391870628 4.939405562331081
5.080214708823064 4.775761171354391 0.008777739329853446 -0.02868712764040945 5.009324601756324
1.3914860698641833 6.450896461159175 0.007082721336972132 -0.0291519306129594 4.9507298372159445
0.6182665923933138 5.8240041926473225 0.007300729232033194 -0.029098098781201082 4.95821504810568
4.499450413828936 0.051282168346351 0.006772968729796553 -0.029225449433416727 4.94011786045202
3.249349711711056 6.009577057886911 0.00887430549065737 -0.02865740222104035 5.012692527860475
3.2434982962785814 2.5691874978931004 0.008402283754035011 -0.02879933380682059 4.9962623875252286
4.958727633588599 4.26709318963697 0.00874121503611697 -0.028698277991760456 5.008051654797001
5.806480363574834 3.4653811439538873 0.00634863897065442 -0.02932055223252604 4.925622512616104
4.712619448816621 3.302651959687222 0.007534191459775961 -0.029038525428255458 4.96624650765367
0.4158290397035608 2.721492762923181 0.007008231753031618 -0.029169927797233222 4.9481754075229745
6.5844844461499665 0.559488403674203 0.006403030620941763 -0.02930872223191045 4.927477955487599
6.810247513156242 5.017266883684808 0.008006630507270063 -0.028911829203978986 4.982551104384824
3.5806769496194053 4.290745911137525 0.007261659894464368 -0.029107873429316814 4.956872597143431
1.599165109216766 2.5672797799987546 0.007947269823614983 -0.028928202542685893 4.980498523809692
5.732790354946508 4.058856148578978 0.008806878037219771 -0.02867819553663612 5.010340501371161
3.3617009068202943 5.479521362346017 0.009085093513331062 -0.028591276219400035 5.020056438290496
2.7801194267103493 3.3003442497532913 0.006843549786828699 -0.029209002487507112 4.94253359365007
0.24359329474527203 5.135576234708273 0.007667529698421658 -0.029003603023138726 4.970841032618305
3.5433341643863834 0.37258543849618164 0.007494652996505804 -0.029048755162002494 4.964885161184629
6.4454334209924395 5.821947309242005 0.006802393382688479 -0.029218614687680795 4.941124794204772
0.6558359458972909 2.5448167001053226 0.006990096275008317 -0.029174278981083917 4.947553735605894
3.9394405658003016 6.984371022748891 0.00790952823654576 -0.028938544591518164 4.979194093075747
4.059437988055 6.151687488195464 0.009135314408738543 -0.02857526956396901 5.021813440810054
6.987269726850515 4.172014229556568 0.007823717833317497 -0.02896186180591002 4.976230026129
1.1789975609081054 2.269729615044773 0.008248932749166063 -0.028843632026839747 4.990941681316883
5.9474081804856676 2.0237440838145404 0.006106743382225857 -0.029371885967088333 4.9173797397394505
1.170283834574126 5.2834634899069215 0.007976135008964748 -0.028920257092888486 4.981496482377163
1.1319947476838395 2.303717522987133 0.009477352618700844 -0.028463657307886567 5.033806447307005
3.972105491108238 4.945512797996243 0.007834852438469504 -0.028958851622041377 4.9766145036105724
1.093762015171883 5.986835401760476 0.008234888765601956 -0.028847644739530515 4.990454814529603
6.9389466502570585 2.7288800898472876 0.00740679346872076 -0.029071281542300733 4.961861781784291
4.618074544799887 5.033317027884089 0.008175293807944229 -0.02886459026478271 4.988389570081139
0.7457640782511044 3.295524184641834 0.00780845533524912 -0.02896598048189323 4.975703077528381
1.4512958017700894 2.695866983476976 0.00902887705867773 -0.028609078612553792 5.0180908408140885
3.9605260026808 4.030519216432653 0.008862397497879551 -0.02866108704479958 5.012277025192522
0.7697730803947506 0.04817746575489988 0.008870234073017411 -0.0286586626954204 5.012550458873742
6.235161928526743 4.518951548747802 0.009064983331335949 -0.028597658596511033 5.0193531490534795
5.075145924981534 5.121578509057076 0.009260743278165923 -0.02853486698647647 5.026205959383198
5.798505955031806 4.2836316065971385 0.008485199166251614 -0.02877501338156149 4.9991426756724024
0.8851533265291691 5.152192443358007 0.007513327378839762 -0.029043930720520195 4.965528077978956
4.984646134000555 2.7666344495862054 0.0063447668313477016 -0.029321390380673117 4.925490452212626
5.166172287094117 6.746359586965188 0.009383917153702332 -0.028494597713469322 5.03052561009903
2.362384542244045 4.928914142831849 0.00820300074105322 -0.028856728484744774 4.9893495942656605
0.06134446418109733 2.348369929735201 0.007473421045494213 -0.029054224785334818 4.9641543225912965
6.242297142153229 0.4070114821408883 0.00794921544304568 -0.02892766796407972 4.980565781269062
6.523685196289837 4.417460382849426 0.008742357387104797 -0.028697930017967048 5.008091460596976
3.2255943019643367 4.763805858019368 0.009477459310176229 -0.028463621783321142 5.033810195649701
5.0208651778207 5.984017280334462 0.007582164605681361 -0.029026036241491065 4.967898914340647
1.8814274134272722 0.4924749768794253 0.007390932821221527 -0.02907531791799 4.961316241812802
3.5209304634031637 2.4211784452150242 0.006293762175213278 -0.029332380702593072 4.923751275265054
6.117743361449811 1.2470591880479218 0.007866079760898226 -0.028950384957633763 4.977692995445254
6.365742798564344 3.4435854861578266 0.008878768779958031 -0.028656019698346847 5.012848278089381
5.940795350488589 3.8615759431042735 0.008248884490217403 -0.02884364582827647 4.990940008194127
3.992378593519472 3.6109303401711683 0.008578704699011388 -0.028747275100210103 5.002393778953148
3.687385786721431 4.6089542879380865 0.008013911815857859 -0.028909811784369226 4.982802958480448
3.8769928117379213 1.3387520837031173 0.006087145752705627 -0.029375953713629756 4.91671256188577
4.282648054438334 3.579279624716613 0.009203501220620237 -0.028553380978126597 5.024200571570367
2.939997729800104 3.1770577401591837 0.006181770383582804 -0.029356186995668537 4.919934802650767
3.135077505798423 6.844585011100282 0.009058458236769774 -0.028599726124085487 5.019124988462931
5.170362249459473 4.1248539995352305 0.008141173099430184 -0.02887423246711701 4.987207671908377
2.750892548018067 3.5537988184655642 0.007044713049809944 -0.029161138833142943 4.949426243282689
3.841041349659083 5.527653179852743 0.009522211599510068 -0.02844868162594105 5.035382870710423
2.6909480368706733 5.365518910882166 0.008061596268010708 -0.028896551102365067 4.984452757532172
3.439823623754084 4.197664961957479 0.009676721470820356 -0.02839649734696454 5.040819021800062
4.839107986955553 1.7492272703388987 0.006235075874624242 -0.02934491146413086 4.921750968882333
6.894938637065941 5.614512703771486 0.007075994789104553 -0.029153564065900504 4.9504991026042315
3.296385150440819 6.028595135266858 0.008817956377105009 -0.028674791112255255 5.010726822656058
1.836227185435185 6.804531244206625 0.0078021100315777605 -0.028967690260964088 4.975484023442402
4.467625645267406 4.661219360023947 0.009265624793793573 -0.028533282271421875 5.026377036093384
4.996450249665961 2.701935573781557 0.008423248119118154 -0.028793209114716136 4.996990411088479
3.826830171578134 4.550273702422231 0.007793905458130286 -0.028969898821185534 4.975200802358383
4.666576907802256 1.0094695899127084 0.0071247128634281 -0.02914169635785985 4.952170527094922
3.807407460738564 5.038181957961016 0.007608436564884647 -0.029019160791417215 4.968804138502239
2.9826110199426044 1.6817451679291189 0.005269984160195701 -0.029533493984818093 4.888971368639226
3.50732490942127 3.8576298085155094 0.009094394237592533 -0.028588319178490428 5.020381754484664
3.997899196867106 1.9111630620798734 0.0080221887067592 -0.028907516122163544 4.983089270253908
1.442675887182132 4.960751642360205 0.007617384245830302 -0.02901681335452562 4.9691124879701825
6.458285542717993 4.662307714549909 0.008203816451285447 -0.02885649659320442 4.98937786197141
4.527384193963515 6.65283255192864 0.008549482057097272 -0.028755979492192083 5.001377396850757
5.972956648729777 5.008338684154237 0.007694107743638448 -0.0289965636934669 4.971757514237618
2.4444828468127646 5.581636345245888 0.009066827670020748 -0.028597073906295834 5.0194176423591905
2.1306793026703863 6.43804726101879 0.006825863204967265 -0.0292131407333596 4.941928118385177
4.84178227108203 1.2777176613087646 0.005667998058839745 -0.029459697860042437 4.902464717525692
6.894943292836086 5.371586852905179 0.009231888613573635 -0.028544215396934094 5.025194917827186
6.274910136060188 6.68471942774111 0.006816041508764451 -0.029215433903175218 4.9415919234267545
6.5735932443118505 4.3838859631370495 0.008218043541642081 -0.028852448082401515 4.9898709255735385
3.6414122728236116 6.591447016274067 0.00800785996955123 -0.02891148869754131 4.982593629176746
4.171050295927241 5.944986374519647 0.0071463301504261206 -0.02913640275293281 4.952912393639521
3.606987747261056 4.036035368338871 0.009808193602285362 -0.028351355139747524 5.045452567933738
4.527688286336324 6.996370500625311 0.006335398184561745 -0.029323416067079423 4.925170947476445
0.11879513679103215 2.852164100683049 0.008964843840402562 -0.028629208422818755 5.015853415661142
2.6251458420003626 0.8124560766279053 0.00625121926629769 -0.029341476746828347 4.922301126823839
1.0393506920486217 3.407133247537862 0.00727559947653252 -0.029104392318979617 4.957351519639318
3.9948820303746913 6.864476553764931 0.006394421263367341 -0.029310601780014607 4.927184217623587
6.258237637577998 3.0208123176031965 0.0076507905641666155 -0.02900802309264213 4.970263936787305
6.763755597457934 2.309186893612361 0.006738095568604659 -0.029233509336177042 4.938924778748575
4.3825734205314495 3.7315985951407704 0.008665451309006667 -0.028721245683487242 5.005412702806728
2.371299806379947 3.318627659434622 0.006950493084904608 -0.02918373940873056 4.9461964865039905
3.0068989630027585 2.5351811876800556 0.007066767267601237 -0.02915580217359076 4.950182600401536
4.355576051401124 4.245331622923849 0.009502932411267513 -0.02845512740415831 5.034705264489205