300

2.593239462819196 6.43627343590847 0.0056346749773280285 -0.029466089626889302 4.901333699023246
0.3945841340186399 2.9202319860103336 0.00907785574439974 -0.028593575066505214 5.01980330240818
6.007500844102534 6.070872332670062 0.006021232120432908 -0.02938953493595751 4.914469285903692
0.3458821680643621 5.7193989637219405 0.007694155666020482 -0.028996550977436003 4.971759166929746
4.116071284130903 1.5861752873589412 0.0076134789817352815 -0.029017838268807602 4.968977904097276
2.8354220980172022 5.411507112695785 0.006396653592568966 -0.029310114684468133 4.92726037940854
3.83771529582973 6.414242332750018 0.007074937387244048 -0.029153820692433715 4.950462832692118
3.566187632571021 6.59300168020387 0.00669279022719223 -0.029243914905067007 4.937375280529881
0.22421903691209347 2.428387431666414 0.00786218586587978 -0.028951442682712034 4.977558495545293
4.293347104442038 0.6242220013713995 0.007219041420049241 -0.02911847250416157 4.95540870769198
4.115836154534653 6.062211546737115 0.00692938890092953 -0.029188757586777733 4.945473399977225
5.105657878383892 2.5374284853161213 0.007300333127718152 -0.029098198161129168 4.958201435407422
0.010937451108804962 3.791103752159677 0.007797212213127357 -0.02896900898725149 4.975314948624462
2.94499730408941 0.8435283902178424 0.005215964121650534 -0.02954308240995943 4.887142555028632
0.6414452821315678 1.4351309842404998 0.007753534023401658 -0.028980729979556294 4.973807498125694
0.5360919633614275 1.1040598864571738 0.008111922712974822 -0.028882463708948432 4.986194789043143
4.221697969843655 5.624911630489358 0.006127944322376583 -0.029367470071183396 4.918101604623917
5.79891015203924 5.422533802018333 0.006652898479609768 -0.0292530159440015 4.936011388755747
4.908038460626651 0.01951711674756525 0.006456382523341523 -0.02929701562808557 4.929298660749902
3.009021769149031 6.240504583707604 0.007591076040641588 -0.029023706940106687 4.968205941879505
4.432261805081632 3.4600652731009696 0.007619496468932353 -0.029016258779517516 4.9691852817418525
4.745527188710771 3.478016145334827 0.00799375878292658 -0.028915390720520864 4.982105925655924
6.745159252894664 0.7891279888066705 0.006248793990600328 -0.029341993348493505 4.922218470645121
6.408158971388212 3.6344044030317737 0.008976085515604845 -0.02862568582264098 5.016246104363338
4.359783871975697 3.1997196745797716 0.008548176315142436 -0.02875636767196507 5.001331989489765
2.0424270715693567 5.906929756633612 0.00566853644796537 -0.029459594269746623 4.902482993004101
0.6742678171739149 1.2508488099727078 0.007918352787573227 -0.028936131205320643 4.979499046869011
2.298364699031412 5.70351397727336 0.006542875240167357 -0.02927782067694938 4.932251896624519
3.4925781079779146 0.30187850943571576 0.006475269160851998 -0.02929284706706603 4.929943367393253
3.698008864722644 0.1414871150448644 0.007426434733091732 -0.02906627026563829 4.962537464299736
6.960196230082713 5.5186134722264315 0.006100668140044154 -0.029373148422412097 4.917172905503223
1.709228854072679 1.541532237585795 0.007448242309937623 -0.029060689711231134 4.963287807198501
3.885045090697031 6.126515069595098 0.007621119634473266 -0.029015832497397795 4.969241222015752
4.363025303196106 0.44553004129737966 0.00481469504864154 -0.02961112479438406 4.873575881166047
6.873324898563133 0.7500647885500542 0.005968266987003945 -0.0294003365486152 4.91266744086605
4.354317456200016 6.053341146269732 0.006867641279357643 -0.02920334746665291 4.943358470279132
5.954536284019452 6.235275765404076 0.006724473008994342 -0.029236645887504034 4.93845881250266
0.5726636722133366 5.365135678052585 0.007736700106710566 -0.02898522850451286 4.973226677359227
3.572691567268524 2.9468106253954818 0.0077422003386746294 -0.02898375983056419 4.9734164419939235
4.143258474944423 1.8085882560835465 0.006729058989627228 -0.029235590726272607 4.9386156726088934
1.9554326935817614 4.303178470413117 0.008100068320469047 -0.02888579050681725 4.985784377044363
6.875276575104922 1.6496784756714482 0.005497865895008009 -0.02949192212454976 4.896692808575693
4.405099723459098 5.5428405140564365 0.008091628529754558 -0.028888155838275004 4.985492211070308
2.6191467454460864 2.2761600223186647 0.008145561201652296 -0.028872994869083752 4.987359648112815
5.461414878193841 5.883443034532988 0.008249511591131794 -0.028843466478698117 4.990961749650383
6.02016080126917 3.438819921346045 0.0074521946417455106 -0.02905967644385497 4.96342381225364
4.949667608414174 5.687496470518857 0.006515822106118686 -0.029283853269018664 4.931327977265616
6.5779297532727545 4.503566871150527 0.007795223433471167 -0.0289695442080517 4.975246297284525
6.921032253518148 0.36825461619883876 0.006830300453158269 -0.029212103582583467 4.942080013280421
4.094044545590272 3.0655224360160394 0.008841213207854765 -0.028667628939506914 5.011537978845614
6.739253654289794 1.4473304459342313 0.004435623276560847 -0.029670275464653704 4.860787161468631
2.83066012496084 3.4423009407767275 0.00742092901095562 -0.029067676422692562 4.962348049252822
6.664194477515406 5.043128111559777 0.007751716666364771 -0.02898121613604927 4.973744789498462
5.76595206552097 1.1625908844711694 0.004196668930329514 -0.029705015904543913 4.852738255916599
4.312780802866283 2.0522653963313333 0.007768906334501126 -0.02897661288635627 4.974337967949839
0.3905069161532561 5.955374825052003 0.005796445702619305 -0.029434694107746153 4.906826675798008
2.3364384984290605 5.863827994649514 0.0054761869026963995 -0.029495955265200963 4.895957776487919
3.955098299253955 2.341861406206881 0.0066081504434225 -0.0292631568310238 4.934481964484045
2.486367356005659 1.1472888045348508 0.007577906557459306 -0.02902714819279385 4.967752219606984
5.726235242619098 2.030952640127918 0.0060226910563161 -0.029389235996197145 4.914518927495708
3.589662071031579 4.778730733822405 0.0067499894254975075 -0.029230765346731375 4.93933165480385
6.163945917890632 4.393505527896824 0.007925772224592512 -0.028934099858884114 4.979755463228241
5.188596069655212 5.635816492317812 0.008450879107570218 -0.02878511146945992 4.997950181573296
4.275568026149959 6.150263107476741 0.006818632404964065 -0.02921482931878901 4.941680606792362
4.303329045625607 2.1598261821981795 0.008584568950504459 -0.028745524450495503 5.002597778463297
3.835980127263317 2.8739528649233503 0.006769877049119211 -0.02922616575501838 4.940012074472813
6.142986868933271 0.22895917005936606 0.008002378406625066 -0.028913006412982736 4.982404036067484
0.6701499279078129 3.0728836443643703 0.009267151148947132 -0.02853278657233758 5.0264305304091526
2.116294233348183 0.9764097256700135 0.006014901150234462 -0.02939083129400916 4.91425387485473
4.251470600935748 0.723686796053852 0.005324146168352749 -0.029523778003128505 4.890805587902963
6.793841978944866 4.881431047398738 0.008078421437661664 -0.028891851914952225 4.9850350601498965
0.7207118517146341 5.580678800946103 0.0077560107045292394 -0.028980067252358608 4.9738929586867755
1.2783968301970696 2.005480725096955 0.0072732812299136805 -0.029104971742824032 4.957271867622672
3.2493733210593145 0.13206882465221234 0.005845453106907526 -0.029425000900168977 4.908491903351665
1.297769157054958 6.812608730862946 0.006828229219498924 -0.02921258779577703 4.942009110598366
3.7096060740807224 6.857501964507522 0.0067499767038979325 -0.029230768284409413 4.939331219591198
4.891756123917909 5.843944659667681 0.008759793829791258 -0.02869261249972806 5.008699102253075
0.6436960192469011 1.2084311361069073 0.007137892856021411 -0.02913847088602898 4.952622824780118
6.4143559136614074 0.7320868465498903 0.006385013324992322 -0.02931265264079098 4.926863254948035
4.47728671916859 3.70112116332148 0.008536011828061475 -0.028759980912218885 5.000908997168485
3.3212008678900453 1.2540825770485649 0.005179773201035751 -0.02954944922643791 4.885917665348408
3.7170333953922117 1.8438087185807281 0.008240674751648868 -0.02884599243634264 4.990655390756402
0.1504838225824139 3.2674256807030466 0.006763333569223561 -0.029227680698806973 4.939788189125132
3.937939909862 6.2202584854966725 0.006391177043498714 -0.02931130935319429 4.927073534781537
1.0254188552297003 5.03795995615001 0.007035079023016717 -0.02916346452566824 4.949095884355211
6.092713555145654 2.4725193061343274 0.008150333743435887 -0.02887164802830989 4.987524946278437
5.015774576669652 5.17601297908864 0.007773382117950136 -0.028975412515585226 4.974492433075399
0.9674026946399167 1.9139945167915748 0.007173188034481088 -0.02912980215212553 4.953834296213973
0.3184120881813532 4.875714047735881 0.008182473665640217 -0.028862555755010753 4.988638321601144
3.922063369910631 6.924399494228237 0.004645350288675253 -0.029638163247669456 4.867859549225865
4.364589845437118 6.771705821354698 0.004566821708049066 -0.02965036491321636 4.865210519569026
0.6966549191625544 0.8212753069412543 0.006551130612088453 -0.02927597458161483 4.932533872261792
5.8338385193345585 3.9969199913791575 0.008685993074775637 -0.02871504003662453 5.006127991570115
3.3538857517338 3.367067902975071 0.00747269594962119 -0.02905441128717832 4.964129366029863
4.307306763533453 3.107149873989639 0.00847424552571429 -0.028778241134056668 4.998762032023412
0.34006711776983634 6.41150502869888 0.0061281972749059185 -0.02936741728786915 4.918110217989524
2.85380798434785 5.452340327512744 0.006356190283678551 -0.029318916164784645 4.925880063142696
6.810315305036874 1.3236143576927593 0.006171958089712543 -0.02935825153749507 4.919600564803176
3.1401425244227235 2.009288115343872 0.00655746417463526 -0.029274556590978027 4.932750217439034
6.654297312266753 5.558703702410672 0.006124977005791304 -0.029368089087962936 4.918000564755557
1.731574483628789 5.432012292930443 0.0059304575706377255 -0.029407986551324213 4.911381588484495
1.4585404885258384 6.509252121887299 0.007043546275634393 -0.02916142067634903 4.949386232206866
1.7956632154494467 2.7745327132293176 0.00761585708120921 -0.029017214217057354 4.969059857998263
1.4539533603805799 2.4167871270639885 0.006848503350334237 -0.02920784144472954 4.942703187320669
2.7078455208036964 6.908716292641085 0.006607178464405768 -0.029263376304512312 4.934448749497113
3.3281344701580946 2.2371999138011462 0.00696472448362401 -0.029180346345909058 4.946684163069239
4.483153505459767 2.134147759153416 0.00911100441973847 -0.028583029903484793 5.020962821118399
3.798460738840717 1.264542275106844 0.007752317579870304 -0.02898105540074125 4.973765524141518
6.945379074276865 0.17995316407125164 0.00856160671541285 -0.02875237190999375 5.001799062846749
3.776704722185575 5.261299758065905 0.00818911549850534 -0.028860671983724488 4.988868448470205
3.0905136005679252 5.81565139884434 0.007151617141560583 -0.02913510549595688 4.953093854229056
0.8797617531202881 4.481169282412261 0.007169770376526787 -0.02913064353473639 4.953716972774028
2.0003555323025575 0.9991404264649364 0.007679092181263564 -0.029000543844411898 4.971239710413364
6.290317511883952 5.948836584375613 0.006650597670985229 -0.029253539112707127 4.935932737444928
2.2433109770326265 6.218340959508556 0.005002103301904971 -0.02958004331567267 4.879908164613901
3.0832442642607374 1.1627435918339821 0.0060617937759720126 -0.02938119562266973 4.915849620934865
0.37085516859118167 3.0188743330224677 0.007483286657643482 -0.029051685334925668 4.964493896036892
1.2136903973318007 1.0420036180784935 0.0067857807516712885 -0.02922247730070549 4.940556268532013
1.8456621257392902 6.059616529465631 0.007249013769784868 -0.02911102539185917 4.9564381634891825
1.0458310954235852 0.6480949210596211 0.00645023026493154 -0.02929837076578425 4.929088669528204
6.327103052305375 5.677051573113406 0.007236213459377288 -0.02911420984279544 4.955998480930588
1.2063949673630223 0.7850216859804041 0.00663363015840044 -0.0292573913895542 4.935352759927445
3.886469480213511 5.203111290918411 0.006780108629427567 -0.02922379384975814 4.940362171556645
0.8002739713753556 1.2373674864959137 0.0061014088666951375 -0.02937299456714303 4.917198123385225
3.5410649150874773 5.4844280474913045 0.006708984482181309 -0.02924020395308231 4.937929080600443
1.2855005934097212 2.5215557739407886 0.00885319227382508 -0.028663931805715068 5.011955866153766
3.967427005681546 5.718595007203589 0.00794257535155307 -0.028929491816914128 4.980336247310307
2.875638363939881 0.45818293003695154 0.005411652259388654 -0.029507863694673894 4.893770303923873
3.8711517545227627 1.0848070443808937 0.007164576248345249 -0.02913192144678492 4.953538672070327
4.724688283646568 6.307224278209809 0.007505606068253598 -0.02904592703888438 4.965262237750093
3.0645641913002213 1.0145132126646093 0.007879095062581038 -0.028946845441167005 4.978142595585845
3.5543349154717063 4.1976119750644045 0.0081465896731151 -0.028872704700077793 4.987395268824672
3.7711831164454805 4.58541005587629 0.0077923007911872184 -0.028970330484474335 4.975145411934083
3.2838529179995697 1.3438730588200682 0.007978409286386202 -0.028919629756601423 4.981575122829078
3.2467497095469886 6.993957519864495 0.006328209204092784 -0.029324968342169362 4.92492579220046
4.126869455303532 2.568683009944451 0.008906683828517557 -0.028647355605340326 5.013822567865625
5.883984149535625 4.159189528659303 0.007674978971794941 -0.02900163267442896 4.97109788092666
0.3667923211881717 1.4257702791263251 0.005598586627854214 -0.029472967746231662 4.9001091003760235
3.774600511547488 0.9351509881104042 0.007585422256204819 -0.029025185084596318 4.968011148000701
2.944959506220565 4.4979664155264905 0.006420228221962495 -0.02930495981191437 4.928064767301072
4.257795698851685 0.9282658200963818 0.00600283804207593 -0.029393297457764176 4.913843454278791
6.667725511174661 5.680358592508368 0.00729913197677907 -0.029098499486838854 4.9581601564006235
0.8051882425263596 6.366614292491396 0.008527359166110372 -0.028762547621032343 5.0006081528868975
3.9523999808450574 4.258283184227156 0.008414930204041302 -0.028795641157319512 4.996701538677249
2.54576919170932 6.439818908660101 0.005455393716882202 -0.029499808124694677 4.895252872143661
2.592972503282774 6.819957215336082 0.007455139285615178 -0.029058921147077657 4.963525144494582
6.991760638662042 0.12468941086350352 0.007109392498599854 -0.02914543769273078 4.951644841118935
0.3084086064990814 4.83618686394219 0.007354055117185003 -0.029084667323753335 4.960048095029716
4.39438964209909 2.0770454774427547 0.008869254706631321 -0.028658965803896312 5.012516285569241
4.219961089435895 2.560312713752976 0.009553471663922793 -0.028438199295430507 5.036481896030846
3.960662662085545 6.194522448212315 0.007486673387094374 -0.029050812752743644 4.964610473793735
0.37307040766668276 5.970093380469029 0.007012694621683336 -0.029168855207961343 4.948328405868607
2.9900488981971995 2.348935840528635 0.00623479752300354 -0.029344970605661696 4.921741483376113
1.9659240431229894 3.389812613830264 0.009890292687514292 -0.028322819608141085 5.048349796809722
5.073078916063847 2.1304170213965987 0.007709250405846338 -0.028992541423268813 4.9722797730941135
2.672126079418461 5.157637462637631 0.007000037680688519 -0.029171895249862335 4.947894508783056
6.971752356727603 4.909136821049249 0.009117683665962264 -0.028580899995756692 5.0211965085574946
0.8445332012267979 3.5863953040989234 0.00833766617578004 -0.028818107549616324 4.994019401733326
2.4030132259487904 6.161882774449454 0.00715786007392969 -0.029133572372128397 4.953308135128285
0.0661779268219465 4.169217901930473 0.008044841671638036 -0.02890122008632639 4.983872991373071
3.257732386885335 6.155551175325148 0.007889479034471139 -0.02894401700809064 4.978501338618489
3.7284624620200635 2.883345390089317 0.008679287423936288 -0.028717067569873866 5.00589447582123
2.213367962407068 5.629309326267175 0.005962014244697448 -0.029401605162746213 4.912454769580002
3.340364549597126 5.846136448109935 0.006038639945773245 -0.02938596310494709 4.91506163562123
1.1429946284446153 5.178052146470726 0.00843139192567678 -0.02879082545179336 4.997273260547209
2.0641361691427456 4.115763135417577 0.007227923359829417 -0.02911626905879996 4.955713746899605
0.3725774576922904 0.13692851304400822 0.007260195864158215 -0.029108238627819097 4.95682230074767
6.571692906449676 1.3091266221746731 0.00534264794363691 -0.029520435514239152 4.891432297061284
3.8928454051362316 6.233873032375024 0.007456235425671435 -0.029058639907555243 4.9635628659693385
4.334490570261397 6.001438810734963 0.00725998580554778 -0.02910829101996963 4.9568150842883
2.2555268072722665 5.395819475986523 0.006620517792711569 -0.02926036131281344 4.934904609926329
6.91192651785012 6.002727527162519 0.007250457938551838 -0.029110665737514325 4.956487772792474
6.641315127409815 1.9219413098907352 0.007176351910460422 -0.029129022868219095 4.9539429106934145
2.6529212785472733 4.85905168742227 0.007389622825944471 -0.02907565088678636 4.961271186835946
0.9745056087002875 4.657744634431065 0.008088202852074355 -0.028889115158199224 4.985373628879868
0.059597851880096316 0.87450143439943 0.007633886354299871 -0.029012476266765546 4.969681238962394
6.160358579478416 3.8476165236320736 0.006050205408002507 -0.02938358409930581 4.915455222525678
2.1790653534841824 5.383744045764621 0.006950575865815405 -0.029183719693238977 4.946199323047231
6.947899377802571 3.182527058591889 0.00867543270704849 -0.028718232315821133 5.00576024767618
1.052211987447665 0.6668948760374257 0.0056004904704034224 -0.029472606034942353 4.90017369700055
2.6331008514005028 6.9664616281601885 0.005320784372948341 -0.02952438405211172 4.890691721686514
6.734957131871324 3.666296488839845 0.008389707609776118 -0.028802999951783922 4.995825733548264
3.7136657388196843 5.508277557296986 0.0059869175802617905 -0.029396544318799657 4.913301848418191
1.5695694626948615 3.8682255893225355 0.008741660542562306 -0.028698142291071895 5.008067178637795
6.526160760209264 0.13374718524344276 0.0072931240140993135 -0.029100005878263457 4.9579536919005225
6.909520030269635 5.278986760533458 0.008672616468316217 -0.02871908291699946 5.005662184641075
3.4689481793144745 6.9630164849656095 0.00500796692008394 -0.0295790511566437 4.880106396794838
2.3023013430481987 6.106506644276328 0.006068807896989629 -0.02937974762841635 4.916088355053013
4.238508640548475 5.3312739658485455 0.008460425537310811 -0.02878230706054709 4.998281842429275
3.0640913273063224 4.434007045947149 0.007811128992546468 -0.02896525960287254 4.975795382035985
5.716888954136119 5.752401399261212 0.006785085746561206 -0.029222638679828553 4.940532485360455
4.055298065399107 3.400349490239911 0.006304933905282593 -0.02932998139191394 4.924132157641262
3.1691793337217162 6.189345547396965 0.00638675084240578 -0.029312274113023524 4.926922530669444
0.8347565969358298 6.7833489348949385 0.007352732347325588 -0.029085001753972647 4.960002615319064
6.664747016718746 1.797819851268467 0.005822880955484957 -0.029429475995645087 4.907724853791245
3.5203894571000243 4.988481665306394 0.007648059942520787 -0.029008743149533535 4.970169804631354
6.780614751145448 6.385996389209701 0.007504699756724432 -0.029046161219022044 4.965231035169628
4.728440758483313 5.152948723845676 0.0067169448235682196 -0.029238376361165132 4.938201328705475
4.115461797356855 4.1701075658134075 0.008523507202702443 -0.028763689348994845 5.000474232658318
3.177994291129053 3.182402763063922 0.008019469603219281 -0.028908270568870804 4.982995209316799
4.88278874147944 5.49894922012715 0.006536613645576364 -0.029279219286867345 4.9320380335409
1.2092663712837872 0.1779447156480929 0.008133723146963352 -0.02887633196527136 4.986949667419633
0.43546290231441076 6.550980242699739 0.006852142115658112 -0.02920698800675661 4.942827770935938
4.338422788253931 0.7834071983885723 0.007231888034738097 -0.02911528456761177 4.955849916198058
3.072867815298895 6.738102015666288 0.007296553259012135 -0.029099146216657275 4.958071537085046
3.057324066641601 3.2953437961924874 0.009214290446608965 -0.028549901078034068 5.024578456184765
4.764336438946099 4.991164034570009 0.006271465706891097 -0.029337155927037114 4.922991205609501
5.5947492563408 4.184235791931793 0.008876032381245928 -0.028656867399753826 5.012752788266809
4.509628942147474 4.024309516678639 0.006744946581243568 -0.02923192938579612 4.939159139860278
0.21997316230565245 3.4450090072081756 0.008666086077334859 -0.02872105416067145 5.005434803883109
6.429734363218261 1.2929337183476821 0.005657576999562328 -0.029461700943666225 4.902110990038554
6.614892037122533 5.741138348500312 0.006940223933250535 -0.02918618323378952 4.945844622013403
3.3899149397414097 5.015788515865235 0.007501569609238596 -0.029046969779957216 4.9651232720854575
1.406620995297436 3.2917963182014214 0.007328763760680688 -0.029091050543769186 4.959178613540256
5.5307938458047285 4.780696186978268 0.008699673971529345 -0.02871089815364707 5.006604462549119
3.176146113498538 6.20566228287537 0.005293062011231942 -0.029529366646530927 4.889752836032275
2.592867347349691 4.026143393861738 0.008416357925950602 -0.028795223896720935 4.996751120217922
0.057168198652639016 5.8616966189226725 0.008729955731180516 -0.028701705052690308 5.007659344409615
3.3727349335047223 1.102465777150444 0.006722621401379849 -0.02923707169833719 4.938395481225282
6.25181664350647 6.546179916466812 0.005511650307525607 -0.02948934910925558 4.897160225163308
0.45988476031806086 3.268413105587226 0.006421485560163463 -0.02930468432180446 4.9281076728064495
3.7683675631211035 0.7140974522278702 0.006502000030849453 -0.02928692533535799 4.930855998734955
3.887046432726618 6.8811507700421295 0.0059907262414617985 -0.02939576838764146 4.913431411655946
6.794150854204166 4.896443055303817 0.006941119293899595 -0.029185970310199635 4.945875299677139
0.985772787000873 2.994156725568059 0.007552248925399451 -0.02903383433459664 4.966868402996489
5.770493871596945 2.752044956842341 0.007591135903472012 -0.029023691283071112 4.968208004429499
0.9777134285491139 6.007923503431739 0.007238661573322097 -0.02911360126516316 4.956082568375979
0.9430373048874453 3.0292213648957933 0.009415372153502367 -0.028484219617378535 5.031629704500358
3.779725043432231 5.669942784476098 0.005742693530772385 -0.029445228323306052 4.905000852845291
0.9140857929204202 6.714650509011464 0.00877090301443107 -0.028689218537831313 5.009086304414462
6.73904127035733 3.4513836126368886 0.0064266477108739575 -0.02930355267199386 4.928283830662816
4.421930429766158 5.756805562568261 0.006800068632482945 -0.0292191558158945 4.941045230929709
0.5443741082760177 4.017600972684672 0.007381035334923612 -0.02907783206129042 4.960975848000743
1.2642984311289567 3.421737880402641 0.008270828297062228 -0.028837361170546007 4.9917008758324695
3.761483783096215 4.753361900435841 0.006907155312915859 -0.029194026880224287 4.944711751243208
0.5947882069391187 0.777017750754739 0.007021598116335207 -0.029166713217170664 4.948633656844062
6.040118142844367 5.242715837220879 0.007720616641362579 -0.028989516703062077 4.972671833525838
4.8749978480338285 5.84388033310315 0.007386309438380022 -0.029076492788513854 4.961157231017589
5.6037116988469275 5.007614732956481 0.007346065167014437 -0.02908668641426825 4.959773391086731
0.6958320959329528 5.877621274674818 0.008187558621432748 -0.028861113696817077 4.9888145042945755
4.786361640085512 3.489410672182553 0.009135163867732601 -0.028575317690441738 5.021808172587515
4.98911719905973 0.47451902087222214 0.005705575980292296 -0.029452443069007222 4.903740444931402
2.1735182770915933 5.654392382802738 0.0068788316249955754 -0.02920071361242668 4.943741674641783
6.865545991928474 3.0719172895243596 0.008214646332618607 -0.028853415493317172 4.989753183326597
6.078025207920603 1.1383647312052347 0.0045322361447139355 -0.029655671220334037 4.864044177602198
6.334256376122652 5.142811367849559 0.008521173481025258 -0.028764380794765454 5.000393099337834
3.0302132358803537 5.487548720525978 0.006190582871828403 -0.029354329897087153 4.920235003999547
4.847598031834392 6.713307456967002 0.005678570631836812 -0.029457661746636315 4.902823612525541
1.7062725760595125 1.221171771552958 0.006088245731091759 -0.029375725759848776 4.916750006888053
3.335258509198973 3.1474071671870663 0.007901036821017124 -0.028940864139706188 4.97890067558397
5.946160845487672 1.9767566763700353 0.007392220278095479 -0.02907499061668144 4.961360522123816
6.16455667470361 4.165769495954951 0.00825205970494182 -0.02884273757163275 4.991050093608885
5.735409742027288 4.582390985223307 0.008784240372356505 -0.02868513763398499 5.009551228417974
3.7912078768738273 4.332995261202099 0.007870564861476095 -0.028949165942411842 4.977847922400616
3.492803885383862 5.332962313729191 0.00830603284181119 -0.028827240909090723 4.992921886265406
3.70267257719737 2.06775130026862 0.006874404696110834 -0.029201756112845152 4.943590073899653
4.078161991727011 4.300335133106796 0.007480816903614854 -0.029052321395279072 4.964408884549178
2.7503813678772935 3.9023565067494066 0.00744605485598835 -0.029061250267006965 4.963212536003182
2.962693782354844 0.5739422881320391 0.005667733883526599 -0.02945974868571564 4.9024557501871096
4.977438205663511 4.849181089231054 0.008775314952949842 -0.028687869343618652 5.0092400918816535
2.5625339220354797 4.279451823135919 0.009322855322760682 -0.02851463428892036 5.0283834374913186
3.6540220776534045 6.253368406077594 0.007372702096137495 -0.02907994607631881 4.960689274510629
2.508836983941497 6.092565613049158 0.006102013271937026 -0.02937286901256165 4.917218700331584
3.234606650295494 4.91872584757084 0.0083733884586396 -0.028807748362562478 4.9952592020874675
4.667575140306674 2.4787946966242878 0.0084445669254206 -0.028786963880237396 4.997730902275617
6.70686012480327 6.340158104461753 0.0069322614289515725 -0.029188075501489823 4.945571813264406
3.1278984772037233 6.75894631754006 0.005442598354112445 -0.02950217149898991 4.8948191455924235
1.6653874922691516 0.5343001533934245 0.0072722085640517095 -0.029105239779134838 4.957235012719252
4.271625840838707 5.38461639185185 0.006619820199925558 -0.029260519143047642 4.934880769109837
4.796169098559897 3.424260851786373 0.008625169388473063 -0.02873336828532546 5.004010485955868
3.6434646472398735 5.277062262795046 0.007518471266049877 -0.029042599570657968 4.96570518916707
4.4848630113236085 1.7364650130874355 0.008473396888802456 -0.028778491016118842 4.998732543312706
3.614442517455489 5.762573915528656 0.007003773838724362 -0.029170998474786564 4.948022584639162
2.8076517942001806 2.4106021658404493 0.007360282123058623 -0.02908309211670904 4.960262200090999
3.312096305713239 4.581411054817052 0.008073315987066043 -0.028893278958487627 4.984858355502691
3.8063800837436275 2.635698307918983 0.009235519573272647 -0.028543040801773344 5.025322125191346
1.2537704625473338 5.686035612418376 0.008562016712280072 -0.028752249821859796 5.00181332246119
6.265454046951132 5.386718052993163 0.006273251116913306 -0.029336774199358488 4.9230520643253834
4.3591109741595115 0.3831764133051305 0.006077296818892027 -0.02937799284115722 4.9163773015569285
5.786242195202857 5.734458981590221 0.00653123601508706 -0.029280419329566126 4.931854370164512
2.266898343233503 6.309912505936824 0.00525389860694885 -0.029536359786336244 4.888426740480452
1.9581571611354973 0.1676673356076125 0.008611767720246301 -0.028737387785470758 5.003544103785174
4.671148888773423 2.007364653491923 0.008202526524205058 -0.0288568632844894 4.989333160810954
6.690411668943172 6.092925220778894 0.006249739940259998 -0.029341791879146012 4.922250709521871
6.099178440497396 0.4134341555311756 0.005813526561326434 -0.02943132530010757 4.907407005788029
6.387378238282819 5.110009940181246 0.005971339896721419 -0.02939971258087097 4.912771961517314
3.4779723273233047 0.3230378737626816 0.0056119339558873245 -0.029470429200721845 4.900561986653242
3.998476642073515 6.674397844860617 0.007349556903577925 -0.029085804326527916 4.959893438776449
3.407703812131238 4.758652759702161 0.006096486929613993 -0.02937401653020992 4.9170305595559265
4.3581713497399335 0.7266722001359913 0.005923488942425335 -0.029409390995887092 4.911144630344898
6.9140701164937495 3.5734410245186607 0.006932827027070993 -0.029187941164335554 4.945591191020948
2.4612671730647158 1.544001387905336 0.006676580451891638 -0.029247619962475893 4.936821019988683
0.8502521504998226 4.132511057321981 0.007726128387403052 -0.0289880482292507 4.972861967279482
3.8284666913138565 0.5953899355604305 0.006437181596376162 -0.029301240470247604 4.9286433195313535
6.040536760930798 3.7382640507336906 0.008854749234085498 -0.028663450873917157 5.012010184358688
6.5642316350832495 3.031698955016616 0.00914776131333332 -0.028571287387065394 5.022249054259474
4.18457325982784 4.454688728150031 0.0067850240594293345 -0.029222653002644455 4.940530374424566
2.1762899051217617 4.042351471348533 0.008118099652489826 -0.028880728142348565 4.986408660170881
2.822586322084209 3.261696784633628 0.009419902985303581 -0.02848272156496757 5.031788773311062
4.162901364741401 4.969830941082427 0.007184125810506679 -0.02912710655624433 4.954209797631387