300

0.03303423694903929 0.5274314909381774 0.011378206487265704 -0.02775853773405841 5.101400040148531
5.77382476239293 0.18257698919796456 0.009870538786646177 -0.028329709918410977 5.047652426357506
4.403498078386762 5.524527817440423 0.008312420513695141 -0.02882539965383828 4.993143477914824
5.397002897475722 1.842367948835445 0.008556842726075674 -0.02875379005559451 5.001633376625884
0.41321425846333726 1.0345343436250283 0.008414658679275627 -0.028795720503423616 4.996692109319865
3.52881195354269 2.1746120166161895 0.010327012787672864 -0.028166519253951864 5.063811524935607
2.8883523778285625 3.8901854523707637 0.007801116842043564 -0.02896795774673776 4.975449737486579
4.377363661642406 2.639921815614109 0.008491808369747434 -0.02877306362922599 4.999372368958785
1.9773577782065428 4.440224918901754 0.008555237003333301 -0.02875426785395164 5.001577533225834
3.2649488438025522 4.093431680407823 0.008608243829271275 -0.028738443558686558 5.003421482123575
0.525209516703591 1.77224738611144 0.009133373433782087 -0.028575890007471044 5.021745516555489
1.8056036888431795 5.3962244160585096 0.01072065693599956 -0.028019056280692334 5.077823580662039
2.018127601140293 4.391090523913882 0.008716218804566618 -0.028705879706968036 5.0071807690990795
3.519546232702068 5.5245064351243895 0.007985725134480816 -0.02891761044893788 4.981828103366517
6.455157523623684 5.5866592672097815 0.009974809436184666 -0.028293164840855135 5.051335408972502
5.52731104924275 2.6071853854415643 0.010907463782551616 -0.027946864472286056 5.084499291533315
2.158095356639388 4.695294998217612 0.008317294481964123 -0.028823993694495027 4.993312567925118
2.083641048342543 4.386900188606528 0.008122371536474243 -0.028879527015231273 4.98655657793769
5.368833634420546 2.8043731649360373 0.008396321920217288 -0.02880107251843373 4.996055380867576
2.4477663360554143 6.881249562949339 0.008215617885424069 -0.028853138871892257 4.989786855508763
6.965636236739156 6.193549288626774 0.01035398253097491 -0.028156616376053895 5.064769203904972
5.913677743294473 6.771907710670965 0.007442283182767451 -0.02906221638188486 4.9630827545764
2.8056737677850174 5.71938194804176 0.008470219065902736 -0.028779426487955204 4.998622121565906
1.6486749414550703 4.300594268459555 0.009808764405250086 -0.028351157663176627 5.045472701184859
1.5198083610849942 3.033943274771591 0.008171420500844444 -0.028865687017605852 4.98825538374855
0.008593565055768693 3.679273229377432 0.009811498780305919 -0.028350211492757075 5.045569149475065
3.6488812353798403 3.4974069328040898 0.009956443988398029 -0.028299632914684472 5.050686370654189
4.575814978295065 6.110914496948119 0.009222699765038391 -0.028547185658904465 5.024873018266622
0.32950107852275917 0.5773002435139893 0.01119448630641766 -0.027833136300737426 5.094790434836565
3.4962803681352352 3.176144953751595 0.009479557684313999 -0.028462923007129177 5.033883917817261
0.3393103079823283 5.715005142504362 0.008313718461001166 -0.02882502533131946 4.993188506110405
3.8677402170935578 3.7242094390611293 0.00987747809379201 -0.02832729119606495 5.0478973848612965
0.7507882893901165 5.90188679187974 0.009376890268606252 -0.028496910865750298 5.030279015992797
4.787351364790457 3.735589225438839 0.009844738886833628 -0.02833868585961716 5.04674186950564
1.0389871378121402 4.9320791857283535 0.007336959228630977 -0.029088984672508023 4.959460341382654
6.724242486828978 6.302094757832305 0.009206413207671951 -0.02855244220464518 5.024302557213402
5.296369360026107 2.8645514660237974 0.009544318304197117 -0.028441272617591634 5.036160044953865
4.907766426244834 0.2998536242187814 0.007933515075864392 -0.02893197778481506 4.980023076017666
0.0916907943990068 6.890613322365817 0.010327566835873343 -0.028166316110747762 5.0638311954598
1.839575260146172 5.127371769716211 0.008781299560610082 -0.028686038032932137 5.0094487096283675
2.7142121705202857 3.1749543468295642 0.008551857600103224 -0.02875527310925001 5.001460008266686
1.070619373812334 4.432570836752412 0.008841807504481257 -0.028667445649267376 5.011558709493677
6.966992940755307 5.398723872513775 0.008315691033873052 -0.028824456328422975 4.993256939435886
0.08647512834768552 3.0710667654568136 0.007822994185272384 -0.028962057281505305 4.976205039972798
6.985489774061094 3.2514703293050875 0.009438461430806306 -0.028476577143666366 5.03244041212217
2.9095743219085715 5.758488727271545 0.008784090030561872 -0.028685183672672962 5.009545987318004
6.117378799976218 6.5972897679026365 0.010525421610947657 -0.02809297954848855 5.070864840551273
5.1248057147852215 1.2465749534994923 0.010331401242544176 -0.028164909876751895 5.063967333333517
3.224217700194233 6.069833538492246 0.009952187374337724 -0.028301130127012117 5.05053596229135
4.834002035469151 2.5036821655894363 0.008989942005572425 -0.028621337193367544 5.016730199045192
6.889170594409731 5.783792782078292 0.00990246036225986 -0.0283185677387447 5.04877943581146
5.894405159699955 5.883736155732192 0.008274159425981377 -0.028836405562993515 4.99181639209243
6.503197130762778 4.4042123117453125 0.009661156457973764 -0.02840179670187349 5.040270941519919
5.414731405310578 1.6335001500405206 0.007925052794187412 -0.028934296919215823 4.979730598865475
6.7035605491363865 5.345903318809166 0.008033303540421824 -0.02890442931848761 4.983473787102145
5.188271713931295 0.1697810645124198 0.010528614610034353 -0.02809178304047949 5.070978501228515
6.56132857107056 4.375553421180012 0.01041931502846498 -0.028132505653382597 5.06709052162312
4.783550267101547 3.3538430068055773 0.0113721224661161 -0.027761030791662932 5.101180873419148
5.496783684171037 1.7126321112021894 0.00855603242389331 -0.028754031181058532 5.001605196035317
0.7883415717307496 5.9528879166688276 0.010896275866890966 -0.0279512284565922 5.084098994674333
3.5100134539331656 2.2032921540699073 0.00886080475115866 -0.02866157949523794 5.012221453921448
3.5012749518898145 3.9324222469169228 0.008471009989635413 -0.028779193695367786 4.998649603938837
0.04664991949009458 5.205517651024039 0.008315046208363285 -0.028824642349087062 4.993234568730202
3.746000693257958 4.653055526716498 0.008356649454375111 -0.028812608522948632 4.9946781920174725
5.1523693328542075 2.0057060424930935 0.009064406313069852 -0.028597841495322324 5.019332972002308
0.5545385607390426 4.57268467306632 0.009702630028038882 -0.028387655249051447 5.041731549476754
4.355442002119039 0.5133913630518678 0.009868202787047612 -0.028330523711250125 5.047569969952102
1.2764912287600532 3.8267445208615785 0.008054409864748592 -0.02889855501111847 4.984204072004682
0.9098193946368265 0.10788544629029007 0.01125131292171934 -0.027810213187560273 5.0968329644854045
1.807998388305526 5.285057697745075 0.008825681453705821 -0.028672414388706668 5.010996236884235
6.205960520532811 0.05052755051107269 0.010288852998738095 -0.028180480903816352 5.06245706833653
5.0911671687056135 1.98363826536224 0.00966764003684061 -0.028399590421660598 5.040499230974351
4.632987922844874 4.64007677987983 0.00831768454372694 -0.028823881137540204 4.993326100488598
6.9165284981608375 1.5177179068690108 0.008356086571692244 -0.028812771772364847 4.994658656087993
0.008150901947938216 5.423549448804123 0.00872510108148619 -0.0287031812020523 5.00749020725076
2.6172160226543246 4.298606909444836 0.00868579022817932 -0.028715101394772482 5.006120927453912
1.0798507711914336 4.3461570887505125 0.009322804353410917 -0.028514650953291053 5.028381650011446
6.899171204686738 6.8591239651581 0.010717815063230524 -0.028020143473408355 5.077722156202765
5.904959517942094 2.7892451107283267 0.008557123945589344 -0.028753706365959527 5.001643156899107
5.0366264221130415 6.910490255495083 0.008864319636697995 -0.028660492622745518 5.012344090295364
4.960420570816859 2.61004853833875 0.008585234796964335 -0.02874532559358117 5.002620942026171
4.944257534837842 2.948392763687425 0.00958935486782331 -0.028426119559640098 5.037743959829731
4.74627110468475 2.530284649986029 0.008464053791240569 -0.028781240303694108 4.9984079032469655
4.874882123608749 0.377378067845969 0.008578683382435148 -0.028747281461451814 5.0023930374368195
4.683160553915622 4.614192234142442 0.007494499114299163 -0.02904879486356997 4.964879863811277
6.218000632711494 3.3229040560399206 0.010041061631195692 -0.028269720220025694 5.053678011003553
6.752149817832577 2.6155695601130176 0.010114532003763749 -0.02824351681970287 5.056278121527202
0.6878477744008554 6.143983195795386 0.01034976540016315 -0.0281581667755837 5.064619433966499
5.731513239263851 5.267845674174421 0.010484352211453472 -0.028108332549373873 5.069403330467228
6.416770937387108 6.1721171568283175 0.010286846520110658 -0.02818121339956261 5.062385868254582
6.272423950539655 0.20337710160856598 0.010925371466359048 -0.0279398686167646 5.085140147858411
3.2608246073057874 4.88555720614173 0.010688474290489922 -0.028031348832004782 5.076675234208224
5.764234042439227 1.0223767750288943 0.008290392423774546 -0.028831742809962455 4.992379371755291
6.142765389684893 5.814798467489027 0.008586750526783168 -0.028744872853968043 5.00267367205179
2.9858855960263555 6.481112141048347 0.008515573839647633 -0.028766039042271856 5.000198432190408
0.5905140396843876 6.21812563128798 0.009685473156962556 -0.028393513514987145 5.041127233964142
0.17166862461694143 2.239193786815973 0.006858309286575427 -0.02920554046289288 4.943038930118941
2.5822784157066034 3.0837830106552717 0.009647546804636595 -0.028406422524709905 5.03979179771777
6.367943802770015 5.806688025875273 0.008108066652534059 -0.02888354644357346 4.9860612828368165
4.636661417706232 1.6182203680156784 0.00985270223024293 -0.02833591817397428 5.047022889320165
0.24896338556579192 3.1611218289085508 0.0076915848132347135 -0.028997233024218312 4.971670507331883
0.30077473161657087 6.172906877942379 0.008384890339804519 -0.028804402684128913 4.995658488724163
6.7914672449951246 2.9751276612291777 0.010471639191652622 -0.028113071206110597 5.0689510820801384
6.209554665681817 3.390832739192629 0.011175872080241518 -0.027840615712409773 5.094121745380243
2.198471365191553 3.580574493192747 0.009243954924160818 -0.028540310043166716 5.0256176702391375
6.5776148348879575 5.938307780722933 0.010297285436208878 -0.028177400743241744 5.0627563144104215
2.9658890821910036 4.971925282203284 0.010533076390272072 -0.028090110390610663 5.071137334616137
5.001707620264602 2.8881336527380768 0.008700560104545953 -0.02871062963202276 5.006635326688431
5.564313190001898 6.528481602037754 0.009413373712911786 -0.028484880118074242 5.0315595457441535
5.442992439745131 3.4718682057602375 0.010353414343608303 -0.028156825308077005 5.064749024446939
3.9618712128107663 3.6664049814111817 0.00936289192901306 -0.028501513200628874 5.0297878326121666
6.934762949890731 5.288091069522163 0.009085777148614013 -0.028591058980137887 5.020080349006298
5.874009594342097 2.1618328691489994 0.009225418874212061 -0.02854630705704911 5.024968269372914
3.708219040267956 3.1932835567776814 0.00945356107275358 -0.02847156797655721 5.032970706535151
6.557098901763922 4.902778774313212 0.010262594811814555 -0.02819005405685695 5.061525440313392
4.489582115442682 5.863366925662129 0.008598950490760674 -0.02874122562552694 5.003098121235751
6.193779126615975 0.5420159692972016 0.010535800821857875 -0.028089088647411452 5.071234325375362
4.038022198021632 2.412063759521194 0.010193403324035098 -0.028215147149599454 5.059072068936496
3.67273937992277 2.7451317888774605 0.009174032854940981 -0.028562862622231396 5.023168698281545
5.735919805698541 3.9838730261763136 0.008643551040393683 -0.028727844078734993 5.004650279323858
0.7573176413294994 3.2992298210697735 0.00736223832688104 -0.029082596975136245 4.960329463243975
0.06143111042975362 0.05899659532248579 0.01113698812554801 -0.02785619312633014 5.0927254733428695
2.480939709156193 6.168716747107963 0.0076124407583834566 -0.02901811065007683 4.96894212546796
3.9729583567954707 2.409366950535497 0.009297575494709867 -0.028522887124556143 5.0274970095481315
1.7644497271245612 5.086229792751129 0.008916749861918347 -0.02864422405826311 5.0141739644707215
0.32835694947097854 5.863426449688347 0.008858357929881065 -0.02866233582222693 5.012136085667638
6.116328017118972 0.46473489591269773 0.010852262498879146 -0.02796834636969839 5.0825248282376325
4.190412860158787 1.6089576550882743 0.009461597641212538 -0.028468898294029595 5.033252986218896
6.058114157425238 2.2104502551799197 0.009803120589527396 -0.028353109647923702 5.045273639774786
5.973043885446676 2.573424021178619 0.009973323148916394 -0.02829368879038731 5.051282877786456
4.645631301932105 3.4447489942003693 0.01100984932128541 -0.02790668769170915 5.088165501472909
3.6716861531552047 3.2663782885208206 0.008636663474789861 -0.028729915489315846 5.004410535706194
5.325880456794996 0.7022782304231555 0.009579296743296243 -0.028429510616679175 5.03739014704493
4.607630375623386 3.921485870293087 0.010192053458933098 -0.028215634784463914 5.059024227490552
0.7069851199681975 0.9725416254522956 0.01156572054951427 -0.02768093401911401 5.108164655368133
2.4449155915876073 2.5817262717073652 0.008228937241214523 -0.028849343006040064 4.990248511753708
3.258676813630393 4.100428783235554 0.009665633429467177 -0.0284002734213452 5.040428575615805
3.23152395498663 5.601109165399537 0.008799638311799942 -0.02868041780695502 5.010088064118606
4.31776413156901 4.942040309208707 0.008694670151834673 -0.02871241388234008 5.006430184211469
6.65417402604884 6.338286293337609 0.009407528738923934 -0.028486811036448432 5.031354357032045
0.15026504445528743 2.1570169966904666 0.007190883050421174 -0.02912543906888213 4.954441795729038
5.329486702340556 2.573933325633231 0.008669591650926123 -0.02871999618046966 5.0055568620128295
5.570496289051746 0.20578304714134832 0.009216674591478999 -0.028549131501234594 5.024661965300802
3.9131409303056466 4.463538406902521 0.009815212488820007 -0.028348925972588656 5.0457001464769515
4.630538854711976 5.804719573129192 0.009971678787794614 -0.02829426836221511 5.051224760787573
6.022086996905881 6.440692588885943 0.009345577392943121 -0.02850719528807614 5.029180397853634
0.07765991780280689 4.39953822391406 0.007515021127331283 -0.029043492514774536 4.965586395197958
5.76410075016422 5.052448436441957 0.010240182413710915 -0.028198203207543664 5.060730508956732
6.561348919707443 0.11572186381426638 0.009498115352529642 -0.028456735665744245 5.034535983131452
4.297817770860226 2.2650843035482 0.009820822208862639 -0.028346983104766375 5.045898034476831
6.286417526021958 3.764419379026498 0.010498498903384237 -0.02810305180537587 5.069906669489901
3.4626998560387445 3.3817760939412396 0.007881771736501413 -0.02894611673944689 4.978235065337526
1.5752419526400847 6.063424784041295 0.009858653219106742 -0.02833384825090648 5.0472329127318485
0.701519955211236 0.15222210470082084 0.010173937547437714 -0.02822217204222306 5.058382249643014
2.8802364482929996 4.180532547457072 0.007792101870682622 -0.028970383988426943 4.9751385455878046
0.8858312961691538 6.443201040943818 0.010161977584678903 -0.028226480679824105 5.057958503034259
2.157608330414593 2.2715913190001262 0.009084330370233982 -0.02859151870265804 5.0200297469369835
4.63666441295437 0.8295230967398123 0.008303722154541959 -0.028827906590319197 4.992841730811185
4.739503566790469 1.745311478756413 0.008461524913773942 -0.02878198388112923 4.9983200389029925
5.767249185676598 4.068786000258377 0.00980762256007985 -0.028351552686211257 5.045432426384481
3.644824616124085 2.4311865814952283 0.007927265642335047 -0.028933690733051222 4.979807078046326
4.477644947858475 0.9223042265908392 0.010671374370983935 -0.028037863132455498 5.076065276679779
5.0959018352304035 4.720258267673604 0.00859224268693079 -0.028743231648666167 5.002864743236984
5.441891247338321 1.3440162424690918 0.0099738059963162 -0.028293518585496696 5.051299943389167
3.9102702909509013 5.841834914227062 0.00982563006923014 -0.02834531696317119 5.0460676469409655
4.020474699857818 5.7936963237808214 0.00997528750735603 -0.02829299629140729 5.051352306078147
4.2572067825120925 2.612891893162746 0.0088491532355031 -0.028665178998474525 5.011814959090717
5.016437107514562 0.5960541280147488 0.008597032150190576 -0.028741799494961855 5.003031376642356
5.801334474549194 5.144711341966469 0.01009444832844804 -0.028250701105358298 5.055567122235335
6.514597338147788 6.177474622470553 0.010745305562169025 -0.02800961278517822 5.078703438241749
6.022286372594695 4.993304966668116 0.010011925645062833 -0.028280052066390067 5.052647556507392
3.682671373748085 4.871963839692026 0.007534681671954516 -0.02903839823582411 4.966263389132496
5.737334115189734 1.271654127355626 0.010889959249125747 -0.027953690052520446 5.083873017500704
5.159106581063718 1.0936650311479608 0.009493575830674306 -0.028458250437214803 5.034376463744502
3.3718978591704696 2.169927117665414 0.00900235573830511 -0.028617435090535367 5.017163951623828
4.718809437298374 5.393766745452019 0.008048685637189417 -0.028900149818187806 4.984005997409158
6.515173144363538 2.1525605388779896 0.008755578430980505 -0.028693899113556333 5.0085521897231216
3.204743012283695 2.7848492784490255 0.009025862839336941 -0.028610029709971927 5.017985483725299
4.033823041444377 3.956290494431697 0.010796196882250732 -0.027990036314368714 5.080520996276128
5.181041024316027 4.433753918197243 0.010704325900551344 -0.02802529940990436 5.077240791020343
3.5009442063651974 3.2099550645978177 0.009317234021323907 -0.02851647155929156 5.028186306422756
6.2112078202719845 2.3634894626676695 0.008003963402042772 -0.028912567680141447 4.982458855944058
0.14326105034420195 5.537475158307762 0.00785445139501555 -0.02895354198165292 4.977291352021707
4.947842152109697 2.4492798139041883 0.01040941074534311 -0.028136171877757913 5.066738486229571
2.5402339664690534 5.759429084073681 0.00888137924075162 -0.028655210743980686 5.012939375794721
2.9939499644425256 3.604548673737942 0.009585465022398338 -0.028427431475678173 5.03760712245201
2.072235466772717 4.830297841306705 0.009833139840796262 -0.02834271265901246 5.046332597815859
2.4617864050489975 4.039605893034171 0.009828218790169846 -0.028344419475666672 5.046158976380843
6.219674950911397 3.639580625997534 0.010393722035502375 -0.028141971186267538 5.066180944399647
2.2787030425942847 3.6046608508339086 0.007686122384264742 -0.02899868139578254 4.971482134443605
4.203040671450922 3.387318198663675 0.009689607964555006 -0.028392102731098167 5.0412728626588175
4.532924561934472 4.923154809559725 0.009410607583445724 -0.028485794089517565 5.031462438609568
6.458816187047765 5.379611086632366 0.008420565943426722 -0.028793993630484845 4.99689725929219
0.8630165030811701 5.3817929455962625 0.010140383509886844 -0.02823424555876099 5.057193579336753
2.2345950464250586 3.32804438774719 0.01004195724473656 -0.02826940209298532 5.053709692200719
6.333915295157863 0.698075357149843 0.008748660439673879 -0.028696009139099556 5.008311102344391
3.0928924999671534 2.776377124543788 0.008298753497397048 -0.028829337321371787 4.99266937928012
5.736713616124177 5.049362140473962 0.009299785731144832 -0.02852216656137459 5.02757450045369
3.447995907466631 5.5574874090315785 0.008356986020735556 -0.028812510904973738 4.994689873255231
6.506728323201874 5.792285702586955 0.009498239230150482 -0.028456694318329215 5.034540336326151
6.36894036871711 1.3528224679016767 0.010288187960713015 -0.02818072370406835 5.0624334691948984
3.7004263417969963 4.962362534733799 0.010027870917780866 -0.028274401936315554 5.053211447453798
5.8549899455331476 4.686890780645924 0.009093257943174008 -0.028588680626760354 5.020342007928452
3.2722725852723293 5.8874782739518885 0.010644001784212234 -0.02804826600732542 5.075089185620609
5.883970426897281 2.6175289250790135 0.00891751337587763 -0.028643986370459045 5.014200619656965
4.085638423764653 4.697433747408808 0.007618724655164452 -0.02901646144223636 4.96915868247975
6.6563187773242944 2.750720885409234 0.008765904414089686 -0.02869074623991232 5.008912076342064
5.095712410264734 4.736315342611841 0.009791568328456042 -0.02835710122119637 5.04486622598688
6.725521704374199 0.2098559756665773 0.011470747825235057 -0.02772042467802153 5.104736124607142
0.03701377336449412 2.4930247069287828 0.006507159685544804 -0.029285779361779334 4.931032178227047
0.25197878623731346 0.7633764957866206 0.010339674584373798 -0.0281618736856988 5.064261095598886
3.967110428249134 2.6686220297828918 0.009514068074889703 -0.02845140609295724 5.035096631272445
2.836196642739859 4.287123532500613 0.009670295359193979 -0.028398686372188967 5.040592731076865
1.9072628607008073 2.9146011555871167 0.00802145239054166 -0.028907720448805255 4.983063798898564
4.227454796266712 2.8755662859602884 0.010428153083926275 -0.028129230761935152 5.067404698040405
4.912193913216029 3.228974327344086 0.008186976614642476 -0.028861278798959986 4.988794338574996
6.574142889283147 0.9756603548933338 0.010721552391091951 -0.028018713645081395 5.077855539645899
2.3471581543955526 5.124309654972102 0.009241151296786949 -0.02854121796122045 5.025519437852247
3.7258140310030106 2.326387987339152 0.009242537225067916 -0.028540769184505765 5.02556799706856
4.920256263672223 6.2860341579206445 0.009758195026649787 -0.028368602888085046 5.043689570765766
4.114332428783845 4.685996076092026 0.00807870959006908 -0.028891771343400284 4.98504503364727
5.494493159672729 4.3832125308312815 0.009097148403882866 -0.028587442888753298 5.020478094828495
5.648574476680994 1.848313260266121 0.010200517872222854 -0.02821257583310078 5.0593242339282405
4.137726697470008 3.6454286861238754 0.009367884395300107 -0.028499872665615416 5.029963002608419
0.7799998297833853 4.118036303175698 0.007668157742982439 -0.029003436983032517 4.970862686698936
1.6505230258874442 4.328094205113287 0.008762549197297853 -0.028691771147228515 5.008795134216107
6.043406495767325 1.7670721317767697 0.008817875640642051 -0.028674815939883056 5.010724007067003
1.490342231645155 3.8390847966089536 0.00812183796562803 -0.028879677076797155 4.986538102238289
3.3566445978964587 0.3272205265334739 0.006506222307449066 -0.029285987626953135 4.93100017037945
0.3208487730647211 5.224138909393105 0.008853014573881823 -0.028663986689827985 5.011949666733033
4.547797412011933 1.965178633851726 0.011396713651087877 -0.027750944451587718 5.102066851021474
3.5619757188195664 6.429722409783797 0.009669181861522345 -0.028399065515062414 5.040553521860497
3.3376764966413894 2.447960423096594 0.01012402835942948 -0.028240114195545802 5.056614373124543
5.922278886867595 5.813758656463962 0.008150389487864248 -0.02887163229185548 4.98752687704607
6.643450531727468 5.632143565777927 0.008242525066996378 -0.028845463777168436 4.990719535968477
2.934122050224139 4.2799604428462255 0.009608280833907914 -0.028419727996881985 5.038409829587993
4.558577274880243 2.151214674310935 0.008848715003230914 -0.028665314280356253 5.011799671161132
6.274430662740194 5.583652277890725 0.008831312476875668 -0.028670680493071317 5.011192634485842
5.056545579232156 2.4361638246655875 0.010001301921880253 -0.028283810914857183 5.052271920102885
1.5780615066867762 5.893830474262547 0.007403435492052992 -0.029072136882503322 4.961746275102537
6.18726446446856 2.4521236443279295 0.009732104113182444 -0.028377564193041258 5.042770005164392
4.540156744225828 5.004116613894403 0.0069770622950624545 -0.02917739881707788 4.947106996789773
4.886944780445888 1.3879912857073415 0.008839858361483856 -0.02866804674457093 5.011490718693728
4.071550200305019 1.6570537036108204 0.008872005360309129 -0.028658114398659347 5.012612265813384
3.190752389623893 5.514901946725855 0.009655324751285258 -0.028403779747548003 5.040065619893681
5.16883692531922 5.255681956803072 0.009121692164567584 -0.02857962092216876 5.0213367626536565
0.2655338844912972 4.968747525546174 0.009704564973804534 -0.028386993829379082 5.041799711792024
3.4424226880517503 4.124282498791215 0.008751393661953957 -0.028695175709054513 5.008406351197859
0.4443616589415 6.2317626265276305 0.010771863013216525 -0.027999410122795405 5.079651765767505
6.043957475030994 6.783059421018524 0.009397211920330125 -0.028490216006980453 5.030992217446446
6.147932636058414 2.1371679412157616 0.009051670822190973 -0.028601875031660014 5.018887672918966
6.347421376546252 5.442768855742482 0.01033652356284613 -0.028163030387987845 5.064149208270317
1.9510285692614286 0.21849341015937973 0.00807588989853651 -0.028892559636465507 4.9849474400096
6.157963623556119 6.700240127108939 0.009419339106617287 -0.028482908046661076 5.0317689761565285
1.96522828010144 4.843977446310646 0.010333156052331875 -0.02816426611857936 5.064029638870785
4.096697470061514 6.241173219130668 0.008919009355579606 -0.02864352059567894 5.01425284674035
2.5966356661698424 5.493018713134873 0.008775875411407306 -0.028687697899334074 5.00925962836676
3.791447200634189 0.9219326680524236 0.0077816890040839325 -0.02897318270821691 4.974779131520627
2.339674631958451 3.781010488354488 0.0090460731098315 -0.02860364594403279 5.0186919676008035
4.147655415073308 5.0947751217804775 0.008985896011474611 -0.02862260772310875 5.016588839322448
4.309978522886338 4.86616985214628 0.007788093172184677 -0.028971461902040262 4.975000175867961
0.1552775993044007 3.535320980560074 0.008226015220511236 -0.028850176318211948 4.9901472276967525
4.255408698236254 1.854528830203876 0.011037850392667551 -0.02789562436492664 5.089169082435775
6.6290601161862455 4.969092934177377 0.009838382585211932 -0.028340893212935234 5.0465175805571665
6.740586267316558 2.0955118302324656 0.009333201263003974 -0.028511249607554225 5.028746288162728
4.21547047237435 5.673521129894267 0.008456694209078283 -0.028783403604406163 4.998152205248245
5.380909711136777 2.599778626947227 0.009029617575643856 -0.02860884489869564 5.018116724904969
6.611228312219524 0.7179178092675707 0.010503599666364096 -0.028101145778219722 5.070088177746763
4.6566704102533585 1.185024609507763 0.009173838394325898 -0.028562925079809173 5.0231618901263175
6.248894025387481 4.380865624995874 0.008236788232446939 -0.02884710244745256 4.9905206599292935
2.2703084583272086 3.3888704072712272 0.009567225211404181 -0.028433575254516837 5.036965564680967
0.07782744188723942 0.06938391144546278 0.010459606214439785 -0.028117550352739704 5.068523095453081
1.9016400180782975 2.650715287709737 0.009590502450494115 -0.028425732404760765 5.037784330816111
1.948550137315541 6.009434441254676 0.007989774082322935 -0.028916492009118958 4.981968122755196
0.33739301950290046 3.7396184386746296 0.0062541064840153935 -0.029340861474854422 4.922399528414602
3.3202272008081857 4.892759519620366 0.007737769194946724 -0.028984943123727767 4.973263561439643
0.7720522956635644 4.9805465313721164 0.007793182551479379 -0.028970093298422726 4.975175848725343
5.253111682837824 6.29608888262111 0.00862252813617042 -0.028734161002906444 5.003918564401783
2.041128680917273 3.6368076757695964 0.0076708106275344004 -0.02900273546265085 4.970954155742255
1.5348828460747619 6.811686360417088 0.008082978569670229 -0.02889057731237387 4.985192794328263
0.5334535610998595 6.033538244910856 0.007861999317666912 -0.02895149334195051 4.977552052065025
6.557704173232225 4.826489663165641 0.008215155405814974 -0.02885327055393043 4.989770826800212
0.6341048026893064 6.143684163066792 0.010958725834793525 -0.027926803040767643 5.0863342180788775
5.976906970896223 2.220007441581972 0.00878206021558192 -0.028685805172068868 5.009475226293313
0.9831046186538898 6.517080234369762 0.009035447205792812 -0.02860700427852121 5.018320501663075
4.6954393742413005 4.649738948862321 0.009154895401270858 -0.02856900226104842 5.022498758555493
5.868068632521341 1.799908938021737 0.009440737459787456 -0.028475822660905967 5.032520339534807
5.8481917404066 2.74116897912795 0.009527032559333707 -0.028447067522213872 5.035552337142776
4.2722452295924604 4.895451519406577 0.009383649881047045 -0.028494685731025808 5.03051623034764
5.39925338426846 2.184207396781283 0.00795327111083172 -0.028926553175890306 4.980705984272387
1.2235936634428954 0.03739124338397193 0.008903693217058016 -0.028648285238326483 5.013718175579832
1.005724268308993 6.561165133329443 0.009381082822706454 -0.028495530966688828 5.030426142662854
5.3856651323741715 2.1627778134604085 0.008882136673846481 -0.028654975974638525 5.012965808550858
0.9501156678406798 0.6725509575533752 0.010708476833975791 -0.02802371359931092 5.077388909004728
0.5603027680383417 0.17550718201445253 0.01096833909737015 -0.027923028801423052 5.0866784720243094
3.451021577323889 4.268770089783149 0.009340798827074684 -0.02850876141245214 5.029012775800659
2.6941451348616234 3.7556446329540867 0.007363155986557862 -0.029082364654849112 4.960361016937162
3.2700360323287887 2.340438583814131 0.00846007594537595 -0.02878240981916683 4.998269696380313
3.2155637138153828 5.480704222591991 0.008971710481561859 -0.028627057324060276 5.016093272069408
4.185711724343997 1.053873159195053 0.009916950519487818 -0.028313496647253415 5.049291165591006