300

3.6821530053736247 2.5068272325776153 0.006859872446596164 -0.029205173343372415 4.943092453177246
1.4710162786660903 5.987395217717153 0.008565028646173443 -0.02875135273844047 5.001918078815801
0.05992103531359527 2.130812161254466 0.008584658774762543 -0.028745497625208935 5.002600903273219
1.4322137950995868 1.7884633193590775 0.008474616401141359 -0.028778131920844094 4.998774919403466
5.138453556970103 4.640014425981638 0.009417492220840136 -0.028483518748048237 5.031704134955126
3.9222579190682705 1.4809874404058982 0.0072926633410183885 -0.029100121329550612 4.957937861245059
4.91691447435073 2.4820005576180604 0.008595004118478222 -0.028742406026694117 5.002960817027133
4.654621206290914 2.6635092076763978 0.007621491036065089 -0.029015734944805024 4.9692540220005945
1.315578001167281 5.499599823641411 0.00772064881550851 -0.028989508134281736 4.972672943380514
5.335036813712505 3.6831190866726233 0.007882318179192833 -0.028945967942391668 4.978253943313485
5.199000835420591 2.131079188893047 0.006920413297800439 -0.02919088693047244 4.945165909134053
6.153412814806026 5.598653625642628 0.009905604824752877 -0.02831746798454679 5.048890476863314
1.097636065852114 6.860596550960664 0.007754630007781447 -0.028980436736571368 4.973845316011073
3.9847222597751584 3.901363640580656 0.009124329096000265 -0.028578779164755846 5.021429030156833
1.6914413549812757 4.495318567155233 0.008806903599154378 -0.02867818768672807 5.010341392708207
1.5980192732437875 4.167250307146508 0.008451363617987198 -0.02878496922000373 4.997967013594762
5.311342019693529 1.6957376513827038 0.006239825178847453 -0.029343901951468916 4.9219128158830285
6.866603190144327 1.4868851674399453 0.007230013110604954 -0.029115750212221573 4.955785520154278
5.998724410748532 3.0915623897312856 0.009261076776572445 -0.028534758750310654 5.026217646805437
4.094548293598292 2.309929999677031 0.008429255704733738 -0.028791450957953015 4.997199063378384
5.533408666032136 6.534473006493279 0.008418847755601172 -0.02879449604469592 4.996837588068487
5.835994199519407 6.5488692857955595 0.008789905090247525 -0.02868340231744555 5.009748713585887
0.7847651409172214 3.8472392542766163 0.008110431377023374 -0.028882882523712808 4.986143154765903
0.5235596836162812 6.711995360293889 0.007970119565446077 -0.02892191546409908 4.981288487302598
5.457361888643491 6.272659732691798 0.010068332996753524 -0.02826001894313739 5.0546428611460055
3.135178961119613 1.9785671145738868 0.006780418449649567 -0.029223721967737985 4.9403727732124265
1.745766368959801 4.316772083395995 0.008841085536890107 -0.02866766831343966 5.011533525359864
3.3842923146292336 1.7733212238763003 0.0066487232690747265 -0.02925396518236911 4.935868663547659
4.552674866550449 3.365336356006736 0.007755527742940731 -0.028980196504310947 4.973876293421395
4.7675333077410675 3.206918135698583 0.0076430978120592425 -0.02901005094506549 4.969998752112016
1.0365673388158063 1.5848235107273845 0.0067304446043826675 -0.02923527176934287 4.9386630676599
2.773272906858985 4.605449489154785 0.007783514498102406 -0.028972692350864283 4.974842138387501
4.959435787014017 2.1929848942495385 0.006690498754911139 -0.02924443923911916 4.937296923998451
5.426942761168552 3.509783243001166 0.00902607795111077 -0.028609961845840897 5.017993002488164
0.9376514878305495 3.814606574263694 0.007256403742945526 -0.02910918419879482 4.956692026303244
5.436506803896226 2.1221649584240834 0.008515576127516538 -0.028766038364996846 5.000198511724087
0.01894850925140871 2.2988162511664116 0.007272348105013429 -0.02910520491320251 4.957239807080898
1.663799911962023 1.4361416210019329 0.008912025196693511 -0.02864569438665259 5.014009025670235
4.633123798869721 6.009686936356209 0.007771165994410942 -0.028976006955536694 4.9744159509612995
5.164652560283044 4.862757732359796 0.008908599055507558 -0.02864676007628454 5.013889423840851
3.036912220189409 0.3720459626822774 0.00807129884005369 -0.028893842510724455 4.9847885424730665
0.9308595576007062 4.711895492200043 0.008712162771738557 -0.02870711096294318 5.007039475890906
5.49316728178771 1.6127710164816782 0.008175480270174956 -0.02886453745259016 4.98839602998234
3.60917248180642 5.320625549911773 0.0062984241493245574 -0.02933138000904842 4.923910214073098
6.5215199527206344 1.9454918160405814 0.00825534867239512 -0.028841796377777583 4.9911641265124915
0.12839676304889566 6.514951069575536 0.008471865999194316 -0.0287789417194534 4.998679348111495
6.035838224505957 1.7567632949581784 0.008714364352089788 -0.028706442725266863 5.007116167898584
0.6803481369314083 0.5778347313122438 0.008833736191888531 -0.02866993381387754 5.011277171948188
0.9802761748482308 3.4305408449597143 0.009230584277664712 -0.028544637217749483 5.025149222885039
5.1738486071771455 6.133220003521462 0.007561147628465127 -0.029031518157694683 4.967174909462534
0.7905447730528014 4.507374194351919 0.009182553104081522 -0.028560124623165123 5.023467010729412
3.8792670221126184 6.502009537675206 0.009721434058444316 -0.02838122125362682 5.0423940262026
0.7481391554919737 1.1116546540288779 0.007144357436747228 -0.029136886532640967 4.952844688050827
6.77295012075532 4.212853421547898 0.01019658064693118 -0.02821399906271049 5.059184681765362
5.360292021928902 5.113489050578763 0.007942525481751728 -0.028929505508593203 4.980334523471193
1.4602525017049242 2.0204360097623493 0.007492268673358576 -0.02904937021909786 4.964803082008054
3.432656594820705 1.9362510668082067 0.0074981498818869965 -0.029047852732151443 4.965005542924759
4.999840591499588 5.401709168350591 0.00966348414647173 -0.0284010048088248 5.040352898340173
3.5274346429965346 4.205394448536807 0.00749311018335972 -0.029049153168036256 4.96483205038632
6.763505957986262 5.089285234435017 0.010142037619354661 -0.02823365142746497 5.057252165172445
4.684456639317385 0.8510154281911063 0.008034571916897262 -0.02890407677322017 4.983517669103636
0.27575277649110186 0.47011029281411304 0.0074641252356654995 -0.02905661429806132 4.963834388826924
6.268703792281092 1.7038910649867356 0.006526217567285598 -0.02928153828377964 4.931682980819152
5.349442549442737 2.2169007072190516 0.007546564070791822 -0.02903531247852232 4.966672606953273
5.345217313456977 5.219741709537877 0.010351951447781404 -0.028157363179509128 5.064697069660202
4.896205532680526 5.937031402693058 0.00957096615792549 -0.02843231624057113 5.037097135519568
0.18596825075499057 3.2871489913639906 0.009507466727044743 -0.028453612713223907 5.034864618421775
1.787443927151286 6.151595849980701 0.007157787153157253 -0.029133590288018003 4.953305632148249
3.2092487691061757 4.048793174414785 0.007364776105940265 -0.029081954420385355 4.960416725296092
5.275898108891703 3.7774500221820815 0.008011703716018895 -0.02891042378739421 4.982726580381464
0.8947319313428665 0.9549697148599846 0.00842538394496798 -0.028792584208088647 4.997064590003992
1.8286924250448364 1.656499976366194 0.009802996515149607 -0.02835315254647999 5.045269263736832
2.367110604080211 5.075724469350546 0.007973631268763378 -0.028920947501591278 4.981409909484452
4.300788842029549 3.1927640606450507 0.007185989986519977 -0.029126646698747084 4.954273799550869
2.358810014024596 2.8755345354346855 0.00878551034546918 -0.028684748699782155 5.009595501579161
4.804889765453034 2.930392245355423 0.008523753549530949 -0.028763616348207302 5.000482797176524
5.968734285997663 1.9109405069022267 0.007728847914037097 -0.028987323262448437 4.972955783897197
1.7160625785859067 4.274762326418124 0.007195133377316702 -0.029124389361540666 4.954587730129276
0.4780615005406743 3.7964209506409783 0.008715162386469286 -0.028706200455258284 5.0071439678511815
5.5600384677925945 6.770018720401451 0.008167601822988337 -0.028866767752228815 4.988123094973864
4.358831563257638 4.311136597757699 0.007334704171521128 -0.029089553360549737 4.959382819424043
4.7530677005499715 4.9009596853331665 0.010073722583418845 -0.028258098189940472 5.054833581818327
1.2428261909259064 6.3387933313277856 0.00626492164356482 -0.029338554102068374 4.922768146926584
5.028610704928002 2.291353645767011 0.006038786611858494 -0.029385932965560895 4.915066626649087
2.1419042925078413 1.1167519326657087 0.007859694305863418 -0.028952119187002148 4.977472436590218
0.1434861166990756 5.534016561458519 0.008831975675775922 -0.028670476202227655 5.011215766174788
6.099295901560296 1.2444566355758275 0.0068197281300073935 -0.02921457355897542 4.941718112739342
2.041585770599635 4.9812951726238 0.007558457718896633 -0.029032218601265248 4.967082255778264
1.4216317547035402 0.9503225237563051 0.009544913358340318 -0.028441072922479146 5.036180967232562
4.976286767362522 2.985880336474054 0.007602968800317625 -0.02902059381579565 4.96861572404088
5.431439042634053 2.83631719613716 0.00891829879142644 -0.02864374184122671 5.014228039684719
1.7441424353937935 3.8803625208268606 0.007097066437072554 -0.029148441604788723 4.951221947275117
6.943029017343473 0.07326290693281488 0.006638437822762555 -0.029256300915756858 4.935517086059052
4.423548316279701 6.432016729239658 0.007799308547159041 -0.028968444662877776 4.975387314042639
5.410180372910736 6.18168299734483 0.009336683064091184 -0.02851010959924063 5.0288684108596025
1.382744569776993 2.469252491928945 0.008526491234895591 -0.028762804926175903 5.000577977279924
3.92481918860661 1.517774549175564 0.006663087213520712 -0.029250696894006077 4.936359699429162
0.877501330172666 4.3888348215069914 0.009341501257412515 -0.028508531253955548 5.029037415004133
4.111407207492481 5.048834635462525 0.007491471979476005 -0.029049575686758762 4.9647756565919785
0.7315655298483419 1.6255853183892726 0.009248380146423485 -0.028538876373593265 5.025772725786759
2.836246482207547 1.5064730871380203 0.009376911427381153 -0.028496903903460262 5.030279758486522
2.544104464572932 2.5788574960655217 0.007189975909255212 -0.029125663021197123 4.95441064984052
2.881385983951196 5.844039166253266 0.009467752162767164 -0.02846685210880222 5.033469178031145
2.565442988404454 5.493614051177458 0.00929906314918518 -0.028522402152474223 5.027549166509516
3.795798592307095 2.9798429805620454 0.008257148517218432 -0.028841281149848342 4.991226531117096
4.315044672327236 5.281035114248538 0.008637435460325006 -0.028729683407039488 5.004437406256979
5.537555617032136 5.197041287645498 0.009354756143577248 -0.0285041845611167 5.029502394991016
4.825934037822681 4.319231725084174 0.009194026633259278 -0.028556433150288902 5.023868769150112
1.0127084454595383 3.2442623890012454 0.007804504815629022 -0.02896704514759528 4.975566695229302
4.865548269586611 1.3315872706321727 0.006082248760848217 -0.029376968019371237 4.9165458640705255
4.180772314984418 1.8865210054579948 0.00821108386350304 -0.028854429500278115 4.989629717648354
1.9912002717252006 0.5592165748615258 0.00941308590670361 -0.02848497522753035 5.031549441937274
3.0732784042036156 4.0660632018131295 0.007745388386245722 -0.02898290804502215 4.973526437882413
0.3639765086057519 2.014731513373289 0.007693672520754842 -0.028996679174405158 4.971742504803344
3.329256078538571 2.287877299501844 0.008889960512354033 -0.02865254966122188 5.013238856056299
4.1320368865727435 4.2227201513236725 0.008322435202873903 -0.028822509819479033 4.993490921184476
1.4670486091392598 6.0910585789615315 0.008369760445500874 -0.028808802649275947 4.995133265596296
2.31075142827842 4.115873050921838 0.007991067954181105 -0.02891613447457422 4.982012868150197
2.931308910366832 2.1292574925047676 0.0080850090311685 -0.02889000915482589 4.985263076117411
2.1030476371839586 3.7099304861599527 0.007539704111959282 -0.029037094584412268 4.96643635159044
0.38833370559211466 1.7398865316142795 0.0066565702265395195 -0.029252180650665132 4.936136907415239
2.284873032664319 3.853116818745894 0.008031153252316174 -0.02890502685412714 4.983399394840152
4.982707003310601 1.2751811113316867 0.008156526009144698 -0.02886989926311046 4.987739428431255
1.8681032020920791 4.3020924959677185 0.007435812379357155 -0.029063872664512533 4.962860107448759
4.633280110439697 1.5553401524245147 0.007171566872891395 -0.029130201313888077 4.953778643570896
2.4023088043331673 5.600635760169847 0.008410108800685469 -0.028797049674587027 4.996534107592682
5.051336973885801 1.7873968858282652 0.008761826287480894 -0.028691991916003474 5.00876993859357
3.9388401491472154 3.5226014416883085 0.007339445490500144 -0.029088357462943436 4.9595458132098775
4.897506839695276 4.139445776291304 0.007073416894127426 -0.029154189637886914 4.95041067885913
5.829256243982326 2.381911734489533 0.007124397034314904 -0.02914177357158354 4.952159689404113
4.11015297477205 4.073744867511181 0.009151073787207054 -0.02857022660990094 5.0223649935700845
4.6602138363785075 0.27272767542668586 0.007509797668387318 -0.029044843586769137 4.965406549835517
4.879030123196571 0.6610950176098136 0.008169936433950743 -0.028866107092318564 4.988203971284542
4.326048485133131 4.402667597127532 0.00976975772798522 -0.028364622929566204 5.044097187325858
4.306335347745666 3.0571706141085664 0.007270436712189731 -0.02910568243511984 4.957174135763724
5.1809667032240325 5.6309896352975235 0.010228293256643777 -0.0282025179204995 5.060308913039048
0.015439934398456891 0.24131655058192797 0.0066507900966128524 -0.029253495365354144 4.935939315307893
1.425526909659952 4.488151864999697 0.006646024266188811 -0.029254578469928932 4.935776403418949
4.81092526483805 3.9920028096850526 0.007809510043503395 -0.028965696140096815 4.975739489671638
4.036395586435915 0.5692993668056995 0.006916501901845413 -0.02919181394572404 4.945031917527276
5.300641884008859 3.9864532374525306 0.00882561952128693 -0.028672433452106558 5.0109940768848205
0.7559196220399066 1.7500263830736569 0.007351879974561036 -0.02908521722180614 4.95997330916277
1.8658490906256346 2.4289789092246648 0.007000602601472562 -0.029171759686660238 4.9479138740691235
5.049084459460076 0.33109026604148434 0.007967796539334441 -0.028922555528648742 4.981208167573832
3.6239984362528688 2.507759780887889 0.006563353049720195 -0.029273236868250983 4.932951382153096
3.6702638556368017 2.887211669413094 0.0057105976932117575 -0.029451469810287643 4.903910950171609
1.066905691304699 3.1912487118384485 0.00860902440091328 -0.028738209736594234 5.003448643469868
1.394028925172087 0.9063373332830466 0.008033608549483214 -0.02890434454668831 4.9834843394470925
5.436142018386954 5.137598619406571 0.009725554206551348 -0.028379809643044318 5.042539201441129
5.254263726179588 5.6173315882701225 0.010066641851511767 -0.028260621398571398 5.0545830194587555
5.041603500631191 2.2626716193321887 0.008385523771687822 -0.02880421828612015 4.9956804795954115
1.4648858736927848 2.040845020634371 0.008604315198298866 -0.02873962003869089 5.003284781938481
3.9670223186045157 5.390103570953975 0.00668408245598509 -0.029245906409642912 4.937077527144862
3.0305387945576636 6.4539860044531245 0.00774249540956736 -0.028983681009023477 4.97342662256731
6.106799333489666 5.189347867174883 0.008436460496689583 -0.028789340636558455 4.997449313217566
3.766068082638071 1.2293715657887896 0.007853569464338878 -0.028953781215392296 4.977260891947647
1.0602745304968793 0.9794348672568283 0.006632195084755797 -0.029257716731791308 4.935303710248125
1.9703344550202755 6.668792047125902 0.010688952562925803 -0.028031166459987388 5.076692296319454
3.4856159704576775 2.2312334983640625 0.006241348838069512 -0.029343577912066692 4.921964740389763
1.1724470522133477 0.244920317234711 0.009113522385177784 -0.028582227165405833 5.021050915375882
4.351662981040923 2.228018147996548 0.008543726433032443 -0.02875769007826433 5.001177248813304
4.789663300707265 5.946351750457983 0.0074559154512987644 -0.0290587220087719 4.963551854651477
3.2973927582933458 1.698097488936113 0.008162148851663555 -0.028868310066979798 4.9879341986732255
4.4187378128707095 1.9135624685839263 0.005838091477867559 -0.029426462374809007 4.908241726768385
2.262468237364903 1.2572675802855473 0.009779960792337028 -0.028361106588078513 5.044456920530826
3.150301976046125 0.18559081553168916 0.006736027495475402 -0.02923398593384418 4.93885403608656
1.418213882424942 3.1955114373817186 0.007466325915947878 -0.029056048893764702 4.963910127234371
0.6246349805798397 4.371368193755671 0.008318443341411574 -0.028823662161073935 4.99335242590131
4.970920569637723 2.301675735347807 0.0069131957672872845 -0.029192597080135933 4.944918663509757
5.40754846413512 2.0672365515193145 0.00657686106098573 -0.029270204963144513 4.93341285181061
3.342433194410446 1.465687035662675 0.008426980782927314 -0.028792116887859664 4.997120050497093
0.9788691644885202 2.066776657078239 0.009307689075661521 -0.028519588427444235 5.027851607792609
0.6787968207971226 4.979563344133265 0.008166640250023005 -0.028867039803670624 4.988089784405726
3.748922058443905 0.931503221431667 0.008419546335147503 -0.02879429178692027 4.996861849025267
2.0874119620490856 0.7370609001015226 0.007968596273313767 -0.028922335200203493 4.981235818554556
1.139007403372869 3.9427403015812708 0.007325476763007007 -0.02909187842327553 4.9590656251524745
0.2744340299910202 6.925257115539566 0.006875933716821364 -0.02920139612282055 4.94364243479634
3.271576425116391 1.45513769631263 0.008306337055676153 -0.0288271532537901 4.9929324392811605
1.0419629791008493 6.254082245191819 0.006751525678268728 -0.02923041055161008 4.9393842111456365
2.116445345613974 3.7311722472748867 0.007220107207442033 -0.029118208253823646 4.955445309619796
3.6919600865571827 3.029602194133261 0.006784339305879951 -0.029222811982810487 4.9405069422027665
0.815532883899921 6.734630177911957 0.0070603382397478875 -0.029157359687398885 4.949962100342129
4.796202233584233 1.577062869477303 0.006848801229363199 -0.029207771597995508 4.9427133859307135
2.6641694269251746 6.940561808211526 0.008381210615793198 -0.02880547358773529 4.995530742433269
0.589903327121816 3.197496746248154 0.007042042397605716 -0.029161783876682227 4.94933466171996
0.980392679402764 1.344304015893198 0.009488367668009758 -0.028459987333037715 5.0341934586883355
4.551100362878004 3.032502419558393 0.008780310900399685 -0.028686340660536023 5.009414244952758
3.3879726731859363 2.1757291606398916 0.008067760378603041 -0.028894830722353142 4.984666080362475
5.361859918028437 1.4112148281341712 0.008767838799191244 -0.028690155154536837 5.008979498953205
4.164103109737649 0.5071114077567995 0.00807289282797992 -0.028893397193614154 4.984843709943739
6.782756496882491 1.8162694891862627 0.006735525319225684 -0.029234101639593266 4.938836858297083
5.146294780351463 6.471070485678086 0.009629809789285846 -0.028412440293332328 5.039167462280737
4.243985350374656 2.255781232792701 0.008150785847557289 -0.028871520397569295 4.9875406054164335
1.8802170215381706 2.8418635888165884 0.00881012805682937 -0.028677197276272794 5.010453830543771
0.7019857705638701 4.856054950371632 0.009980356192841081 -0.02829120870984516 5.051531461567612
4.620239943293376 1.0620101721331685 0.008396478060720839 -0.028801026998630335 4.996060802215229
0.8568471173309835 2.452901068226895 0.009311559320758616 -0.02851832503875347 5.027987315600134
5.818137835601083 1.2234058567138453 0.008960038499598177 -0.028630712706562485 5.015685572580036
5.222243793056176 0.2449801164565749 0.008091311888785962 -0.028888244528153504 4.985481250160089
4.208559806334719 6.236992856400604 0.008514756005438624 -0.028766281132044977 5.000170001763598
5.960033361277904 1.566083779184214 0.00908835470805682 -0.028590239745419087 5.020170502937688
2.267430452007487 3.2407431359570853 0.006145342618466259 -0.029363834288145377 4.918694075564944
1.4900726579419525 2.6118952258225403 0.009616271192155404 -0.028417025325655078 5.038690998294076
5.380163614973771 3.8420581392568445 0.00828069218107125 -0.028834530289261612 4.992042944859968
4.163576477011684 2.809937688049405 0.00616571764592357 -0.029359562767703927 4.919388007716734
4.112770376677225 6.356733216151233 0.00894940167329432 -0.028634039353364674 5.01531407612545
5.856151917129664 1.062167829307174 0.0067898996397830185 -0.02922152054362802 4.940697220152601
6.716460358835685 0.26411386074246895 0.005924129278687774 -0.029409262015382062 4.911166403582795
5.621068898210327 0.10156703054763835 0.008089021269387866 -0.028888886010079908 4.985401958600416
1.3055050287210885 6.514761948190262 0.006887387074767705 -0.02919869687644164 4.944034672452524
0.4818962417053911 4.35503782429412 0.008592291365923389 -0.028743217096961822 5.002866436818468
0.7027446548367248 1.8108983368355172 0.008377660264541011 -0.028806506356931424 4.995407491982543
4.4790876270863516 1.0858999091319463 0.007438516902517782 -0.029063180594885985 4.962953163022955
2.5240414181868753 6.3711094855239585 0.009366869064778837 -0.02850020638387184 5.029927377025504
6.641532218331189 0.8573094550386389 0.008557135432531426 -0.028753702947434703 5.00164355639344
4.291210358372641 2.28365167537097 0.008011439691263519 -0.028910496953066155 4.982717447882293
3.677074747177626 0.09581418227478512 0.006307506474249838 -0.029329428260320662 4.924219869705902
1.109379367979245 1.922057348366089 0.007513428599566133 -0.02904390453570631 4.9655315630710035
4.429058015215861 4.165155593486085 0.008419426298865808 -0.028794326885655214 4.996857680275106
0.31984026837967816 2.610754430764038 0.008129208797677423 -0.0288776031609925 4.986793336971609
1.5696197017443057 6.34455554620745 0.007718713211457047 -0.028990023566035236 4.972606174850519
4.80709896403496 3.771820752224787 0.00714868921844713 -0.02913582403945455 4.95299336078801
4.967113664873976 2.949642674154312 0.008991259781231255 -0.02862092324762451 5.0167762411004295
0.8848559598463713 0.9669236500368898 0.00792357162080175 -0.0289347025692338 4.979679408300633
2.113177000717772 6.076727469300505 0.00948246537433806 -0.02846195443788918 5.033986076667733
6.831752244286564 5.817609863184762 0.010772173284975126 -0.02799929075384711 5.079662847158814
2.0927836899462955 2.085418116586197 0.007382109438632516 -0.029077559392700975 4.961012787093815
2.0687791997072673 6.110477218008964 0.008318487190618434 -0.028823649506256436 4.9933539471936506
4.862139109139247 1.7386159587035714 0.0062693728652386885 -0.02933760324015254 4.922919868575272
1.986870999848246 2.7809595723707505 0.006098130043994337 -0.02937367545892978 4.9170864975621456
0.8363745945016029 6.52396576743543 0.007315282216621044 -0.029094443560432427 4.958715214748995
5.508091603729331 1.8263362499217546 0.008925079333768437 -0.028641629822444455 5.01446476826353
1.673177169928639 0.10052744331196818 0.008823014271626203 -0.028673235240598158 5.010903215631711
2.3658203352887535 6.497309093003255 0.008260194446537864 -0.028840408937901435 4.991332142770013
4.867244021685236 0.8286647653582019 0.006992042602400702 -0.029173812576456536 4.9476204499521454
1.6655608629417467 3.8432182955383776 0.006846448452419203 -0.02920832319028887 4.942632833577762
0.14123695887460896 1.316184594198142 0.008893842559074248 -0.028651344899225925 5.013374345860056
5.955644802128701 1.9117230150902023 0.00864425658288565 -0.028727631787692456 5.004674838949596
6.6862392346452175 1.0760350440089421 0.006152398395552052 -0.029362356751160293 4.918934369611841
1.7965931770928971 1.9513222597320763 0.009979221409251384 -0.028291609004528862 5.051491351031044
5.877279775133169 6.561544626653676 0.008359775234402296 -0.02881170175519443 4.994786680258253
6.099379340484793 3.5527320936947584 0.008712408665857397 -0.028707036336743173 5.007048041519079
3.2721757218004592 1.7281167620988918 0.006495422306956998 -0.029288384882992187 4.93063140841387
0.9429905590113308 6.139137042119887 0.00807217695478987 -0.028893597200946777 4.984818933670202
0.11933598592004138 4.19731035304862 0.01000848121268086 -0.028281271255292152 5.052525761889607
0.41166152125964023 1.2097299551888772 0.007550038201326185 -0.02903440929584267 4.966792260722021
4.103826110043168 1.553627750113175 0.006418086034106626 -0.029305429047512772 4.927991668046943
5.930925468257511 2.783529106495704 0.007635295080974818 -0.029012105560032034 4.969729795164967
2.7827367317922547 4.289947116736267 0.007679887415084286 -0.029000333261733905 4.971267131854569
4.380999941722256 6.206240842733573 0.00795109128016619 -0.028927152425609837 4.980630627624378
0.010327779059728086 5.04204262432896 0.008828490453679776 -0.028671549597279966 5.011094207089867
0.281815269538499 0.24434330238905455 0.0078961785360064 -0.028942190043732205 4.97873281004654
6.838035167004563 0.6571704638378777 0.008591344500589997 -0.028743500129110616 5.00283349476232
4.885367887488773 0.4044558855741265 0.006442427042025028 -0.029300087607517226 4.928822340922401
4.591304033051725 1.405439997239812 0.006636297747525698 -0.029256786429924003 4.935443937458184
4.74446982151761 5.126134329632197 0.010341856502408759 -0.02816107249526526 5.0643385744305816
5.189211819842337 0.3772217320932924 0.008909505617528339 -0.02864647813695832 5.013921070228766
3.822743861784197 6.968233852297753 0.00953012178178763 -0.028446032743148855 5.035660934580303
4.032747852432619 3.6401192200629295 0.005956852961231811 -0.029402651288587288 4.912279228428261
6.06851500317026 0.9206458854920592 0.007866943440664952 -0.028950150274245186 4.977722828667458
3.6462064899867923 0.34860590220941323 0.008437447256822854 -0.02878905145690515 4.997483588580156
4.739212962510723 2.3228407895963388 0.006407864822412212 -0.02930766569376845 4.927642899170776
3.614141959952149 2.1680446478594715 0.006016194911195984 -0.0293905664931879 4.914297894255766
4.34851904590631 0.9959071359043759 0.00668851832548594 -0.02924489224821385 4.937229204659758
5.701749339932555 5.536609015339639 0.009866192687460359 -0.02833122379732128 5.047499019101667
0.7693864978697478 2.4035217898171695 0.007809497759888724 -0.028965699451908508 4.975739065597109
4.2106120254264185 2.828710187576487 0.006198583048523096 -0.02935264158794847 4.92050755005133
2.7550390975271712 3.6063832551002624 0.007147605431363181 -0.02913608993323482 4.952956163208252
5.353747147104793 1.4529597769560334 0.00717386997355232 -0.029129634216765652 4.9538577066385745
5.922896271826797 6.506872081789603 0.008767595259255983 -0.028690229580292173 5.008971010340367
4.729540833510932 1.3466643832185374 0.007820834290937136 -0.02896264060809549 4.97613046403497
5.536494816736428 4.800815791570113 0.009047056797224628 -0.028603334828439003 5.018726358067832
4.711750299560676 1.8354951874993863 0.006663262729363238 -0.029250656912272563 4.936365699831926
3.7874944708101257 5.4527572967504065 0.007031244428571578 -0.029164389275033363 4.9489644001949085
4.415500839411789 0.6560146857291995 0.007172628363252463 -0.029129939964968453 4.953815083247754
4.854465764735938 5.695981859310822 0.00895613424723286 -0.02863193425784473 5.015549209608143
2.368024578966359 1.7634515357992777 0.0068910924137647505 -0.029197822613081164 4.944161575186607
0.3481280645263219 1.4551517944221328 0.006434115338338516 -0.029301913927471647 4.9285386747194355
5.4304318945708 3.449934353999712 0.008963524489185425 -0.028629621526170636 5.015807331896662
6.863460424463574 1.8016025518467593 0.008362936222268132 -0.02881078439998251 4.994896393950722
3.3640688281580857 2.383270184861356 0.0062836483645510284 -0.029334548969272994 4.923406487814317
3.042358384763703 3.2390614240647073 0.008472306083326213 -0.028778812165036163 4.998694640026214
5.706826360876884 5.0666532991325015 0.008297363488725984 -0.028829737410111054 4.992621164539343
0.7685141894878368 2.160122000686475 0.007364180379355745 -0.029082105276962186 4.960396240942435
0.14182504824403722 3.4724575236646844 0.008896261092264757 -0.028650594035346914 5.01345875951984
0.4696404442566621 1.1785844500285556 0.006463766446935756 -0.029295387406884848 4.92955070446795
4.525956474287435 3.3833041240199626 0.008937219077669707 -0.028637844108063314 5.0148886458897195
5.061060778512451 2.738014385153811 0.008454274874772377 -0.02878411430532113 4.99806815318582
4.497610410847647 0.8298731021779557 0.007948690097852797 -0.028927812321852077 4.980547620666462
5.407329453452203 3.786604447220184 0.007690364601717827 -0.028997556660736872 4.971628427292509
1.0298677944712833 6.651372850010595 0.006559003202374772 -0.029274211808197968 4.932802789945041
3.503364337359503 4.602105449613942 0.008926429009103955 -0.028641209212346943 5.014511891463358
1.9656888740044214 0.21347603927864822 0.009261203794455459 -0.028534717525806413 5.026222098147601
4.884104299184225 3.657626394270119 0.008411886423278852 -0.028796530464655926 4.996595837479538
0.15498482193263338 6.815863591506617 0.006052549709216673 -0.02938310130019398 4.915535005865404
0.6568868342850522 6.103809747061661 0.00841286777676406 -0.02879624377884527 4.9966299165284465
5.300897023116857 0.5324308871295251 0.009518075373043569 -0.02845006575024145 5.0352374816939705
3.272504582630672 0.11537925881792901 0.007188978783802913 -0.029125909153982325 4.954376414697503
3.8601001901290917 6.318528357572278 0.009919582459289101 -0.02831257465921042 5.049384124178409
5.263587787343136 1.0436992251785122 0.007706819508319089 -0.02899318770101336 4.97219592841155