300

0.557462523197852 1.655125509608654 0.007803505276553558 -0.028967314431938642 4.975532189313206
5.248515271871636 5.114522125266176 0.00958584342824327 -0.028427303877948135 5.037620433774016
3.898800237559789 1.2686265794295908 0.007463775816650911 -0.02905670405532563 4.9638223633902605
5.231686623985561 0.9165783122087433 0.005776121248152049 -0.02943868922568813 4.906136229538288
2.18521793237037 3.8337655100121926 0.006723887189026363 -0.029236780620807878 4.938438775367744
0.7498210919841272 0.6165334859669523 0.007665803725917177 -0.029004059254451164 4.970781524186618
1.8258840868662933 1.6381885465947472 0.006591001813661431 -0.029267024021794763 4.93389598887213
1.559081237708484 1.818704454558837 0.00886101361780463 -0.028661514922716156 5.012228741268654
5.13558650683919 4.636063190050002 0.008550418694496617 -0.028755701002563 5.001409968926246
2.360414501076545 2.8707926317430714 0.008734181901690983 -0.028700419274083323 5.007806592287717
2.0597990022037966 1.2747156615583486 0.0074800722472118325 -0.02905251313013198 4.964383253070865
3.060526676706805 4.759939459709894 0.005660262601459615 -0.029461185096369046 4.902202146533964
4.928066200300211 6.001682410888228 0.009224854339528963 -0.02854648949370962 5.024948493334002
1.0008874221337216 3.0867104673019754 0.006616878808648627 -0.02926118443999929 4.934780246018595
5.599889022719028 3.6548535469507324 0.007355200708403469 -0.02908437763712851 4.960087483375153
5.513041560677581 3.328396313376387 0.005728540746182306 -0.02944798500609726 4.904520227540012
2.1577947336203014 0.8354413709795133 0.008178308163824765 -0.028863736341255563 4.988494002551471
3.7103725783681716 0.627857937799212 0.0068336639069973065 -0.029211316944057868 4.9421951538800295
3.020646448202163 2.2816933637731993 0.007351328733862875 -0.029085356553542233 4.959954356600938
0.9496904842622168 1.4518396706007746 0.007254735865377457 -0.029109599920363143 4.956634729415552
2.456071245649905 5.6965775959561205 0.006278149357299358 -0.02933572635281836 4.923219033189113
2.7790111664884996 5.717009069408194 0.007087120132514104 -0.029150861534906876 4.9508807320658
4.668294026662255 3.0012993462609416 0.008573979887592943 -0.028748684646208625 5.002229426138493
4.340036799209278 5.849493864720559 0.007742378911366135 -0.02898371212927759 4.973422603128279
2.411844456912986 5.4425878197757 0.005752736774276576 -0.02944326781466157 4.905341946405679
6.947291637063814 1.1099034387359872 0.009095882810652541 -0.02858784559729669 5.020433824191175
5.655667630660613 3.4767053926640386 0.00615021462429005 -0.029362814239700677 4.918859997031084
0.22517316561478196 0.9114185089822933 0.006569714238955607 -0.029271809899944073 4.93316869137263
1.5465457000720373 2.543786393155045 0.00715983520454681 -0.02913308702907627 4.953375931382151
1.733271416061345 2.378222142418507 0.006688375317024602 -0.0292449249549151 4.93722431463041
4.850400797744397 0.7170645826504595 0.007088835092433407 -0.029150444542618635 4.9509395629920405
6.755286350586631 3.7817319287416136 0.006847125370813076 -0.02920816451193686 4.942656009171518
1.823693121690363 1.3373526531052087 0.006877367384659373 -0.029201058505753236 4.943691530946385
2.4830113579175337 2.7065166708397586 0.007508380007118652 -0.029045210098546385 4.965357740747612
4.777041753856804 2.9554816069409924 0.008132512647163892 -0.028876672904677214 4.986907747529854
2.30557497838197 1.2685912389930416 0.0068158562864358 -0.02921547711543752 4.941585583552007
3.7859298500564376 1.4202657615976373 0.00571426552045197 -0.029450758386869662 4.90403548967878
5.471338750004779 0.5666711900094114 0.00740866060705707 -0.02907080576814892 4.961926008523372
1.6380413197849104 5.1913797649315345 0.007491866773121597 -0.029049473872237285 4.964789246957005
2.162501911022133 4.043706327877104 0.007219845710370593 -0.029118273092998546 4.955436329095376
6.921625019801378 6.5245052028546855 0.007505171436413082 -0.029046039346355797 4.965247274171906
4.810616147398518 3.8647605908173306 0.0064275565067582275 -0.029303353346544315 4.928314843932274
2.332820955323666 0.7513293250948793 0.006165919214724723 -0.029359520436095143 4.919394873246308
0.6282688917607142 4.507466480380744 0.006313130584479974 -0.02932821819039308 4.9244116302197725
3.3662678318402453 1.0849472603513521 0.007687678322276965 -0.028998268948562993 4.971535790299735
3.9324391264035814 5.6486377362426685 0.007804641221946671 -0.028967008395702355 4.975571404249621
2.856782866898242 0.8904150394681758 0.006156639171061867 -0.02936146784677746 4.919078800787142
4.50844775572343 6.715071086303597 0.00785099385696425 -0.028954479713127458 4.977171937199857
4.843476277993245 2.578221602553393 0.008381245108711357 -0.028805463551689323 4.995531939876667
2.1611672134414848 5.311630093367315 0.007536464369183917 -0.029037935615536123 4.966324780653297
4.678214768962271 3.6628826716624614 0.007042687868386481 -0.02916162799962447 4.949356795911358
0.8620857457475027 5.677758302846527 0.007052723300821015 -0.029159202561833825 4.949700941639012
4.534529227299337 0.23727068555114364 0.006253158487547468 -0.029341063527582176 4.922367218756465
3.712858603795934 3.382183845046426 0.007999849386492019 -0.02891370626179638 4.982316567144751
2.3511565655299504 4.294459312306276 0.005111631984535532 -0.029561312867575306 4.883612122875179
5.2486773771669695 1.1459630924116058 0.00596526909184335 -0.029400944962056887 4.912565473865298
0.3067790341643559 1.0832209340439398 0.008196009813098731 -0.028858714856063658 4.989107339246358
2.008613745783458 4.585855737150809 0.007174166093647062 -0.029129561288504927 4.953867872247356
0.5565471449985397 3.3955270079900726 0.006933046742312226 -0.02918788897589056 4.945598718630944
3.6396214561831317 4.244849416228809 0.0054219870398348104 -0.0295059664566315 4.894120553359098
1.512143384632487 6.987723373090587 0.00683628901377107 -0.02921070270500511 4.942285020912624
4.106854027192227 6.607827065256846 0.007497144921451121 -0.02904811212500323 4.964970946358948
3.085095441108866 0.8369497808519004 0.006699566641993374 -0.0292423632220361 4.93760700718399
2.215307562805523 1.3619592992442573 0.006596596305441957 -0.029265763567401234 4.934087146409432
2.3311160043443153 4.397998676362476 0.006071739121526172 -0.02937914198951577 4.916188126323477
1.9033479107467937 5.121188508027527 0.00608493097359402 -0.02937641256257469 4.9166371681867265
4.0401251472313255 2.4338047616473863 0.008263110129385073 -0.028839573696392493 4.9914332413734295
5.547828715048827 5.27555018647909 0.007725745286733281 -0.028988150333619397 4.9728487514882005
0.20274082315341915 3.2300687668826797 0.008002263504573044 -0.028913038214677098 4.98240006200864
2.3399846007446823 2.9760907708902256 0.008454837517850484 -0.02878394904363798 4.998087700241787
4.674538172800429 0.07969047803869185 0.007811949918369366 -0.028965038209415307 4.9758237238831295
5.670558286202838 0.7967485305448707 0.006482052202136977 -0.029291346832277465 4.930174932967624
6.174368631061715 4.2093294527661635 0.00652957632171925 -0.029280789488312014 4.931797687817925
1.2485843817966176 2.358562073634723 0.006318586053569411 -0.02932704332665736 4.924597648283032
6.17450348356501 2.0092910113737545 0.006692844814498033 -0.029243902412110577 4.937377147151285
1.7371629908354036 2.0917394597312957 0.006096846159003074 -0.02937394197096211 4.917042789066475
2.8383413433403226 1.058185552803009 0.006056123420287177 -0.029382364934059494 4.915656632095743
5.6286424595855555 3.4344847910445817 0.006911342038616521 -0.029193036005617023 4.944855164029759
4.360697441688312 2.948867259473592 0.007789794847491646 -0.028971004404990734 4.975058912591298
2.4891257143328622 5.933477301129043 0.004849368015343753 -0.029605466215747403 4.874746936849878
1.3831748222043998 3.4994957335612034 0.00713625071253954 -0.029138873103944477 4.952566468626285
1.784426881899926 4.089895576219864 0.00760399423888073 -0.02902032514661179 4.968651059062494
5.06840879179676 5.4804146315107936 0.00935469510490523 -0.02850420459325715 5.029500253598393
1.8797397563556282 1.432737587737583 0.008237285975511002 -0.02884696032093589 4.990537914497274
5.949370317871095 0.25091459757635687 0.007674438134942022 -0.02900177579585339 4.971079232475916
4.024054361303016 4.687800783022513 0.006252708285099642 -0.029341159470979438 4.922351875014363
2.9610679472138473 0.38999745554098375 0.00766699274021049 -0.029003744970633696 4.970822519163381
5.856034140017071 4.116766453212436 0.008347903314288673 -0.028815143766000684 4.994374652848517
5.218003227093976 0.08074387067567683 0.007113753221615499 -0.02914437364401498 4.951794463253833
1.9498760011711382 2.159580100461862 0.005931237149078682 -0.029407829329642626 4.91140809762763
2.373065718201902 2.0021100916783685 0.006079056108439229 -0.02937762884969527 4.916437186534606
5.637217782159428 3.0373123418490016 0.007521005155565257 -0.029041943486102315 4.965792437490993
3.760378883231318 6.208848944132117 0.007478473485227396 -0.029052924712165397 4.964328223385404
1.4300314683489106 5.613375161174562 0.00559339656484184 -0.02947395315983954 4.899933007615989
2.3418752566807206 5.344204853368461 0.006066661689159146 -0.029380190876665328 4.916015305016402
5.18749266159806 1.5997666504450216 0.00692007955317166 -0.029190966050779744 4.945154475970775
0.7538445707531422 0.6531128758890767 0.008360172800800656 -0.02881158639750253 4.994800479068113
4.725589036267435 3.533192033753156 0.006583745092679926 -0.029268657307000144 4.933648047077327
1.182893307230579 4.248683520344687 0.007866417387367127 -0.02895029321937393 4.977704657708271
4.5164733926480904 0.749220003077525 0.006863066531378135 -0.02920442291478942 4.943201821670899
6.692625229357359 0.6499709279176601 0.007468177213549295 -0.029055573116134242 4.963973842461609
6.36377316433575 1.7116375726574053 0.008388505765107 -0.028803349996636963 4.9957840074305695
6.688596598646644 4.980647201194961 0.00925285463313391 -0.028537425972538104 5.0259295154356085
6.262114441457666 4.604473533877035 0.0072699336882322205 -0.02910580808307349 4.957156853129213
0.6797151004480941 2.1288154459364126 0.007483762930600139 -0.029051562649857154 4.964510290058677
1.3507001369468683 4.471288537851692 0.006032954751146474 -0.029387130805347758 4.9148681731291
2.472631724107302 4.364368425647967 0.004954632285643609 -0.029588031683673348 4.878303549081751
1.8875224273971056 3.516619793907032 0.007071684156973943 -0.029154609981682202 4.950351245731909
4.8964373252669 2.396767979862777 0.006904236960581897 -0.029194717193220674 4.944611788403526
1.6903215724895917 0.4659828652102271 0.008350616617604301 -0.028814357568854296 4.99446881654075
1.0268107505655548 1.0265571223886638 0.00869082897299758 -0.02871357678454751 5.006296405802537
5.839015654267716 6.707749405984521 0.009718743256817647 -0.028382142792750188 5.042299218515639
0.08464976021814823 3.2525202377901508 0.007173994861845398 -0.029129603459748913 4.953861993968723
4.134266198333732 1.1360469967987226 0.005643439291999732 -0.029464412313119595 4.901631144804923
0.2056287135026513 1.4356760655084297 0.00903932062640003 -0.02860578058038513 5.0184559056854745
1.14438977331446 3.40834007522591 0.008065212396423401 -0.028895542026419543 4.9845779002017725
5.252419177374527 5.221148774994453 0.008806976298310894 -0.02867816536114174 5.010343927707476
6.2201761398972595 3.2754152205956686 0.006404491164409731 -0.02930840311113858 4.9275277888241575
6.7914918961221895 1.2721743526242997 0.008044427915119686 -0.028901335254940094 4.9838586751714455
5.990037767412809 2.8643655729885693 0.0064171852131275665 -0.029305626318855853 4.927960929102785
4.191508096196519 0.8691053948495078 0.00811890638543033 -0.028880501365187872 4.986436593542359
6.227499066034968 3.0220445358089454 0.0060609156535542785 -0.029381376779186178 4.915819733801549
1.7928119526227622 0.40595668195233336 0.006673630808580651 -0.02924829314388727 4.9367201704369155
5.7612274832581285 3.457740802419972 0.006263050002342061 -0.029338953707795427 4.9227043527644945
1.4908670852854053 0.6985875912571621 0.006571944687846762 -0.029271309212604117 4.933244889871236
6.12304830107581 4.71667844414328 0.007411959214652601 -0.029069964922585068 4.962039478212638
1.902871672218312 0.9296018072125147 0.006058756013213773 -0.02938182219625505 4.915746230643887
0.8873132320329598 2.6908818407531756 0.007358139291614335 -0.029083634335570943 4.96018852114862
1.9921298704736141 3.3456716371877233 0.008332715865833572 -0.028819539314487407 4.993847628241395
2.6877538845746995 1.525642022395522 0.006951616568922725 -0.02918347181331719 4.946234983598316
1.0916221903589765 3.2503297628509786 0.0062287424959114115 -0.029346256437910903 4.9215351483793635
1.5379429040801147 6.421688656219725 0.006399994081452215 -0.02930938545512984 4.927374351341827
1.738071394452471 6.805323026145645 0.007753230529557471 -0.028980811174905682 4.973797025876746
1.3671651575907906 3.5953788870452423 0.008205114687335754 -0.02885612747697908 4.989422851644675
1.2549756926068796 2.224784703841009 0.0071851687663257455 -0.029126849294069158 4.954245604841515
2.1658123951377726 4.81069812532796 0.005142995497576932 -0.029555872467445506 4.88467318523534
3.831881666268804 6.3775997058725995 0.008367348327491262 -0.028809503327312486 4.995049538108397
5.313647531705717 3.641867945320597 0.00655657682917734 -0.029274755341131286 4.932719906392549
1.8647637037380822 3.1875545950065205 0.007144806480086368 -0.029136776423655995 4.952860099587234
0.8819362092315949 6.709428795813303 0.006179606305305878 -0.029356642619881176 4.919861085260884
2.3590870411695795 3.1841897900044027 0.007783615414705391 -0.02897266523942802 4.974845621551888
4.528419259574015 0.8718153853728758 0.005884812792126202 -0.029417154491922358 4.909829708844552
5.698414331746355 1.5672686006776146 0.0069022039656752325 -0.029195197899932395 4.944542153265245
1.893197755969943 6.471744523657114 0.007004073994140111 -0.029170926407719896 4.948032874166508
0.4757287268837371 1.6488409827061565 0.008786343417634098 -0.0286844935347898 5.009624544046254
0.546046471886603 2.0342524753348323 0.007912549797396012 -0.028937718564249815 4.979298507586385
4.94279164806894 2.3424645650069498 0.007444270577875859 -0.02906170737522783 4.963151139330186
5.188851095448028 0.03460787464597253 0.008347664853624825 -0.02881521284827785 4.994366377325759
2.3872952623182377 4.30959517401108 0.00563945475885442 -0.02946517520774031 4.901495914496792
2.220830179600661 4.790412414275122 0.0047670056581558965 -0.029618839562938815 4.871965568524538
1.9036596321834711 1.406426710334657 0.008286341206659489 -0.028832907404679413 4.992238862202443
5.297189748653473 1.1769751493343799 0.0073512139255397235 -0.029085385571124046 4.959950409313386
1.0245917750171853 4.587596357594762 0.005950914067155452 -0.029403853859066353 4.912077247574569
6.907108194345235 5.604830493521067 0.009253868159774041 -0.028537097331044727 5.0259650313394255
3.0180847881153166 4.351567497100135 0.006409875074047853 -0.029307226097587263 4.92771149101061
0.6430680944992456 0.37782269791421313 0.00861036149583621 -0.028737809152943813 5.003495170524056
4.870281981104964 0.1124574101261602 0.007336642925161537 -0.029089064450213538 4.959449467746491
5.798368659367447 5.811585817801174 0.010289219913954213 -0.028180346938288182 5.062470088557495
0.38092375603092943 1.3840096097296564 0.007379775512328126 -0.029078151822074974 4.960932522361276
5.02440493049411 6.390903360320723 0.009511121104507707 -0.028452391381664003 5.034993053989025
1.232210738306338 1.376497591459583 0.007694379617093346 -0.028996491551704293 4.971766890307003
1.819340890832964 5.13635468910003 0.00473978080891829 -0.029623208433311368 4.87104646298238
0.17583796753022643 0.845858485559392 0.006741777962254643 -0.029232660328948126 4.939050745394456
1.2634418416689337 1.05317870008364 0.006273249934445846 -0.029336774452212278 4.923052024018721
6.078496054332571 0.39322060120047075 0.005941871285451777 -0.02940568253972561 4.911769719843996
0.0370278709419087 6.339034038299093 0.009093550238483733 -0.028588587654170192 5.020352232107344
5.267554342281015 2.337820502025226 0.006671697988333659 -0.02924873409145197 4.9366540877541665
4.4936421977738465 3.521869605672811 0.007314496617566643 -0.029094641074115454 4.958688213153788
1.8368157928005577 1.4466451355518513 0.00735441851356503 -0.029084575436600958 4.960060589480831
2.2644684459279896 1.2096348188925254 0.0066204110932855725 -0.02926038545467064 4.934900963375939
0.15277568329029803 0.5982917037314738 0.006073109555499917 -0.029378858730844115 4.916234773042449
4.8036853504043515 1.2011974811919455 0.007359918822281832 -0.029083184057620334 4.960249708289884
4.580338936712515 4.138600690259319 0.006642654259600237 -0.029255343860351647 4.935661209057013
0.6246019651112766 0.08088398034775286 0.008505165744531659 -0.028769118089681602 4.999836632709142
5.931009602240193 6.888191640941648 0.008792745394742804 -0.028682531764529243 5.00984773766833
5.026211301252848 3.0965193539327096 0.0076819325431677 -0.028999791592392885 4.97133765336078
4.093784643988354 6.063110691987522 0.009532713107053205 -0.028445164454061714 5.0357520321627565
0.11667864624683266 0.5957118033237707 0.006425809684405783 -0.02930373644946659 4.928255232634118
4.875203472729688 5.3961656070508575 0.007774293646802747 -0.028975167959707882 4.9745238919096355
6.0120317409743524 2.887276726633806 0.007887834965754573 -0.028944465093572198 4.978444537380785
0.5412375408914305 2.171883859204468 0.007088141664905188 -0.029150613162303038 4.950915775172215
4.666591869069449 5.8814668649465265 0.00834985478554021 -0.028814578342574983 4.994442377320522
1.6500233718840176 0.7197271398730944 0.008322464757563519 -0.028822501285612135 4.993491946587683
6.496829256599476 6.082344070279165 0.008238195981758007 -0.028846700451977972 4.990569460640637
4.487251609654081 2.355097147470408 0.006504075032606497 -0.02928646458639596 4.930926850080898
4.781384694488259 0.4733502905880896 0.006800079149095968 -0.02921915336839913 4.941045590851588
1.4899408518831065 2.1964726344747727 0.007392432697279375 -0.029074936608979814 4.961367828037822
0.2534500106838085 1.3202973824629554 0.0075616083976843785 -0.029031398148213063 4.967190780839603
2.2529265716356246 0.5628882063710134 0.007208039660357072 -0.029121197850615958 4.95503089787629
1.0231894715713152 6.650485877230104 0.007696689519899923 -0.028995878507716618 4.971846552607508
3.6236937304384216 0.9565642295094553 0.006905568674966908 -0.02919440222500395 4.944657403559159
2.0917272956981954 5.638739565500071 0.006692856391251894 -0.029243899762618503 4.9373775430202835
1.097673248585585 1.3984951490665418 0.00676471157671362 -0.029227361791374133 4.939835336725445
5.716243148199732 1.9801305505582008 0.007365257972509294 -0.029081832387220518 4.960433294594464
4.5944900845173855 4.013488959885073 0.006611273389159114 -0.029262451438213384 4.93458868514278
1.452413376271644 0.1995170079928353 0.00877061603943607 -0.028689306270608683 5.009076301543319
4.682692473044916 1.590101414405338 0.0075159285126953435 -0.02904325771314322 4.965617637619351
2.679099490348381 0.3676629514159082 0.008665896349988177 -0.028721111406964418 5.005428198026772
2.1160951173465885 6.399159198929148 0.007040723789175864 -0.02916210226517514 4.949289444965149
1.2258348958619472 5.423233831605027 0.0058583865988627104 -0.029422428629504158 4.908931463476901
2.809496182696942 0.707300931468711 0.0068217792600580645 -0.029214094675807455 4.941788322453573
6.103894641373011 2.3815660154162934 0.007570988976940284 -0.029028953234848973 4.967513912854854
5.285534429906272 1.7401825012164105 0.005964403921324821 -0.029401120486527127 4.912536047330299
2.4603054074035247 3.0469487916916056 0.0069628009790194435 -0.029180805378305887 4.946618245775044
1.0483441743139674 1.9597395327211817 0.007980048444240571 -0.028919177492238147 4.981631803038505
1.1175530667729234 5.538570329088759 0.008055307992621226 -0.028898304675949636 4.984235150782229
2.7278592808278783 0.20933809670261624 0.008607218035343797 -0.02873875080256712 5.003385788177871
3.578058000220329 6.4114822942196845 0.00932784116519014 -0.028513003685984823 5.028558294546382
2.521871107921358 6.257337840794138 0.0067029858100734795 -0.029241579663724624 4.937723933913191
5.098729540994128 5.647566637100476 0.007886946472693699 -0.02894470720765481 4.978413841033765
4.354949606609973 3.505300478360626 0.008134883377891661 -0.02887600513277593 4.986989846951284
4.521005682904504 0.9446768634931241 0.005216577148699088 -0.029542974170717315 4.887163305340431
1.3695254523759057 0.23747257824247708 0.00803321515619541 -0.028904453882650546 4.983470729294366
6.2748054162708335 5.492781373275787 0.008562351898911186 -0.02875215000585542 5.0018249802345816
3.479836398132309 6.997014750286279 0.005641133710756333 -0.029464853817003207 4.901552895697353
1.167050210646982 1.4316527468552884 0.008573448209840634 -0.02874884320791326 5.002210932204157
0.5985882274928327 6.25724826146843 0.008102826915764217 -0.02888501680756248 4.985879878402966
4.913215764538263 1.0525418777397124 0.007309199841038503 -0.02909597219004312 4.958506163980687
1.4563009138609182 3.3530722195551763 0.008083188896833461 -0.028890518466412267 4.985200074465838
4.102913091833262 1.7395884476360892 0.008429943032785919 -0.028791249720426935 4.997222936105576
5.340647390867176 5.472407772351682 0.007687197933801691 -0.028998396299218944 4.9715192242274195
1.8686342046104283 2.9698584601743545 0.006686105043919874 -0.029245444078380298 4.937146685675726
1.8987721531820645 2.111380765618073 0.006452409947452774 -0.029297890809237656 4.929163066169274
4.705923403564555 0.10119296886782524 0.008570161006569125 -0.028749823309395867 5.002096592047523
5.848232403976509 5.196380192183454 0.007559667360571561 -0.0290319036474963 4.967123921496367
3.7131137715617877 4.975930031430176 0.006102492637235572 -0.02937276942360876 4.917235020361846
5.912326585964269 1.2197098886203923 0.008100154089312127 -0.028885766455633472 4.985787346285546
5.7970540713910435 5.227767413753552 0.009171635633595073 -0.02856363246865792 5.023084771503236
1.7118006285372394 0.8791486302877269 0.007078349282922392 -0.02915299249526456 4.950579865178989
5.801624070334944 1.9145927880315734 0.00645007306302939 -0.029298405374381428 4.929083303980387
4.671963424159094 5.666775516357697 0.00900189702239944 -0.028617579387469443 5.0171479224182844
2.375335129371455 0.9721349839995143 0.007497163120675796 -0.029048107427885536 4.9649715728790484
5.510826680214655 6.2479937117896425 0.008406214934875825 -0.028798186582989396 4.996398892736151
6.112572394621259 5.618181460617726 0.007195794290325722 -0.029124226076091973 4.954610422960823
1.7150202609619918 6.970803826737803 0.006786476461211473 -0.02922231574056756 4.940580075940815
5.555336799401972 2.9987892793881445 0.006560853361008055 -0.029273797211420136 4.9328659913643085
3.9464374482710918 0.4467918681958558 0.005748842795130081 -0.029444028367682312 4.905209694480621
2.789856749324821 1.0488263996767988 0.008116791975319221 -0.028881095686095315 4.98636338192017
3.5093265403091736 0.21129706116391475 0.006854489294109768 -0.029206437244500304 4.942908135285068
5.629686299749103 1.0901240583449023 0.005933166323040695 -0.029407440170527183 4.911473698753927
2.8120972507139834 5.7313478522948405 0.005677416907283195 -0.029457884127358752 4.902784447156321
3.1463367624243936 2.7519496341547587 0.0067829365475926265 -0.02922313761031372 4.940458940303685
0.13965419760164724 0.8733298011736708 0.006934355167493234 -0.02918757815254736 4.94564354654394
4.768400687840926 5.280539179838488 0.009509911762213214 -0.028452795614401737 5.034950550225901
3.989842687836786 3.3468969381099947 0.007099646545782636 -0.02914781327861417 4.951310464409316
4.226385506784369 0.34320513741485065 0.006593472021708815 -0.029266467615667986 4.933980392107844
0.9185893348001513 0.6858158868370489 0.0073497762560275634 -0.02908574889849552 4.959900980347457
2.8258318649943033 1.9475662276893793 0.006323475178036692 -0.02932598952589245 4.924764361723691
6.842924813877283 3.489476272643021 0.0064468471900967625 -0.029299115367320248 4.9289732012699465
1.4331802587149647 5.401726813443061 0.006398553821440451 -0.029309699913068536 4.927325211714266
3.9424818323000115 4.210864994759198 0.00557859841554692 -0.02947675761880973 4.899430956027852
4.0812072084509445 6.377296632245721 0.009979483374080176 -0.02829151660103179 5.051500610499339
3.6718750551570127 6.79633491626165 0.007131716395364688 -0.02913998320617372 4.9524108610027735
1.7479265114782723 6.549016343623032 0.006959142674291973 -0.029181678040147867 4.946492880831388
1.436980510669078 0.5469823360820729 0.006847551105633197 -0.02920806470575792 4.942670585080502
1.7315298518652045 4.304476705379501 0.0066950304868771985 -0.029243402106796414 4.937451887213119
2.0448836805995687 6.52205355214709 0.007620104805511628 -0.029016099027143857 4.969206247168806
0.7342156387318063 6.125774098193745 0.008750486387830351 -0.02869545239191039 5.00837473369676
1.0128714450076721 2.815898883943375 0.006104603661356836 -0.02937233075766628 4.917306891006848
2.896335384108216 0.05682275754535611 0.007122414115855708 -0.029142258271490546 4.952091646120362
0.5333005919566647 6.500121399804577 0.00636262773843711 -0.029317519817714296 4.926099634971195
1.605563384448321 1.4671971573202445 0.00817375893038896 -0.02886502494278996 4.988336395378714
0.4592986700823605 1.3075535429440444 0.008847347678594717 -0.028665736324993724 5.0117519718909636
1.1623301275549434 0.12775911542261745 0.007193420204546284 -0.029124812544646966 4.954528907940684
2.6044067506561723 4.695426959985715 0.006455843249723673 -0.02929713446627498 4.929280253669436
4.575771829241116 1.534925617735219 0.004656532324905914 -0.029636408465046945 4.868236845451714
1.094974839445987 1.9794623722889224 0.0063761977211748986 -0.029314571506683904 4.926562520813708
6.6716525124143615 2.76809307565348 0.008754532411886156 -0.028694218272140377 5.008515735518248
2.226560639831079 0.6011813635314778 0.006732305497961586 -0.029234843298401928 4.938726720470438
2.8437908413929143 5.674518209809415 0.006595798419484274 -0.029265943402007884 4.93405988303377
1.5794365876573364 0.48876673593094605 0.008702338455698155 -0.028710090654724116 5.006697267783657
2.502850399280981 3.978269539244276 0.004903609910245946 -0.02959653036840869 4.8765793709856835
1.5752465346791424 0.980345638282405 0.0074358014438509696 -0.029063875462292083 4.962859731191067
0.8300691388573365 4.646283282853519 0.006904337526905486 -0.02919469341018269 4.94461523308031
1.2767145556777535 6.8009195956863 0.008050559416698057 -0.028899627905532178 4.984070834319671
1.7867108747051095 4.859342841509206 0.0043257389658979874 -0.029686494949705863 4.857084662684864
6.232003160490638 0.9097899322636934 0.007906288354130727 -0.028939429926336434 4.979082137450533
4.154738475178045 0.5853100905282104 0.008189936947714992 -0.02886043888773095 4.988896911165992
2.4479571241329414 2.637169163708578 0.007517666022754935 -0.029042808017998464 4.965677462984942
3.699450609464122 0.9411141600337961 0.005846782842564448 -0.029424736708964686 4.908537094229678
0.25382473328275557 1.5342595246648845 0.008403153053128701 -0.028799080172215462 4.996292572352677
6.774844352889626 2.360024710103072 0.008139797466052062 -0.028874620295540724 4.987160029979159
2.640318896980751 4.235396603649328 0.007072198067775859 -0.029154485323705293 4.95036887285506
4.543195288815656 1.282368434245066 0.007621647611155594 -0.02901569381716326 4.96925941821757
4.0338993243628405 2.630263020243841 0.0061527055904644565 -0.029362292381846948 4.918944831825475
4.27113630988531 0.3083531181533685 0.008035516992234351 -0.028903814050528227 4.9835503662086005
1.5329751064860007 2.565558354387034 0.007572984959794301 -0.02902843259286883 4.9675826718189295
1.9288433315310807 1.88390745393601 0.006987801556142985 -0.02917482869550335 4.947475080800173
1.3473268559837048 6.971574349616158 0.00659443466451347 -0.029266250724263657 4.934013284576599
2.4930287489907554 2.9921490918923626 0.007689848207102856 -0.028997693607452937 4.971610619123303
4.857601316294809 5.790777294124185 0.010312434502356175 -0.028171859978258693 5.063293999043312
0.5659544569921958 3.8006576315879825 0.006185799650683959 -0.029355338231429016 4.9200720590779925
5.8012071063945205 6.360451978359262 0.009021757003722885 -0.028611324690859335 5.01784197661506
1.9454502870411539 2.8567637195955498 0.007618690480619466 -0.029016470415274807 4.969157504715888
3.936115738059509 5.945241423073998 0.010141276106752948 -0.028233924964953097 5.057225193495942
4.474341726737092 5.241747751858033 0.00698407422065616 -0.029175721195548295 4.947347324147023
2.169067800011153 6.679732421967169 0.0072029242264973516 -0.02912246353911938 4.954855241548219
0.17800869390593066 6.272020797009217 0.007896927047631569 -0.028941985819987973 4.9787586724386
0.8650592227554387 5.501499397796455 0.00802439199377558 -0.028906904592678723 4.983165489542731
2.114769217482521 0.18665787585883278 0.008202053842869372 -0.02885699763937114 4.989316780644106