300

6.1500599012589126 3.32956739427497 0.008453969754823511 -0.02878420392132687 4.998057552912675
4.8886535027078075 2.9846700838514812 0.009284988190119232 -0.02852698712288675 5.027055735853757
3.5765313259219704 1.3438273664334128 0.008055200558279383 -0.028898334622706124 4.984231433114796
4.539221344266288 4.652431192780182 0.009915092175763142 -0.028314147473411953 5.049225531791372
6.559770379300721 3.845112554520833 0.008772223589144972 -0.02868881477687861 5.009132335086388
2.6621481190763654 4.982260233396211 0.007527254207036632 -0.02904032444899074 4.966007616810584
2.0232056368889206 6.698617644435511 0.00825339916654922 -0.028842354310936628 4.991096534086431
3.5181963875661624 5.450133876658383 0.008194312572249748 -0.028859196826458454 4.9890485276643375
1.1084485523497642 0.24704191241085025 0.007403507517276081 -0.029072118540650532 4.961748752569058
2.4093118154618494 6.904757797729406 0.009370571917689943 -0.02849898913883439 5.030057303522605
6.714736555460279 4.594911711026131 0.008302637175880218 -0.028828219090427556 4.992804094613858
0.9491737016539173 1.2070491382598592 0.00875190610676827 -0.02869501941972356 5.008424209468359
1.1610995099427723 0.20182458671446385 0.009370694560639417 -0.028498948813091382 5.030061606939671
2.689657893535486 1.3433196832360152 0.007368731109765701 -0.029080952560601777 4.960552722756488
5.553112064177412 1.3831245175214646 0.008512136296560094 -0.028767056430382028 5.0000789342543
4.664111741497805 5.415230737339194 0.009450140161560035 -0.028472703611123234 5.032850557094512
1.2953796287715513 0.5042421616724985 0.008942634853077181 -0.028636153405870158 5.015077764010556
1.2217720818664497 0.19639217950003346 0.009653145520137634 -0.02840452044247617 5.039988897614039
4.512040392719406 5.614960348640887 0.0084548977111209 -0.028783931362732273 4.998089791452024
1.6145760005183696 2.6987905475307445 0.009670879690144105 -0.028398487389626196 5.040613307134137
6.094525474279803 1.9993121199942312 0.009191882477030556 -0.028557123393795437 5.023793685182051
5.034645539541718 2.5751631279881497 0.009813221572812062 -0.028349615206610754 5.045629918355885
1.9752354458324524 1.5382100151603426 0.008904609479658236 -0.028648000454041825 5.013750158895647
0.7789207839041289 0.10719896021405576 0.009180868806042448 -0.02856066609808386 5.023408037524829
0.6553733842430636 5.842174348665317 0.009070144143872088 -0.0285960221920704 5.019533616981089
6.175019158950869 6.496876663533455 0.010381923821589086 -0.028146325830607465 5.065761737766446
2.7962986804097416 6.309567005010639 0.008846314049390373 -0.028666055322271993 5.0117159140886685
3.727159898624675 1.924135307190501 0.008949513311951665 -0.028634004461115806 5.01531797493707
6.451245619254376 3.380959917514631 0.008010306059008364 -0.028910811072002354 4.982678236308092
2.644137890655926 5.988184962273276 0.007332041055615946 -0.029090224714820652 4.959291271604804
6.483109963510707 1.5257918497103167 0.009187559491803256 -0.02855851450241374 5.023642308593142
3.0026804473508495 6.532748181120681 0.006912675890057303 -0.029192720189098867 4.94490085501768
6.886274826605197 1.709863604112656 0.008110942561551548 -0.02888273897612918 4.986160853338684
3.9316818011127395 6.546630088657662 0.008109923227582243 -0.028883025209328783 4.986125561363114
0.20436212708047333 0.7487147504149307 0.007344383025487508 -0.029087111200236625 4.959715559499472
5.833460709553099 2.1020932627022986 0.008348681316712502 -0.028814918363097533 4.994401652730004
4.437294079281169 5.674504891834881 0.008946093452295993 -0.02863507310873829 5.015198543655941
4.052903650385998 3.111124465901621 0.008080265922200465 -0.028891336117018294 4.985098901713541
6.208642714777215 2.6931165356030746 0.007619175393183177 -0.02901634309019508 4.969174216384146
0.995360503822467 0.9423925330529459 0.0074196865327426425 -0.029067993597010396 4.96230530516086
1.8301724669006982 5.977539392956796 0.007630692304914286 -0.02901331651065975 4.969571148286181
0.22182833156435536 0.2455312589038739 0.008055488324727333 -0.02889825440835798 4.9842413910189824
6.100358716279241 1.2064947885423423 0.00869855489817433 -0.028711237219657522 5.006565485477034
6.2629139283543465 5.891387219765971 0.008117346189557671 -0.028880939923050866 4.986382571487594
6.1679434933181705 6.073694236875527 0.008060908834229755 -0.028896742874695007 4.984428968136081
2.078233396752346 1.5772118870338663 0.008115738137085151 -0.028881391837829794 4.986326893248053
5.250162977767026 2.404104734752674 0.008771924152258111 -0.028688906334453233 5.009121897694277
4.28081683338495 4.0608575500181265 0.009006132027696389 -0.02861624688703432 5.017295912009926
2.3944035081013912 1.88874419807612 0.0077660721606212174 -0.028977372606846605 4.974240160220015
3.988464727520685 5.317290196121404 0.00956025255210813 -0.028435920437712404 5.0367203485356065
6.004383656412123 1.5861196517291967 0.008272174866760336 -0.02883697492757759 4.9917475714613735
5.020148684564888 1.689548868870283 0.007819333293381336 -0.028963045883453248 4.976078639096972
5.623459512467636 0.20777460676416928 0.009026904969527088 -0.02860970091893879 5.018021909279162
4.562900612178088 4.445395598047179 0.008619481225262028 -0.028735075141842856 5.003812528160137
5.838518867681588 1.154588311910501 0.007404412334520001 -0.029071888104841213 4.961779875888418
4.328721272072519 2.9795565500610883 0.008947425965599576 -0.0286346567744423 5.015245078301943
5.699257264007066 0.18469741432769896 0.008878985591867094 -0.02865595252053954 5.0128558441144415
3.9319542887743797 6.1659253878409945 0.007772322867047752 -0.0289756966654879 4.9744558763669176
4.655832193081462 4.527631371110114 0.009673588592160068 -0.028397564750337844 5.040708697637943
6.923882828946176 1.7610521910711012 0.008881063734754401 -0.028655308529820966 5.012928365390307
2.6627950632553925 5.016852495442816 0.00868017237500026 -0.028716800092285392 5.005925292170535
2.6310985351429936 6.739384271247864 0.006928928101713788 -0.029188866976319602 4.945457613133578
6.164353161904913 1.008332269087071 0.00750420384469746 -0.029046289344032014 4.965213961969164
2.911189520194021 0.4706003203711585 0.008437618242254905 -0.0287890013442281 4.997489527837346
4.292560190857142 4.81488291572686 0.008212008744814026 -0.02885416629145777 4.989661771150894
6.715700815366134 0.38815070309709054 0.006910075515789743 -0.02919333582114389 4.944811779836257
3.5123667203471385 3.3279453901073968 0.009524725839052695 -0.028447839947716273 5.035471250086577
0.42306443089814855 6.638372747927434 0.009563595286572631 -0.02843479638039713 5.036837904094871
0.04371921204538958 2.915315345859702 0.008135668551736223 -0.02887578392383989 4.98701703827669
0.9400310571805597 1.09253609353362 0.0096888198731703 -0.028392371677358343 5.041245105375058
5.31670402750912 2.8503456630997546 0.009876553318557569 -0.028327613640151364 5.047864738959339
4.240719263391631 4.7961569148078045 0.010124322089232925 -0.028240008892234263 5.056624774298882
3.811161766024964 0.46107453800347753 0.008782753789274345 -0.028685592827706854 5.009499404671968
6.078417447288827 4.332858218074708 0.010088552332585725 -0.028252807149603366 5.055358427376449
6.1313060057699005 1.2280463375764938 0.008224815329055384 -0.02885051841480384 4.9901056375058115
1.736396355505088 0.10186594616879761 0.008186250815661789 -0.02886148467392273 4.9887691908191725
0.22267637732195789 0.15634479289084474 0.009454264085938927 -0.02847133454183919 5.032995398398551
6.017448834696888 2.661907228751663 0.00853915016758369 -0.028759049261327385 5.001018120688462
5.059969155387177 5.604061270029059 0.0073580213212187 -0.02908366418174455 4.960184464904007
4.186343888825436 2.7229977642856893 0.009168554610857365 -0.02856462158593609 5.022976908142603
4.117023200498359 5.424693591466393 0.008484283385544638 -0.02877528341187574 4.999110850268958
4.079572852728689 5.75680235899854 0.007712486409332039 -0.028991680761657618 4.972391389784323
3.89266191274481 5.342127682976648 0.00730149982215059 -0.029097905428864375 4.95824153068392
4.026034895592478 3.1903782353065506 0.009494481003019478 -0.028457948458792705 5.034408270940437
3.854895852243277 0.4328327094670599 0.009800355059553517 -0.028354065682132498 5.0451761025599415
5.378798448265815 6.138799454976388 0.007966200488510822 -0.028922995172990813 4.981152984390204
5.90398680633196 5.428225897332247 0.008226179895719705 -0.028850129364064503 4.990152935646009
6.819861058287747 1.9510624049621992 0.007822386493157536 -0.028962221419491743 4.97618405767907
4.854106715575608 1.071938143529679 0.008293202366708675 -0.028830934679694612 4.992476833165487
5.516617298818224 1.969489106643824 0.009277982268476488 -0.028529266464909955 5.0268101564065635
5.389753994834271 3.0059591337523406 0.007859082122053686 -0.028952285370913575 4.977451291953143
2.4068916742698483 0.6971164414469588 0.007708577461715656 -0.028992720353853127 4.97225656222604
4.916714105900142 3.8358284398131346 0.007541532416428618 -0.029036619789706175 4.966499316547596
5.262584181512733 1.618278200992565 0.00869904689363318 -0.02871108815670996 5.006582621510994
2.1531364119934326 2.299025158064155 0.008904933017716655 -0.028647899887251416 5.01376145248058
6.734589029831208 2.0288553851226534 0.007981842537835683 -0.02891868236454069 4.9816938417653525
6.348413663034728 5.058073622329799 0.009936196116223575 -0.028306748431071053 5.049970978826288
1.715553087530826 5.891858374749468 0.00789098054921527 -0.02894360768756905 4.978553215500696
5.475759463316149 1.6064839782574178 0.00793954210990868 -0.028930324420666054 4.980231399357484
3.7759989590249465 4.427507500252719 0.007594455535421648 -0.02902282283170442 4.968322382768893
6.412613014240243 5.977766989911856 0.009312374093667626 -0.028518058993199168 5.028015885886375
6.4265682577250285 1.9781373813014764 0.009019506088176114 -0.028612034354889095 5.0177633054016555
5.956387294425232 5.792109880597318 0.008950939553849404 -0.028633558652450694 5.015367784700919
5.35395708520961 6.201883878924616 0.008012808049609807 -0.02891011772995932 4.982764779041034
1.3256854577232269 6.386177377021373 0.006931734082388703 -0.029188200742955205 4.945553746111214
5.6855901840329945 1.7382096825163695 0.008753819454224787 -0.02869443578401282 5.008490888876588
2.12930996217469 0.7888472954638683 0.009613529884382938 -0.028417952832005267 5.038594532777269
4.133366420081222 5.6952617761337425 0.009022684039581761 -0.028611032360295503 5.017874377792032
4.6913549251483095 2.333699815345927 0.009814639789776057 -0.02834912425097016 5.0456799447577865
4.575114832471194 6.279147400630972 0.008276561505538516 -0.02883571621522583 4.991899693329897
3.1081421914479286 6.478427845562785 0.007297192172980649 -0.02909898600279037 4.958093493596161
6.070169065232745 1.0967567083876997 0.00785412584037317 -0.02895363029541516 4.977280108003752
5.017692436832523 4.972445499291917 0.009082261409907633 -0.02859217598718402 5.019957385039534
2.845950885980036 6.002046768786492 0.008588520628502964 -0.0287443440247604 5.002735252355553
5.679878969395252 0.7075238519859757 0.00783499436211975 -0.02895881322405239 4.976619404486691
3.6539813407245383 1.6804687946889387 0.008005017136411443 -0.028912275950636595 4.982495301675767
5.327014458785222 3.3493905249239497 0.007456520924207213 -0.029058566649214822 4.963572690892204
3.1810425689057014 5.222636797114447 0.008948137954151447 -0.028634434290788324 5.01526994297287
2.822508248117758 5.557962754667634 0.007873062979413353 -0.02894848664994754 4.9779342166741785
4.86932477411079 6.791317132810619 0.007378394520523561 -0.029078502270569365 4.960885030227285
6.922000429560724 6.116290435979496 0.009079256763648574 -0.028593130234721445 5.01985230048356
6.172542061180518 2.859984278726037 0.007858464086460055 -0.028952453129256896 4.977429945320393
1.6663751208094193 1.9921899545274393 0.007706584719879169 -0.02899325011024678 4.972187830364875
3.109971869549604 5.218052130861472 0.008765972955050003 -0.028690725298453713 5.008914465299979
0.9110197296155288 0.8979880141379651 0.007335926631031569 -0.029089245099591734 4.959424843650828
6.477103022837645 1.6754923254431264 0.008268297106510294 -0.028838087019746533 4.991613102243196
5.237724276920502 3.268338153324922 0.008775836177787351 -0.028687709901291155 5.009258260755741
3.334908395714659 4.4198694163473915 0.00993915542709095 -0.028305709484062195 5.0500755251036855
5.183623933992392 5.01534087898449 0.009300786787335646 -0.028521840142889145 5.027609598135236
5.115142744843073 5.383007041395325 0.007345442594102774 -0.02908684364273203 4.959751987093849
3.774032071161948 6.2506051312737485 0.0072749108842964415 -0.029104564446587156 4.957327860316963
2.8259889283352067 6.0801887025085914 0.007457744097892776 -0.02905825275150496 4.963614784513224
4.4720852100581485 3.5139553777862598 0.008768973806097168 -0.028689808266838968 5.009019060041714
3.759431460190821 6.734853801261286 0.009855030099697251 -0.028335108641649162 5.047105043097282
6.818335089441509 3.772569701910566 0.009089448894222791 -0.028589891899049077 5.020208774488815
1.5768844849131236 5.3882318089065055 0.008037163798595622 -0.028903356173194557 4.983607342059674
2.398049415203129 6.910209907773422 0.009606453331842917 -0.028420345782258247 5.038345526291291
2.4045369371289005 1.4208346965159324 0.009529240261224993 -0.028446328059063237 5.0356299455142794
3.506290203461135 0.7659979148041266 0.007375969469431603 -0.029079117496685018 4.960801634410872
5.7493121898790855 2.13372075617181 0.009696944645983138 -0.0283895978226663 5.041531279765588
6.328948443979979 4.97590744721921 0.007604294315989172 -0.02902024651783328 4.968661399315866
4.473234904781753 5.384320889631975 0.009553045407318751 -0.028438342487664536 5.036466907193949
4.6854831166647655 3.0072142902796397 0.007683077753534917 -0.028999488206400068 4.971377143863801
3.0732985666751764 0.27949206689004386 0.007616257226933239 -0.029017109191874835 4.9690736479660105
3.815219185873666 1.6273148544683054 0.009378498993938646 -0.02849638146538419 5.030335469138989
5.115420325164787 2.2354995352722637 0.008470224863728011 -0.02877942478156719 4.998622323023202
6.221815369413025 0.20967255974669693 0.009554295345605207 -0.028437922576182433 5.036510860090113
4.893984644407233 0.8591590171820017 0.007550780776885754 -0.029034216188135894 4.966817836514571
5.673827627019072 2.916656701351035 0.009982801712712389 -0.0282903458791982 5.051617903868024
3.447689295013332 5.077814432992758 0.00808398970485798 -0.028890294398841804 4.985227793287528
5.429561555833956 6.5751176810408785 0.008905134157977524 -0.028647837363899246 5.01376847360538
2.6118842575660546 6.194481000901552 0.007048429132892227 -0.029160240855634168 4.949553677959203
0.7098700404022151 1.8710349619341569 0.009365265054232035 -0.028500733507472755 5.029871096881723
6.830989626462718 2.9586315416380016 0.00943083144047129 -0.02847910494277196 5.03217248484925
2.014181042192665 6.9884133570096845 0.009809157648439547 -0.028351021608190065 5.0454865716637185
0.003966127827681021 2.2457707402059954 0.007252779245537898 -0.029110087482099648 4.956567514357344
1.2877904975570165 5.076735770239578 0.006995662718619682 -0.029172944711278542 4.947744539666214
3.801216922930106 3.646828609105586 0.008410526255949475 -0.028796927754501597 4.996548604082858
3.8848306052004937 4.556593709702738 0.010281934814401627 -0.028183005809749882 5.062211583725656
4.902246973670355 6.876948467034132 0.009521348968764134 -0.028448970347185045 5.035352548519051
2.795050679560808 5.243984141758028 0.008459016680929412 -0.028782721149880144 4.998232894085987
3.6451799165448135 3.7404728484860197 0.00918051713706744 -0.028560779140212735 5.023395724496909
4.251086398907537 0.5343436962025121 0.007310528321795062 -0.02909563843011925 4.958551822821959
4.582023548424032 4.153384575442862 0.010194254368138657 -0.028214839674853477 5.059102231768401
3.0751363047554663 1.6587770527711547 0.009547822816639058 -0.028440096333558127 5.0362832667574935
3.1897951009884538 1.6119577322274927 0.00866904217106707 -0.028720162044046 5.005537729758461
3.3990200588161597 5.423138429548104 0.007686901526660343 -0.02899847487230021 4.97150900274011
4.155342666627117 3.4047977129203004 0.010350295801428516 -0.02815797181657321 5.0646382705301765
4.929425741180777 0.9505787611549232 0.006863174392742628 -0.029204397567058317 4.94320551499542
5.607498997789922 1.9722055225889987 0.009468329069210265 -0.028466660229769628 5.033489444001726
5.1247781178359935 0.7910930265355136 0.00803079332148204 -0.0289051268571449 4.983386942673499
2.863227890256276 0.6938020381293771 0.009683892426548402 -0.028394052677823897 5.041071562255713
4.882623783518774 4.082583994007901 0.008514438303635538 -0.028766375169172496 5.000158957538509
4.310580272537653 3.907089168056501 0.008628170294058657 -0.02873246730402253 5.0041149273357615
2.506215965863138 4.977662505591513 0.00738179763139788 -0.029077638551455457 4.9610020638138455
3.8939028545095566 1.2135622408497027 0.009660929544701767 -0.028401873887691078 5.040262952132275
5.669326400083008 4.965757644754801 0.00929899086971621 -0.028522425717405847 5.027546632380773
2.3363812247844566 5.5918979449279815 0.009530709182540799 -0.028445835942679423 5.035681584306413
3.1938814341012187 6.772245661208743 0.007945173729118935 -0.028928778308357894 4.980426066019318
4.335913649830009 0.2478485615255106 0.005902951548752739 -0.029413520071781232 4.9104463516482015
2.6458731366516117 6.021050275688822 0.008703949321095335 -0.028709602334685932 5.0067533762479455
5.357512249362818 5.1747475444115585 0.009163953069280861 -0.02856609816100228 5.0228158199719335
6.277272823929445 1.345186482531376 0.008993761313379915 -0.028620137271472872 5.01686364451764
4.095334760225917 5.261316142620112 0.009495539646686021 -0.028457595239552724 5.034445471451849
1.719731728612867 1.5811401653860697 0.009063207847507679 -0.028598221334776665 5.019291064727482
2.123744239390979 6.411208871284036 0.007082100738771017 -0.029152081385827307 4.950708548862714
1.205054797838525 0.6377224163297684 0.008303073659185591 -0.028828093377990475 4.992819235481759
1.5954641176528888 6.8477733729596615 0.007737424133788005 -0.028985035238444593 4.97325165661689
5.3589152415604655 6.448934393468771 0.007344102442082323 -0.029087182045021143 4.9597059131973165
1.3901843262275015 6.405419093557851 0.009494432661754109 -0.02845796458693799 5.034406572249763
3.3403948317712597 6.196029184782006 0.008706840344790774 -0.028708725698127453 5.006854076626798
3.7125697953655266 0.7443292841868437 0.008808632320301891 -0.028677656749562592 5.010401673265976
5.563901354460209 1.1787504490736582 0.009464611431964767 -0.028467896487832073 5.033358850651938
0.0016789222854960428 1.19018522987458 0.008958524070059875 -0.02863118660632419 5.0156326777387505
1.3752995822529568 6.138379250008912 0.008705412245631173 -0.028709158776139974 5.006804332573273
5.464945661487862 3.5048644449320605 0.00992149917873674 -0.028311903045297505 5.049451823502962
2.241972628220756 5.588559716435536 0.007888034273448514 -0.028944410778264283 4.978451423252757
4.857812140935344 0.8531593142190989 0.009002243692757761 -0.028617470337124543 5.017160036336591
2.6196113782162156 1.376666284182923 0.009394076920320347 -0.028491249864039038 5.030882181666963
5.621333332605881 1.5943576495062353 0.008687544158473878 -0.028714570804637952 5.006182008432676
5.510583519656539 4.162112030648516 0.00885636945227078 -0.02866295030391821 5.012066710432245
2.8753302288573157 0.78290330529989 0.00783289627988687 -0.028959380792215404 4.976546954636774
4.984718404593454 0.4934879713869292 0.007477561264858272 -0.029053159510288914 4.96429682493957
2.4191772672682017 1.6994114474989623 0.007970669406141216 -0.028921763936834908 4.981307498565395
5.031671774421339 5.428902360127865 0.008337303240532438 -0.02881821255170777 4.994006807756231
3.2454589260091686 0.5127241503356811 0.009120950570614246 -0.028579857604411042 5.021310814412965
5.812659835858527 5.565321583886213 0.008261562683280545 -0.028840017025484336 4.991379584747757
4.244131087117641 0.5479234966185547 0.007514523836991842 -0.029043621184406076 4.965569272972123
5.84459254692334 3.012646912111485 0.009143968232778264 -0.028572501552330726 5.022116298605013
6.207581527382531 5.3094731731734095 0.00966396168249191 -0.028400842322003902 5.0403697124419775
6.378436620121806 3.56886957375213 0.009211836190164632 -0.028550693056484163 5.024492493631134
3.104615229217195 5.477737889859579 0.00851923750378802 -0.028764954238692117 5.000325795335957
1.9666193648790316 0.09410616802811869 0.008129355190207611 -0.028877561950265893 4.98679840638938
1.0412439180998518 5.722078304274834 0.00877770500654071 -0.02868713814269646 5.0093234052856666
3.3759097398273985 5.687798728661455 0.009467136229903412 -0.02846705695368684 5.033447541264097
4.064207206964 6.0424752064486835 0.008688894316942305 -0.02871416228186028 5.006229028744482
5.706267658316758 3.7826706021214727 0.010104168712496536 -0.028247225963435877 5.055911219247629
1.4892854028745022 0.935014277262856 0.008604284643747333 -0.02873962918635823 5.003283718787799
2.8630403213288704 5.1352073447325095 0.0080474883256652 -0.02890048324246988 4.983964568398413
4.070170647424094 2.098167854794235 0.009858702262233806 -0.028333831186491985 5.04723464363481
3.2852351642862967 0.5048890572457707 0.009101507925233522 -0.028586055227801395 5.020630596301584
4.626392728268369 0.19010075173055663 0.008422997984952644 -0.028793282288504096 4.9969817238370275
4.772489446302397 4.652361470856518 0.009755886470288515 -0.02836939687724858 5.043608194743716
3.281823762292781 6.456522539304762 0.008464482323681924 -0.028781114276415293 4.998422792576788
6.951422251523809 6.936667532585313 0.007350301478193688 -0.0290856161732851 4.959919038103725
0.7933296652522476 0.13864027774653917 0.0073545349006551115 -0.02908454600634237 4.96006459116032
5.19300114039635 4.578954483103288 0.007042512877118968 -0.029161670260388267 4.949350795178453
0.621561973764772 6.645918758137536 0.006632326848687573 -0.02925768686297975 4.9353082138121
2.4987867074074037 3.136189181430298 0.009774735243196386 -0.028362908012497842 5.04427267584495
6.476825891494907 1.0379962746633336 0.008690193472999513 -0.028713769125662283 5.006274273489509
3.693117742736184 4.775767263377486 0.007530426851284173 -0.02903950191441751 4.9661168679720635
2.728113323344918 2.2472791355142587 0.007591400311843816 -0.02902362212587081 4.968217114528013
2.4808696490121993 5.258655874398782 0.009475251650556947 -0.028464356766992254 5.0337326359093275
5.022710081274044 1.6112922896929218 0.009533968803772342 -0.028444743606661244 5.035796176959672
5.745458312974123 1.42972828133263 0.007207929159943526 -0.02912122520130696 4.9550271033771
2.072414820214868 0.08934341112034878 0.00962873498944364 -0.028412804551875264 5.039129634028699
3.693843497990827 4.959270609288751 0.007462291041263837 -0.029057085408131927 4.963771264489278
5.406820161045496 1.391025655606425 0.009495397003325448 -0.02845764283543593 5.034440458967833
4.198784011966423 5.246218935896826 0.009026693396179935 -0.028609767673495035 5.018014514126696
0.7268793939202756 1.705619424964169 0.007646966281466328 -0.02900903146763292 4.970132103734981
5.330131379224576 5.262041209765918 0.0075480531981759955 -0.029034925398862405 4.966723894064822
3.7186108842254897 0.8252704297560539 0.008206340931416213 -0.02885577877163191 4.989465347003431
4.0343369893456575 4.199658728200239 0.0075965705500871715 -0.02902226930957585 4.968395257652421
3.2230961286519353 4.469761053269839 0.008115233306469294 -0.028881533691644066 4.986309413848899
2.350928742045441 1.3309954003219322 0.007777762794593507 -0.028974236934059833 4.974643622139583
4.311989131249262 1.0660540336919115 0.008745118471421408 -0.028697088753405004 5.008187673974847
6.429508672368845 0.7852580562954867 0.007614720417782595 -0.029017512521906572 4.969020686161318
2.5842184870619542 6.93490643079461 0.008248512530361962 -0.028843752201065342 4.990927112488371
6.574949350202629 2.038426584790555 0.007712874511451317 -0.02899157751435069 4.972404776480097
5.14911778823017 2.5809711080038653 0.007655171113139851 -0.029006867380476455 4.970414951429552
5.283351355824925 4.944821209658831 0.009385609020863678 -0.028494040487573577 5.030584985694385
5.4514787249047245 1.2414742402418202 0.00914421821807261 -0.028572421549113908 5.022125047773995
1.1115642803133037 3.034017977370565 0.008113657855518912 -0.02888197632094411 4.986254865538048
5.266487513313554 2.4996420952708247 0.007375075110653887 -0.029079344337729032 4.960770878481316
1.0995635848089598 0.6519534333061601 0.008655534245867685 -0.02872423588050014 5.005067434118209
3.267737132257904 2.059820122973794 0.008240887245600534 -0.028845931730580282 4.990662757262363
1.7424453771509407 1.3047683380621693 0.00786860390621686 -0.028949699006502103 4.977780185139784
2.94360483259522 3.7348505371158973 0.008032495806568842 -0.028904653796879384 4.983445842225341
1.4632797973065559 6.585938663513361 0.007449775747513138 -0.02906029664872272 4.963340574285613
3.338357711642527 0.9192136093998395 0.008856544369596878 -0.02866289625682237 5.012072812996327
3.489300150792849 0.6874078015835113 0.00790229909453993 -0.02894051950156447 4.978944291456404
6.344364659927253 6.3594369182877655 0.010174158268298473 -0.02822209247259341 5.058390070485845
3.3881040557134785 4.661621240791519 0.008515264597377021 -0.02876613058505884 5.000187681951973
5.75781140083145 0.77559445833166 0.008221140292219315 -0.028851565855177567 4.989978257814849
5.910407051152406 4.9124907513574 0.01055459576185255 -0.02808203176951205 5.071903528309316
3.3960953616182583 1.4950490326306398 0.009221178719884388 -0.02854767701610678 5.024819736935084
4.5066091280161205 5.4045782840838985 0.007393134065696683 -0.0290747582739158 4.96139195089586
5.740009852566687 3.523546017066776 0.010188583101895639 -0.028216888105809374 5.058901236107025
3.8226983540575037 4.0025981090586145 0.010132856659255639 -0.028236947709038573 5.056927006234572
5.363587461207113 0.18254896608615848 0.007415275068960646 -0.02906911927891264 4.962153544484924
1.4107206062076127 6.19885140705398 0.0071880516886674945 -0.02912613796782959 4.954344584223514
6.182382613035727 2.8677621276101157 0.010710538173847957 -0.02802292582915898 5.077462467023274
1.045349743666353 5.460493483641162 0.008480559004248397 -0.028776381269636067 4.998981422864499
1.1196092032681053 1.828180372626101 0.0097699350646602 -0.028364561848058273 5.044103439369692
6.52351550626764 6.562905156853644 0.010707955118040504 -0.028023912952869913 5.077370292125929
2.4911776489096176 0.7121572132789736 0.009193942155116475 -0.028556460348726206 5.023865810863896
6.930341550480514 0.7942792967478618 0.008755676887865615 -0.028693869070505217 5.008555621007809
4.388971293006228 2.104471661898114 0.007392062067312738 -0.02907503084079183 4.9613550806543625
1.1837735830320475 6.447287800992346 0.007812840305480559 -0.028964798054898613 4.975854464073972
0.6667993821506802 2.6185550005277043 0.009514537736954659 -0.028451249035008386 5.03511313883484
6.665581987663895 1.840270519593388 0.00899918781915179 -0.02861843144890422 5.017053254631133
5.662377901448435 0.6253684037053286 0.007931655493444236 -0.028932487641634204 4.979958802290922
6.760684645242404 1.9486004819066007 0.007578329955963716 -0.029027037655925948 4.967766805928305
5.125808462194509 5.031690731017572 0.008834660634225694 -0.028669648959798285 5.011309416421983
0.1155899364153184 2.3241499445490383 0.008193892775872093 -0.028859316020611283 4.98903398133052
3.866018291829348 0.468014019968031 0.008031701243181782 -0.028904874591325805 4.9834183532141285
5.010260768970527 4.609305194592565 0.008843601110632203 -0.02866689239167763 5.0116212760536705
5.010067767294239 5.557243996177987 0.007920346983894402 -0.028935585420978002 4.979567964690587
3.4419305678801604 0.7140340305065067 0.008943434307597078 -0.02863590373614382 5.015105681796637
4.538304034173073 4.993459495345582 0.008034245030167454 -0.028904167637128553 4.983506359757257
0.3461850900790979 2.841971048638691 0.008694772825555093 -0.028712382790565965 5.006433760148219
0.12846253563895 2.3650471190807596 0.009851553190887371 -0.028336317681151107 5.046982338975254
4.529189787043437 4.972742081416231 0.010082804314117361 -0.028254859000943825 5.055154985300706
0.05772992277817994 3.4716497428515583 0.010254444289816828 -0.028193019921729616 5.061236327948072
6.676323378504771 2.9774761504744474 0.009602367394024069 -0.02842172655610815 5.0382017617294546
2.5919749111627515 0.07901060454471909 0.008265033482935714 -0.028839022548032923 4.991499933480213
1.8221057443742024 6.561964803569691 0.007426497072223687 -0.029066254337913114 4.962539609024479
2.419215654157063 5.152944913387274 0.007547048212512202 -0.029035186641005364 4.96668928122774
2.3996298725563374 1.3038905961560963 0.008060901823297498 -0.028896744830433047 4.984428725515933
3.3525677778248975 3.8717573935691147 0.010432205076679565 -0.028127728263016568 5.067548751071941