300

4.321665955281921 0.1640745932244122 0.007879973113620478 -0.02894660642853698 4.978172928931362
2.1764258611630023 3.663460337804191 0.007795078560174245 -0.028969583190662437 4.975241296405036
0.7403969513756257 6.7994234659915875 0.008380685913748798 -0.028805626249312693 4.995512527122473
2.1023809768567543 6.453778826646172 0.0076007367394681875 -0.02902117849118637 4.96853881181854
5.809612753423023 2.3059311439030727 0.007549502237877008 -0.02903454866121204 4.966773801170893
4.577820859439283 6.1424147399745355 0.007413940514229181 -0.02906945967938639 4.96210763504733
5.577135550217897 0.1449517164887444 0.0093097154765632 -0.028518927009013498 5.027922661566899
5.312815741245544 0.32608130631246884 0.008539949109641787 -0.0287588120270071 5.001045901347901
2.0006502042306225 3.169853148450369 0.008770698397387226 -0.028689281092806582 5.00907917222923
5.978542296718158 1.3409069721196143 0.00797484019999954 -0.028920614166792365 4.981451710957342
5.85953365258618 6.7940933109803465 0.007543153278453287 -0.029036198763229312 4.966555138257808
6.843096230676423 3.2701698002489077 0.007727551033838773 -0.02898766901665978 4.97291104460023
1.8015804456398201 4.536565706925492 0.0093540311237132 -0.02850442249435348 5.02947695953832
4.626737015471964 1.5591514344068391 0.009012208175166193 -0.02861433388718786 5.017508251195193
2.3308285451275235 2.152265175129201 0.007118885056412021 -0.02914312055277529 4.951970550246557
2.2471396540896635 1.827044824646203 0.00684069548838573 -0.02920967109084214 4.942435874949323
5.978554176606067 6.360413308175062 0.007925398044973655 -0.02893420235342125 4.979742531118449
0.5550987309686551 6.158350435603507 0.006516645888541559 -0.02928366996063428 4.931356108297197
6.652487165253477 0.7530784455425792 0.007224789540097596 -0.02911704683001517 4.9556061171113654
4.741935569855232 6.969173605957505 0.009722587953821409 -0.028380825983050716 5.042434683487991
6.225145604809633 4.206202020732009 0.007838289878357765 -0.028957921399555497 4.976733206352624
6.534482054874553 4.222711069503035 0.006531252482100915 -0.029280415656459703 4.931854932554507
1.442497268635397 1.5094273792492434 0.007181370481101132 -0.029127786012897876 4.954115201992051
1.2079012355482375 4.382393261131989 0.00790234411717981 -0.028940507207954626 4.978945847152371
6.152725095868577 3.9455466510757864 0.006769193328008161 -0.029226324122065876 4.939988680392854
3.766836959019735 6.633099887122111 0.0071956491471451695 -0.02912426193659144 4.954605439374623
2.3794773034082075 1.9723193945518664 0.0066537711954845966 -0.02925281745196759 4.936041222221031
4.030709631486653 6.431812436155084 0.008886155660868445 -0.02865372990678204 5.01310606601972
5.20336325498411 1.0251252629696552 0.008100179450274834 -0.02888575934389375 4.985788224260028
5.411605353126845 0.8651393304544264 0.007828019789913414 -0.028960699338391745 4.976378567785412
1.7106345527997457 6.251850015710381 0.008860673976261975 -0.028661619924323777 5.012216891199968
3.4495740084996354 2.2724405068759337 0.00861302124824904 -0.0287370121094245 5.0035877241798135
5.6190477402173675 6.855712310472465 0.009722192321940862 -0.028380961513930318 5.04242074340971
6.0790483133897775 1.1700525167152593 0.009683327444706876 -0.028394245360611126 5.041051664429539
1.5737796379606441 1.4708165408144949 0.007941976584855475 -0.028929656201303316 4.980315549919554
6.100253130602967 6.786304828729706 0.008513252340630826 -0.028766726170781822 5.000117730384856
0.7003839617573377 6.968071433521771 0.007893255960834336 -0.028942987239342678 4.978631831685351
2.3356192271288454 6.102328590387586 0.007585494223163589 -0.029025166276704633 4.968013627467478
5.342272556102145 3.686599574612917 0.008700533686475687 -0.028710637637825144 5.006634406539103
5.844861633045653 2.531100994186156 0.0071313020776760765 -0.029140084603118996 4.952396642841945
3.7266582735356613 5.044073815475074 0.008825781540373034 -0.028672383580749097 5.010999727581588
1.5703767573811445 2.3690077078046623 0.00795242473807467 -0.028926785870283928 4.980676725018869
6.147133822408098 6.274015931816662 0.00748785585171945 -0.02905050799459229 4.964651177330581
4.27197534034443 2.9841545562737863 0.006417469669682361 -0.02930556402867392 4.927970635664043
0.19164808573373338 6.611510524307168 0.007483541949322504 -0.029051619574349555 4.964502683546636
0.8069148378785268 4.1836336799100895 0.006949178444985675 -0.029184052476305383 4.9461514397452815
6.705700261612255 6.422679614921275 0.008659401479716042 -0.02872307027483468 5.005202069981971
1.3665147873562073 5.248125298767939 0.007274704495933933 -0.029104616034176408 4.957320769051949
1.625610115080719 1.089105866821897 0.006890822406147256 -0.02919788633731796 4.944152327670913
5.8676629550615225 3.8057220800721927 0.006924580774248094 -0.029189898614091034 4.945308677902979
1.44198639317424 2.167960862827584 0.007711261455020229 -0.028992006601343056 4.972349138097087
4.562534350387395 4.171331037365935 0.009993405741334307 -0.028286601805255194 5.051992757193689
1.418750924454824 5.777371311957365 0.008432425703353747 -0.028790522689896045 4.997309167232628
0.44470589685119083 1.8793791697900428 0.008997107052493288 -0.028619085671732693 5.016980548239862
6.050485132498556 2.785181163527205 0.005876200748861373 -0.0294188759941484 4.909536961589778
2.1297097764890274 6.685830390282051 0.008061845128122434 -0.028896481673902248 4.984461369646809
4.078881291902481 6.594933214270383 0.00844563534113909 -0.02878665044225365 4.997768017045322
5.689965133647875 3.0732284978995263 0.006739006219535363 -0.029233299423312854 4.938955929787941
4.177554175899284 1.8651916833106785 0.006805545308066004 -0.02921788070787922 4.941232669441065
0.4326076585485916 2.7557696218384904 0.008728892907298062 -0.028702028301374825 5.0076223146270475
5.35939778245126 5.517973366287811 0.008890745169476582 -0.02865230619568744 5.0132662414187
0.9668092899832909 5.141497867596006 0.007858516797766455 -0.02895243882195803 4.977431765937085
6.936970298481658 6.369596019399044 0.006161417647441639 -0.029360465469297225 4.919241550073461
6.0122770494267295 6.880543490473098 0.008723896634185668 -0.028703547298479397 5.007448245364696
6.028181058238875 2.8891530793867632 0.0075949550818529875 -0.0290226921098756 4.968339595000771
5.591843144764462 3.6100232276484863 0.007743382545302826 -0.028983444011316174 4.973457230803791
0.8426858768976399 0.949457240853014 0.006784942492021187 -0.029222671941148113 4.9405275831864905
2.4940825092587167 3.828260732200485 0.008315491033892416 -0.02882451402652358 4.993250000891125
3.854660703065491 1.7072357020179056 0.007092996537732972 -0.029149432243453868 4.951082322995043
5.924029267266919 1.4366523640577151 0.010018408048723598 -0.028277756278907103 5.05287678758342
1.5767516474884107 5.62413522071985 0.007697571950670015 -0.02899564426020326 4.971876985702827
2.4996753874540065 6.322600768028283 0.007590673692542827 -0.029023812170239426 4.968192079164788
3.0526046921228103 2.74577285906323 0.008762752612951353 -0.0286917090227162 5.008802223909966
4.9491186128002775 0.8523526797838444 0.009485223660197833 -0.02846103533106312 5.034082989562464
3.0219962713658277 0.5395849844692707 0.008211643414086353 -0.02885427026351372 4.989649109892005
5.448277987438437 0.5885798321623479 0.00937445081053877 -0.02849771345214891 5.030193412899692
6.638009596507772 6.57728504006896 0.008550654910906126 -0.028755630763288725 5.001418183530299
2.35606017210507 1.9317941726535883 0.007392334751902655 -0.029074961511854357 4.9613644593173305
1.1371814772038955 1.4588609787439373 0.00910391277008266 -0.028585289438358426 5.0207147239309675
6.241093530612166 4.438841633364696 0.0077239762592037344 -0.028988621746251702 4.9727877260993925
4.995037143878156 1.9673793863631575 0.008508185231823848 -0.028768225250456005 4.99994159018942
5.425646257159953 2.5672737961509156 0.006955220738985814 -0.029182613050787305 4.946358485802272
1.9615527621767102 4.0194568611109895 0.009972247698663827 -0.028294067855939235 5.05124486778867
5.687968869328348 6.954064298331787 0.00797511829511067 -0.02892053748081095 4.981461326779407
2.820880349927949 5.784945303988425 0.009755882504205803 -0.028369398241135307 5.043608054942273
0.8258951110406688 3.203432985405506 0.008245350254430014 -0.02884465633669035 4.990817479513257
6.771498366561807 5.911120779012938 0.006893244355556826 -0.029197314641154656 4.944235277960238
2.716701285427554 2.648578600634788 0.00674957430871134 -0.029230861202694386 4.939317453461512
2.1199774045843967 5.624172271341718 0.009920184514367481 -0.028312363716244245 5.04940538884008
5.635461352407193 0.6482099757883106 0.00976589279311326 -0.028365953852345922 5.043960931532766
6.091698623188431 0.49886930323512724 0.008659507794775726 -0.028723038222865947 5.005205771366189
2.3906407596208634 1.539097150445331 0.009031879883615281 -0.028608130763262837 5.018195803113633
0.6181085208207908 4.740610212295902 0.0073306674419290575 -0.029090570892573445 4.959244052804432
5.107813410746014 4.101504150929949 0.009045340149454158 -0.028603877736780244 5.018666342986062
6.095765110396205 3.85165968841686 0.007952209050113897 -0.028926845165404516 4.9806692686861584
2.0652994628538712 0.13866268567955894 0.00794384555369942 -0.028929143053657326 4.980380154400372
4.575722719604513 6.177712420296892 0.009829155750591135 -0.028344094574189897 5.04619203282753
1.5216464546928763 2.0472402330987403 0.00675342330184369 -0.029229972181069805 4.939449131130269
4.786937493177629 2.7160538389652418 0.008394651319101859 -0.02880155949303269 4.995997376534905
1.3895115369492743 6.287382474968522 0.006614373779408722 -0.0292617507935918 4.934694637556601
3.4705438582230923 6.1619905001413295 0.007622317393468049 -0.02901551787497915 4.969282501737383
3.190988101624952 0.2380274351628758 0.007215673361818047 -0.02911930730521503 4.9552930419424115
3.6029753433035596 3.5252470807467846 0.011322282703671154 -0.027781395112163623 5.099386218315163
3.280097653224695 3.1725030970914703 0.008842398904959596 -0.02866726323885085 5.011579339247966
4.425068935142904 0.6340589284231404 0.008108302244171802 -0.02888348030825161 4.9860694394497145
4.989324976176103 2.9480034588987847 0.008436526652919947 -0.02878932124998037 4.997451611160178
6.215913166504391 2.8653680462338444 0.005961749266436533 -0.029401658893405035 4.912445757214272
5.485449766684987 1.9816326543232798 0.007951683641697432 -0.02892698959902951 4.980651105381389
1.6716500904522944 0.9067623486505001 0.006535119396839635 -0.029279552839294697 4.9319869993855665
5.532021095885675 5.996254295321826 0.00867659467260939 -0.028717881274342754 5.005800708824685
4.834054605926197 6.547385008166557 0.009073088866773396 -0.028595088012028088 5.019636595324688
2.709054793201028 5.239041206974086 0.008397805876961855 -0.028800639861865308 4.996106905611647
3.704098747799317 1.720602945951169 0.007668972090342992 -0.029003221667213804 4.970890764418958
1.0339726487619965 6.680411571958545 0.005845816802039336 -0.029424928647610933 4.90850426343891
3.970850106460499 6.945336012879718 0.007396193280236993 -0.029073980205011098 4.961497171219379
4.767830289071868 1.8786233287711747 0.009287789458105005 -0.02852607521167105 5.0271539345435
2.165274399767264 3.7650702899865967 0.008410853815958033 -0.028796832084216902 4.996559978926573
2.9489413223775176 1.7723224367247952 0.008530026304525217 -0.02876175674822572 5.000700883722748
3.5719390620923224 6.786568337016761 0.009142201522234742 -0.02857306688696278 5.022054466669792
2.7477177372524855 1.3682239320734284 0.00772835336207956 -0.028987455119600162 4.972938722962379
1.063935076929652 6.407143094944708 0.008303766670694773 -0.028827893767645576 4.9928432750149785
2.928867391822723 1.5113134587091401 0.008976746060222317 -0.02862547868892821 5.0162691796884635
5.6557020763328705 5.94149328287898 0.007942632115240152 -0.028929476232416578 4.980338209449936
2.512489767708439 1.96022353470166 0.007783749780406204 -0.028972629141243402 4.974850259226173
5.302760976373537 6.220671101288496 0.0073148521321249145 -0.029094551694177167 4.958700432417929
3.1198065443105834 3.280402245287266 0.010405058323838307 -0.028137781740526797 5.066583799337455
5.726036934769822 6.454053406137054 0.008929278987941477 -0.02864032082144868 5.014611399239547
4.585226698947996 1.181943524835813 0.007857576443363162 -0.02895269404453935 4.977399286798996
5.545490905982917 1.798667843065489 0.008183152046150837 -0.028862363426954096 4.988661825506224
6.492896171325187 0.045892961569515195 0.007844988374240518 -0.02895610742845162 4.976964531853144
4.7378238165807876 1.727605513087587 0.00836365928661042 -0.028810574505509175 4.994921491045132
5.349001615014315 4.9437501104910835 0.0068294235901534515 -0.029212308594601957 4.942049996273075
5.562841929568941 5.330514760880884 0.008931035141671297 -0.028639773241040722 5.014672717355657
4.974741050501708 2.062117098215327 0.008462268021675214 -0.028781765406752466 4.998345857509682
4.969592587626933 0.7208722028403727 0.007766890172354532 -0.028977153363479006 4.974268389654027
5.873657267238194 3.303758724399212 0.00845545065007003 -0.02878376893848737 4.998109001493288
0.7018844831173391 4.912606365355872 0.008481963067534624 -0.028775967447176795 4.999030215427
2.06376522002723 2.144716693099766 0.007240542060240145 -0.02911313364572583 4.956147160248433
5.46936044592773 1.6539495063566336 0.007963040615497838 -0.028923865304553122 4.981043734796232
4.722910531428947 5.239673935429763 0.007547959052348094 -0.029034949873283342 4.966720651563355
5.940081181041815 1.6432783995880196 0.00780361982874606 -0.028967283572478818 4.975536143848024
1.4310736336927818 6.4172894406426435 0.007833373812152033 -0.0289592516256738 4.97656344439992
2.5333423108927633 0.09429718224077564 0.00915243415747919 -0.028569790846154408 5.02241260889582
5.713819832409067 4.995248165182894 0.008347544988178328 -0.028815247572601885 4.994362217530901
4.256589988592039 0.16332310865022182 0.008714252903046978 -0.028706476557420577 5.007112285530497
4.307196791588594 0.5433774091597016 0.009057236932899832 -0.028600112921828038 5.01908228541026
1.7401118165364537 0.8576193773190501 0.008945676892932033 -0.02863520324578231 5.015183996515943
2.061371507498178 5.570774418223334 0.0085048431029812 -0.02876921347193338 4.999825417870557
6.116071206572595 2.8061940528264495 0.007138452743783581 -0.02913833372766481 4.952642039552303
5.933838061429019 3.2857949187836617 0.008568385137170844 -0.02875035262637851 5.002034822866166
5.694628850779948 6.923411617913996 0.009876561348857045 -0.028327610840349085 5.047865022438914
2.130525284028838 6.705154846906817 0.007032713091329545 -0.029164035155908073 4.94901475858439
4.631857327271027 3.0543053470547634 0.006030284446240837 -0.02938767887223191 4.914777307504236
3.7426345005734225 4.131952614663078 0.010725783129140793 -0.0280170943580279 5.07800654087856
6.782196257590101 2.8567416293203887 0.007888207748004304 -0.028944363501799877 4.9784574166273945
4.426133596996026 5.891985472649139 0.007939713257754433 -0.02893027745087555 4.980237315225629
1.7577313335422537 5.652927865511991 0.008115419573956326 -0.02888148135291274 4.986315863217474
2.70494389598033 4.354064150166553 0.009724500486603777 -0.028380170723342077 5.042502072466078
4.117395631244513 6.886243866671578 0.009008360134751198 -0.02861554555975869 5.017373774574016
1.8722615408063523 4.919714908690036 0.0093518153551614 -0.028505149527111192 5.029399226327138
5.000896041107434 6.887994600601179 0.008293693562762916 -0.02883079338289158 4.992493870325861
5.488385231021323 3.6203891948300635 0.008947286073652203 -0.02863470048588302 5.0152401928988555
3.945161879885268 6.356784776079632 0.007793883300122321 -0.028969904782447497 4.975200037495316
5.07818370976018 6.5760410880882585 0.008985856739892563 -0.02862262005215678 5.016587467275079
2.934582740565814 5.923888664854892 0.007760008244330443 -0.0289789970849221 4.974030902245408
3.836178221151145 4.856366540024614 0.007733586350048247 -0.028986059445297963 4.973119253261214
2.0743891297419865 0.856869126916793 0.006440562494226422 -0.029300497517243014 4.928758705114191
1.2852781637223478 2.0345984716838736 0.006742348305987086 -0.02923252878764944 4.93907025593538
5.636320601916921 6.966100773270359 0.007553161326727043 -0.029033596986464405 4.9668998285755706
6.076095231404275 6.732543424503287 0.009052479117751602 -0.028601619216797342 5.018915933275128
3.981966790381931 6.122725334860873 0.008242990369841559 -0.028845330813889087 4.990735666890176
1.6562635328944257 6.734481577665211 0.006550996689652538 -0.029276004549326082 4.932529297781547
1.333661340902149 2.641027188496483 0.008340901086669569 -0.028817171427161174 4.994131656274072
4.437668525861337 5.602814286684427 0.009377692123560539 -0.028496647003388144 5.030307154434551
2.815669761506939 5.4214789477791525 0.008834799732838248 -0.02866960609566586 5.011314268198045
1.8012737866733102 1.6059190489877126 0.007178249380924755 -0.029128555333645598 4.954008051419213
0.9545966571513006 4.594555780829648 0.008752977037786705 -0.028694692766711733 5.008461530827101
3.932990947261979 6.118309155048526 0.009602875125918744 -0.028421555012279165 5.0382196260005045
1.7467850820689341 3.9301694564134184 0.00794335677494179 -0.028929277266222644 4.9803632587176025
2.753544142375842 1.3875537575347578 0.0078805031647241 -0.028946462130470682 4.978191240315326
4.323021667305404 0.6848623172200591 0.009376186851900201 -0.028497142314945437 5.030254332129595
1.5036434819881628 4.406117882494182 0.007040955734449205 -0.029162046264717547 4.949297398626856
5.47004371947446 6.243536809457894 0.008079975731708978 -0.028891417275291185 4.985088857523037
3.3746327230291824 4.618333124934829 0.009515794651464383 -0.02845082867248618 5.035157316993534
1.2585866090064124 0.8627031455164231 0.006300802305899353 -0.02933086923877254 4.923991293697695
1.6657608841682745 6.014249483101899 0.007402240374869459 -0.029072441201809185 4.961705166637303
5.205852700060412 0.6938185273583014 0.006819039956136385 -0.02921473419486502 4.941694556962372
4.03417339833956 6.834401629370742 0.009776552537880878 -0.028362281651412587 5.0443367494847084
6.034754554092531 6.077337608396486 0.008680196275344972 -0.028716792867962943 5.005926124448075
4.82903210473592 5.1712507513553865 0.008320276131573233 -0.02882313315887731 4.993416012789388
0.4699812418208727 6.487425075575206 0.0063426850515265155 -0.029321840773340647 4.9254194540844765
5.842696002109332 4.144489245388818 0.008002478042570399 -0.02891297883612442 4.982407482128798
4.898245270601877 6.917226568999344 0.00962593374791066 -0.028413753702755194 5.039031044861353
2.535127933643875 0.5030693157788959 0.009239553532320114 -0.028541735240230064 5.025463457410563
1.3403827858938613 2.5131688027515864 0.008961334423760101 -0.028630307112316 5.0157308363272
5.297482849996724 5.729446788816219 0.007011247228136071 -0.029169203148285593 4.948278784966309
1.548585781611705 0.12537354290391306 0.00848516598255282 -0.028775023166776572 4.999141522460318
6.481818488556942 5.8874978984302375 0.0064770205415389595 -0.02929245986434875 4.9300031564693265
5.898303616746222 4.91236831079587 0.007477424721312917 -0.029053194652862158 4.964292125159405
4.919341841878489 3.914393167320663 0.007133722745467521 -0.029139492099053463 4.952479713719499
6.630121317702406 6.232089712259919 0.006868655584767366 -0.02920310891767936 4.943393202925912
2.925486995966969 0.9032760565551115 0.007058664956809575 -0.029157764815354217 4.949904712727779
2.1595167375649322 0.27707813979676577 0.006814879993260114 -0.029215704863608253 4.941552166696741
6.028035537045466 1.5011687653287369 0.00921291145505308 -0.028550346101603594 5.024530155463709
4.800888327911621 0.46682396786236374 0.008729452506980748 -0.028701858109334445 5.007641811553742
4.799184847697271 4.026960690356685 0.008426663952844781 -0.028792209616940245 4.99710904645826
6.5114859251291275 5.7237331998786285 0.006396542681787643 -0.029310138889470806 4.927256595365497
0.4013535531121229 4.93475399593244 0.008972308191400876 -0.028626869995137798 5.016114151330167
6.294866149096237 4.768375382321129 0.00828720838535371 -0.028832658170514266 4.992268938338366
2.017955661924409 4.193391410485224 0.009991228147326094 -0.028287371035642016 5.0519157750092045
1.1230910788413486 2.012356987998374 0.006700731863820089 -0.029242096239653993 4.9376468544130585
1.376838419484558 6.4777734900149 0.006722624711840735 -0.0292370709371467 4.938395594453479
5.162878983618402 5.755354382442949 0.00730669830200108 -0.029096600487402896 4.958420189468106
3.221453387258515 4.044517059833061 0.009786380548015906 -0.028358892005320234 5.044683287096787
0.318870721057991 5.525418624949404 0.0064974181737852835 -0.0292879421789064 4.930699554264852
4.9406011492155315 6.943347279020509 0.007866469942742938 -0.028950278938896633 4.977706473074643
4.379151192156663 4.771095945591782 0.009135208169848094 -0.028575303527583754 5.021809722950907
1.7769618470928699 6.587048905205473 0.006274832469680699 -0.02933643600503375 4.923105968066512
5.064396854203848 1.8208968670639105 0.007913750155988827 -0.02893739031890379 4.979339988582821
1.008785041619349 0.28225089581970836 0.008187027161392036 -0.028861264460494952 4.988796089944451
2.284781434417806 4.0235108583924255 0.008625954293353914 -0.028733132661249612 5.004037802909846
5.452068609214967 1.4300808762876303 0.008270297558580423 -0.02883751338608339 4.991682471337067
5.606620358000904 0.6066158103520652 0.0071903691574266146 -0.029125565940938004 4.954424151638796
1.56080786668353 5.633830506004446 0.00755249779414959 -0.029033769597993395 4.966876974686494
2.83469438238141 3.7574778238843787 0.011247146272468417 -0.02781189854586881 5.096683144598555
0.5269830019911145 3.4908865212293074 0.009048185075806956 -0.02860297793646571 5.018765804014534
2.7432021201008774 6.745822671751995 0.008172531272830243 -0.028865372552499848 4.9882938646631185
2.783905048268144 3.789538910130059 0.010699905924623864 -0.028026987230242908 5.077083081988892
5.5330145956136345 6.404195049188804 0.007174256790339739 -0.029129538951144833 4.953870985810466
2.640507729256114 0.44194038177145234 0.007146890346507549 -0.029136265347072147 4.952931620357627
1.532390326216043 4.197872794237726 0.007941420230644987 -0.02892980892989621 4.980296318694059
6.173261928590682 6.490773056710825 0.00808301490095779 -0.028890567147615745 4.985194051876479
2.414411878155042 4.788179958106046 0.008706350170421049 -0.028708874354631344 5.006837002615719
3.0702233751710066 4.173287875019914 0.009702223380231257 -0.028387794234143903 5.041717224700418
5.547255957842337 5.497241537223918 0.00747661583496551 -0.029053402824047014 4.964264283696216
2.2957958751686856 1.4976902560214633 0.0075610322524484385 -0.02903154820669119 4.9671709353005085
0.8180765674587966 5.983831802056816 0.0067587917768948385 -0.029228731305285537 4.939632798393341
6.612588934427848 6.574392277790144 0.006113307398859485 -0.029370520469461377 4.917603224509807
0.3616402121331658 5.743546633777164 0.006112688779331965 -0.02937064922481335 4.91758216195587
2.456711795653979 6.614371244795318 0.009067705429617032 -0.02859679559394188 5.01944833654386
6.556209931255832 4.230008088080926 0.006617357620493124 -0.02926107616138719 4.934796609427648
6.777593529261046 1.2213647284444185 0.008051163219099978 -0.028899459697707353 4.9840917274661525
3.9182755716480853 6.386829546529652 0.009490430376910095 -0.028459299556753363 5.034265937069994
1.6437638149728482 3.8145077799395373 0.007838418181984944 -0.028957886670203124 4.97673763704716
0.7727270663227607 1.8582880724222082 0.008028634068717233 -0.028905726681587387 4.983312242072085
1.0975037625713338 5.880021802865642 0.00746872017582459 -0.02905543355269769 4.963992529533351
4.767340811539196 6.21727476915554 0.007262856292976224 -0.029107574932782973 4.95691369958429
6.5956259387632095 0.4481039163824579 0.00945101895513254 -0.028472411922942628 5.032881421675755
3.420263608772856 1.9465310852866835 0.0069125561148840175 -0.02919274855094291 4.944896752107287
5.084761566720769 3.881745192148619 0.007001400252691821 -0.02917156825577958 4.9479412174260196
0.6697930212187698 2.7053096298556123 0.009113807837883495 -0.02858213614644877 5.021060902461863
0.9559977864154087 4.911974874651081 0.007467112347995723 -0.029055846798577558 4.963937193363893
0.5161537878855228 5.3256705425398945 0.007572667374290507 -0.029028515443238843 4.9675717313367125
5.563972809070936 5.072170906800527 0.008425153194797808 -0.02879265172998465 4.997056575791099
5.269053165663163 6.073283270867974 0.007198078467304765 -0.02912366162381584 4.954688852482239
5.418304544156428 2.7930538151753646 0.007744421816780266 -0.028983166333645775 4.973493088393916
5.866522465550328 5.044919799628793 0.008173262005823266 -0.028865165653156503 4.988319179964715
4.502135556532325 4.636435017334323 0.008591086350410736 -0.028743577288148848 5.00282451360722
4.686590234808192 1.3008647293531466 0.00938339389552263 -0.028494770028927564 5.030507246737567
6.734443899083493 5.585147071158421 0.005805990720268277 -0.029432812841387733 4.907150963951525
4.332538350206022 5.019464769486576 0.009345685613001871 -0.028507159809825492 5.029184194092618
5.394784041750027 6.984337943103854 0.007498127496557099 -0.029047858510488758 4.96500477228853
4.26074401961406 6.8270606927156035 0.008211441448020529 -0.028854327740318788 4.989642110378144
5.004098829599727 5.657386871534375 0.007087252809684964 -0.02915082927828319 4.950885283466247
6.387509696006467 3.206544517329414 0.007254141797784135 -0.029109747968294766 4.956614321505988
1.4547490251925606 0.07346934896314608 0.007571214104655949 -0.02902889451876283 4.9675216681446
4.848497071114788 0.4856019832398664 0.007217181531193067 -0.029118933544101604 4.955344835037556
3.4006354585832903 1.2647484124730866 0.009121903736375721 -0.02857955339441634 5.021344165553039
6.027736787244016 6.119763787606843 0.0070591669198994 -0.029157643292917177 4.949921928180988
6.596810070631101 4.17384238180101 0.007188257867588217 -0.029126087084073896 4.954351663057689
5.410465924603237 6.015377669789616 0.009192500940178594 -0.02855692431731428 5.023815342310999
6.217364792785538 2.470167631528716 0.00891591303481755 -0.02864448454337362 5.014144750089
5.396133531051923 6.505298802524632 0.010003631614103732 -0.028282987015683197 5.052354289701568
4.454613079279884 3.1175486568703557 0.008248547545498171 -0.028843742187685286 4.990928326447707
5.090598510671302 5.322980434478653 0.00859044189958362 -0.0287437698983602 5.0028020929926456
5.535058622838299 3.364743193830526 0.006973173637327918 -0.029178328420656225 4.946973722545312
3.029132955993703 6.426729872133224 0.009582135398337415 -0.02842855397673137 5.037489997613504
1.0314655626377873 6.124631909685352 0.008758393220891099 -0.028693040065288458 5.008650288347952
6.079554377766553 1.1095327998529747 0.0072234438944978035 -0.029117380690972916 4.955559902332348
0.5622629283344243 6.4761724679478325 0.008329882316602097 -0.028820358439678707 4.993749309217954
4.011672104496748 0.04244731046824868 0.008903547019945446 -0.02864833067499083 5.0137130724123855
3.6813836543288696 0.8964022323364675 0.007144926770846334 -0.029136746926162558 4.952864228074858
6.398502186917524 2.7390624698621546 0.006870519915974391 -0.029202670358790806 4.943457043567351
1.4507257032731795 6.829285622290418 0.00643968723168983 -0.029300689895598208 4.928728833277965
0.8054113402057043 1.136436157162849 0.006515032600946109 -0.029284028927191855 4.931301016920015
1.1624712623327218 5.850978840905509 0.007460924069429498 -0.02905743643252459 4.963724220418681
5.187022307204769 1.0463547226946075 0.009836602107087556 -0.02834151123329242 5.046454757600336
5.710001080002614 0.39755470276872995 0.009657045906624404 -0.02840319461534827 5.040126216514357
5.167680297240548 5.495208044442998 0.006779050313054177 -0.0292240393657872 4.94032595750678
6.04783678935433 1.444026085239352 0.008911253545654897 -0.02864593444531096 5.013982088016191
1.7179871927524477 4.3227698596932695 0.00790293803203819 -0.028940345030109164 4.978966369132797
4.155575957404034 2.262886020991022 0.007287705938435083 -0.029101363235334837 4.957767508113746
2.697474825951783 4.8983121548588695 0.009115569892580484 -0.028581574231197972 5.021122551878418
5.535564277048494 1.3179741113002454 0.009107989218398043 -0.028583990840985535 5.02085733367832
0.8239908769097971 4.482242900040221 0.008956995121093441 -0.028631664960332086 5.015579276661988
1.350290282360086 3.7768403084806494 0.008071270680839945 -0.028893850376794945 4.984787567898297
5.95862880232562 5.194685811474002 0.008821171944963412 -0.028673802076414463 5.010838963780234
3.9707717114693626 4.789286568681115 0.008418871333753151 -0.028794489150976606 4.996838406910907
4.551089028724709 3.990236280170785 0.00836337605649028 -0.02881065672520717 4.994911660289555
5.928007270293584 5.7077088288433435 0.006608539644321625 -0.029263068939696487 4.934495264535228