300

3.85942858677268 1.8092971620207228 0.008266551583791908 -0.02883858742921552 4.991552574387367
1.6731295283167746 5.296700430681939 0.008930019922413891 -0.028640089807563295 5.014637269671139
0.2504633896521346 1.4368834546515448 0.0075118122864953835 -0.029044322615142136 4.965475912790401
1.6358177481951974 1.0981269316361952 0.008644764276155436 -0.028727479015912737 5.004692511642683
5.341108220154283 3.949487344570882 0.008546424566394133 -0.028756888342290003 5.0012710731421555
4.1097099464592715 0.7862517843424854 0.008453075639251576 -0.0287844665095098 4.998026490337661
5.099302865257193 1.7858551941189573 0.00694718976668638 -0.029184525940053368 4.946083297660876
4.840733300030012 1.9685252693959063 0.006410560248799113 -0.02930707623248209 4.927734870108339
1.5084634190593322 4.806304374242862 0.008600995916888053 -0.02874061358491977 5.0031692889699295
5.527801311556162 2.989834907240025 0.007189931069530109 -0.02912567409031773 4.954409110314482
5.390540598832298 1.4375037274929978 0.007931605041742921 -0.028932501472596493 4.979957058517974
6.361483630733036 4.909844943230301 0.00694499700714262 -0.029185047825398196 4.94600816401157
1.2889873053261107 6.166923962904382 0.009443725229579678 -0.02847483193608349 5.032625264396888
4.1834879825946 3.209713132071635 0.007316141602998631 -0.029094227469463295 4.958744752676647
1.8913342064996552 3.8039797183582267 0.008436437742947658 -0.02878934730433061 4.9974485228646515
1.7984374306016075 3.4759693979559123 0.009608971230266753 -0.02841949457495516 5.0384341225437215
5.503877581412849 1.0022484011135184 0.008716216555892853 -0.02870588038975254 5.007180690764127
0.05847912109143433 0.7931342303945207 0.007038987090480985 -0.029162521508608305 4.949229892118273
6.197722498599573 2.4000829037546443 0.00929502332619047 -0.028523718925932064 5.027407532936134
4.281162746791825 1.6148968822408343 0.00591138592512393 -0.029411826132429222 4.910733111586141
5.745286475102193 5.84664954088101 0.008436868992257157 -0.02878922092741465 4.9974635023725735
6.055629926602288 5.863465749074413 0.00894436842120102 -0.028635611981339282 5.0151383023268306
0.9820171146123703 3.1552063217699113 0.007475487574150379 -0.029053693147837904 4.964225449856867
0.7033803749349893 6.015150057012268 0.009782197393261532 -0.02836033522649666 5.044535783156732
5.675111246935464 5.5867123112717945 0.008153434873894739 -0.02887077241358736 4.98763235883344
3.315236122533451 1.2817387229586068 0.006721829182936105 -0.029237253845657743 4.938368384942039
1.9338426817091992 3.6222255594816946 0.00826938918290922 -0.028837773883252222 4.99165097168742
3.5768189477585244 1.0798541445368204 0.00899223907231032 -0.028620615585036174 5.0168104571994006
4.7466317442769235 2.6722604684320626 0.008430858539865214 -0.028790981648439528 4.997254734355052
4.959126119314093 2.5133471609450484 0.008586682009396558 -0.02874489332158854 5.0026712884141045
1.2331067966952731 0.8925006431695109 0.007382969839522618 -0.029077340943571495 4.961042377064224
2.9781803525084323 3.915493007008178 0.009359661717556905 -0.028502574138714203 5.029674499986263
5.148224542803297 1.49869435045642 0.0066513058623194074 -0.02925337810109929 4.935956946251951
5.620223234405108 2.816610338162016 0.00802199064178512 -0.028907571086881582 4.9830824185830505
1.1315395921704652 3.121676113177522 0.009505418251414188 -0.028454297107215316 5.0347926257713285
5.6233981539427935 1.4272188816726674 0.006424617281414192 -0.02930399789768205 4.928214541656905
0.20752914741279882 1.6042520657029964 0.008954997447254915 -0.028632289826691436 5.015509505936402
1.8693107408364378 0.7464961152792954 0.009182874830464045 -0.028560021180804994 5.023478275630017
4.853631035444198 5.32457001369522 0.008774400883328873 -0.028688148931895856 5.009208229453819
5.3726301560740515 4.173736829930554 0.007971142010262274 -0.028921633685741747 4.981323839380094
3.2312218829085086 6.6790904979964285 0.007836836338114531 -0.028958314802653963 4.9766830117841145
1.1203555609263376 4.017762641086968 0.0081434083935643 -0.028873602126087878 4.987285087595
5.67438393913816 0.9161999752650922 0.007895720486941746 -0.028942315007478035 4.978716983736399
3.8027024171773567 4.62750805526057 0.006918391670378564 -0.029191366132732405 4.945096654272686
6.707139458603081 1.2501750602327395 0.006451191271179945 -0.02929815917737242 4.9291214703186
0.308603780497533 5.818232219324488 0.0077163864601886714 -0.028990642973156303 4.972525915294842
6.2188045845386615 1.0606621978357067 0.006696795579797646 -0.02924299794758401 4.937512246302353
0.8786299738859978 6.885971732729129 0.007874949909384239 -0.028947973399267333 4.977999399587559
1.1805981093329612 2.739361609998153 0.007212827178054501 -0.02912001243302479 4.955195300973799
5.392663681586498 5.447545959393848 0.008486684000397825 -0.028774575490828555 4.999194277575214
0.9776053349930777 3.812436477193172 0.0071390670307941335 -0.029138183229738743 4.9526631213548065
4.079075734502868 5.810588791666658 0.0070819222132724145 -0.029152124755584433 4.950702424930655
0.9408601320659364 0.41823333771718824 0.007670369303842308 -0.029002852182891836 4.970938939149855
6.974711139063549 3.5224692560713167 0.00800371298032844 -0.028912637004059695 4.9824501946097595
5.580243224242699 4.428187592885787 0.008439235436440496 -0.028788527319894758 4.997545702328425
1.6638198167225609 1.3302414738241828 0.008820853021385112 -0.028673900187716372 5.010827841326649
3.615270934034397 1.2400236681103458 0.006935484159908152 -0.029187309904608598 4.945682227300422
5.216464314485352 4.715310941061673 0.008250701896897753 -0.028843126013116675 4.991003017671751
3.7322909144855836 3.515470385220271 0.008143162185100873 -0.028873671564716933 4.987276560492413
6.955012833663743 4.396195379762511 0.008050929491198124 -0.02889952481145246 4.9840836398534085
4.885381878376646 0.1601424097303422 0.008540628834811378 -0.028758610173406998 5.001069536801075
0.4659305486067272 6.775913661084306 0.007673207648116031 -0.02900210137884656 4.971036804731919
6.451319245372814 1.007759023416966 0.0066652854331965845 -0.029250196069326054 4.936434851091418
5.53833090755877 1.522477057618634 0.0071336142297633446 -0.029139518664880477 4.952475989713111
5.554996459947317 4.53135779012639 0.007985354902246524 -0.0289177126876447 4.981815300386808
5.1114618736663875 5.2502852088519125 0.00781416497151336 -0.02896444071267342 4.9759001980094
0.37981235862900325 2.594187008025966 0.006455459263771149 -0.029297219077820187 4.929267147083927
1.9816851653294565 5.458612618466075 0.009291922786042104 -0.02852472911244262 5.02729883444382
3.4101030152845153 3.3576118672168214 0.009335775495430713 -0.02851040679995491 5.028836577803092
5.466079724557613 3.0833739763617736 0.007388483240305279 -0.029075940490510845 4.961231993217609
1.0941366156716013 0.26352136769001583 0.008581215682705609 -0.02874652565801452 5.002481126933609
2.0371809176690228 0.967782541254317 0.009702208533562332 -0.028387799308352 5.041716701705659
2.572295018017159 4.38579756762041 0.00865924000337978 -0.028723118956058155 5.005196448152624
4.496467443357721 2.5001546807147164 0.007186659638041155 -0.02912648147729056 4.9542967906430935
2.5577621139360454 2.1841145577125216 0.007202401072727188 -0.029122592926928367 4.954837277662461
4.9950099731249376 2.2364310888248835 0.00742635622164456 -0.029066290325207328 4.962534763181933
6.148565395107965 1.2142158246539845 0.005295476167952592 -0.0295289338133744 4.889834591067571
1.9032319523283197 3.5797936616701915 0.0072010691664923165 -0.029122922292575543 4.954791543455128
0.6719687088007795 3.1033443161006002 0.00829335774253919 -0.028830889985469843 4.992482222375122
5.769431499261531 6.081575894576565 0.009174750451676419 -0.02856263212922547 5.02319382180086
4.543693690468405 3.6157818955193295 0.007189459627354615 -0.029125790465953674 4.954392923865641
4.963968439607652 4.212944401341267 0.009404530593805666 -0.028487800973577677 5.0312491120813645
1.4328452433533303 5.644629360120318 0.009355255984605508 -0.028504020513999473 5.02951993074846
5.21797975692925 1.5970499430142044 0.00844556259593338 -0.028786671784667484 4.997765489999709
2.3454094486386974 0.42641718209078383 0.009255645071390407 -0.02853652106183314 5.02602729869397
0.3324686468803764 4.8397780451550885 0.008515173056717985 -0.028766157682494617 5.000184499715987
6.284629564359883 0.5490269950655849 0.006975847391761407 -0.02917768930478998 4.947065358490869
2.241209628346106 4.2898616568012065 0.008814833782077525 -0.028675751174020617 5.010617927608168
1.6248216214980429 0.25997824222560784 0.0076954163721345056 -0.02899621642317294 4.971802644976073
5.17216465600356 2.2932989045450607 0.006915831582025627 -0.029191972758432355 4.945008954994093
5.620380323703023 2.141834049234739 0.007854121716553314 -0.028953631414065588 4.977279965575334
1.9398751779993406 3.187745752204383 0.007113641716641838 -0.029144400860667094 4.951790637303653
0.12568206916706784 6.377236115737633 0.007929404573543759 -0.028933104622716577 4.979881004075739
4.6259553177315285 5.7414165353151905 0.007890388916968092 -0.028943768979505537 4.9785327746971495
5.626393879902481 5.495252594862977 0.009762139085051622 -0.028367245909395357 5.043828603087626
1.5786954319348399 1.776810763055525 0.00800992941526348 -0.028910915425881912 4.982665208549577
4.109062346046642 0.8220216482110493 0.007829233221303421 -0.028960371323006873 4.976420467266066
1.0673524701240262 3.6945684630692734 0.008449851342615434 -0.028785413185981892 4.997914477019244
4.310707709293681 4.3575427302320655 0.00773034572071893 -0.028986923862979363 4.973007455346358
0.9246201001496642 0.9322601465380945 0.008675036200188405 -0.028718352092789386 5.005746440906012
3.0202781638205005 0.8107634661708959 0.007511722573757575 -0.029044345817644108 4.965472823969802
2.741777775819996 1.8870282085267749 0.008876135179783012 -0.028656835559255637 5.012756375490519
3.092068273534143 5.155963209547502 0.009070214802883357 -0.028595999780206244 5.0195360879205255
2.779634761301814 4.806495098984453 0.008535160965212157 -0.02876023343608182 5.000879412339607
3.980011874670837 2.2840919716970918 0.00865084239247241 -0.02872564926856488 5.0049040968592164
4.5239133783969825 4.592587220342973 0.007906390484712774 -0.028939402023940356 4.979085666567435
5.753602872412278 4.510499277926903 0.008330395595191204 -0.02882021008298897 4.993767118847604
5.025082222921262 3.6276780755425206 0.008151868693211908 -0.02887121467497742 4.987578111282865
1.2165954565449417 2.5540453959123375 0.008444986116867725 -0.028786840908406594 4.997745464156619
5.055486592804831 0.6375249651903385 0.0071282203939230125 -0.02914083859492825 4.952290890098814
4.368419949534123 1.1917235140310996 0.006930743663533245 -0.029188435933951543 4.945519814082521
2.2061090714277154 6.8724122581601605 0.007857003865884806 -0.02895284943233517 4.977379510541182
3.270234558427709 3.37385450119683 0.009147720317125423 -0.02857130051292119 5.022247619385436
0.5530534308391103 1.320281765577854 0.007652802135863836 -0.0290074924712447 4.970333282777833
3.5102003229721213 1.5912480892624574 0.0065360797424117885 -0.029279338476147887 4.932019798694109
4.320439983986304 3.528240590846126 0.007652982602856507 -0.029007444859559337 4.970339504175321
1.66465745234766 5.39912977158194 0.0094927986873083 -0.028458509677814083 5.034349155676917
2.5024729624204913 3.4222539388086655 0.007105437054563538 -0.02914640225248453 4.9515091293612015
3.114548230193201 1.4334465579231428 0.006265307798590131 -0.02933847164030406 4.922781308978355
2.3024882308928496 3.0183320919907604 0.008811813708675481 -0.028676679360825564 5.010512611290408
0.5798603364490474 1.046134443980527 0.008033961181465038 -0.028904246534630734 4.983496539432431
2.4784656190903465 3.1601430980740823 0.008535230401379714 -0.028760212829451792 5.0008818266521535
5.1747307709651 0.5816200906624668 0.007666535452294511 -0.029003865848515973 4.970806752683448
2.06849510962993 3.610785393314673 0.00873187449879866 -0.028701121367243294 5.00772619713228
4.818728315068372 0.8598874729885878 0.008325681594624807 -0.02882157223305012 4.993603556918514
2.609626514343066 4.911430675548206 0.007547126009630884 -0.029035166419270838 4.966691960636925
5.244871814963663 1.09412655328016 0.007219981483773445 -0.02911823942778767 4.955440991922766
4.129311185586857 2.8285804357337607 0.007622343365504061 -0.029015511052165807 4.969283396845965
5.081341291635112 3.443617473249073 0.008586369717567927 -0.02874498660763703 5.0026604241775114
6.021559472893354 1.6885396258777599 0.006250274512591595 -0.02934167801127345 4.922268928360415
4.297435707149155 3.379048521701772 0.006153058188764771 -0.029362218494617783 4.9189568403818695
4.863465883950484 6.582450263300037 0.008453153136805188 -0.028784443750847793 4.9980291826781365
5.078858153255182 6.969703539341828 0.00724580137401783 -0.0291118251308344 4.956327815207196
4.515071080294036 3.7082939796279204 0.006333528211790423 -0.029323820017017815 4.925107177283831
4.500362655008467 2.3642268771666086 0.008343206032631298 -0.02881650417897814 4.994211642356384
5.400211700632362 4.945582887271027 0.007907728542560685 -0.02893903642654971 4.979131903400476
0.19278325350765374 6.543776195017578 0.008745295724582212 -0.028697034736878374 5.008193850675527
1.6226257485995228 3.795913540010288 0.007576057544206013 -0.029027630838338824 4.96768852069077
5.006085464440364 3.2993104519880525 0.006528794605449856 -0.02928096379902562 4.93177099065722
4.232449139470121 6.876856684456944 0.009313186133549813 -0.028517793814421467 5.028044360603317
5.492677607684066 3.292965162439995 0.008970229595339455 -0.02862752139125733 5.016041542190146
0.9479457243576899 1.0564007578722203 0.008679925588976579 -0.028716874686668628 5.005916698396077
2.072429112679862 1.7396188435778936 0.009556683324884293 -0.0284371201746569 5.03659483292467
5.240661304537932 6.637616361451235 0.007984476389015786 -0.02891795526646463 4.9817849207521725
3.8026948857243505 1.8107048274326414 0.006629510455816046 -0.029258325159110282 4.93521195322386
3.8544881122635464 2.1914986853016254 0.007806814721454868 -0.028966422697752573 4.97564643862843
1.263952938569242 2.499104019318371 0.007360589749998362 -0.029083014261458855 4.960272777623479
1.6008817696984137 0.21687700927989761 0.009259498247629984 -0.02853527102030288 5.026162327789541
5.64422819378291 4.448749272597845 0.00771335631971282 -0.028991449330537898 4.972421395421457
5.468749293735695 4.930251965751841 0.009352537380422994 -0.028504912638838073 5.0294245560754005
5.2236937710601286 1.5664396485197758 0.006094633125954668 -0.029374401220450708 4.916967449646599
1.6637666908109272 1.349244129015377 0.009086130677118954 -0.028590946632077747 5.020092714032712
4.164315692475518 4.698017656485466 0.007679670933608729 -0.029000390589636636 4.971259667069264
3.2344812530318054 5.763869827643907 0.008206877043561024 -0.028855626300461252 4.989483926074383
6.318178782222683 4.501714878972388 0.007141080806150342 -0.029137689766349548 4.952732233158779
3.959945747007868 0.5362941140945539 0.009172641332979108 -0.02856330952422221 5.0231199807879925
1.2701711110107066 0.29101299268818304 0.008432280660401553 -0.02879056517097603 4.997304129364898
2.189554013170713 5.98331302649435 0.008252866148018696 -0.02884250683180793 4.991078053725381
3.670543623724619 1.5356713320769093 0.007415777488830142 -0.029068991111425933 4.962170828151906
1.3672625794601807 6.552066591060178 0.00819193721531529 -0.02885987118232395 4.988966220135298
4.536033865189929 1.5324010349965205 0.006925706079797694 -0.029189631640297437 4.945347229276878
5.010874196625141 5.261478053264452 0.010282038579466937 -0.02818296795318679 5.062215265559158
3.489677299460993 1.0044519919211512 0.007839727048313852 -0.028957532350114643 4.976782836282556
4.604598681181921 1.2182884027951209 0.00854498849829192 -0.02875731509658123 5.001221135282773
2.4712685329721387 0.5687377258699036 0.010603932664935842 -0.028063439062907213 5.073660994749724
3.342138577491619 6.491926165779094 0.008518864196953826 -0.028765064797317216 5.0003128175257485
1.6132399897761553 2.5026350752229107 0.008746469294633746 -0.028696677070316503 5.008234746098193
0.8192734777646449 3.678689035606946 0.006698798539030871 -0.029242539187517177 4.937580740474777
5.163404030933358 1.608283692247165 0.007074570668136363 -0.02915390968397797 4.950450253944657
5.5976733644815555 1.3731968159282806 0.007091621735931364 -0.029149766742711095 4.9510351593349835
3.525176226900981 0.7695628749181253 0.008318104659374593 -0.02882375990178399 4.993340675782228
1.1723680351850934 1.3736007504207761 0.00990359697483832 -0.028318170261511833 5.048819572747959
0.8695856421930249 4.285680493362548 0.00774318410108458 -0.028983497028079803 4.973450383997156
3.942195501664662 0.23830950972723935 0.009303692054561852 -0.02852089259041313 5.027711460969798
2.3115431970326314 0.053238431687314645 0.011114460824132564 -0.02786518904634997 5.091916904017783
1.3408510194240002 3.2519234897628406 0.009076652550013567 -0.02859395702742683 5.0197612235024485
0.45591419787079235 6.228756726016913 0.006711973413972311 -0.029239518000304467 4.938031301735858
3.4624661374532932 0.76122164602659 0.0071527933713987375 -0.029134816748798576 4.953134225995233
1.2360196356308693 5.561044931234186 0.010346754085184777 -0.028159273426363686 5.06451249320482
2.3046904771310097 3.0365748184095613 0.007522386955779178 -0.02904158560560224 4.965840017251909
3.8731311058121363 2.333338726591175 0.007417477338309626 -0.029068557410639816 4.962229304971868
0.9974551022486576 6.038313252839023 0.008538280678965305 -0.028759307415986354 5.000987887258004
4.984998233977357 0.8825483731757796 0.007666199318014733 -0.029003954696152565 4.970795163408877
2.8733378035988557 6.251995399666032 0.008926741135129227 -0.028641111932087966 5.014522789276821
0.7883757107601947 2.5057857179707974 0.006560541623017169 -0.029273867076501172 4.932855342331775
1.1822653931022884 0.6534689635858387 0.008768211886580814 -0.02869004113472169 5.008992503000374
4.746355000542969 2.3398922469222065 0.007496175637597286 -0.029048362274150547 4.964937578280634
3.5727954104146473 1.4801581794885386 0.007533988941366817 -0.029038577971921463 4.966239533531433
5.554492506770771 0.7177372352441622 0.008570712362052264 -0.028749658947663438 5.002115769802225
4.354501920760714 6.813170733454304 0.008833756665068401 -0.02866992750570464 5.011277886047573
6.966461390014535 1.1204200873770218 0.007575078953275061 -0.02902788622775777 4.967654808444964
5.366069190532806 5.785683177721437 0.009043285228860911 -0.028604527478521054 5.018594503172153
4.428144775425888 1.5600811168589712 0.005936781012698285 -0.029406710649225374 4.911596617799859
2.0767600857636364 2.14952401155189 0.009513512080843937 -0.02845159200972129 5.03507708945341
0.8821223023653859 4.159361238243959 0.007859456396330431 -0.028952183771767212 4.977464219255035
4.815051320711478 0.36929078109685676 0.008164179385315735 -0.028867735882198754 4.988004537180754
1.0482643519451296 1.7590477845768706 0.00848901068178882 -0.02877388916438783 4.999275137469692
6.000906671137345 0.5273189612879257 0.007721762858575185 -0.02898921141314349 4.972711372758577
5.42734529476725 6.555375159302534 0.008988425429363978 -0.028621813504751282 5.016677211877658
4.424549039561995 5.550409102084209 0.007558438010160639 -0.029032223732372943 4.96708157692094
6.138633289460762 0.8688023381594755 0.007520272045198778 -0.029042133330149864 4.965767194415554
2.4580967146746246 2.5468229887538127 0.008388388774380329 -0.02880338406801968 4.995779945727417
1.6827825789349569 1.9185896479109807 0.007858422322332213 -0.02895246446511714 4.977428502813277
5.571931093479398 3.1484220400416425 0.007081606994242384 -0.02915220132990127 4.950691612044161
4.3482310585140445 2.1145633289332544 0.00689048336850218 -0.029197966349531857 4.944140715968045
4.319542495459601 5.667457628640661 0.008447259388841026 -0.028786173917657712 4.997824434208092
6.042171424523204 0.36701168042608756 0.007908146339434801 -0.028938922258337194 4.979146340567356
6.894205766400627 6.566860133389454 0.007273763918354665 -0.029104851115579373 4.95728845205524
5.829923807998948 6.412871513570973 0.00837092269595881 -0.028808464957687033 4.995173609420502
1.4993899913041364 5.8218455435183145 0.009345346144109949 -0.028507271097857986 5.029172285918266
0.6699634744330303 3.6602929343118897 0.008252080160366848 -0.02884273171921966 4.99105080281435
0.895536375711873 1.1174637696254972 0.009061185613086577 -0.02859886213270019 5.019220353624829
4.676577989465278 0.3939258387764873 0.009105648085488749 -0.028584736712854907 5.020775431106471
2.73361273943081 5.6825625545609 0.00879205623395148 -0.028682743020482453 5.009823710561552
6.834706243142631 0.16402891325271102 0.008638909505616986 -0.028729240201470007 5.00448871405041
4.479867986225718 1.5892838937092906 0.008680624950086008 -0.02871666328938556 5.005941052149442
3.88579059650324 6.407237599908464 0.008196263312543032 -0.02885864285983423 4.989116123413005
1.3145439712013849 1.232178940084001 0.008724685218543275 -0.02870330761144667 5.0074757188905945
4.61353254095325 3.469526763569393 0.008552439837014291 -0.028755099944779376 5.00148025633256
0.5117932302514504 1.9170956465996911 0.007038370947074035 -0.02916267022087285 4.94920876425264
1.7720994233191838 5.653926357067034 0.007982771854531591 -0.02891842584786555 4.9817259774209735
4.997652549674624 3.0778551697404675 0.008075880662989672 -0.028892562217933345 4.984947120358225
5.154664446183615 2.2549107898949696 0.007532162029909013 -0.029039051898352274 4.966176620789943
1.0783175302599326 0.2736865183037067 0.007673081484794496 -0.02900213475811227 4.971032454590276
2.33104497499624 5.390719856924927 0.00930054045742558 -0.028521920468295783 5.027600961611016
0.021641424126490935 5.123373634165677 0.007182022307598084 -0.029127625299244075 4.954137580222065
2.297945512481706 1.3958793357423636 0.009998161212570023 -0.028284921289751897 5.0521608796328366
2.2854084619594435 5.424251564068134 0.010684236252855655 -0.02803296444711413 5.076524049350038
5.058803527547908 1.0462256019348328 0.00896553548964903 -0.028628991833172256 5.015877574619801
2.1809134113984494 2.0881681242056773 0.009199141435710895 -0.02855478588338191 5.024047886406738
1.0228121373749186 5.8288783006393015 0.008128039357500602 -0.028877932339468507 4.9867528407605874
5.685360741702478 1.128789794529408 0.0060661575926222195 -0.02938029496212507 4.915998147345572
1.8853694572785655 6.412920445297129 0.01057220870798121 -0.02807540566109217 5.072530798582213
2.577751406997484 5.809631504920462 0.009051894680490514 -0.028601804185982876 5.018895499628807
5.066944800013892 0.13739197904215236 0.008127079134165327 -0.028878202588579063 4.986719589805121
1.8551078501251428 3.1489288107294584 0.006758345841928577 -0.029228834418787326 4.939617541686678
0.33653080922326495 0.6234426560723664 0.00855835743242879 -0.02875333925057733 5.0016860555326925
6.132591659807285 1.2141392983534498 0.006159313767665943 -0.029360906898654216 4.919169893717693
6.879029082633425 0.3826728298883233 0.007103631831320377 -0.029146842278453627 4.951447193428244
2.0007059771206475 1.2612665525675881 0.009242734730074031 -0.028540705224459385 5.02557491717734
6.091937753759285 5.874691488827342 0.008714103786824797 -0.028706521823314745 5.007107091019623
6.3124484665741765 2.865397991787262 0.007520525037479074 -0.029042067818264083 4.96577590564082
3.452092005500042 1.0312578507523673 0.007598885751928876 -0.029021663207492644 4.968475031773163
1.1342500762345893 5.445538514997797 0.010043155283781018 -0.028268976492718326 5.0537520718753495
0.3071250763542537 3.5027704263445565 0.00679396826836017 -0.029220574860336256 4.940836456384377
0.6016299622869927 0.5157069085258039 0.009103144571531196 -0.02858553408473947 5.020687850134017
4.2928705925263495 0.859231528160325 0.00855467267563613 -0.028754435751944855 5.00155790740707
6.132654306993922 2.0926027337225066 0.009023804777695476 -0.0286106789037597 5.017913549571023
2.9804585443531626 3.598196261716312 0.009731606568872937 -0.02837773482131139 5.042752472200313
4.6011023347696876 5.520970300160933 0.00996064915415294 -0.028298153092169678 5.050834968896059
0.1941572914088729 4.346279633612587 0.00765630266146046 -0.029006568731170416 4.97045396130024
0.45629313100072777 6.546220042429226 0.009322806567671598 -0.028514650229343148 5.028381727664884
0.01503630250890728 6.959625597544556 0.00889650906452852 -0.02865051703660445 5.01346741457937
5.0854373372864075 6.713078888671928 0.009269839232396321 -0.02853191337091724 5.026524742188059
4.786334344462782 0.71271211969416 0.007819117973207565 -0.02896310401391851 4.976071204797466
4.95632849478095 4.43838000848824 0.00871806505798048 -0.028705319047953808 5.007245085938068
5.3926305445814045 6.686908428541286 0.00918791064438606 -0.028558401530736577 5.023654604515512
4.019830860969795 6.275955670900225 0.007377071530802814 -0.029078837934646194 4.960839533314399
4.226095332259716 2.9467416227025423 0.0076332992458634655 -0.0290126307428868 4.969661002603803
6.2539838835090125 0.22519469153508806 0.008201778718571787 -0.028857075836813108 4.989307246598734
3.8431443602989654 6.6566358545217215 0.008763805952805178 -0.028691387300400384 5.008838936458476
4.927136862605207 1.6282070444954775 0.006464655533869801 -0.02929519122361905 4.929581053611268
3.8004761193159773 1.4729367633531292 0.00718799389598895 -0.029126152230447906 4.954342600003551
4.5371705993558225 0.3014946061460063 0.007622882948261598 -0.029015369298995706 4.969301993246855
5.915197929939375 4.849318369239371 0.008504235816822896 -0.028769392992759973 4.999804309046566
0.9674004842319363 1.7116232274492875 0.009172445894301325 -0.02856337228543077 5.023113138497434
4.398118821486923 2.133816835336332 0.007269415076184511 -0.029105937615032114 4.957139035005345
2.9413963265914647 2.911204229774131 0.007870979333804807 -0.028949053254412615 4.977862239674427
5.537992212331742 0.7573042063328214 0.006853587332726303 -0.02920664891206613 4.9428772531166105
6.14173777434398 5.8213481243019976 0.008243311431775506 -0.028845239063643748 4.990746797372493
4.9212133243469145 0.6530346052108653 0.00895873297265235 -0.02863112124113744 5.015639974077313
5.751044554499896 4.113956946664767 0.00940980455373295 -0.028486059367005233 5.0314342482080265
4.905461278714463 1.1424776484808714 0.008186786836753243 -0.02886133263190672 4.988787763062055
3.9846726499994585 4.760655034395083 0.008603439472912965 -0.028739882206368264 5.0032543110627214
4.611808026975347 6.963638813745643 0.008712223405154875 -0.028707092561572157 5.00704158803085
5.0685416589379315 5.008971528268827 0.00995899890937782 -0.028298733906714117 5.050776653152486
2.5667035622812544 1.0718089033204323 0.010162817348268629 -0.02822617833759523 5.057988254107257
0.5380889182074693 0.7610560464556917 0.0076329009339921395 -0.029012735536861425 4.969647273716013
5.6170801555375345 2.7550032570269303 0.0067600395458249475 -0.02922844274570376 4.939675488412152
0.05345031474520001 1.1076412508802633 0.009913851139387664 -0.02831458203092643 5.049181701163839
3.5495819870386827 1.6880101472131879 0.00686982898807222 -0.02920283290495363 4.94343338388244
3.2237655258149953 2.5428069658576717 0.00876726383811079 -0.028690330858896603 5.008959458653083
5.921551988863242 4.380114926929986 0.008256487060947983 -0.028841470514042768 4.99120359683427
0.9639033487084334 1.4673504495137626 0.008995475311626954 -0.028619598598126947 5.016923532922801
0.34144508159150316 2.7811250735544117 0.008212385048638634 -0.028854059191262788 4.98967481275186
0.6676891111839319 0.4867599972875537 0.009131286562204851 -0.028576556925544703 5.021672488306016
4.71964036958129 2.690222653276417 0.006500013834583896 -0.029287366220782263 4.930788180714044
5.24260956727658 2.0416813487702625 0.00608798732143791 -0.029375779315177514 4.9167412101890235
4.691189112613456 0.13674750124612686 0.009576743565659277 -0.028430370779812274 5.037300341101881
5.59950539962373 3.0931399836179687 0.007455718949421321 -0.029058772426708596 4.963545092423361
1.2184717280053294 5.95706958768838 0.008721520027808875 -0.028704269515257282 5.007365448055641
3.7075166933345685 3.912096607766567 0.008963362568629115 -0.02862967222067515 5.015801676201464
2.192126879734421 6.530413025733891 0.009037247645868376 -0.028606435551939122 5.018383439325285
5.071511036846493 2.962944363243111 0.006477006283588841 -0.02929246301700065 4.930002669724635
0.3301625137674401 6.117857792040181 0.007530679306966003 -0.02903943644728034 4.966125561508446
0.8399083619932527 5.407850967322322 0.008802864112687395 -0.02867942787807247 5.010200540044771
5.492314932368368 6.8387351047225575 0.007776119832073155 -0.02897467791636757 4.974586918316081
3.471161778755694 6.423761650943886 0.00818201579635477 -0.028862685556063576 4.988622457855058
4.0722114797912905 5.6309084406944505 0.007073429759608178 -0.029154186516448875 4.950411120150129
5.461419269142988 0.3518570913512855 0.009502369961643583 -0.028455315234803737 5.034685498358498