300

1.7986419849844082 3.7098132480876163 0.018672337868574165 -0.02348071120136294 5.384208659800157
5.095601202789242 4.870454539532823 0.018674431539300262 -0.02347904611955067 5.384297828520106
4.159063393858071 3.944046877142147 0.01868058073812411 -0.023474153941866072 5.384559757367581
2.6252762917600103 1.1273684217384945 0.018716208818671854 -0.023445757131213954 5.386078433464158
4.323125819093448 6.246269581122419 0.01871121280367918 -0.02344974446375551 5.385865363348524
6.615563078146541 2.4570462305975713 0.018657896191789942 -0.023492188269643815 5.383593765829725
5.2203147006523105 5.3663577145564645 0.018672168872720777 -0.02348084558930102 5.384201462600364
0.8761101679043733 0.9641027419426067 0.01868098063693304 -0.023473835699402274 5.384576793190073
5.02292777681508 1.3873730826880752 0.01869048042867255 -0.023466272421187997 5.384981555428174
2.5871197369700107 1.0294723600384943 0.018716208818671854 -0.023445757131213954 5.386078433464158
5.5005956559871745 2.3958521124739223 0.018662225486253042 -0.023488749219578452 5.3837780658749015
6.0011760645741505 2.7785542081820656 0.018656058484671927 -0.02349364769073761 5.383515541953124
5.8370177467897655 2.0896347725924307 0.01866333701118651 -0.02348786605051374 5.38382538835341
6.27624572890459 6.011651409591042 0.018664353701574786 -0.023487058157685724 5.383868674868727
2.64830697078001 1.0599625531784942 0.018716208818671854 -0.023445757131213954 5.386078433464158
3.934849538449186 6.637670259239059 0.018721934412560516 -0.023441185376422036 5.3863226632455845
4.414901379108381 4.458987981860464 0.018676067746606385 -0.02347774464304799 5.384367518431996
4.058522399216002 3.7248753948359528 0.01868058073812411 -0.023474153941866072 5.384559757367581
2.6410419582971922 3.060551928858336 0.01868700665314427 -0.023469038803183687 5.384833531459383
4.6727305131378865 6.646911152365967 0.018703155215873197 -0.023456171575322246 5.385521799533674
6.835685770597619 6.873242384105563 0.01866726006086642 -0.02348474828095846 5.383992423964548
4.604679058171111 2.0597681467827575 0.018697772678848947 -0.02346046241765259 5.3852923484182575
5.84684351145241 6.854760326164685 0.018678262552968564 -0.02347599855176287 5.384461006457071
0.806443743442128 1.6484087112783203 0.018680486884362548 -0.023474228629779485 5.384555759199532
5.170107883241355 1.178155746484307 0.018676440174762325 -0.02347744837921114 5.384383381561587
5.411802156419537 3.4914350246246664 0.018661465076709464 -0.023489353358293052 5.3837456929393515
3.6403238232571615 4.5185654540135225 0.018686625647004393 -0.02346934217077073 5.384817297148273
6.526644990660779 3.248175506203951 0.018651174498809733 -0.02349752518489872 5.383307673728275
4.159646555034475 2.2699431857881254 0.018699706726658532 -0.023458920868977787 5.385374789732401
3.517075069485744 0.9387044254729925 0.018720562279327377 -0.023442281201833257 5.386264129466712
3.8937251833351043 4.782521560403561 0.01868062031425911 -0.023474122447377874 5.38456144331382
4.179658187957553 0.4524829444320181 0.01872104163982158 -0.023441898385584442 5.386284578176634
6.789595718888112 0.45973353945298306 0.018670955673594846 -0.023481810284444776 5.384149796053697
2.2315560550818505 2.9730819681485983 0.018682645833186465 -0.02347251040412423 5.3846477335886735
2.118518487854432 0.7723071582985659 0.01871199405259176 -0.023449121061902736 5.385898679673077
2.896205321156273 3.4774967658706433 0.018688824093013364 -0.023467591568382195 5.384910973740765
0.6304054638251486 0.911970763494957 0.018680880424812 -0.023473915450002707 5.384572524098642
2.966769716369562 1.160622086731613 0.018719770668636733 -0.023442913345265937 5.386230361421246
5.630437150917335 4.659968525722621 0.01865555313789322 -0.023494048972436454 5.383494032204208
1.2140361941674553 0.27850108844828303 0.018688466781297083 -0.023467876115327423 5.384895748081625
3.451949127782668 2.092295117614007 0.01870594006246385 -0.023453950762707544 5.385640530692263
1.3365124554291097 6.586704014718123 0.01867811765626007 -0.02347611383553304 5.38445483435102
3.7444015553853194 6.74199429941643 0.01872650951708432 -0.023437530614519746 5.386517852231143
2.9733187724792005 4.867325491020878 0.018692082455365504 -0.023464996345233406 5.385049826614291
0.5511718768790547 3.3623443734512395 0.01866179020224123 -0.023489095053823024 5.383759534415294
6.2005069506843435 3.686033146062548 0.01865090124982221 -0.023497742073854255 5.383296044940806
4.7772733575273305 2.221317453365027 0.018691423729206954 -0.023465521067626838 5.385021754213013
0.03549075141653976 6.188813405935381 0.01866097934778483 -0.02348973924464782 5.383725014424817
3.4473151000699205 1.2123979719788889 0.018720397863839007 -0.023442412499987537 5.3862571158562815
5.54834450386829 6.770752058819704 0.01868550866160661 -0.02347023148707793 5.384769704666683
5.288737059357036 5.854726187549238 0.018678280868226448 -0.023475983979540576 5.384461786626806
4.917062401407212 3.2886909721147464 0.018668530667962587 -0.02348373826074844 5.384046528628735
0.41154852551023813 2.659753125394863 0.01866480199316784 -0.02348670190886404 5.383887761762874
1.0743886157413978 1.840036529281675 0.018686125254429364 -0.023469740581774166 5.384795976212896
4.159903505738724 1.3433763807152233 0.01871624937839173 -0.023445724753264743 5.3860801634039355
1.1179924811651594 1.8036890018237102 0.018686125254429364 -0.023469740581774166 5.384795976212896
3.0104018166256292 4.655288860702564 0.018692082455365504 -0.023464996345233406 5.385049826614291
3.36911174344992 1.0681637617388893 0.018720397863839007 -0.023442412499987537 5.3862571158562815
3.5491081727052225 6.965206406988489 0.018725132776725082 -0.023438630559271503 5.386459112764243
0.19933605879138075 0.024271113685512883 0.018671467323267157 -0.023481403450308646 5.384171585434432
5.6907506645165995 0.4840758386260541 0.01867713629315226 -0.02347689459632629 5.3844130324243515
5.791250293447505 5.635614486498955 0.01867356885747584 -0.02347973224134186 5.384261086430365
2.5125996358063767 6.124005391105366 0.01869532737320923 -0.02346241109537836 5.385188121824512
3.321403466035313 1.6800775563162806 0.018714692651658215 -0.02344696737222044 5.386013768123035
2.7675587134802373 5.034091595845132 0.018691469851987656 -0.02346548432852466 5.385023719769912
3.515230485564345 5.786575437830375 0.01872075891123813 -0.023442124173958682 5.386272517411879
1.6958055362659956 0.8760792447255792 0.01870677880937253 -0.023453281786931457 5.385676292636125
3.1625921033356987 1.6042910917174966 0.018716830541442447 -0.023445260810725205 5.386104951240817
0.10746959280965854 5.358183957079519 0.018654503528264428 -0.023494882381360625 5.383449357443648
3.842815573392444 2.106814577420414 0.018698643310277395 -0.023459768505998062 5.38532945954969
1.964806323350376 6.12480919063917 0.018694989916711147 -0.02346267998362652 5.385173739050166
1.2184484039475403 6.789882780321812 0.01867811765626007 -0.02347611383553304 5.38445483435102
3.9727529369434866 2.8112986587246493 0.018685420576902537 -0.023470301614258542 5.384765951632866
1.6461638209855276 0.6422461417766605 0.01870677880937253 -0.023453281786931457 5.385676292636125
3.647816979963255 3.368133513063219 0.018686281843950835 -0.023469615907560852 5.384802648205577
3.018107560995877 4.958995605388903 0.01869211188303747 -0.023464972903287345 5.3850510807242955
0.9298123437530353 1.7678031688180242 0.018680486884362548 -0.023474228629779485 5.384555759199532
2.228006987045679 1.3715963201112045 0.01871197436500857 -0.023449136772240933 5.385897840086103
6.498537800447871 1.1019462877467605 0.018669708161459436 -0.023482802157449925 5.384096670431223
3.6238832111766555 4.512567126552429 0.01868519571104036 -0.023470480635047055 5.384756370801384
4.737083307255188 6.803520542622388 0.018695941390245302 -0.023461921820953045 5.385214292341933
0.8517357592610754 3.9493332878036904 0.01865914922059034 -0.023491193038322745 5.383647105064375
2.230332554135421 3.2887926360004296 0.018682212680662117 -0.02347285515983319 5.384629280115401
5.065155779664425 4.187770375933915 0.018669328178190864 -0.023483104253377757 5.384080489192635
3.8351504806207255 0.3437612087052049 0.01872581154112843 -0.023438088277974833 5.3864880723168795
1.5950870388173146 1.4801726480656348 0.018700718228038357 -0.023458114539653734 5.385417908457651
6.949005701744867 0.5484008192145766 0.0186710701926482 -0.023481719227118013 5.384154672989249
3.9185530755474196 5.6002282465102615 0.0187189069010291 -0.02344360305990965 5.386193516388867
6.001219441175804 6.657822529361921 0.01867740492645044 -0.023476680881534442 5.384424474930931
0.254591339393377 5.646398091894904 0.018656393568471725 -0.02349338160032069 5.383529804774369
4.467699697386879 1.2316313934956844 0.0187101179913233 -0.02345061800359982 5.385818676615284
5.474771822057036 5.968426751839238 0.018678280868226448 -0.023475983979540576 5.384461786626806
2.688127516763352 3.4957442712933524 0.018687692068604277 -0.023468493031062406 5.384862736891931
2.7180751480656444 5.671787941920986 0.01869698308467848 -0.023461091695214157 5.385258692492518
6.073612120923147 2.7486435716193993 0.01865918380791387 -0.023491165565430863 5.383648577418022
4.32238135017493 2.3628631450706123 0.01869022822953967 -0.023466473291223765 5.3849708081714756
6.072781083559188 5.591922294055712 0.018672442599302525 -0.023480627916981953 5.38421312009581
5.082439351726701 6.712132014681613 0.018695941390245302 -0.023461921820953045 5.385214292341933
3.9402053075179926 0.7853275106475065 0.018721600223242013 -0.023441452281825554 5.386308406824223
1.1354660743518539 2.8026753392503125 0.01867123550822012 -0.023481587778439943 5.384161713190736
2.9117321611275395 1.055444959338768 0.018719830295933493 -0.023442865731208087 5.386232904934351
6.6977713461730355 5.553722472932842 0.018653968986628192 -0.023495306787652583 5.383426606241932
2.801017362518041 0.22861966142846946 0.018713126025690977 -0.02344821772217682 5.38594695418623
2.726501341122473 5.943242074178544 0.01869698308467848 -0.023461091695214157 5.385258692492518
5.938243367042161 1.7957367888238958 0.018670709098651768 -0.02348200634003666 5.384139295418919
0.8365614960419051 3.2391498582769107 0.01866459670781991 -0.023486865046966957 5.383879021300472
0.19839990416802367 1.8348569140263786 0.018673564397501317 -0.023479735788385084 5.384260896480406
2.791766896344581 0.18531149910652728 0.018713126025690977 -0.02344821772217682 5.38594695418623
0.2186806587031519 6.461879587227388 0.018661995023396275 -0.023488932324538137 5.3837682542856875
1.741036419996797 1.3171472113133802 0.018706384704888092 -0.023453596126665283 5.385659488939015
6.7781805977115015 6.952112495639029 0.01866726006086642 -0.02348474828095846 5.383992423964548
0.07640611081497078 2.559806592403306 0.018665559537567517 -0.02348609987097735 5.383920016360041
6.795993945002206 0.9601651331198652 0.01866861197613157 -0.02348367362412953 5.384049990951469
4.3988843681070335 3.663361350442518 0.01867649428521581 -0.023477405333943973 5.38438568634796
2.705352776623067 5.666923106230582 0.01869698308467848 -0.023461091695214157 5.385258692492518
1.9651676487968988 4.634765036848975 0.01867128820381727 -0.023481545877773763 5.384163957316844
0.9955387021882574 3.943205196086197 0.018665299982572967 -0.023486306149766538 5.383908964978325
5.126701936413508 6.099231516874895 0.018692244624538504 -0.02346486716127776 5.385056737743405
2.0100391795097172 2.814091064999157 0.018682727285744175 -0.02347244557276702 5.384651203719001
3.0276545100035652 4.51056287277042 0.018689569115380784 -0.023466998237554895 5.384942721003091
4.150937722501306 2.9675541314687974 0.018685237149328078 -0.02347044764535542 5.384758136351799
2.833967987007508 0.15714856756030546 0.018718275223470183 -0.023444107418676065 5.386166572119146
4.818664338649572 3.9458072071054686 0.018667510413377074 -0.023484549281739653 5.384003084226618
6.500709528663055 6.957312064345648 0.01866983559142033 -0.02348270084528896 5.3841020969657105
3.6677976696056 2.280196212790031 0.018702888663001585 -0.023456384113059 5.385510435715706
2.1412136763822516 6.520503975613156 0.018694368010704544 -0.023463175502909796 5.385147233150588
6.953524063925491 1.508915404645883 0.018666832906447117 -0.023485087805728617 5.383974235507662
3.9027719024758274 1.1762567359799787 0.018715617409197246 -0.02344622922758696 5.386053209133926
6.754612003842543 0.2692524464428075 0.018670957714468014 -0.02348180866169698 5.38414988296664
2.7905528238975474 0.3275651068859182 0.018713126025690977 -0.02344821772217682 5.38594695418623
1.0058960318217718 2.9551209146013404 0.01867223341398601 -0.023480794265391115 5.384204211280582
4.014190682731284 0.6930330664163037 0.018722477178902245 -0.023440751871164126 5.386345817849407
5.867494936040811 1.7702124021939123 0.018670709098651768 -0.02348200634003666 5.384139295418919
2.9419788182616267 5.0988658708330945 0.01869211188303747 -0.023464972903287345 5.3850510807242955
0.8989718799141813 5.320023019510436 0.01865616045156385 -0.02349356671954058 5.383519882150482
3.9507879762863802 3.0195673138698735 0.018685340368129463 -0.02347036547067709 5.384762534179384
6.58681932783686 1.7299844800779505 0.018666832906447117 -0.023485087805728617 5.383974235507662
5.248418266715578 0.1371254111209661 0.018679965525341125 -0.02347464351107524 5.384533549549007
5.901504860445734 2.0176860294112426 0.018663990080270764 -0.023487347110381678 5.383853193190909
1.1823134602754386 2.187651540670909 0.01868315790676076 -0.023472102816557424 5.384669549662516
1.4986191136068396 4.311435400189588 0.01866490556042838 -0.023486619603942365 5.383892171383365
5.8998681610875865 2.5951544399753086 0.01865918380791387 -0.023491165565430863 5.383648577418022
2.4929946948720674 2.7506067978725715 0.01869016005424235 -0.02346652759031049 5.3849679029535675
3.5806607986068886 3.2724295128985266 0.018686976997646775 -0.023469062416070656 5.384832267859164
6.005571701235768 5.573922664109099 0.01866729540947062 -0.023484720183463058 5.383993929138242
0.8840800716823598 6.790282017154298 0.018674015088125804 -0.023479377344564522 5.384280091503241
1.9543940889593936 0.7186090583941985 0.018713582199896897 -0.023447853659721223 5.38596640887369
6.031104081194251 3.817620673183117 0.018651563662098518 -0.02349721628105521 5.383324235721241
6.504836749552873 4.39969575042257 0.01864835798507802 -0.023499760519213316 5.383187815158312
2.497282012933056 5.895405356282846 0.01869698308467848 -0.023461091695214157 5.385258692492518
2.686270166994909 3.126714367817219 0.01868869044240219 -0.0234676980027455 5.384905278639599
0.9851146830442317 6.754487558662966 0.018678736660902223 -0.023475621328362478 5.384481202051381
0.18458707008191394 5.657789920631021 0.018656148111922052 -0.02349357651840237 5.383519356915665
0.15902631394042355 4.743213242455161 0.01865334932775597 -0.023495798749068007 5.38340023278827
1.9782379732680397 3.5836114916431927 0.018680720064765267 -0.023474043065945763 5.384565692702697
5.246102596726785 5.622431315709336 0.018677193056097854 -0.0234768494382285 5.384415450248394
5.696178355184081 6.291342426180618 0.018675738399370572 -0.023478006628295245 5.384353490449188
3.4379587371441658 6.116968876215085 0.01872473372867266 -0.023438949353379906 5.386442087651037
5.640383017356808 5.203532418931514 0.01866518302308084 -0.02348639910064748 5.38390398508664
5.542878318787922 3.801334980294818 0.018661240545321756 -0.023489531738832923 5.383736134117884
0.9607830783188271 6.655864421055952 0.018678736660902223 -0.023475621328362478 5.384481202051381
4.988161499621361 3.284190578140534 0.01866783096629313 -0.02348429447554061 5.38401673382454
1.6798621203065989 2.6683009262748163 0.018676542942521687 -0.023477366626522306 5.384387758865995
1.2593423771562486 2.448673271577339 0.01867641002483417 -0.023477472363614308 5.3843820973541945
5.5255306737309 1.099378882655219 0.018676440174762325 -0.02347744837921114 5.384383381561587
3.692376596391146 1.3231870231271048 0.01872109733029235 -0.023441853910254634 5.386286953859811
5.568615164757336 1.3158185789651569 0.018676440174762325 -0.02347744837921114 5.384383381561587
6.230016633275025 0.34309697594790595 0.018672301920297212 -0.02348073978811709 5.384207128830555
1.569815688939529 4.156751475411116 0.01866849037132895 -0.023483770294729044 5.384044812692128
4.615672466264829 3.8028944278783867 0.01867279618334396 -0.023480346732859276 5.384228178728815
1.5103773931750808 3.948254721332576 0.018669588763812354 -0.023482897082560565 5.384091585969626
3.158732478718982 0.015759615450996894 0.018720880154225204 -0.023442027349423872 5.3862776894362465
6.593124511170122 0.5473886393290555 0.018671166296503866 -0.023481642811530416 5.384158765705421
6.550250778470835 3.163636121815698 0.018655147001903072 -0.023494371460785805 5.383476745562675
1.3265011268368698 5.105011710782863 0.01866101820252981 -0.023489708377177676 5.38372666854154
0.7273748749918609 1.5432501098356763 0.018681220076943082 -0.02347364514592522 5.384586993524818
6.9118715183340145 6.14224273915826 0.01865809783752376 -0.02349202811775499 5.383602349381791
6.9743146535172915 1.7617735642115673 0.018666832906447117 -0.023485087805728617 5.383974235507662
4.450927983246082 5.639113559227015 0.018710122540098524 -0.02345061437435056 5.3858188705878085
5.861396787434387 0.491120466843424 0.01867556584614549 -0.023478143885884255 5.384346140901867
5.984475656601463 6.195634032665779 0.018675474081989798 -0.02347821687890559 5.384342232415171
6.100859697030063 5.416914761214303 0.018652811088268405 -0.02349622604814167 5.383377325093194
6.326069356694175 1.6359739247568885 0.01866645514563848 -0.023485388059299055 5.383958150475451
5.753601421818885 2.175227839393567 0.018664192194121704 -0.02348718650117307 5.383861798442964
5.649488050372788 0.583230909337353 0.01867556584614549 -0.023478143885884255 5.384346140901867
6.465860938654048 0.0965057428359789 0.01867148267015035 -0.023481391247076377 5.384172239010663
1.8365371130160173 4.56854376341372 0.018665672927657577 -0.023486009753845183 5.383924844335236
1.318925528737041 5.796885188656643 0.018665273497145182 -0.023486327198537653 5.383907837282221
6.55442992891597 4.403766318404413 0.01865087738989284 -0.02349776101221527 5.383295029527509
0.48551964492327104 1.1995386022203325 0.01868180645880013 -0.023473178468966096 5.384611974207721
0.7491527569647365 1.0572878102045444 0.01868180645880013 -0.023473178468966096 5.384611974207721
0.3380327977318995 3.3926186109604335 0.018655900336410288 -0.023493773273740567 5.383508810438247
3.6674496400079177 2.6918361975291667 0.018695996710287044 -0.023461877738342598 5.385216650209039
2.151589295284983 0.9431870450138473 0.01871483100858275 -0.023446856939048133 5.386019668982116
5.925830856386643 2.3212976943659323 0.018659818454569016 -0.02349066144753113 5.383675594104918
4.4228485368206 2.1293652705986643 0.01869782664486307 -0.023460419407134402 5.385294648716632
2.2762592137840096 0.8659697527591038 0.01871463318854666 -0.02344701483383648 5.386011232057264
0.5419502596299737 4.950071019880168 0.018655987591748642 -0.023493703985887807 5.383512524420927
6.715683899844015 6.1637735646282605 0.01865809783752376 -0.02349202811775499 5.383602349381791
6.791318284675508 5.495379356248017 0.018654176610759934 -0.023495141944124897 5.3834354431071825
0.42384283146644613 4.582676969179115 0.01865546554297031 -0.023494118527304816 5.38349030382204
0.9390238795358078 2.1445864421316703 0.018680869600356764 -0.0234739240642562 5.384572062971769
3.2582366727463423 3.751066131849722 0.018687930287639067 -0.02346830333799916 5.384872887522276
0.05079605340118075 0.7374274031659973 0.01867484481064671 -0.023478717411695674 5.384315430352704
0.7255694375510597 6.306402802549609 0.018669466862801534 -0.023482993996906686 5.384086394925316
6.025283014454934 2.5245613068692103 0.01865918380791387 -0.023491165565430863 5.383648577418022
3.1781502837627733 4.0277006372595245 0.018687930287639067 -0.02346830333799916 5.384872887522276
4.538898856701369 2.919171786200166 0.018678461001965473 -0.023475840657962706 5.384469459757314
5.636815392784081 6.150052418410619 0.018675738399370572 -0.023478006628295245 5.384353490449188
6.3413018492567215 6.319914342814192 0.01866582684446319 -0.023485887426548675 5.38393139790513
1.420421076525672 1.7834097456429912 0.018701490835386927 -0.023457498599252623 5.385450844501617
1.252470304168412 4.102576973139063 0.018665526140450684 -0.023486126413271136 5.383918594365834
3.197441034875262 1.9359845170254242 0.01870907273903131 -0.023451451921909554 5.38577410492395
5.522923122666785 5.892789306609336 0.018677193056097854 -0.0234768494382285 5.384415450248394
1.4794593721877858 6.824446319606872 0.018693272849598062 -0.023464048034609886 5.385100558277296
5.050369964348178 5.414373501127581 0.018682606819551716 -0.023472541456477175 5.384646071490829
1.7725753816400067 5.191235873967074 0.018682763286268857 -0.023472416918358545 5.3846527374555055
2.5714336988025357 0.4106878218074086 0.018712829118225013 -0.023448454669596247 5.3859342919886455
1.306713489855137 2.8080886334878654 0.01867223341398601 -0.023480794265391115 5.384204211280582
5.767251748600563 0.3844945364954835 0.018676341705289586 -0.02347752671188473 5.384379187353304
6.86707334469741 5.4467598344922346 0.018654176610759934 -0.023495141944124897 5.3834354431071825
1.1563405491968963 1.6165900758579208 0.018691173796776105 -0.0234657201487342 5.385011103208506
5.1974199437893915 4.766730660749709 0.018655913135644204 -0.023493763110138358 5.383509355230968
0.046472990119606775 5.616546027935559 0.01865661846738661 -0.02349320300347249 5.38353937767339
4.385586466238591 1.565162175510748 0.018699687363876685 -0.023458936303534107 5.385373964341686
0.6132118321936423 6.802044660944144 0.018674015088125804 -0.023479377344564522 5.384280091503241
0.3569254967338995 3.5742104064004336 0.018655900336410288 -0.023493773273740567 5.383508810438247
5.287122560097214 3.1023578230896236 0.018657963886662875 -0.02349213450506326 5.383596647423795
4.644367014854739 1.4185794063026933 0.018699593963082493 -0.02345901075526947 5.385369982888956
5.698443322932292 5.028857485748006 0.01865128809617806 -0.023497435016472893 5.38331250817724
4.694200542314697 4.056551788603752 0.018668243691297413 -0.023483966391611412 5.384034308458841
4.038920900393835 3.1562813745237754 0.01868379861887045 -0.023471592812791695 5.384696846708523
6.882552121881611 2.8262769723807444 0.018655911020916748 -0.023493764789399695 5.38350926521868
5.605796499314281 1.0845238452756254 0.018676440174762325 -0.02347744837921114 5.384383381561587
1.408416791296052 3.800041024071793 0.018665526140450684 -0.023486126413271136 5.383918594365834
0.38536062949078137 4.446889946349421 0.01865546554297031 -0.023494118527304816 5.38349030382204
0.2796533871218036 3.059390028606372 0.018659395711436957 -0.023490997247541622 5.383657598012665
4.494951783467723 6.190111486326895 0.018709286122191783 -0.023451281687744956 5.385783203888725
0.5105132257054633 3.3310911640761134 0.018664590098476198 -0.023486870299294117 5.383878739894548
1.2254931263396265 4.6400206614863135 0.01866312256167178 -0.023488036449393075 5.383816258160979
1.679062816679494 3.017413368273481 0.018677297566050598 -0.023476766294130043 5.384419901873731
0.5347682144480845 4.840073295698289 0.018657142000463457 -0.023492787241503346 5.383561662319265
0.28588303003050686 5.678094359715559 0.01865661846738661 -0.02349320300347249 5.38353937767339
2.4887414697198866 6.5214815730060405 0.01869951278440574 -0.02345907546400425 5.385366522446159
4.022611532659781 5.808118421111556 0.01871741778741646 -0.023444791988228558 5.3861299990255365
3.21419520042817 3.009035950406698 0.018690462996548803 -0.023466286305562706 5.384980812569731
5.611670114112491 2.9078791509509014 0.018658147150067837 -0.023491988952117602 5.383604448501754
4.497376110413944 5.867572708523147 0.01870732482985011 -0.023452846260325705 5.385699574049462
0.20317758427271948 0.2437698879067067 0.018671635382693688 -0.023481269815232336 5.384178742583496
1.4538279932442777 2.509824050914706 0.018677906334582665 -0.023476281966200628 5.384445832821969
6.173920641776114 2.912112881800784 0.01865452361787035 -0.02349486643056983 5.383450212506993
1.2708964844115054 3.6807218868484273 0.018669236439725942 -0.02348317718618179 5.384076582625536
1.6789271636572556 3.4184182645577765 0.01867853240673003 -0.023475783844863117 5.384472501388581
6.952431620098257 1.6534950985541932 0.01866688617244555 -0.023485045467806977 5.3839765035871725
1.2646913854370732 2.4570464711476694 0.018676865334978237 -0.023477110155619416 5.384401490994586
5.415821508675977 6.431281450961107 0.018680128246167344 -0.02347451402493225 5.384540481337979
4.581080960778431 4.779751555348928 0.0186785854013203 -0.02347574167956327 5.384474758805766
6.506038921005495 2.14363299230598 0.0186643281078631 -0.023487078496101457 5.383867585174972
2.8345903627753946 2.774434599988785 0.0186996233836657 -0.023458987303570093 5.385371237016772
2.55319643263862 1.7253535979312584 0.018717202560978072 -0.02344496381509931 5.3861208189206415
2.362139296631645 0.439667218934948 0.018712829118225013 -0.023448454669596247 5.3859342919886455
5.585948736190619 5.667734610963717 0.018676177186708526 -0.023477657585258965 5.384372179880816
6.841402177199055 5.536852942779549 0.018654176610759934 -0.023495141944124897 5.3834354431071825
5.945002667233672 2.5379813228942707 0.018659459870375122 -0.023490946284597823 5.383660329229526
5.458072431784736 6.035360242087049 0.018676177186708526 -0.023477657585258965 5.384372179880816
2.3980756779954753 2.913006686731301 0.018689528559380764 -0.02346703053707671 5.384940992790062
4.322812587672219 3.4161151931202203 0.01867379221274938 -0.02347955460384759 5.384270599150363
4.635331805943096 3.796329153785116 0.01867279618334396 -0.023480346732859276 5.384228178728815
1.177991089037455 0.22503591712228302 0.018688466781297083 -0.023467876115327423 5.384895748081625
2.7325521730348834 1.0726651986209768 0.01871777759935376 -0.02344450472373282 5.386145346320656
4.308070811026761 5.9681466199025826 0.01870732482985011 -0.023452846260325705 5.385699574049462
6.63291462204572 3.7862290419230615 0.01865117216611126 -0.023497527036479317 5.38330757445406
3.2001705712298043 3.576452626207224 0.01868890517530598 -0.02346752699686146 5.384914428820675
3.9397832619099957 4.897635156921518 0.01867976788108282 -0.02347480078528605 5.384525130098628
6.282092001207702 4.642211405060284 0.01864835798507802 -0.023499760519213316 5.383187815158312
5.464989446086614 1.2750022600632147 0.018676440174762325 -0.02347744837921114 5.384383381561587
2.085208748146725 1.5198332221043187 0.01871532822243209 -0.023446460063869703 5.386040875153106
1.0142459910679416 1.783325985884804 0.018691173796776105 -0.0234657201487342 5.385011103208506
3.0874413749500964 4.5904817893589 0.018687753335409688 -0.02346844424487665 5.384865347492832
4.1140770824937745 4.283961475236368 0.01867778125843348 -0.023476381477180657 5.3844405050667365
4.199657509735104 4.065686054860762 0.01867695288008105 -0.02347704051015017 5.384405219955778
1.4747255087821296 0.06703737283437038 0.01870062998939519 -0.023458184882887534 5.385414146922993
0.7819708915567288 5.208669404677076 0.018657128151224233 -0.023492798240073408 5.383561072809138
0.704968449245489 3.8861627713141225 0.018661799207569725 -0.02348908789920013 5.383759917798725
3.936369830432812 2.1946355540894418 0.018698941753714178 -0.023459530628109432 5.385342181113835
6.481967150702337 1.4182928427886388 0.018667111219222248 -0.02348486658955479 5.383986086180234
4.492184060446568 3.087034175891694 0.018677892954347554 -0.02347629261160999 5.384445262875157
3.792737523116147 5.849936844864689 0.01871741778741646 -0.023444791988228558 5.3861299990255365
4.6903570753698105 6.750531904300548 0.018692949418731227 -0.02346430570097389 5.385086774249471
6.960513180843382 0.4357672928952235 0.01867065611177916 -0.023482048470175754 5.384137038932641
6.676286482941927 3.6215562852473266 0.018653354706043804 -0.023495794479236352 5.383400461692526
0.6842634963783596 1.943246105744975 0.018680869600356764 -0.0234739240642562 5.384572062971769
2.059186672498574 5.339885184815447 0.01869544916636271 -0.023462314047594447 5.385193312825764
5.643311177258835 6.578410879598975 0.018676089144940757 -0.023477727621092844 5.384368429862905
3.2880951226022708 3.6137153749465214 0.018685179291170438 -0.023470493707138235 5.384755671204916
5.554056357606976 3.3410007053686646 0.01865653795733483 -0.023493266938561876 5.383535950727213
3.200330238997521 1.3954929404039498 0.018719126140837292 -0.023443428002820364 5.386202868220417
2.093647522982669 6.521531118707004 0.01869379993563438 -0.02346362810748747 5.385123022037687
2.9208317803871173 5.443276503569869 0.018700313984356183 -0.023458436795457886 5.3854006760025515
0.4003055315913976 0.09541155705670085 0.01867184666396802 -0.023481101808843344 5.384187740479771