300

3.516686820479019 3.0831294908936284 0.008459047894441558 -0.028782711976454614 4.998233978539293
1.3145552242313596 6.566410967868812 0.008576415963340519 -0.02874795800093909 5.00231416415567
6.904835090383079 2.710194626949671 0.007252457594761308 -0.029110167619513787 4.956556464911545
1.2676645805253446 2.3652909672572218 0.009119855712522298 -0.028580206993350735 5.021272505915607
4.954348279620637 5.210777567514656 0.009268220279564653 -0.028532439307732985 5.02646800088617
3.76604956016789 2.0600458116926856 0.007119847582949913 -0.029142885416436757 4.95200357795267
4.756477006438405 3.0598780520121998 0.00808332632962707 -0.0288904800141631 4.985204831489677
4.494136403802893 3.241280613833058 0.010109838962396443 -0.028245197045770647 5.056111962978516
1.1577040520919284 6.078201698984341 0.008435347357661238 -0.02878966680869366 4.997410648465338
5.162287696170404 4.257485511826893 0.0076234649284501734 -0.029015216395620592 4.969322050951998
5.04301894890614 2.7101742746998623 0.008491368672872958 -0.028773193393527796 4.999357087447971
5.973046714799007 6.170570879866264 0.008478969415055486 -0.028776849682662514 4.998926183943374
0.9468190431353342 0.44117815786597103 0.007474702486350858 -0.029053895138871487 4.96419842798855
3.8167114664553954 4.47711749553908 0.0072138970374982115 -0.029119747415325813 4.955232040803989
1.532449378191382 5.073680508061218 0.008507337603225754 -0.028768475922522227 4.999912126261848
1.4348793669870354 4.744399354578032 0.008913358747171557 -0.02864527946877496 5.014055579268057
5.159635380905437 2.2758120086535882 0.00918920775591162 -0.028557984186890602 5.023700024459686
6.718267223865438 2.0679480241009482 0.008981922044068714 -0.028623855023289096 5.016450002188803
5.842152548695371 3.670498443296582 0.00825421438238362 -0.028842121019953634 4.991124798739257
3.930306167869206 2.8867211360590206 0.009779054552064598 -0.028361419077115032 5.044424967078058
5.378035014313254 0.11366265965811487 0.009094501224269655 -0.028588285144124294 5.020385496808237
5.683636435937985 0.12904448508778213 0.008374167913954242 -0.02880752179117286 4.995286259335052
0.6309218780289984 4.426801803078044 0.008209406394335273 -0.028854906803742184 4.989571582543197
0.36211421039007324 0.2896617760500954 0.007210191573250325 -0.029120665127655137 4.95510479362008
5.285640131031851 6.847292163845554 0.00914344227683096 -0.028572669867029582 5.022097890892368
2.964868966751859 2.55370287305216 0.00860879495781987 -0.028738278469216193 5.0034406595759116
1.577592760768526 4.892498711960067 0.009137214671615282 -0.028574661993535783 5.021879941777746
3.2230498231720586 2.350945431706877 0.008222616058964327 -0.028851145300435855 4.99002940850483
4.387624361019728 3.9417880746833145 0.00909020346588618 -0.028589651990690457 5.020235167552208
4.5998176920870755 3.7826794619514468 0.007213704692991754 -0.029119795064565766 4.955225435514928
0.8809708606579346 2.164001713773806 0.007269672006065917 -0.029105873443760824 4.957147862419464
2.6114601284590053 5.182977182835465 0.007426734817365807 -0.02906619359242841 4.962547788454405
4.811133816751266 2.7741431345403273 0.007297904509508785 -0.02909880735992613 4.9581179734428
5.261275193033634 4.086148022727183 0.009206768437102705 -0.0285523276624791 5.02431499853596
0.776036763048192 4.392045192178715 0.009284922452303624 -0.028527008519203482 5.027053431446682
5.287737357481932 2.7030612477723555 0.007275591059252672 -0.029104394423154083 4.957351230429379
6.861565927120234 2.8774573769580027 0.006442943652365281 -0.029299974011804956 4.928839972656087
1.5088360768774156 2.0155126313662493 0.007514176592375648 -0.0290437110256006 4.965557317022246
4.457135054390986 6.5829870426546195 0.00940890025549902 -0.02848635806806603 5.0314025030838225
4.9866580832523075 5.435475576270191 0.009172601521591035 -0.028563322308970043 5.023118586993652
2.8742846601042764 0.9494579859071292 0.008132965762253636 -0.02887654529042576 4.986923438952909
0.7684703772456707 5.289229553965645 0.008752182897391016 -0.028694934997846158 5.008433855429069
5.340900575780212 2.192865112252777 0.009044735836236632 -0.02860406883037266 5.018645216088358
3.4501596725573274 5.898795669507078 0.009057709694583645 -0.028599963200826767 5.019098815517066
6.371350517030706 2.526130529102645 0.009039190506880231 -0.028605821697345563 5.018451356974563
6.973860538000588 0.09454058074772055 0.008363090010449697 -0.02881073975928276 4.994901731823463
5.878422045447066 2.3355013531901774 0.00939596356021499 -0.028490627735715337 5.030948400611422
0.5269509436402017 1.1576298335254114 0.00861524511434309 -0.028736345481285324 5.003665111901226
0.8208826112112385 4.008621659490642 0.00889603752776143 -0.028650663453132462 5.013450956392539
5.007043789203969 6.70922721559254 0.007866391419860097 -0.028950300275291642 4.977703760739675
0.6307240491176547 5.085367136077409 0.007614053251448209 -0.02901768759022867 4.968997694379329
3.7108351028429163 0.07759667771061127 0.007624702030993714 -0.02901489133080736 4.969364687527797
0.5889412504019872 1.6899269336947096 0.007140096053093928 -0.02913793109252255 4.952698436760153
6.6198687837172825 4.792518194105113 0.007425075771450021 -0.029066617446621233 4.9624907106738645
5.171072559761419 5.682587815671012 0.010168523874135756 -0.02822412305495303 5.058190432862974
1.295648974217834 2.597165959523519 0.008737446645677174 -0.028699425536305504 5.007920346741007
3.271451222080682 2.5140005161455465 0.009925417900868953 -0.028310529480974213 5.049590239390486
4.814456988925432 5.972096205586818 0.008100594490622923 -0.028885642954562904 4.985802592626783
3.3632394781626305 4.7822008335836745 0.008743520216844818 -0.028697575755063806 5.008131980485221
6.59681802396481 5.6651484820193865 0.008529866100551139 -0.028761804260280133 5.000695313692963
4.531368866385231 1.430769053429768 0.006621277490150956 -0.029260189411526718 4.934930573367547
0.11965575492738569 1.0493067297030372 0.008708592927446758 -0.02870819411290136 5.006915124229533
6.122736978189742 2.2855581265481426 0.007083592240066665 -0.029151719005514363 4.950759711952781
5.20081267906627 2.79794699782392 0.007894216139700155 -0.028942725364756124 4.978665006671804
5.156736793452655 5.789100267403354 0.00972085241319901 -0.02838142047820727 5.04237353225702
4.718193573400582 6.509778100060888 0.010044557335406651 -0.028268478344893776 5.053801669142484
0.026549116980354417 3.8652122691097457 0.008572816307255472 -0.02874903164564077 5.002188952171443
1.6233692742984807 6.728433015439587 0.007506937840619183 -0.029045582869983513 4.965308088593613
3.0451407677485487 4.625536671676502 0.008717273789190058 -0.028705559351531542 5.007217520821058
5.109741168653654 4.353761535974742 0.009327517461662202 -0.02851310958142564 5.028546941728896
0.7368748476360801 1.5335214063400544 0.006388311938440609 -0.029311933927620284 4.9269757883964695
1.665559599113824 2.2335750031418247 0.007107863259109229 -0.0291458106747746 4.951592372196649
2.202261952942267 5.652466071698637 0.00803261476108719 -0.0289046207395974 4.9834499576382845
4.143654203839223 3.7714915448030677 0.008877280374978041 -0.028656480822739378 5.012796338112373
2.1991082559281847 3.453649313065656 0.0075573749605380176 -0.02903250047284651 4.96704496089849
4.644173640499525 3.508265490861876 0.010021206650091957 -0.0282767646182542 5.052975757615229
5.82135711545075 2.492278435979887 0.0075648673324596755 -0.029030549120577866 4.967303038003725
1.551292575198779 4.851508642323999 0.007799628272853391 -0.028968358579755705 4.975398351092544
0.32370722585318984 4.375910071396678 0.006462818371922394 -0.029295596575109068 4.929518341979771
5.408417445166277 0.3504108322559951 0.007489718721606039 -0.02905002777057578 4.964715303069232
4.189439044982804 4.886518187035454 0.007288749176804538 -0.02910110196259982 4.9578033567110795
4.568119045846451 5.471490584652877 0.008506046947732424 -0.0287688575602677 4.999867263025581
1.0897138844973115 6.918697864875198 0.007452260295573704 -0.029059659607211775 4.963426071530248
4.871827592831978 2.8702618450121964 0.008302656092230193 -0.02882821364243981 4.992804750788688
1.9785890550277543 1.6938314109736476 0.007936627438401745 -0.02893112415555276 4.98013065277833
6.984673465931493 6.112164228533469 0.00680142939498205 -0.029218839097148844 4.941091802086056
5.946842080456304 1.8245097824572385 0.00781614144295321 -0.028963907418436297 4.975968436497216
1.8813733124428806 5.559168241691203 0.008117549986274819 -0.028880882642681294 4.986389627937966
1.2588217345796602 1.5274922281528243 0.007645157856272827 -0.02900950811979875 4.97006976417229
4.8093906810517435 3.56193579468736 0.008590664520777136 -0.028743703364240678 5.0028098380258115
5.281252643901574 3.4168398619199847 0.0077345358717487885 -0.02898580609278671 4.973152011278975
1.589333865335499 4.459833159198379 0.008660682462408998 -0.028722684054337977 5.005246667975598
6.789601391685586 0.6529264366693232 0.008841788245092226 -0.02866745158937133 5.01155803767285
4.251878288341659 0.00667025986801038 0.007484020030674923 -0.029051496418953302 4.964519139853469
5.237479681179913 6.755995196013578 0.00802475949130097 -0.028906802574943755 4.983178202705176
1.2233327813765618 3.047426590737112 0.008446199581314453 -0.02878648489539151 4.997787617859905
3.777789541508734 2.0992085954053015 0.009216658202636339 -0.028549136792130444 5.024661391243369
0.7204426536344539 4.967604833134053 0.008653391389508762 -0.028724881504716006 5.004992833969227
3.9468869773925417 5.625682395958169 0.008329436285259393 -0.028820487351358306 4.993733832993184
0.5692203721641749 2.2028437420006783 0.006447757764997585 -0.029298914993629258 4.929004279956215
2.6694295897420828 2.0825082784876656 0.01022716073960847 -0.02820292862817993 5.060268756738391
2.3752469870916113 3.154266963928042 0.007387479521215884 -0.029076195526987637 4.961197472762883
2.7219758239001166 6.4221969489628465 0.009071039666898068 -0.028595738132833042 5.019564933486153
2.3937238235704785 6.068225826652867 0.007508877735367006 -0.02904508142793388 4.965374877113612
3.624799089860278 3.554392751217047 0.008134872150273201 -0.028876008295793055 4.986989458129568
4.143613448566401 5.85563387943162 0.009446068088704252 -0.02847405481598227 5.032707543762013
5.347650444373756 5.766025316789099 0.010044571279746303 -0.028268473390087687 5.053802162424814
4.652677360757037 4.893362921111482 0.007937694242770259 -0.028930831479725774 4.980167526899043
0.8537363156625626 3.8225572732709483 0.006814764414384456 -0.029215731823393355 4.941548210645608
4.717094527529045 1.9125988133678569 0.009478326960955203 -0.02846333286917099 5.0338406786005
4.021317784566935 2.464587369980788 0.009606098742254425 -0.02842046563577131 5.038333049706963
1.817041762775811 1.1329363728586779 0.006528216656868851 -0.029281092658590798 4.931751252669316
2.912783224837578 4.644040977115549 0.007606434969190637 -0.029019685509313737 4.9687351641576125
0.20107906697078587 2.591928937475397 0.006663544135307996 -0.029250592806929612 4.936375320342465
3.1558559587381096 2.861971208879601 0.009766662743058367 -0.028365688760602227 5.0439880751129476
3.9608371088352405 4.797543383361237 0.00960090136352116 -0.02842222181688014 5.038150180847248
1.3054946882716756 6.668603233328293 0.009142971554117613 -0.028572820497119216 5.022081416356571
2.1412132601236986 4.691199191937419 0.007267777918588558 -0.029106346457878848 4.957082787166196
2.7656945867997806 2.7057446430002075 0.008482551745252247 -0.028775793922828922 4.999050672758056
1.943297505055396 4.288060259001821 0.008767348654601773 -0.02869030494032178 5.008962414928829
0.2307466285198901 2.3185597608535966 0.006909420357167396 -0.029193490889716508 4.944789337834894
2.1262823140733023 4.43154936304963 0.009488240438546508 -0.028460029750165945 5.034188988223646
4.833408262687358 1.8560132524313835 0.008105040707799266 -0.028884395702955545 4.985956520762227
1.7119551646202964 4.881123863934543 0.008530243929617027 -0.028761692205105594 5.000708450205487
4.477915303304444 2.1347291899935397 0.008465310298646823 -0.028780870757286407 4.998451560693953
2.236079737009724 6.176793783088104 0.009253171522284536 -0.028537323223792075 5.02594061979104
4.901008775067098 2.367959017722169 0.008066513335488898 -0.02889517888175084 4.984622922622149
3.7777682371063874 4.100260881916708 0.0087520514757548 -0.02869497508215921 5.0084292754729045
4.723662883496413 4.7133955311747915 0.0077064456443179715 -0.028993287077031683 4.972183033542443
5.680255003410298 2.9627374198580463 0.009178268727384436 -0.028561501766677412 5.023317001811256
3.9414592239153396 4.649265711495655 0.0081281077268625 -0.02887791309600675 4.986755208291055
4.512462063451736 0.8539635134364992 0.006953878599770283 -0.029182932896123667 4.946312494997474
4.730697067219695 1.2422357081360158 0.0076354485917079495 -0.029012065159229616 4.969735086433458
4.143558095573855 4.9739441866623135 0.009815271140404059 -0.028348905665657557 5.045702215395016
4.149105939582535 3.6356696687666594 0.008473122451191958 -0.028778571818752693 4.998723007120379
4.992394297440887 6.2003534249453365 0.008880554124239546 -0.028655466467088823 5.012910581282
6.860210272259413 0.8205341994339207 0.008959912614744735 -0.02863075210217395 5.015681175736405
1.2684290192553498 5.066878306836859 0.006741436052246684 -0.029232739179787248 4.9390390492455944
4.642684040420304 4.567759157339203 0.009321817939868379 -0.02851497344021116 5.028347056988856
3.8848657803954136 1.1494736160067809 0.0077795771015608745 -0.028973749845694285 4.974706240603747
5.140966207483496 4.564567679586801 0.009736824527296848 -0.028375944885142248 5.04293635308473
0.6004687855776092 2.3292541761962364 0.00866513446447285 -0.02872134127635067 5.00540167111228
1.7027765115252458 3.006000667491696 0.006936733127086443 -0.02918701309698513 4.945725018963395
4.903737955499729 0.9128290732090499 0.007393071925518301 -0.029074774074859346 4.9613898136412375
3.4522547097411365 3.0822585631769206 0.010445937489927526 -0.02812263127725652 5.068037011523515
3.507502931363905 3.4641894772843584 0.007775074683589072 -0.02897495838935083 4.974550847391375
0.9054038721924028 3.7688588602922217 0.007211659599569337 -0.029120301609357337 4.955155205774993
1.2404754490746854 1.4860030853267379 0.00785398480828166 -0.028953668552210803 4.977275237042948
5.244462192370342 5.705889287267197 0.009625731851741056 -0.02841382209978759 5.039023939290977
5.072739094485135 6.188824769935556 0.008537686839448671 -0.02875948371288165 5.000967238718459
4.888535910427013 2.842458289864749 0.008080883431694955 -0.028891163406193215 4.985120275295493
1.301005839101183 2.617766724032863 0.007340756634722264 -0.029088026609410633 4.959590888002435
3.807862391918425 5.968345472745801 0.00758205469881679 -0.029026064951077162 4.967895127850156
2.86458795415842 0.030227642555288817 0.009108943150060219 -0.028583686863121262 5.020890706790554
5.915990318911461 5.757937632873057 0.010159195739543131 -0.02822748203304093 5.057859950337519
3.615580984774542 1.8098240447216878 0.007223453410163516 -0.029117378330323577 4.955560229135991
0.9094248269872023 1.5599204604073704 0.008047665630235972 -0.028900433870513408 4.983970703407325
1.7967267560682874 0.24264494802736494 0.008257292798685761 -0.02884123984222544 4.991231533723253
3.3165759688193734 2.8066143427221406 0.009533761994349516 -0.028444812923186832 5.035788906401227
1.010581839648786 0.822393500701706 0.008577887380436218 -0.02874751899014162 5.002365347906892
4.196649058500883 2.8071109705239556 0.009801128488430661 -0.02835379834084444 5.045203380218531
4.619156678661584 6.521371394776086 0.009333873902382871 -0.028511029409237682 5.028769880323212
3.1355660742998075 2.275549801316351 0.008045382534971425 -0.028901069528063778 4.983891705625982
4.259809360997456 2.491617692313279 0.007333916553192191 -0.029089751941032662 4.959355743874591
2.0926462158276644 1.8323643852228635 0.009383630047432813 -0.02849469226247085 5.030515534301642
2.983391279775215 0.7616145706508228 0.0076774906803674095 -0.029000967860622714 4.971184487683864
1.2570847881524512 3.7731724782739113 0.00941059916387721 -0.028485796871016853 5.031462143038797
0.46639226385203814 4.949659094919266 0.006631560480685607 -0.029257860577817527 4.935282020158089
4.820194306512179 2.881928353609189 0.009182364840998524 -0.028560185152179847 5.023460418920519
5.261288314050445 2.64883215010365 0.007544696927600097 -0.029035797703363717 4.966608301546153
3.184536735909128 2.044282888794837 0.00812513435601245 -0.028878749829186617 4.986652246288168
0.8191922097351916 2.6448502778999665 0.008468908142921899 -0.028779812279908137 4.998576571172653
0.5258019881113328 5.559569371143802 0.00640652662272071 -0.029307958247417557 4.927597239000285
3.598291825907657 1.5119720476690997 0.006995269579465967 -0.029173038983119293 4.947731063531995
1.9149081814625184 1.3112957990926657 0.0085742656307613 -0.028748599424896257 5.002239365500777
0.9716552246935047 4.518793396090155 0.007937334407642162 -0.02893093020456238 4.9801550891468
0.11276735008752088 0.5026343037395372 0.005810169244498592 -0.02943198826702475 4.90729293416614
3.116232912298727 2.0344791123570687 0.009547991226752758 -0.02844003979487111 5.036289188336631
0.8929478852020071 6.835093212313814 0.007884335411280497 -0.028945418551515684 4.978323633545798
1.9587998311142432 4.309766499073179 0.009193769101920183 -0.028556516063773917 5.023859750833158
3.5212004830408214 3.604512429107443 0.009499667589044521 -0.028456217522672564 5.034590530872434
0.6673087122870806 0.31583751469963767 0.007096666593743838 -0.029148538955790566 4.951208229812399
4.649371089191454 2.1585632869749523 0.00915306824305262 -0.02856958770682597 5.022434803241977
2.4919573394393995 0.5150430420396037 0.0067166497926478535 -0.029238444137178767 4.938191238180106
0.42548163941118505 3.774233669336536 0.0072461367403187735 -0.029111741657630214 4.956339335157602
0.8252031909731662 1.9235498431453948 0.00810016345858149 -0.0288857638282989 4.985787670641481
4.393126832074111 3.610817894338037 0.009536738440199446 -0.02844381514359883 5.035893547555299
3.220425436569816 2.751660437552376 0.009750623273572664 -0.02837120627990398 5.0434226769166965
5.201982199978162 1.9893247883617633 0.00902902526001606 -0.028609031840556784 5.018096021038922
4.007987135617794 1.0862268838818374 0.0071038883013263155 -0.02914677977071016 4.951455992675809
6.630519092575226 2.3963910791399985 0.007353652160872644 -0.029084769208245285 4.960034240458094
4.979306860190837 0.04702564006957326 0.009535578236237798 -0.028444204114381335 5.035852758511256
4.085100007081372 2.8339228169565405 0.0076901778708965834 -0.028997606182476033 4.971621987761621
1.7128201590053047 3.4176264116700867 0.006084442675621643 -0.02937651370273665 4.916620546104955
0.5470183797456967 5.4353264022174965 0.007774505723031461 -0.02897511105694939 4.974531211157526
4.468997306499021 1.6422423843816167 0.008310046469136323 -0.028826084154473616 4.993061119425478
0.6972161536651934 3.0309348566963297 0.007925585378657514 -0.028934151040001334 4.9797490055962195
5.668821786108509 1.8042448031366096 0.007469321311808488 -0.029055279023629484 4.964013218867803
5.0720698907264365 0.8256006616698219 0.007512087384346227 -0.029044251464445527 4.965485384458631
4.038976348286757 6.812274241827087 0.008119876604778944 -0.02888022859887303 4.986470187970585
5.81446493017278 2.1478397954039967 0.009359056843320902 -0.028502772759917378 5.029653278319564
2.10836604700075 3.8189293651261775 0.006619053733285458 -0.029260692535821496 4.934854574620076
1.3199940874853202 3.1870385779580515 0.007800071787441762 -0.028968239161377328 4.975413661435423
5.215957059504619 4.418842004132515 0.009979425053026781 -0.028291537172996123 5.0514985490675315
3.9992163193465 3.3864529372257404 0.009979679645480277 -0.028291447367951795 5.05150754797261
3.940722373400755 6.931290593836649 0.009179191532219423 -0.028561205205922792 5.0233493113737335
5.7111282081673584 1.644127422235272 0.009268537523121213 -0.028532336255247204 5.026479119603572
6.561739956687679 0.8434724667464447 0.008379604666027888 -0.028805940804651455 4.995474991336656
5.480227508371636 0.6845913198061224 0.008052169424741372 -0.02889917935781672 4.984126545090157
1.1565473791308423 0.09568258939240909 0.00911541254665688 -0.028581624413322806 5.021117046730794
0.3211139248337348 4.932802436697058 0.00695678804046071 -0.029182239464443142 4.94641219283337
0.5396949652178956 2.3879834734687244 0.008461132876412453 -0.028782099132059362 4.9983064180011745
4.331138303144964 1.6671572679148152 0.00845550767591476 -0.028783752186651176 4.9981109826744685
2.3454164239080533 6.943701675326826 0.006888869114358648 -0.029198347253316163 4.944085429802069
6.489663627258738 1.4372564883661638 0.006617770143909821 -0.029260982866649844 4.934810707476267
4.1233172695687506 2.8593393729186514 0.008978394940881962 -0.02862496155954703 5.0163267820632935
3.519197861734134 0.6742718713439367 0.006782132453943885 -0.029223324235568428 4.9404314247407815
0.95348880531901 2.5012371390116352 0.008943628456856029 -0.02863584309961407 5.015112461728092
4.251615300921047 4.738029301361174 0.009185320500571987 -0.02855923471141641 5.0235639094523865
0.1623706936953242 3.1893883300329597 0.008199568488405487 -0.028857703938531695 4.989230655119954
1.4003732375207314 6.9197073890525695 0.008373797234539668 -0.028807629542793273 4.995273391906746
4.635816246741002 4.346518399032188 0.008619552617844197 -0.028735053726558702 5.003815012671085
4.807783076735146 3.527779148213447 0.008460790922021552 -0.028782199654888048 4.998294537220965
0.7300932457681665 1.5464896891061872 0.008247018401581459 -0.028844179438562243 4.9908753120948495
1.9297122776342646 6.647646263035554 0.0076912870428764235 -0.028997312006875414 4.9716602384226904
6.664526004054423 6.393063736793902 0.007160066560654389 -0.0291330301693284 4.953383872742197
1.927176738118572 2.6618988081503017 0.007721557255867321 -0.02898926617809362 4.972704280378218
1.8897017603612762 6.682779260659339 0.007252555683521268 -0.02911014318167163 4.956559834483387
4.716916092754861 2.320517460278905 0.007341070183334728 -0.02908794747938317 4.95960166731872
1.822967794670211 3.3577273934635232 0.0067835609808268495 -0.029222992667066173 4.940480308125001
0.6844281701949294 0.10409575604996774 0.00698949236740018 -0.02917442366947554 4.947533035656085
5.362731977047485 2.4081555121907323 0.009879598559534032 -0.02832655171923425 5.047972241768857
1.5038671459991235 0.6758393895462353 0.0083510569751473 -0.028814229946292916 4.994484099148289
2.1895959684589914 0.07050543093673806 0.007534492772742787 -0.029038447249422387 4.966256883985388
4.726098955483824 1.4115655587984628 0.0077151415629276065 -0.02899097429656318 4.972482974193179
1.5086589995562758 4.4220141384264835 0.007010338861167519 -0.029169421472693018 4.948247643780709
6.983289571532709 1.8947371892756468 0.008167565071061702 -0.028866778150842758 4.988121821817121
5.807343340067928 2.492908453216038 0.009183663888293865 -0.028559767463809067 5.02350590380752
6.534017934504236 1.6560830942548181 0.007544559430980264 -0.029035833430304817 4.966603566131729
1.6342918465965068 2.5287184921350914 0.009352861499319602 -0.02850480629252802 5.029435926729481
5.723528064496881 0.14130365632741407 0.00721328925644971 -0.029119897975487263 4.955211169074967
5.932981204742388 4.12893444452416 0.008609723751425206 -0.028738000224861587 5.003472978773548
3.112184356448268 2.306015234344292 0.00851696381034615 -0.028765627534494253 5.000246752386257
0.7849408409775797 6.7177019487593235 0.00863910543457382 -0.028729181284720195 5.004495533902114
6.965293022805656 4.776573502037583 0.008553194012339749 -0.028754875624618436 5.001506483967608
0.2621460291421041 1.7906283143994033 0.00820538507707484 -0.02885605059146032 4.989432221928318
3.959441180491889 2.1356490536686743 0.0075155772032406915 -0.02904334862411924 4.965605541562211
5.788643684566026 3.3659159281585693 0.008585534524128519 -0.0287452360737392 5.002631369030379
2.618509869644584 4.866614958799327 0.009787139701536088 -0.028358630017379472 5.044710056726103
4.20587255409906 6.779924113622504 0.007161102490969269 -0.029132775547720022 4.953419431516405
6.840673861319702 5.617228385703876 0.00606801100937762 -0.02937991222570401 4.9160612314238445
0.12943765410308988 0.8243652455871148 0.0059883608103969066 -0.029396250352800142 4.9133509438947
6.68480319177719 1.2368357107176637 0.006865243165766231 -0.029203911318090598 4.943276353308058
4.739468369655059 0.9861792936210887 0.007831163196789894 -0.02895984949866355 4.976487109811912
4.435953698088939 1.9847557241401934 0.008891145286955157 -0.028652182037084976 5.013280206030929
4.564586222602613 5.698184789393416 0.007999158066002106 -0.0289138975275751 4.982292657439192
5.0348792810036445 0.9566653910689669 0.00858763619446078 -0.028744608269927547 5.00270448352061
3.6691436502443757 0.5478528619855773 0.007510640696873197 -0.02904462560134787 4.965435575009876
3.8627604997954745 4.2151606518093585 0.007777679737887145 -0.028974259229441218 4.97464075556972
5.920343860386193 1.501795360583871 0.008717431890641713 -0.028705511338975007 5.007223028520174
3.4911060290557594 0.9279553454683063 0.0075099203133274645 -0.029044811875573777 4.965410772444144
4.586706528685906 2.9028012711394062 0.008139582763781877 -0.028874680819561363 4.987152594312716
3.4516313196629027 2.745241611927511 0.007629740363976393 -0.029013566860665536 4.969538337944405
4.199095263666405 1.576685662640946 0.0064349431251172744 -0.029301732149763875 4.928566925070195
5.519562872285944 6.108120137654613 0.009833355981065422 -0.028342637671000998 5.046340223781576
0.603191882384353 2.9797736916052258 0.007215503768904278 -0.029119349329284956 4.955287217875595
4.0520258048181494 3.4068080786050148 0.007603402369796555 -0.029020480223507193 4.968630664132396
2.594799752039231 4.184249431638209 0.007141183176105359 -0.029137664677274838 4.952735746477779
5.204694668721774 2.0339328510924823 0.007857282252867592 -0.02895277388435816 4.977389125738009
5.766482898311575 0.08578421201170595 0.008968673816107386 -0.028628008837155786 5.015987197073596
4.576654496070233 1.926576211349428 0.009312554413161563 -0.028518000110489952 5.0280222088861315
5.341303389676554 5.367679523798134 0.01064785655739375 -0.028046802861167026 5.075226622769835
4.564619018022772 2.4169289633650433 0.008463580251531624 -0.028781379559115715 4.998391450218592
3.6255727935401634 6.03014205221199 0.007371768149713573 -0.029080182845829364 4.960657158129831
4.265678630479925 1.2366830962067998 0.008447196153318303 -0.028786192473951193 4.9978222374763375
4.6697791300033185 6.26644913712798 0.008936825356385465 -0.028637966976541224 5.014874897632758
2.20579498268438 2.340878964874977 0.009068007677873129 -0.028596699752839207 5.019458905866622
0.20177214292847062 2.0368536275008164 0.007899452342303886 -0.02894129666569329 4.97884592715403
5.262167630360505 4.025623201777885 0.009521989036355859 -0.02844875612028615 5.035375047400164
6.704406677486276 2.3798860013799037 0.007484758610556251 -0.02905130614175039 4.964544563063667
3.197197077592686 2.9592494573123664 0.008582579570008728 -0.02874611848449228 5.002528572561591
2.872228799214308 3.81413976664124 0.010571299125757118 -0.028075748160890864 5.0724984009496765
5.514302005840177 5.6347421535727875 0.008087499368671014 -0.02888931210606694 4.9853492778050255
0.6123246286527301 2.7392412244889788 0.008872795063860121 -0.028657869909585732 5.012639821950139
6.98739224281597 4.051757500651456 0.007498721795741494 -0.02904770509747838 4.965025231654012
0.31133210699135744 1.7569366293306878 0.0063258019438704955 -0.029325487715755456 4.924843703828682
4.363383321533307 3.9604599023109057 0.008339169437824276 -0.028817672582761737 4.994071565928569
4.906253783263975 3.317398822663681 0.00911928089422146 -0.02858039040972477 5.021252393519063
4.354650095622043 1.4122629920013088 0.006726249453469949 -0.029236237245748555 4.938519573812171
5.239686278207683 4.362412423457188 0.007973955866301499 -0.02892085800667532 4.981421133115363
0.8681812122267718 0.22895666645546378 0.009020615000575277 -0.02861168476359608 5.017802062491062
3.3392805627114996 5.178999310388801 0.00897539481534455 -0.028625902394661486 5.0162219757659745
1.798894843496862 0.7894154302617434 0.007819207135780616 -0.028963079942709087 4.9760742832869145
4.711306313710881 4.232046590805829 0.007933124596999979 -0.02893208485623658 4.980009579597035
0.0016640700459769064 0.39568157153854555 0.007699462442142755 -0.028995142319051186 4.971942185421044
0.501463517398468 6.682989905767956 0.007376220419994561 -0.029079053841479355 4.960810264343939
5.148396680117702 1.1124978997516477 0.009056747482728701 -0.028600267918921445 5.019065171881856
3.1076889786326936 0.692011883306194 0.0077873477310971915 -0.02897166228083876 4.974974445771492
3.691346469477149 6.8940337000496195 0.00882736161566559 -0.028671897162662146 5.011054835964557
5.118373104559865 1.6256049893914908 0.008196090287130886 -0.02885869200094139 4.9891101277996395