300

4.49840856962743 6.528743479879742 0.008416153128530668 -0.02879528375475962 4.996744008024322
2.3657387017098888 3.0314055833290245 0.007354972859086241 -0.029084435257403653 4.9600796493037365
0.9182858749632745 6.1643593708693025 0.008222041137030671 -0.028851309147783492 4.990009481382522
2.2939817799655744 5.822541739829523 0.008859142693405753 -0.028662093272088057 5.0121634653916765
5.979985588614969 1.6684880992218412 0.0074258106088503995 -0.029066429722301376 4.962515991901536
4.745982448608909 5.504615565391305 0.007875529687964022 -0.028947815671203886 4.97801942793812
5.7500581495760565 6.508319293573219 0.007487859011552465 -0.029050507180135642 4.964651286100902
5.482229816547605 6.688564203862655 0.00720772691155841 -0.029121275259994996 4.955020158332381
2.194590970763321 2.5394449752839896 0.009620746291097696 -0.028415510567335052 5.038848481991143
6.161985737282997 0.7073887348386015 0.008828047664972636 -0.028671685936215385 5.011078763639457
6.03040337873513 6.157009423599589 0.007867094079237065 -0.028950109339144697 4.977728032049036
0.01103077119341335 2.632401261795005 0.010180506353507993 -0.028219803159947508 5.058615012795511
1.986888714582853 3.903395878492909 0.008143927575968449 -0.028873455692683903 4.9873030688540885
4.804070159922602 0.9237416038276258 0.009804002298300491 -0.02835280478074292 5.045304737369522
2.505852049380534 1.516387589987029 0.006764105671390361 -0.029227502022346433 4.939814606018581
2.420804366747605 1.190880684484815 0.007373433113642008 -0.02907976073007905 4.960714412790878
6.149501333473372 5.723189861475978 0.006513543508263981 -0.029284360176823943 4.9312501672140705
0.7401382027655243 5.5252100110628275 0.007629965725342048 -0.02901350759611987 4.9695461054001235
6.847641007739807 0.12290338009187925 0.008865260590866883 -0.02866020158086859 5.012376921515637
4.9145984580270525 6.332368946952246 0.008479698086818123 -0.028776634972776317 4.998951505494865
6.394171344619866 3.568709462698562 0.007614850044863374 -0.029017478505105235 4.96902515336562
6.701727559781503 3.584637072284629 0.00829953593936549 -0.028829112077744964 4.99269651986321
1.6298762857992692 0.876902391803527 0.007868869818794356 -0.028949626729456588 4.977789370482586
1.384424855625073 3.746852453963499 0.008425549954069751 -0.028792535629420954 4.997070355698403
6.323972003372846 3.3084346646369207 0.008434464254447903 -0.028789925542460865 4.997379974291478
3.940525174654068 5.996674664113008 0.006731810126888615 -0.029234957369825593 4.938709775960032
2.5674806124488287 1.340164131375276 0.0089417327538438 -0.028636435102135826 5.015046262056242
4.199525096194436 5.794166279776537 0.008896322706787575 -0.028650574903423764 5.013460910070132
5.382918456204171 0.39020923303262356 0.007725157747363931 -0.028988306914656863 4.97282848328289
5.589450716708484 0.22998358168300637 0.009695978751788289 -0.028389927721726767 5.041497257142627
1.8906277148580548 5.617353804915274 0.008582553768064596 -0.028746126188032364 5.002527674981604
3.6267972175175864 1.6368471055001566 0.009242172083131927 -0.028540887428140295 5.025555203398661
5.793702013179737 6.219442931579408 0.007069449064898538 -0.029155152030452613 4.950274583025797
6.262309892491431 0.5363991623497235 0.010777570573625717 -0.02799721365655013 5.079855619500256
1.7553676987283642 0.8368165899659792 0.01040206296797062 -0.028138889210670242 5.066477348269394
6.28207908584804 6.152084681253866 0.00831427233815544 -0.028824865576217062 4.99320772131257
0.8800315954694766 6.333166820173596 0.008038773671134886 -0.028902908467216038 4.983663040954901
2.5204125066490475 5.4690165429551625 0.00791972718287715 -0.028935755067887838 4.979546544726508
5.511264132251593 3.048902689948426 0.006690842165271213 -0.029244360672092472 4.937308666771788
6.005068386700714 1.8911811744131921 0.006627304115439815 -0.029258824996254967 4.93513654489077
3.900157785245035 4.407656802886032 0.007072391499806757 -0.029154438400927244 4.9503755075867115
1.7474175705721189 1.7337439976343676 0.009109849486048552 -0.028583398019506726 5.020922415106279
6.315609930664434 5.636125830670107 0.006638535954889381 -0.02925627864878992 4.935520440282283
4.440690385640718 2.346350040699537 0.007796197568525753 -0.028969282066915517 4.975279923614816
0.3762511946254691 5.978120043060887 0.008424537666001116 -0.02879283183561715 4.997035197875745
0.9755000211105972 3.54589910166724 0.008118000325450795 -0.028880756062055937 4.986405220957349
6.8772604299108675 5.785690789075285 0.006212015798880487 -0.029349801698043194 4.920965205623092
1.544434049202595 4.6128435838838975 0.009969564145017526 -0.02829501353168754 5.051150024275452
1.8115043737958676 0.45624499331991286 0.009033843959776239 -0.028607510610159953 5.018264458331439
6.044591324264735 3.170069030862916 0.007632356053090445 -0.029012878882986665 4.969628493013486
1.6179491706229097 1.5325163672544582 0.009524233740751786 -0.028448004704223546 5.035453951870726
4.740678987535547 3.5360893235775652 0.008114482175311102 -0.028881744736538307 4.986283406628443
1.6022236042449998 5.143779437747753 0.008628340369887104 -0.02873241623082501 5.004120846631791
0.6179926096271391 1.2430019406192203 0.008009429437337647 -0.02891105394288332 4.982647914848539
6.221701822143117 2.147997153029534 0.008536387884115166 -0.028759869295459803 5.000922072865043
2.317082851441515 6.0535160516928235 0.008675963549259185 -0.028718071949417598 5.005778732229373
4.250081660283314 5.957933227858374 0.007105393992277588 -0.029146412750362703 4.951507651913734
5.861470026753554 2.436249192183428 0.007568903666183961 -0.029029497020996196 4.967442077979957
4.360503683913289 1.2315919477108082 0.009495734014225259 -0.02845753038355727 5.034452301535667
0.6033473089530282 2.1186361227896233 0.01009237524015523 -0.028251441768729284 5.0554937413621
5.524579203644115 4.879328286419021 0.0071835777063455454 -0.029127241739253223 4.95419098000911
1.1550942969656273 4.509279919677076 0.008602274773634124 -0.028740230839693997 5.0032137857673815
0.11967895128646013 5.735611491750403 0.009610344375151018 -0.028419030261270406 5.038482439944215
6.1879167371150725 6.244673243203311 0.006505036973312758 -0.029286250937527562 4.930959696115013
6.200174771179677 2.2522571622117646 0.00873645423333478 -0.028699727654262625 5.007885767403608
5.764016974548111 2.973110110416171 0.008581640389042198 -0.028746398874174822 5.002495901145915
1.0260928081103808 0.31588181659019804 0.008006797989701662 -0.028911782822097106 4.982556897258211
2.6849363963286135 3.196821653352757 0.0094170848220506 -0.028483653442883766 5.031689832023319
4.037350110613633 1.0735857322780384 0.009996837885826894 -0.028285389024803886 5.052114094429237
6.106124289965429 0.8026038553019101 0.008191515417819085 -0.028859990907130102 4.988951604802519
1.7559628389899167 4.989319406014074 0.008333396727545513 -0.02881934244533233 4.993871253325405
2.6933901773066053 5.692033929986809 0.007937902638567737 -0.02893077430178147 4.980174730148751
3.222877796734234 2.1083868112590674 0.008301891059200638 -0.02882843396442416 4.992778213240591
5.122262211777013 0.21566557199924383 0.007348000680387067 -0.02908619751705319 4.959839934577138
3.2100090858585983 6.9072364630837875 0.009406094578799479 -0.028487284615678607 5.031304012744602
5.615231482669392 6.950391503584359 0.00664160284756235 -0.02925558257179733 4.935625270058885
6.819936360981503 5.943068061139837 0.007715638345284624 -0.028990842087196662 4.972500109991538
2.541018613800727 1.298676382080686 0.008900060697336032 -0.028649413948346907 5.013591380969624
1.3167553110183339 0.8241683861028161 0.01049437856767645 -0.02810459070113445 5.069760058263503
6.409646700839448 3.8010579314997184 0.007601246698956951 -0.029021044926425307 4.968556383836245
5.168486512960826 1.330962118074077 0.009786120268708173 -0.0283589818238663 5.044674109062064
5.595649849206731 1.9297010568710213 0.007699903761605281 -0.02899502512608011 4.971957405913826
2.1554988465863882 3.389024631353493 0.01034201621559214 -0.0281610138417712 5.0643442458534205
5.854765572707871 6.315745873997028 0.006437219037600033 -0.029301232244770176 4.9286445973349045
3.01541049113118 5.154672915596699 0.008823402507625281 -0.02867311577398647 5.010916755673655
1.0048545040453098 2.568698680347149 0.01031779949776016 -0.028169895518514444 5.063484443779741
6.9421882341244485 5.27393503799409 0.00764113936297893 -0.02901056685477783 4.96993124338309
2.893976807955531 2.013317959822049 0.0081076407731644 -0.028883665991236675 4.9860465381624
2.2977868415486835 4.988979117574601 0.009660997721988815 -0.02840185069701844 5.0402653525835674
5.815814726838737 0.013645165322140097 0.009919223056750361 -0.028312700576780588 5.049371430110707
6.278910235949652 6.866346827722425 0.00786564803028924 -0.028950502259263256 4.977678082699362
2.5763246609632198 0.906240916762204 0.00948890834187454 -0.028459807070314157 5.03421245643316
0.7907777511864283 4.104054538261272 0.008218135218328454 -0.028852421969971075 4.9898741030067875
5.2797045217196725 3.4646284341914226 0.009016297755121059 -0.028613045535052693 5.017651175088937
6.26707271934586 3.2145977074058694 0.007537101056499083 -0.029037770363168732 4.966346706768681
2.2548261109707597 6.506935474402432 0.010923895305638545 -0.027940445797292643 5.085087314915875
4.737697883057389 5.53830728796839 0.007507444699843946 -0.029045451865632683 4.965325539108209
1.6912252566978565 1.410263984542278 0.007157718956771499 -0.029133607042998878 4.953303291332529
4.955053229552609 2.0780577108177942 0.007900249886067218 -0.02894107896637053 4.978873484549681
1.568987135325455 5.652668289281558 0.00965711721202224 -0.028403170371514228 5.040128726986479
3.6506301412496533 5.527398403430229 0.006417521177518263 -0.02930555274919933 4.927972393277232
3.373038475861334 6.603915188835297 0.007326728866868488 -0.029091563108767395 4.959108665021836
3.801067284151359 2.895988090892477 0.009085814187179965 -0.028591047209852935 5.020081644466308
3.474353305838709 2.542068122609097 0.009611517962587537 -0.028418633367121245 5.038523736062368
4.600293010572632 6.99816329059064 0.008800950890937147 -0.028680015052564258 5.010133830130874
5.157957394328894 2.310202927374092 0.0067426733750090015 -0.029232453810071172 4.93908137606259
6.379560747620627 2.226275858825667 0.008693482002993339 -0.028712773649782267 5.006388803455316
5.669232379528139 1.348004687167738 0.00890794802342945 -0.028646962526799928 5.013866697718389
1.8684674602412614 0.2771535755364981 0.009963843703671382 -0.02829702844202564 5.050947860115009
5.696440490155494 5.357336976783191 0.0057278235007146424 -0.029448124523382826 4.904495871246418
5.006990887265289 5.9109485630610195 0.0073153206905256325 -0.029094433886823912 4.958716537129019
2.9092100807023544 4.610578535227913 0.007203775958255173 -0.029122252865176224 4.954884488209903
3.8812096835324428 1.0854661000252728 0.009753343867683435 -0.02837027111958435 5.043518571286507
1.2148582043640337 6.046266948629847 0.008181033934249736 -0.02886296387702854 4.988588439628687
4.148938492777095 6.31028796755744 0.007306882295407562 -0.02909655428261325 4.958426513009327
4.946687994208902 1.243755608979748 0.009281310539775628 -0.02852818386550833 5.026926820269953
2.3610239022635993 3.135078003204707 0.00969145877906833 -0.028391471020953095 5.041338051036032
3.1379632182375534 1.1403868025545703 0.010045470234969395 -0.02826815395030853 5.05383396323308
3.7504114989108728 6.151532502118236 0.006977868984596342 -0.029177205905189216 4.947134644634795
2.9417474093855325 0.7377943171893322 0.009252880742103136 -0.028537417507062842 5.025930430338485
1.2486795261389634 5.774030336595277 0.008458852735001389 -0.028782769331799178 4.998227198106446
3.1101891346778214 0.8771419691652363 0.008444500886434975 -0.028786983252487554 4.997728608217664
5.8249122895467025 5.303840911880041 0.008091280683380275 -0.028888253268461166 4.985480169949039
2.6940930929315354 1.326116272093427 0.007519511861713299 -0.02904233016411653 4.965741019309865
5.471622642608524 5.58292257611715 0.0067630153739548695 -0.029227754327892694 4.939777302360931
3.3076852564190697 2.6479823334927413 0.00912243033667384 -0.028579385310963788 5.021362591377942
5.9015562091896445 5.818191573266431 0.00813990497494711 -0.028874589988410766 4.987163753281851
4.768454781036176 0.5482017908556953 0.007475793930577988 -0.029053614320898754 4.964235994362919
5.730194134827678 1.165416123202998 0.00813523685390429 -0.028875905549971544 4.98700208813979
6.671219118760962 6.410789676634315 0.0070732584059425745 -0.029154228089983154 4.950405242656571
4.917765424344329 1.0928533038059516 0.008238981003055196 -0.028846476249817683 4.990596674302356
5.517033482070076 4.305775845072737 0.008047102633355206 -0.02890059063770579 4.983951222891692
5.726365898726398 4.691344314216369 0.00704627024841726 -0.029160762602961358 4.949479643414325
5.152931371675206 1.426760587700073 0.009186919551656542 -0.028558720369641754 5.023619900640512
5.151853847817244 0.08690135133684085 0.008064083758020923 -0.028895857023864564 4.984538841157663
6.045411771267406 2.6668639824768663 0.009120382980267955 -0.028580038738483866 5.021290954672742
0.8735957972311662 4.275748876277257 0.00817844349583271 -0.028863697995673936 4.988498691206337
2.242635847552809 1.5099712235079343 0.00905749053376573 -0.028600032608910503 5.019091152550843
5.654944629852935 1.0209646823860492 0.008999650184701051 -0.028618286051981 5.017069410887796
4.8893887982428055 4.601246612133219 0.006827016256388205 -0.029212871290494727 4.941967588866932
6.130672183592199 1.0117091211722855 0.007938736262856188 -0.028930545562585095 4.980203544710546
1.613001046475912 5.783253250516655 0.010055339815941889 -0.02826464472067416 5.054183126235947
2.7235024790777382 6.46266515524432 0.008016290497977231 -0.028909152299091023 4.982885238824129
5.881410251170282 4.357088217015584 0.007123850617044841 -0.029141907150803115 4.952140939137717
4.430394735101511 6.5269836669951635 0.007278130038477479 -0.029103759604955023 4.95743846835216
4.482267249318872 6.90739427271087 0.0074039055126768165 -0.029072017184216058 4.961762442527496
1.9296246912584483 0.22599183713819118 0.01145660705270678 -0.02772627192465423 5.1042260573501865
2.245685752904962 4.937402983549485 0.008167184709765466 -0.028866885767546403 4.988108645404248
6.280058736245512 2.167247464433082 0.009019999825877882 -0.02861187870694902 5.017780561743466
6.101922238297485 2.6478205134208 0.008057651151452423 -0.028897651425704086 4.9843162346153544
5.874248399353524 6.288573146299401 0.008127355171249158 -0.028878124903122943 4.9867291484836525
2.3204887222428865 6.073514025846568 0.009872073585871579 -0.0283291751223917 5.0477066031816324
4.804225923524059 2.417553764702416 0.008417039135624752 -0.028795024781884827 4.996774777336609
3.9268720289726535 3.4985555726668998 0.0064762185138370005 -0.02929263719368802 4.929975776547053
6.945263769725728 2.2175708666072547 0.009107879781596108 -0.028584025711645183 5.020853505075946
4.596736120740128 5.254805183593551 0.007669172904780752 -0.029003168567530282 4.970897688291895
1.9395928248897543 5.018842073610325 0.010033945371091629 -0.028272246820688816 5.053426294961861
2.8993906120516013 3.7237228595070637 0.007176969785143813 -0.02912887063899204 4.953964122400401
4.300935171503044 6.252642308216367 0.008775762729463515 -0.028687732369710908 5.009255700485321
2.0555224052231416 4.2858762446195495 0.009140848626030729 -0.028573499722574974 5.022007118376306
5.176557470349071 6.252171720715391 0.007577013301406237 -0.029027381373977104 4.967721446605819
5.669668422371491 2.9859862784342273 0.00781766360360148 -0.02896349660833313 4.9760209905749795
4.113651970676463 5.718941165429011 0.0065083077984442895 -0.029285524232984275 4.931071382165799
5.250631914185782 5.939522064886284 0.008407636583447557 -0.02879777156449218 4.996448258997853
3.1284378902968637 5.293286539811412 0.008751042072456491 -0.028695282933717457 5.008394098656034
4.016454634431253 4.221822685938835 0.008297701702050499 -0.028829640068231657 4.99263289596411
2.267734546233114 0.22646899152655747 0.011525138819068267 -0.027697855064990243 5.106699050075816
1.4577906549649848 1.3980263311107801 0.009252927830955316 -0.028537402239081477 5.0259320804129795
5.808546117515449 6.329236871610777 0.006014448741243636 -0.029390923876920792 4.914238482017634
6.247218118607153 6.095424451119894 0.008218258493988365 -0.028852386856653436 4.989878375637177
4.1564733535246265 5.486683861051465 0.007824118877171072 -0.028961753465491267 4.9762438734640355
1.8399233415471623 6.100785173782066 0.00909692357792604 -0.028587514432307212 5.020470230337908
1.507894158957775 2.0049970926308784 0.008253384214654625 -0.028842358589499746 4.991096015685841
4.601522477565661 4.963879798326042 0.006191160951601285 -0.029354207978948565 4.9202546972092165
3.018468387107107 4.793898179728577 0.009509349911580775 -0.028452983398215354 5.034930803527335
1.974410921692777 0.9693727327074482 0.007236719210967457 -0.029114084135717106 4.95601585226523
1.1315634612200969 3.959147980993712 0.008912678616727558 -0.028645491091530046 5.014031836161189
4.101063677023506 5.480263360910647 0.007835617385412663 -0.02895864465387527 4.976640918666205
1.931350100998337 3.2967746962904285 0.007862219701729135 -0.028951433494073177 4.977559664255782
2.9428473103224975 0.7555890101081757 0.009439556100631906 -0.028476214295847384 5.032478853427602
4.496291400704698 0.048388705266433386 0.006432065656864283 -0.029302363921461815 4.928468724826745
1.6931674948469457 3.774400844231652 0.0074670102786760185 -0.029055873029357537 4.963933680498673
5.635913757658343 5.605159673969689 0.007625051003208413 -0.029014799623613988 4.969376714895476
3.566464734898417 3.98729257182207 0.008056809860626459 -0.02889788599309147 4.9842871219584435
1.4475529721297162 0.23071157532795927 0.008729633678877217 -0.028701803006651212 5.007648123760767
1.846985287483794 5.380068564295749 0.00795864958585072 -0.028925073842077535 4.980891924591813
5.386998961904697 0.05949004319627152 0.009481953960397546 -0.02846212481690187 5.033968108386219
4.2115905888756 6.1991164956012765 0.006639025343602796 -0.0292561675973973 4.935537167961428
6.213109285182741 5.442225016976132 0.008429176279941261 -0.02879147421098259 4.997196304755329
4.992625677616165 4.532072883357043 0.006618331507122216 -0.029260855901046937 4.934829892219064
0.6552175656464223 5.854402534863879 0.010392496389566368 -0.028142423825833658 5.066137392508024
6.017953644652949 3.508425031833409 0.006894440465672203 -0.02919703222358912 4.944276244600998
5.074576311130927 6.281717603841612 0.00862467786162486 -0.028733515827047654 5.003993379517759
2.7226930848701185 6.870667636857734 0.007923783685028593 -0.02893464449605135 4.97968673736991
1.521098212520385 1.8790631157942097 0.00903839307474505 -0.0286060736667303 5.018423480529286
5.45988424713641 5.089962874762183 0.007333581744652248 -0.02908983634870611 4.959344234389915
1.7354908260544688 6.492740642523612 0.009482783140176082 -0.02846184856815158 5.033997241270983
6.656320878535138 5.251269806179717 0.006545111427957809 -0.02927732085412899 4.932328275495132
6.0682160745296665 4.274904826352519 0.008700564580698962 -0.028710628275554796 5.006635482594211
5.091086649571609 3.277400669583727 0.008612211661776899 -0.028737254745238867 5.00355955204239
6.8011154581181446 5.594945965958004 0.006522128164196703 -0.02928244942298701 4.931543324923357
3.1178839268448564 0.272147430219635 0.009950122849286286 -0.028301856039562333 5.050463014724787
2.3541645590633915 6.646918586785552 0.00965951191458781 -0.028402356056706563 5.040213039296028
6.215340507815143 0.8686345192656432 0.010048109352916812 -0.02826721596535155 5.0539273248914345
4.972431599677604 6.8297809102132705 0.006646920981627145 -0.029254374740609393 4.935807055665794
4.975413756269046 3.3911540418987554 0.00742367367079462 -0.029066975577613 4.962442473481488
6.684994551201601 5.087280429625724 0.006502522060385427 -0.029286809434525312 4.930873823431913
0.5704072995814634 4.297225556509514 0.009784474585532376 -0.028359549662945478 5.044616079238929
6.457786940282241 4.129092384864028 0.008544153232619322 -0.02875756327538063 5.001192090079299
2.2140447900212656 3.5635023413505653 0.009175318782589934 -0.028562449566482427 5.023213719572439
1.3074472467846583 1.3792941589197516 0.010114744875749811 -0.028243440585355266 5.05628565855861
1.5597710325664416 5.844090835887176 0.009906921542855301 -0.028317007355010335 5.048936975682074
5.33709542688624 5.118934015035293 0.007986071653497009 -0.02891751475395511 4.981840086361798
3.4232315412830165 3.4166263560071815 0.00905186695035358 -0.028601812961997642 5.01889453010491
0.49174805804044064 4.889190821511318 0.010063767007404967 -0.02826164527448229 5.054481295155272
5.12240532665198 6.309073862097121 0.007411292102359284 -0.02907013500783075 4.9620165297727805
4.545453450671627 4.132642881358724 0.008001732808222504 -0.02891318509029774 4.982381707140548
1.9718006165215554 5.956860317688836 0.010540352048286173 -0.02808738112922224 5.07139635856956
5.250067826494746 1.1878828008885616 0.009864536417380918 -0.028331800529972775 5.047440558753014
1.2068353918517432 6.653062744023303 0.009455039057300545 -0.02847107719115877 5.033022617876546
2.481303029061494 3.393747860444812 0.009875051569268873 -0.028328137187331615 5.047811725831231
5.641637619654365 0.7982897059529626 0.009119107676577101 -0.0285804456785228 5.021246332808402
5.782571937433975 6.970853810745982 0.008815589217184353 -0.028675518944804867 5.010644271753824
1.7443534749822565 5.000135831504404 0.00885438493815662 -0.028663563410137007 5.011997474960391
3.0246072955371766 3.125668435661622 0.008695446745693662 -0.02871217870334478 5.006457231642681
0.7204000897071384 2.860335364568339 0.007921653754369153 -0.02893522769559433 4.979613126332671
2.9351592773439656 6.114724682768644 0.008103623378034368 -0.028884793372066467 4.985907452053204
2.978072820902352 3.1590563437328845 0.008956459801928397 -0.028631832421562555 5.0155605799637595
5.70259432278357 5.766567543399373 0.007264140346130438 -0.02910725450865677 4.956957813881844
2.8341370632803735 6.811240883899438 0.007766682618923863 -0.028977208994257986 4.974261227003202
1.7268079372168668 3.567530631108366 0.010021504441378799 -0.028276659080086263 5.0529862889418
6.350486698326373 5.855345003654673 0.006503990181676964 -0.029286483430358272 4.930923952807245
2.609331133352912 4.158165632297169 0.009633231891376104 -0.028411280212742515 5.039287908532959
3.2696309260810605 3.544353676514106 0.009211640485709974 -0.028550756199477955 5.0244856390081
5.7127598706448355 4.858683520806141 0.008118968557103737 -0.028880483887372122 4.986438746264413
2.490104987535132 0.8672930544155428 0.010379082380078014 -0.02814737374867421 5.065660787161676
0.9955804020080691 5.348699787532006 0.009880368237479077 -0.02832628326293117 5.047999413505108
6.789185696928562 5.938776425522046 0.00836349470121324 -0.0288106222838518 4.994915778376658
0.5402491781911883 5.108743729146107 0.010076302701505625 -0.028257178271505284 5.054924888744402
2.647562177492212 5.983071214002391 0.00731801944557317 -0.029093755195818447 4.958809296676554
6.729350952376431 3.593628164987108 0.006067250600539031 -0.029380069267281497 4.916035349562781
6.974776725780885 0.5919660739916114 0.008847427499255682 -0.028665711689149012 5.011754756424191
4.091845542135736 5.750392875506105 0.0065947748956504074 -0.029266174059410278 4.9340249099667375
1.8311865923642776 3.1820041328738875 0.008194975924951697 -0.028859008465112967 4.989071513573153
0.9512244135408983 1.2232367131055517 0.0071372953820987356 -0.029138617239475726 4.952602320189314
1.2797669428989615 5.246092310460536 0.00845914585640337 -0.02878268318590353 4.998237382041051
4.931955942786771 5.578559229822719 0.008401395870281691 -0.028799592834462324 4.9962315576537355
6.796587517071452 6.821001696237324 0.00627065690121115 -0.029337328815474885 4.922963636362546
3.6058764244109143 1.313840381324451 0.009654633766671488 -0.02840401462525054 5.040041292787819
5.2643860437929035 3.2469718361486035 0.007600342953117732 -0.029021281622199142 4.968525242912271
0.8406353813672128 2.0683798909456956 0.008861613859537923 -0.02866132934468402 5.012249683765173
1.1369814734970924 4.277732270521863 0.009642195326881813 -0.028408239461083444 5.039603414031168
0.6926415799727451 4.690207888237267 0.008103102061155382 -0.02888493962234471 4.985889403955976
5.728806831257905 4.433359004925947 0.008315338313864766 -0.02882455808379328 4.9932447026262246
5.43371753833181 5.434478429534821 0.006099587738756391 -0.029373372796075235 4.91713612370695
5.596554703983776 2.157825070610132 0.0068383810268461565 -0.02921021302441443 4.942356639546055
6.029179388284356 4.405810965695921 0.008846928307108185 -0.0286658657557885 5.011737342211299
4.675882591277311 3.999916959708516 0.008575366297037625 -0.028748271128393635 5.002277651628894
4.870799074846842 0.6673748072286186 0.007197179776923401 -0.029123883725537786 4.954657994859796
6.892563352200851 4.944729554737862 0.006220965087228885 -0.02934790611582842 4.921270133655629
4.499891981606938 4.381256342140404 0.0060358147271027725 -0.02938654352897069 4.914965494795183
5.567663472595704 6.347703561675194 0.006543939178449418 -0.0292775828925264 4.9322882361668015
4.433479793815717 6.1906421998614585 0.006791255610749395 -0.029221205437652036 4.940743623565288
5.163519645880082 5.017205567430176 0.006900713259647815 -0.02919555028609875 4.9444910936000275
6.547183273185845 2.5664340546350535 0.00784441760139974 -0.028956262060128718 4.9769448202493605
1.649351948323934 6.443249980189386 0.008045401131514248 -0.028901064351214284 4.983892349081217
5.021185146692349 6.848883201081879 0.008632994834705903 -0.028731018084710142 5.0042828440781335
3.5771981656700884 0.6294591550648193 0.0072253077786985824 -0.029116918234989735 4.955623915610932
6.20387011120483 5.484081923332508 0.008216729258175858 -0.028852822397433437 4.989825373981628
6.764344367405936 3.5359817190992877 0.005730151042213249 -0.029447671708191504 4.9045749105546985
5.57316472344569 5.375968136508902 0.006394523191587084 -0.029310579543097657 4.927187695145447
6.386186506423323 1.8323731634971805 0.007683474588522372 -0.028999383066671106 4.971390828095192
5.564538172443372 5.867468096871812 0.006176532888101223 -0.029357289409654357 4.919756394019959
4.620724712281133 2.479221341496444 0.006420331512322316 -0.02930493718252747 4.928068291974041
5.261453198149831 4.685760080317831 0.0065614708789785425 -0.0292736588062428 4.9328870859775495
5.7058096146907875 2.7274207476871033 0.006903931738345698 -0.029194789373315624 4.944601333708697
3.2109219218059226 5.792531318100639 0.007788282520599748 -0.028971411000835293 4.975006711560983
1.2176225259421776 5.491721900401873 0.008090596286604232 -0.02888844495169627 4.985456478848747
6.269267913464431 0.4776531057322937 0.008214803176408323 -0.02885337083900028 4.989758619213767
0.7387391466542051 5.840603723816773 0.009629695399260648 -0.028412479063211964 5.039163436229262
4.191949795477969 6.407825185691512 0.007872130905365069 -0.028948740128178222 4.9779020191372645
3.8507119455041674 0.2588938115120274 0.006437065105823642 -0.029301266061782853 4.928639343914629
6.561145815601751 2.099640514912093 0.007303141179274011 -0.029097493516033166 4.95829793916819
1.635821114975086 6.196131381223177 0.009538734509534765 -0.028443145816815174 5.035963724246082
0.9942895073642756 0.5044823798639355 0.009670971193769506 -0.028398456228627647 5.04061652926616
1.3373518224965264 5.214877350816124 0.007976964474122307 -0.02892002831566025 4.981525163603462
5.377965221375403 0.41480651199013613 0.008753729497513716 -0.0286944632269774 5.0084877538901145
5.884807625712466 6.761390284319303 0.008915403088474223 -0.02864464326484141 5.014126947536829
5.325283769826612 4.854562352610808 0.007078070074225548 -0.029153060285746206 4.950570287830377
6.233022344896051 0.8108012588646369 0.00915992622431064 -0.028567389652629907 5.022674857285507
1.902168031241192 3.689388171874432 0.009702092692916952 -0.028387838899395765 5.041712621059486
4.328789014372662 1.6262536863988677 0.007854960618214458 -0.028953403835927476 4.977308939659656
2.888093766077207 4.266911906799399 0.007431829106704434 -0.029064891469412726 4.962723057480268
5.719625705996563 0.6844582968890913 0.009228538962775408 -0.02854529853780717 5.025077570504935
0.9992881513539976 3.846537231990334 0.007913047644243129 -0.028937582431501394 4.97931571170761
1.5401619475035115 3.145019408459415 0.008550917519591368 -0.028755552673755815 5.001427315969227
6.118822690990071 4.554646514699628 0.007964410784636914 -0.02892348804784027 4.981091106683084
4.14560949316332 4.153219519172001 0.007134096880174773 -0.02913940050351552 4.952492553177853
4.723345585061934 3.3534655100692863 0.008458374396017248 -0.02878290990460832 4.99821057921163
6.0889876828383915 5.067874822345953 0.007524593727428372 -0.0290410139154463 4.965916004610131