300

4.922271572566857 4.966268989970228 0.008463077836989673 -0.028781527296602143 4.998373994027813
2.780206145301926 1.466420901490974 0.007752432689137303 -0.028981024609223107 4.973769496023375
1.3516641222692232 4.6043791763809505 0.007902269845919824 -0.02894052748797551 4.97894328081055
2.7018568918144283 4.25543298340666 0.006559249599545149 -0.02927415660084619 4.932811206820765
6.46463374248142 0.12392003725350365 0.008396643237829704 -0.028800978843376287 4.996066537331792
5.177990641597522 3.9444731277568774 0.0070838178053153076 -0.02915166419436629 4.950767449591191
6.208747826693318 4.955648755969 0.007453936354698105 -0.029059229735492124 4.963483748445374
5.938117632787376 5.134957864531484 0.007354062047588232 -0.02908466557140072 4.960048333313461
2.613895978241387 0.975665052389419 0.007452871149122728 -0.029059502948856057 4.963447092258081
6.643532940897905 6.161421607469127 0.007468482241528639 -0.02905549471284169 4.96398434056432
6.481127178658898 4.602003199120054 0.008005443541673872 -0.02891215788731571 4.982510049948569
0.4715839089148451 1.0803805222305438 0.006742495490632105 -0.029232494839797812 4.939075290899393
2.4252290942803323 2.345344851615102 0.0064848090871767435 -0.029290736609086324 4.930269053383825
5.287105921346191 6.3780976976592045 0.009112300484584881 -0.028582616743024668 5.021008165304014
2.941153367622296 6.957011767172689 0.007464696451874853 -0.029056467556834345 4.963854047609115
2.8706154941924047 6.635412267069058 0.009416657635469554 -0.028483794673047916 5.031674834455579
6.596693316815332 4.167061144903722 0.007919032453184986 -0.028935945206704464 4.9795225354201005
1.1767283000650575 3.966450876171243 0.008383773379798605 -0.028804727804931263 4.995619711537412
0.34552275819302414 5.582115770089204 0.009973508478380817 -0.02829362346239283 5.051289427999111
5.3427049535536355 4.771033990385252 0.00844674430017993 -0.028786325064644458 4.997806540641887
6.812473414600562 2.004313931542662 0.006341781622567491 -0.02932203618188316 4.925388643401218
0.12613562125821987 2.0219648352701283 0.0070779678896323635 -0.029153085094948922 4.9505667827249535
2.0870755948891455 6.323450835359854 0.0076512090854747705 -0.029007912705507583 4.970278364592437
1.8304931646915925 2.1909886405599925 0.008355160812071136 -0.028813040238829895 4.994626526054985
6.756117606291055 1.7478071571936424 0.008444579634700461 -0.028786960152006363 4.997731343769924
4.361302985984167 4.433195303210753 0.006682645615472097 -0.02924623475899097 4.937028397792304
2.9983460888160316 6.779715996611079 0.008861805262217092 -0.028661270165408606 5.012256361853076
4.612323014582578 4.228688875815597 0.007774424061756257 -0.028975132967908625 4.9745283928337525
5.863534626477173 5.844037051509464 0.008881604948376568 -0.028655140787317252 5.012947252473852
6.071241540265863 5.683948332971999 0.008609062889996593 -0.028738198206500063 5.0034499827701024
2.301071187484939 4.051300908131987 0.00640403464185335 -0.029308502867016972 4.92751221234332
4.082865802305484 0.08333663093564797 0.007526690909620931 -0.02904047044989164 4.965988219782128
6.243588292567243 4.664151505041669 0.006899547926602348 -0.029195825701776566 4.944451179039852
6.757982137886575 5.9949502663416805 0.008140697212694913 -0.028874366640520812 4.987191190582679
2.1956336008661963 6.278738679055609 0.007468959417357452 -0.02905537205443887 4.964000763510848
6.723821412316639 4.594275140592076 0.008264533899839367 -0.028839165719874868 4.991482610359937
1.3076516699227736 4.771842909931982 0.0069013396446031775 -0.029195402225518807 4.9445125484634405
2.930666991129194 3.9027517979474187 0.005322104227503201 -0.02952414616193993 4.890736425747727
5.940097942295346 1.4874719111117327 0.006570706879745473 -0.029271587095688292 4.933202602653516
6.469300282454062 0.34039115269564146 0.006929007445975417 -0.029188848141261367 4.945460331440092
4.315077952633994 2.8426977175361867 0.0074713607262833276 -0.029054754669378142 4.9640834103423
2.192537491525589 0.17737294876190912 0.009672530666389576 -0.028397925109200375 5.0406714437724345
6.7601693610814975 4.079440003722192 0.006774475510959741 -0.029225100197457096 4.940169417919739
4.904225881317563 0.7951233619176189 0.008027570155287213 -0.028906022164973545 4.983275435940074
0.813720804797938 4.418939088162746 0.007324702102494294 -0.029092073475600114 4.959038997173886
1.4175698173116003 1.9890939799352092 0.00751637313259305 -0.029043142649025317 4.9656329465348605
0.3246099926882701 4.229361082833446 0.00806634862565446 -0.02889522486241286 4.984617222373535
1.9761895487955947 3.052970447867702 0.006535537147934055 -0.029279459595217494 4.932001267081589
2.2595803204037077 5.90025247587147 0.008940650978035721 -0.028636772864429904 5.015008486075244
6.474585184114833 1.6087691883843849 0.007883427341767552 -0.028945665881908327 4.978292261892571
2.0742429756085086 6.979447633477106 0.007743063433876847 -0.02898352926506638 4.973446220692069
5.18981469214271 1.9805664058171542 0.008608847424020764 -0.02873826275246872 5.0034424852320765
2.018523918618912 3.5793006454465175 0.005651462769234404 -0.029462874411162895 4.901903462694685
1.0672931218578754 6.6877275477774845 0.00794555459615184 -0.028928673702048116 4.9804392317229444
6.6658792190457055 0.5914336788583786 0.006000324122930432 -0.029393810750220514 4.913757928073451
2.724679511131467 4.486651279876404 0.0067714180865581074 -0.029225808750093358 4.940064802800696
4.672111149703673 4.394855330096419 0.008718622210370248 -0.028705149829827373 5.007264495373338
6.311212386588505 0.8809262276454295 0.00808865207756101 -0.02888898938294948 4.985389178904924
4.838403135917031 6.684774061527231 0.00875346645618969 -0.028694543470847586 5.008478586931522
1.0765058996466663 0.5705048176063204 0.007214349726947847 -0.02911963526586979 4.955247586622945
5.963156354120831 3.3208818324186127 0.008612960475997087 -0.028737030323937648 5.00358560940767
1.585756669521763 2.9489135749422286 0.006849289276742169 -0.029207657153621627 4.942730095467539
0.5674858985373781 4.179580490522019 0.006973607436004433 -0.029178224746007144 4.946988589724848
6.637003284889299 4.688962459589383 0.007058484445286192 -0.029157808513941043 4.949898521876413
6.648834821569625 0.6967641119433393 0.005019750433889617 -0.029577053700148445 4.88050478386506
6.201955212873388 1.4143668418568305 0.006604663589682027 -0.029263944007380967 4.934362811008599
1.448335187281741 5.753029772323611 0.006786761725907105 -0.02922224949034147 4.940589837830377
3.0975938650921564 1.6315780279574372 0.007153650732887306 -0.0291346062474141 4.953163653487198
4.506497748627907 6.524294607054474 0.009951799414596401 -0.028301266551369015 5.050522254047032
6.5941991948396135 6.258707129644883 0.007949872074337668 -0.028927487516230407 4.98058848041442
2.170840921207734 3.42480577452991 0.00822189673609281 -0.02885135029874731 4.990004476381392
3.110694090155981 4.127710488662591 0.007132821063771383 -0.029139712827552355 4.952448770205523
3.6312069420009783 0.5422417197365779 0.006238075566873164 -0.029344273942661796 4.921853191880506
5.583751025109937 5.663676035888519 0.007871150534723472 -0.02894900670592555 4.9778681535485285
3.624503448282675 5.3418991474450275 0.007338293800081163 -0.029088648028117264 4.959506220576702
6.084427560560648 5.400519184560473 0.00800023163520362 -0.028913600498434767 4.982329787498006
0.2715519677905936 4.388158189640401 0.008566799437834572 -0.028750825160191788 5.001979669236382
2.9792337221192775 6.740108479003121 0.007745661014180471 -0.028982835186596303 4.973535844401489
1.7554916473689053 6.265697545983449 0.007599173643449982 -0.029021587825904617 4.968484951669653
6.835800618243879 2.2391302515065656 0.007341816729638133 -0.029087759059583905 4.959627332543873
5.650536702040189 6.78531076930264 0.009934465647448829 -0.028307355798443255 5.049909846753362
6.072093395047267 0.38208513762453644 0.007447709870605452 -0.029060826170005664 4.963269485607122
2.5720386093376013 1.824596298091769 0.006529065303596209 -0.029280903439979036 4.93178023551771
6.3029454239469676 4.759977127109427 0.006891427943904794 -0.02919774342126405 4.944173066817319
3.431034724432335 3.589589185389053 0.007067680469045578 -0.029155580817186125 4.950213921951375
1.4525372486263863 1.0134191226693652 0.008783305909277802 -0.028685423777661808 5.009518652021452
0.3963441949763689 3.7200099062368386 0.007952339207826401 -0.028926809383747577 4.980673768236395
3.29868978832597 0.4465054826802198 0.006933324830822394 -0.02918782291967494 4.945608246172489
2.7036289099964055 3.4223408170799554 0.00585416629072075 -0.02942326863284548 4.9087880270548325
6.281679563251008 5.463032021909496 0.009039810206833988 -0.02860562587017491 5.018473020469547
6.744192688533412 5.315806922623836 0.007268534332540345 -0.029106157572869048 4.957108775189365
3.0200776554215474 6.3492512523431115 0.00822702403348701 -0.028849888657539513 4.990182195178196
1.2313190509988243 2.547174472094549 0.006701258001439352 -0.029241975671936822 4.937664846922884
5.712794644660914 1.9043150169699612 0.007744400149969874 -0.028983172123098373 4.973492340828657
6.686647823824585 1.650752626922966 0.0075644363273887644 -0.029030661429751838 4.967288191428298
2.664297741093811 4.940592085295094 0.007108626077915483 -0.029145624633628627 4.951618544782799
5.166060477814073 3.97704150634628 0.007163403658096602 -0.029132209803431806 4.953498421225654
2.14244332652811 6.8553246046927665 0.008228538229808883 -0.028849456816386915 4.990234680914701
5.424760237987801 0.5284458088417441 0.006965432068054437 -0.029180177451573506 4.946708411803978
1.9767611509348417 4.08592031967183 0.007527588989909673 -0.029040237671186346 4.966019145034858
4.0700767178682336 3.963716179971147 0.007586359735322201 -0.029024940068263397 4.968043446953196
3.796242467188322 5.040944352919687 0.006214723314931468 -0.029349228509772573 4.921057456416316
4.20413748237574 1.3279898863121695 0.00767756250074665 -0.02900094884735892 4.971186964166826
3.856899951290043 0.9693361277899237 0.0066108810708566884 -0.029262540072027048 4.934575278278727
5.045866354554796 5.441633712405054 0.009115508816306498 -0.02858159371028562 5.021120414968369
5.625791276860084 0.760033422952438 0.006161472318958681 -0.02936045399619539 4.919243412153195
6.820493911139188 0.6690722184356545 0.005830233648840369 -0.029428020246016033 4.907974701093175
6.15543862375788 6.803643658801839 0.00715756368092561 -0.029133645191659327 4.953297961551565
2.292168834579176 5.715030449075803 0.008081542945398408 -0.028890978931522572 4.985143102891589
6.132831543675713 3.7982402287062196 0.007703031938673616 -0.028994194228358444 4.972065294142022
5.437759174928307 4.350442442005621 0.006082136086918136 -0.02937699134731479 4.916542028620752
3.299657241566639 3.0396439996010884 0.006664858845894317 -0.02925029327313325 4.936420267032138
4.35201381430545 6.536568981663699 0.010244540008414 -0.02819662036514314 5.060885047774956
1.6324734859628751 4.482045757022194 0.006904661346976937 -0.029194616827140626 4.944626324839064
4.573881532565649 4.747855704105535 0.00744618660106115 -0.029061216511050897 4.963217069364551
5.441025442737468 6.702149713331886 0.009765869136099488 -0.028365961997023462 5.043960097539645
2.7742404456248977 1.5699221198853726 0.006433671725219667 -0.029302011332536695 4.9285235353540475
3.568901123312149 6.579870453123474 0.00767493342006946 -0.029001644729178738 4.971096310266258
4.178054628301595 4.589894715023914 0.007609156990234026 -0.029018971895950634 4.968828964433604
3.38596863296483 6.180904143573568 0.010309162346135586 -0.028173057550095984 5.06317785170082
1.6723648982289785 4.211364687895675 0.0058090559512763 -0.029432208020380348 4.90725510834697
3.548322660901648 6.318528811284592 0.010289653407277272 -0.028180188657248327 5.062485471424902
6.2634822263358085 3.745589956667015 0.00586299418420125 -0.02942151082449748 4.909088067041241
3.124250500271139 6.765477879869688 0.008867089409249252 -0.02865963582127972 5.012440732526437
5.910400786467557 4.024813962407837 0.008648250915774258 -0.02872642957448436 5.004813883354377
3.699969389767421 1.0770544595289109 0.006688333616378221 -0.029244934491908594 4.937222888720115
6.351884975427811 4.263212155026838 0.006285972996711019 -0.029334050921831778 4.923485734026536
5.2512142992112 6.002373228208014 0.008533758066995677 -0.028760649736297442 5.000830633595651
6.227283907812867 6.624253044558357 0.009666743463135837 -0.028399895612799715 5.040467661192041
0.12908636939875442 4.857701041074001 0.0062205085983066824 -0.029348002875466545 4.9212545792863365
5.408081624399156 6.549410673462916 0.00866461049212697 -0.028721499351874426 5.005383427852019
5.941392224347206 2.74330687857392 0.008998368079249528 -0.02861868920671146 5.017024610985443
6.1591535748554005 3.1314291293415 0.005909330115699018 -0.029412239248035717 4.910663214702586
5.642982233544728 6.883429173996947 0.009383059043209352 -0.028494880294390554 5.0304954953998635
5.619927103807271 5.53713807180805 0.007797585987520294 -0.028968908380662656 4.97532785120743
6.495892047811151 1.1120497502365465 0.007592959465674125 -0.029023214269832856 4.968270835072551
1.3233373982482695 2.7206599979560058 0.005914382854982922 -0.029411223630523838 4.910835008032125
2.673662818664533 6.949433191065654 0.0077975178644392 -0.02896892671732509 4.975325499615211
6.141171370707959 6.476386164866582 0.009315424850339461 -0.028517062609211316 5.028122864063442
5.305088264038565 3.0363884188794357 0.00612952232639421 -0.029367140753744397 4.91815533798471
6.625782245249455 6.470076631512303 0.007288872273438428 -0.02910107113117145 4.957807586678015
2.0312659996757865 4.21908268570102 0.005561119597594575 -0.029480060190258253 4.898838019770781
3.1378806939992985 4.897453464767827 0.006433487736535968 -0.029302051729253382 4.9285172563121495
6.309361174375755 2.795573934429303 0.006770978182861295 -0.029225910669254028 4.940049750935629
4.854052589511966 4.9641419348880955 0.006585477422148971 -0.02926826757979307 4.933707234657539
4.9180291807961005 5.34792356478499 0.006811069166053107 -0.029216593518328598 4.9414217310538815
2.3584899086782993 5.664705268888945 0.006628874220194095 -0.029258469313565363 4.935190207821444
2.6636046889596523 3.373570233901848 0.0066273031613624635 -0.029258825212359348 4.935136512282579
6.718699214203741 0.609497268176039 0.005110946172208689 -0.02956143144749228 4.883588923264445
6.551716304832821 1.0926357699467628 0.008001029617635259 -0.028913379689301688 4.982357386464059
6.3187945391664515 4.731810750042148 0.009098939333840254 -0.028586872913963408 5.0205407428875635
2.744540646848077 4.510847508925822 0.00633251746800241 -0.02932403830507395 4.925072709058841
5.2696267069540506 0.8665685303627211 0.007057115305202518 -0.02915813991956751 4.949851565936565
4.3280197927030555 1.9297798594925133 0.008018151957511491 -0.028908636065823903 4.98294962937196
0.3906000265484749 0.6619535219713932 0.005604733364135993 -0.0294717994685927 4.900317659559474
5.036201067005556 3.696515972076242 0.00816434313550525 -0.0288676895709672 4.988010209614559
2.3518171586591166 3.453318084473096 0.008216540834708276 -0.028852876056150303 4.989818843483857
3.288989979781205 2.1525244557155663 0.006233377774006499 -0.029345272217625135 4.921693102284863
4.728572410588562 4.691175904872175 0.006645423335665025 -0.02925471498220071 4.935755862048909
2.4845480227447334 2.7255364495970524 0.007016843286682095 -0.029167857485426392 4.948470637571431
5.614662100777405 4.693301996191807 0.0073136007932613125 -0.029094866272880642 4.958657423262411
6.114547115303299 1.4290665554496262 0.007421175893730148 -0.02906761339281776 4.9623565426404115
4.544211411750862 4.158128055254854 0.008372787312757868 -0.02880792308750009 4.99523833464406
5.686778168011687 4.38024737487173 0.008775529312848201 -0.02868780377232356 5.009247564034457
3.5388669123232233 3.72721866000311 0.005981213441379135 -0.029397705450743352 4.913107811113961
4.437347882132525 2.658635329803654 0.00608699442047695 -0.029375985071569643 4.916707410320331
2.6979374945587535 5.665432364768761 0.0069055925451912085 -0.0291943965787923 4.944658221189417
1.9141400804305198 6.844584337734479 0.008775944403377488 -0.02868767679385745 5.009262033299906
6.261256169790142 4.774500090278097 0.008382585155014248 -0.028805073617662127 4.995578460751787
6.691444979326871 4.538512281587848 0.007554326021796403 -0.029033293963248635 4.966939944209459
4.576105436440946 3.922980696073247 0.006935552975651178 -0.029187293552536454 4.945684585029261
2.259053762584759 4.536952139404127 0.007684961321752248 -0.028998989111401315 4.971442096197165
1.9796493074854904 0.45610702791570035 0.008697666827331887 -0.0287115062607438 5.006534554497824
5.030837377674296 3.402980785408608 0.007237810292466809 -0.029113812910202288 4.95605332851131
3.4139902297461684 3.2247555416517795 0.0063116204488071655 -0.02932854321834276 4.924360139628195
2.423019412335791 6.41365556095421 0.007548310075980936 -0.029034858618509657 4.966732741275442
1.5869389967798455 2.4060692551917455 0.007825289034780403 -0.028961437317960335 4.976284277233004
4.522665699668097 3.9173687643914756 0.006600619766231348 -0.029264856375892843 4.934224628663573
2.359057996416884 1.7352389159024986 0.007890344875999789 -0.028943780985520598 4.978531253092994
3.3774666530806097 6.195902826498012 0.009876723529443956 -0.02832755429476622 5.047870747621658
4.928191233407736 5.488582812444671 0.008869124768899287 -0.02865900601614957 5.012511751642868
2.1374251124136783 2.2181513141030575 0.007875203685239274 -0.028947904361386747 4.978008166217061
6.066376638575204 4.044693681808263 0.006408789752329587 -0.0293074634506372 4.927674458596842
3.9824931276121447 2.4222447567886314 0.008812714885026718 -0.028676402430486785 5.010544036850222
1.8878696724958113 5.673075360794213 0.009122238081908983 -0.028579446677235887 5.02135586434178
2.244444776310353 3.8104371998108437 0.006415225946060907 -0.029306055279770885 4.927894073247007
5.845735000617303 5.507029689239468 0.006876639510129085 -0.029201229923544857 4.94366660471319
4.635140714193439 4.6362581056750525 0.008619323693048464 -0.028735122395327523 5.003807045937339
6.661124927194869 3.886542089585481 0.0059352377706755775 -0.029407022164876638 4.911544138831138
5.425638801785114 2.972095323308952 0.008137970001346435 -0.028875135398075374 4.987096740890467
1.0863509891107537 4.293814164195524 0.005730534435659218 -0.029447597102000084 4.904587930053674
6.440563038350185 1.945241512869247 0.008138279064140067 -0.028875048292153198 4.987107444329794
5.504805987486719 4.721002052888508 0.008087378505298596 -0.028889345941229515 4.985345094136643
3.1434479181770487 5.306852890408367 0.007546380506076877 -0.029035360188182664 4.966666284838976
1.9839591901190479 0.3276170493146708 0.009715214692375651 -0.028383350814888793 5.042174897763253
5.8892264805221615 3.529284799611625 0.006744780458559315 -0.029231967716283423 4.939153456945095
2.1536353143019564 4.9287798323939525 0.005907707202331942 -0.029412565267441654 4.910608036844197
0.10252492644175053 3.6950461119523412 0.0068913729825466384 -0.029197756393521512 4.944171184433973
6.498244489459497 2.7138780424421536 0.008431210540111811 -0.028790878569927444 4.997266960436157
5.534762679801591 1.7199737826268784 0.007351235177885853 -0.029085380199670993 4.959951140001587
0.23293799990170136 4.034407655376998 0.006476236653260285 -0.029292633183293167 4.929976395795651
3.5393718192039287 5.708916980177064 0.00963980749876618 -0.028409049814922205 5.039519361161182
2.7672407548880615 5.081360473957543 0.005861788099647656 -0.02942175114222179 4.909047073917708
6.721923912042417 6.330853098072358 0.008582300878004061 -0.028746201690647944 5.00251887763177
5.414010535824117 5.2721562047547135 0.009083273397747685 -0.028591854511062574 5.019992779111311
5.409368814159662 1.8312743788014734 0.006947015808491572 -0.029184567349141363 4.946077337033941
0.12772903631521126 3.5302203084750454 0.008065664127781369 -0.02889541593709668 4.984593533490227
1.0119555060997936 2.7401607648061717 0.005597721480879414 -0.029473132073508938 4.900079746543374
6.875439615818865 2.564540739574554 0.007233603581356709 -0.029114858392713907 4.955908839172686
2.6233484732585697 1.997526178094357 0.006968704160788458 -0.029179396195250677 4.946820547398058
1.7616267436769248 6.8253179454460255 0.008695216619052884 -0.028712248395897984 5.00644921670366
1.9756185074361452 4.279444219696434 0.006817344499985572 -0.029215129881082446 4.941636523072438
5.776308840650346 3.560887632740606 0.006204784690616392 -0.029351331263557576 4.920718835310878
3.8172896641431593 1.846097650850138 0.00727541253922609 -0.029104439049465834 4.957345096651533
0.9330195981695748 3.3316808784168312 0.007066925655166246 -0.029155763783244523 4.950188032859486
5.566423762252158 4.752039287392365 0.008682390609233847 -0.02871612949735197 5.0060025382469
4.972699628594361 2.570952226328264 0.008414634216008505 -0.028795727652045515 4.996691259774736
2.380267875886648 4.390302984370951 0.005935478245428182 -0.029406973628682852 4.911552316298061
5.7306422768012935 6.641939422127527 0.007284063595914919 -0.02910227512636541 4.957642349528546
1.633983011013547 5.09169048897171 0.005657598681056453 -0.029461696780126365 4.902111725959935
2.8887100581831744 1.826917293087624 0.006725191440574594 -0.029236480637854178 4.938483385554347
6.127673255324513 6.253678366040508 0.008718326545360032 -0.02870523963057042 5.007254195320926
6.244677016317032 5.419012314242199 0.00941074156324268 -0.02848574982741119 5.031467142003147
2.165513806690431 3.4374955742907005 0.00750145519304083 -0.029046999328447003 4.965119333081133
3.417764333855079 1.5551139876242193 0.005481553800267728 -0.029494958347737507 4.896139733241183
1.1639380854996255 1.3039266454944445 0.007508870350856108 -0.029045083337013066 4.965374622870542
3.3426067614568704 4.547582719188716 0.007965842574167336 -0.028923093750212528 4.9811406096782695
3.368796099721975 1.5876238597308099 0.006687292331678918 -0.029245172614820864 4.937187283221999
6.137005124715661 4.206916065835405 0.008066879613700003 -0.028895076627309214 4.984635598745758
3.251758248155713 5.24669930542063 0.007662836541130172 -0.029004843322175008 4.970679223172373
2.1598835024849743 2.0075802971977295 0.007630830437169009 -0.029013280180620306 4.969575909284158
6.794241654168147 4.298465411464542 0.008221338124068183 -0.028851509483036466 4.989985114705846
3.0116016801208656 2.590297457462782 0.007301982561813863 -0.029097784291367723 4.958258120904453
3.6634161197210124 1.9743670509674636 0.005717969403623518 -0.029450039488924717 4.904161256503686
6.153072363590129 3.3008466954585765 0.008558494346020356 -0.028753298498244293 5.001690817194891
2.928948276810457 6.3086001243884295 0.008824205578457246 -0.028672868637601018 5.010944763592262
1.4268966745809948 3.788157925755449 0.007443225685647102 -0.029061975008462915 4.9631151852341695
0.22854653564682118 4.38036846422387 0.0073502618609862696 -0.029085626185023604 4.95991767601463
0.9678859529802744 3.547299656448545 0.006897756462363955 -0.029196249001985104 4.944389819197889
3.061272320324323 4.417805853386425 0.0057540184428618996 -0.029443017368456056 4.905385476697364
0.1470637357800063 2.029434565339359 0.0068956181763477785 -0.029196754099831405 4.944316581450158
0.47565399686017573 6.052698260919832 0.009907076066513431 -0.02831695329325379 5.04894243260779
4.521244644297717 4.189350511993095 0.007514756490456131 -0.02904356098843851 4.965577283464476
2.2614237400155526 1.6213944388478851 0.0072427488087565915 -0.0291125847305466 4.956222960035088
1.3897272124021713 6.664547994634371 0.0076219398700880635 -0.02901561704697596 4.969269490674253
1.6931911595564115 3.6809413284969974 0.007455037256905609 -0.029058947322608733 4.9635216333985195
5.35410121639352 4.015710865628348 0.007880920180138097 -0.02894634859726339 4.978205646781646
0.26400082290318344 5.271009939338252 0.008257613002360184 -0.028841148165481414 4.991242636026243
4.084772744749824 6.76715681329176 0.008581795631373996 -0.028746352529344137 5.002501301559985
5.7055102040738355 1.688950120493405 0.006423206373859143 -0.029304307189879364 4.928166394639083
1.3032179506123749 0.5168664221930713 0.009147220416684934 -0.028571460562046565 5.022230122840605
1.57928863315344 2.720577767978658 0.007275623731644396 -0.029104386255606438 4.957352353022614
1.1195372562285761 3.1289156196429926 0.006440583547637534 -0.029300492889470318 4.9287594236485015
6.150362828017592 2.8702120055917044 0.008094179538060098 -0.028887441174421265 4.985580518536982
5.867759786907509 3.8753285619376503 0.006399499638453758 -0.02930949341727745 4.927357481589012
6.0628715741113215 0.6074349480947319 0.0074244808141022385 -0.029066769422160205 4.962470241976622
6.44800959677527 2.8419654817845106 0.008037686365648779 -0.028903210857748378 4.9836254219104585
5.104260744713706 2.4386138294090296 0.008280312038564736 -0.028834639455765695 4.99202976129904
5.34415718817745 6.118825533100837 0.008901703122664889 -0.028648903670401387 5.0136487098894476
0.3210874657283269 3.3840264013959755 0.005813288962977244 -0.029431372231564855 4.907398932819608
4.908576825689773 2.8144893514642773 0.006293288437639451 -0.02933248234706148 4.923735124623965
6.010998236979131 4.790483779738458 0.007278366546968718 -0.029103700459013223 4.957446594750082
4.851595818320964 4.626661149726138 0.006201574929923708 -0.029352009614139567 4.920609480012134
5.596725575091828 3.45761697738302 0.006311310447291529 -0.02932860993020141 4.924349569680661
6.993305906783663 1.0106153635410886 0.006795932023088628 -0.02922011820540017 4.940903661430201
2.0574745974839606 4.876183697466207 0.007204160322373301 -0.029122157784915975 4.954897686527606
5.478083997489476 5.295899620410888 0.009190634490655273 -0.028557525061867275 5.0237499840857875
4.010977146723538 6.070113334587976 0.010801315876859311 -0.02798806129992406 5.080703889043567
6.651665009964832 3.928705165572534 0.007485025586992095 -0.02905123735681621 4.964553752900111
0.17712347783584104 1.9702171860388278 0.008071604121941392 -0.028893757230562082 4.984799108126912
6.022295622530192 3.8207588836095017 0.006405314998066722 -0.029308223074344535 4.927555898038575
6.8381232075280955 0.27828107859666645 0.005644479431597195 -0.02946421307189921 4.901666446480147
6.001461477386482 4.308477974156368 0.006980103028067283 -0.029176671532537186 4.947211213444545
5.081314109533273 0.9270711926914637 0.009364099150738818 -0.028501116593830714 5.029830189315004
5.6921193400100485 3.125298617105739 0.008869178125818495 -0.028658989503688063 5.012513613428812
6.142450074959904 1.1681757767201344 0.007640220152618012 -0.029010808951484435 4.969899558151636
3.6290961196749163 4.228662003751842 0.006955543994817045 -0.029182536005908817 4.946369562817802
1.627566997010004 3.925110622084599 0.0065399937789838245 -0.029278464464019504 4.932153479821804
6.77299672957042 5.938604153906761 0.008829845943669595 -0.02867113218223273 5.011141483915697
1.1661567288419834 4.278972563545271 0.007030254881508098 -0.029164627827233308 4.9489304703564665
4.6189968946831454 4.846193182953984 0.007828058627049748 -0.02896068884076261 4.976379908814609
4.247682725641365 5.6894728183300876 0.010207809292264903 -0.02820993848722025 5.059582691747404
0.01860058432788988 0.5474172972665682 0.006253857086947187 -0.029340914633597236 4.922391028430971
2.0475984249500163 4.630303252462164 0.006296362513023858 -0.029331822635229945 4.923839926867255
1.4225657256488091 5.9434816830935935 0.008307268052804505 -0.02882688497737578 4.99296473527141
1.7458379397859254 3.6484880721850073 0.005922519041821458 -0.02940958633165829 4.911111651172261
5.855875595639032 5.867806189810034 0.00766275170159356 -0.029004865735936875 4.97067629816075
6.343686292543104 5.208706333499415 0.008270771473125226 -0.028837377468128717 4.991698905335911
5.755960526204887 3.294188313383314 0.006158506286458295 -0.029361076279994465 4.9191423918806
6.738971078312259 6.272783134225152 0.009158927825266743 -0.02856770976279958 5.0226399085743285
2.3424411016692748 2.1316485825568265 0.008632912391409708 -0.028731042856851623 5.004279974591908
4.807824377530627 0.07925259980504865 0.008819002024655354 -0.028674469538059893 5.010763288603077
3.276534648098546 2.695373870504954 0.006228660379333437 -0.029346273867033302 4.921532350184174
6.217027989549743 6.143532543743674 0.009644649614719 -0.02840740631964313 5.03968980881915
1.454558960688862 2.2931994708387693 0.00702290223564603 -0.029166399232482536 4.948678369675449
1.9732501169497954 1.585505223643075 0.007947900325599774 -0.02892802932130585 4.980520319283212
6.553201741941291 2.995074842109364 0.007410606819477416 -0.029070309708826885 4.9619929564105485
4.567289448575413 2.590370975232502 0.006111720932128833 -0.02937085063881838 4.9175492091982695
5.168640303381126 1.7968408714528037 0.008953174060263283 -0.028632860043080372 5.015445823679562
6.524981554234635 3.509077907630549 0.005943555510392864 -0.029405342165920778 4.9118269956676714