300

3.6752931329270284 2.5360324059209876 0.006478653747474148 -0.029292098689242787 4.930058911978119
1.462451250019917 6.016146570455594 0.008103641298937174 -0.02888478834435454 4.985908072480158
0.05133637653883273 2.1595576588796748 0.008778559355458243 -0.028686876714670358 5.009353187022908
1.4237391786984455 1.8172414512799215 0.00904576489821771 -0.0286037434159617 5.018681192362946
5.129036064749263 4.668497944729687 0.009782801658822875 -0.028360126792807756 5.044557089949372
3.9149652557272523 1.5100875617354488 0.007170338495146718 -0.029130503700846248 4.953736475260568
4.908319470232251 2.5107429636447547 0.006882290213505753 -0.02919989865422623 4.943860118211871
4.646999715254848 2.6925249426212026 0.0066512783083252135 -0.029253384366004602 4.935956004343938
1.3078573523517725 5.5285893317756925 0.0076343732224101735 -0.029012348155586207 4.969698020335372
5.327154495533312 3.712065054615015 0.009369355534299025 -0.028499389061379898 5.030014622189235
5.192080422122791 2.1602700758235196 0.008494356005917983 -0.028772311621500363 4.999460912517942
6.143507209981273 5.626971093627175 0.007642159914823649 -0.029010298030807312 4.9699664221708115
1.0898814358443325 6.889576987697235 0.007133584418354448 -0.02913952596296327 4.952474966655541
3.9755979306791582 3.929942419745412 0.008882253334230332 -0.028654939813347262 5.012969879761999
1.6826344513821212 4.523996754841961 0.00845454996768501 -0.028784033505468223 4.998077710308052
1.5895679096258002 4.196035276366512 0.0076225533869115165 -0.029015455878956712 4.969290635098869
5.3051021945146815 1.7250815533341728 0.007705604159130436 -0.028993510731589435 4.972154010205433
6.8593731770337225 1.516000917652167 0.006326433807771798 -0.029325351409247972 4.924865250456512
5.98946333397196 3.1200971484815962 0.006798464168369095 -0.029219529170597554 4.940990319902405
4.086119037893559 2.338721450634984 0.00740275955772016 -0.02907230900583204 4.961723024925415
5.524989818276534 6.5632675025379745 0.009225054335886605 -0.028546424863718743 5.024955499329751
5.827204294429159 6.577552688113005 0.008329263834429041 -0.02882053719097672 4.99372784937885
0.776654709540198 3.876122136800329 0.008036340702215757 -0.028903585039193845 4.98357886463594
0.5155895640508352 6.740917275757988 0.006970256689541556 -0.02917902537237838 4.946873754071955
5.447293555646738 6.300919751634935 0.009394865490033712 -0.028490989846338678 5.030909859403652
3.1283985426699634 2.007790836541625 0.009048309225997543 -0.028602938662849447 5.018770144481325
1.736925283422911 4.345439751709435 0.007196280840367563 -0.029124105858662146 4.954627129020059
3.377643591360159 1.8025751890586694 0.006772595673584733 -0.029225535886312527 4.940105095698448
4.544919338807508 3.394316552511047 0.00691008575706652 -0.029193333397027246 4.944812130644992
4.759890209929008 3.2359281866436485 0.008871952711892162 -0.028658130697551597 5.012610428693144
1.0298368942114235 1.6140587824967274 0.008976475327338347 -0.028625563587424543 5.016259721943305
2.765489392360883 4.634422181505649 0.007093553252435907 -0.02914929677118911 4.9511014216859515
4.952745288259106 2.2222293334886576 0.007250237655631938 -0.029110720601470116 4.956480205713303
5.417916683217441 3.538393204847007 0.007434102958563729 -0.029064309955708117 4.962801291889219
0.930395084087604 3.843715758462489 0.009597116189742223 -0.028423500151117696 5.038017007280538
5.427991227768709 2.1509309967890804 0.00628775188874566 -0.029333669667901685 4.923546376983726
0.011676161146395279 2.327921456079614 0.007069463965620946 -0.029155148417368534 4.950275094109509
1.6548878867653296 1.4647873153885855 0.007530465660131068 -0.029039491850609004 4.9661182043880165
4.62535263287531 6.038662943311746 0.007801458643493988 -0.02896786569690375 4.9754615367993384
5.155743961227537 4.891404492436081 0.0075901695120694345 -0.029023944025201875 4.968174707934393
3.0288409213493552 0.4009398051930019 0.007300049127227431 -0.029098269411428335 4.9581916753480035
0.9221473948289676 4.740602603162986 0.008950529532490618 -0.028633686823181067 5.015353465124157
5.484991801517535 1.6416355539342684 0.008493153977525198 -0.028772666465137497 4.999419135513846
3.6028740576570955 5.349956929920821 0.007146275536711103 -0.02913641614806811 4.952910519224793
6.513264604048239 1.974333612418359 0.008295893287745654 -0.028830160501778977 4.992570168924253
0.11992489704970136 6.54373001129499 0.007524714302274055 -0.029040982673958403 4.9659201564937705
6.027123860153867 1.7854697376834452 0.007635464769875724 -0.02901206090142489 4.969735644069354
0.6715144007395197 0.6065046651261213 0.007414492436035006 -0.02906931891042478 4.962126621404429
0.971045590570566 3.4590854821774637 0.007005393827746549 -0.029170609478003207 4.9480781192422905
5.1662874595486805 6.162251521679156 0.007974017159549228 -0.028920841107049677 4.9814232524600115
0.7813622199487198 4.535934318975084 0.009367515244391953 -0.02849999400256225 5.029950049914676
3.8695455880541743 6.530390758928832 0.008079257320075183 -0.0288916181816805 4.98506399169077
0.7409947980552265 1.1407915405615188 0.007273314161784425 -0.02910496351318768 4.957272999108924
6.762753540108389 4.241067420610609 0.008882309753251919 -0.02865492232492152 5.012971848673439
5.35234949644715 5.142418556087356 0.009843672051123489 -0.02833905645129933 5.046704223838523
1.4527602330315657 2.049485379981447 0.008330846463572024 -0.028820079757009513 4.99378276305696
3.425158444938818 1.965298919540358 0.007760963707942277 -0.02897874121358626 4.974063873290856
4.990177107353116 5.430110173159416 0.007956941692955681 -0.028925543709581388 4.980832879659646
3.519941532813175 4.234443601704843 0.009465665673787592 -0.028467545966452384 5.033395883536105
6.753363920366907 5.117518885862482 0.009093808885605653 -0.028588505381570397 5.020361279336162
4.6764220674004875 0.8799195049643265 0.007147097891682383 -0.029136214437134916 4.95293874362321
0.2682886512554364 0.4991669071121744 0.006652598410580145 -0.029253084185903312 4.936001131055133
6.262177574713806 1.7331726032705153 0.008879211399065596 -0.02865588255368701 5.012863724064481
5.341895985371946 2.245936019697574 0.007775255529073937 -0.02897490986107817 4.974557088837312
5.334865362009196 5.247899072717386 0.009423639480773242 -0.028481485546516208 5.031919960793651
4.8866345665226 5.965463718933629 0.00969986011002369 -0.02838860182971277 5.0416339763658975
0.17646078402794582 3.3156026040772146 0.009779164626056857 -0.028361381123218912 5.044428848197885
1.780286139998129 6.18072944026872 0.00896384894369668 -0.02862951994209103 5.01581866474249
3.2018839930002354 4.07787512883517 0.006920032839969065 -0.029190977124682715 4.945152875708775
5.267886405175685 3.8063604459694758 0.007612916196862872 -0.029017985922174937 4.968958509701479
0.8863065473978986 0.9837622990680732 0.008530033413925078 -0.02876175463975245 5.000701130905149
1.8188894285296868 1.684853128912674 0.008810769118554919 -0.02867700032324718 5.010476185027047
2.3591369728114477 5.104645416852137 0.008040360841256478 -0.028902466980214498 4.983717955229185
4.293602852043029 3.221890707343798 0.006509723687982895 -0.02928520953495321 4.931119730186977
2.3500245036791267 2.904219284134468 0.006758973941888553 -0.02922868918122863 4.939639030792657
4.796366011903503 2.95915586170363 0.007447140798479758 -0.029060972005898533 4.963249903552074
5.961005438083626 1.9399278301646752 0.005963559975956721 -0.02940129167933217 4.912507342883085
1.70886744520859 4.303886715779664 0.009138473428031972 -0.028574259455061184 5.0219239935773095
0.469346338154205 3.8251271510962366 0.00875343094606555 -0.028694554303429456 5.008477349409919
5.551870865969606 6.7988854881536795 0.008294650267509123 -0.02883051815246668 4.992527053918833
4.351496859086117 4.340226151118248 0.008947184292743007 -0.028634732288458586 5.01523663844042
4.742993977966552 4.929217783523107 0.00982251370277423 -0.028346397029584067 5.045957706131866
1.2365612692823416 6.368131885429854 0.007096555725613182 -0.02914856594814343 4.951204426257116
5.022571918316143 2.3207395787325718 0.00858884274377493 -0.028744247777993854 5.002746458588367
2.134044598201978 1.1457040518527108 0.00862375103816045 -0.028733794006915035 5.003961123841723
0.13465414102329967 5.562687037660747 0.00991026697639285 -0.028315836707690934 5.049055120323723
6.092476173430289 1.273671209134803 0.008818203463014325 -0.02867471512822546 5.010735439501277
2.0340273128807387 5.010327391225065 0.006905888795096546 -0.029194326502760087 4.9446683686935815
1.4120868413452 0.9787635966787842 0.0087716955981174 -0.028688976216204854 5.009113931065654
4.968683798562204 3.0149009302898495 0.008037183728035668 -0.02890335063140256 4.983608031579667
5.422520743842626 2.864960937978387 0.008555184418859536 -0.028754283499320635 5.00157570447263
1.737045368956721 3.9095109624316495 0.009193751611713596 -0.028556521694739254 5.023859138356313
6.936390579520711 0.10251920784857174 0.007154865900558942 -0.029134307850797122 4.953205362439227
4.4157490077325425 6.460985173902536 0.010192446331141771 -0.02821549286804671 5.059038151444406
5.400843689846645 6.210193106944071 0.007301776080100474 -0.029097836106419882 4.958251024778938
1.3742180785420972 2.498015296855121 0.008659769072782333 -0.028722959450691747 5.005214867839997
3.9181561013930897 1.5470252460695701 0.005708172087146257 -0.029451940028180218 4.903828591405935
0.8681598289152535 4.417343352760947 0.007867810778319028 -0.02894991456907199 4.977752788483785
4.103915735513005 5.077884211149283 0.007095553045423507 -0.029148810043972313 4.951170027446793
0.7223171497019184 1.6541241947628658 0.008072674085989561 -0.02889345830982149 4.98483613929507
2.8268695707801657 1.5349699910414805 0.008530527450219278 -0.028761608116046906 5.000718307797129
2.536914488663677 2.607983159086719 0.00738993920627271 -0.02907557047639123 4.961282068132015
2.871918231788429 5.872506018362068 0.00815091166272561 -0.0288714848781015 4.987544963179516
2.5561439252552685 5.522136453329932 0.008370262541312207 -0.02880865677169808 4.995150694195765
3.7875414437898764 3.0086842617118936 0.005951239061503075 -0.029403788083048756 4.9120883003676035
4.306407236866911 5.3097647976555775 0.007213070059196381 -0.02911995227195822 4.955203641677407
5.528200860888559 5.225545472206615 0.008470352630520777 -0.028779387177537846 4.998626762544743
4.816740011189422 4.347788158234463 0.009710180442476003 -0.028385073467837925 5.041997536846509
1.0049039406439093 3.2732294341488406 0.008823860090206982 -0.028672974960900943 5.010932714305738
4.859466020825763 1.360964238651544 0.008705724042924686 -0.028709064228714297 5.00681519314252
4.172561231120915 1.915375434958273 0.007973380485471929 -0.02892101664246773 4.9814012381574955
1.981787185818497 0.5877015500890561 0.008022182628410016 -0.028907517808978975 4.983089059985097
3.06553301581737 4.095046109858152 0.00786319969687075 -0.028951167343081896 4.977593514035493
0.35628283608499706 2.043728192547694 0.008386449911248366 -0.028803948650942324 4.995712632660149
3.320366118026217 2.316529849163066 0.008059329988071646 -0.02889718325621667 4.9843743310396444
4.123714451369869 4.2515426611431515 0.01007907050198657 -0.028256191141340762 5.055022840804507
1.458678848693759 6.119867381610807 0.0077557207342482766 -0.028980144856303798 4.973882952847583
2.302760360324239 4.144789185396412 0.007755068592612247 -0.0289803193758088 4.973860449865778
2.9232239013356636 2.1581475016595935 0.008961942988331343 -0.02863011662347708 5.015752092354715
2.0955079330719992 3.7389675807443647 0.008100432586549817 -0.028885688357918042 4.985796987629652
0.3816771353655751 1.7691387122649447 0.006487429137617244 -0.029290156421302956 4.9303585040665725
2.276841879412003 3.8820218456000215 0.007229489717553234 -0.029115880176010342 4.95576754390844
4.974550477301457 1.304051010594797 0.006709115268357355 -0.029240173944692843 4.937933553422978
1.860667389712722 4.331156368632231 0.00697856949875724 -0.029177038364971437 4.947158653656576
4.626108543566805 1.5844703537384028 0.008258253180699325 -0.02884096486602814 4.9912648327976665
2.393898695532482 5.629432809844434 0.00921117408106714 -0.028550906676466106 5.024469303069028
5.0425751475983205 1.8160888777442687 0.007138991157596304 -0.02913820181911989 4.952660517445941
3.9315007036567153 3.551689799151252 0.0062570754929560605 -0.029340228463245622 4.9225007197503885
4.890433422801149 4.168599965929191 0.007468647212833761 -0.029055452307789505 4.963990018369056
5.822131846948011 2.4110535080611166 0.008588339630861301 -0.02874439810441292 5.002728955552563
4.101001900984843 4.1023150941210815 0.00873489048957432 -0.02870020362532545 5.007831281493078
4.65270403871012 0.301772519013455 0.007264353037896639 -0.029107201427495597 4.956965121062261
4.870860186762621 0.6899611247021321 0.008926845130300844 -0.028641079519103746 5.014526420254232
4.3162787274051455 4.431032220057099 0.008157227336316204 -0.02886970111005058 4.987763721192789
4.299064911033476 3.0862762965436863 0.007477982127811782 -0.029053051187373204 4.964311310928191
5.170738409967389 5.659192153218023 0.009357715043450454 -0.028503213312985977 5.029606202566204
0.00878914430184404 0.2705700459472821 0.0083534614027961 -0.02881353297657189 4.9945675459983985
1.4188808853937633 4.517406443469626 0.0071993106931613 -0.029123357044532713 4.954731162831662
4.803115754794547 4.02096850582515 0.007836677319145377 -0.02895835783665214 4.976677520482149
4.029479084534069 0.5984911807514235 0.006428547976885721 -0.029303135854527217 4.9283486787564
5.291816264487572 4.015125670904637 0.0069491133309268404 -0.029184067980902437 4.946149208593813
0.7485677420653456 1.779111600295463 0.006284693447537019 -0.029334325086329924 4.923442114302901
1.858848488024162 2.458150668911325 0.00650178254107962 -0.02928697361948674 4.930848572568226
5.041116662920741 0.3600128215701331 0.007966450876107476 -0.028922926208089082 4.981161641442963
3.6174350832031488 2.53703301775614 0.00785395562643296 -0.02895367646807607 4.977274229162213
3.6645532579435898 2.9166631392233815 0.006122579526027184 -0.02936858900164379 4.917918929912022
1.0582966669037857 3.2199869215750425 0.008568577912393821 -0.02875029517342799 5.002041528015772
1.3859953166226038 0.9352416778297349 0.009462648257257985 -0.028468549101761623 5.033289890438997
5.426416464180403 5.165978429049615 0.010320197954902872 -0.028169016918799607 5.063569587671857
5.244197084328077 5.645592209668694 0.010183954159480311 -0.028218559099954122 5.058737192314192
5.033217976859503 2.291475837618309 0.0065775560926143286 -0.02927004878452566 4.933436597236503
1.456281558494486 2.069584640673062 0.009451007205434318 -0.02847241582308794 5.032881009006205
3.9603382361485306 5.4193494773636175 0.008529132793609109 -0.028762021726383938 5.000669817929097
3.022796299148096 6.482969685462148 0.008671003844153669 -0.028719569849401855 5.005606033457701
6.098362872992976 5.218137207811441 0.008984936559524087 -0.028622908919628126 5.016555318725318
3.758214513173732 1.258325347004182 0.007918598368414064 -0.028936064001169028 4.979507533875248
1.0536423354121234 1.0086925839886196 0.007324799822044612 -0.029092048871933635 4.959042356150404
1.9596455024573496 6.69682321358589 0.01000904856118062 -0.028281070469484144 5.0525458228871685
3.4793746216196078 2.260577076276129 0.00881698265349223 -0.028675090529726617 5.010692865354498
1.16333352982817 0.27350254440011684 0.00888968859850002 -0.028652634025891906 5.013229366029864
4.343119254607891 2.2567758380748124 0.008352960255039983 -0.028813678261855467 4.99455015325128
4.782207385255966 5.975410472466755 0.007566739506536752 -0.029030061199388058 4.967367528337743
3.2892306094416823 1.7269657990030927 0.006886819675669136 -0.02919883070869134 4.944015240153863
4.412899721392842 1.9429889309587354 0.005691066565841993 -0.02945525014905077 4.903247829676441
2.2526882765725658 1.2856286868736257 0.00983602716026708 -0.028341710775859813 5.046434471286323
3.1435659485506497 0.21482480146553334 0.008110784797994437 -0.02888278327932788 4.986155391133861
1.410747556508994 3.2245674862754834 0.0076403982005947635 -0.029010762060593102 4.969905695454493
0.616316537238428 4.400191855916745 0.009799698721079967 -0.02835429253175017 5.045152954703287
4.964007373870436 2.330868332427943 0.0063539571239685354 -0.02931940021328488 4.9258038958907395
5.400971603074134 2.096506756482459 0.0069199408098461306 -0.029190998941252867 4.945149723019224
3.334006213627519 1.4944791525505348 0.008683399572991024 -0.028715824415394716 5.006037674218719
0.9695614754128588 2.095296245505683 0.007524952329936254 -0.02904092099834623 4.965928352769964
0.6706301805470996 5.008430383936935 0.008080130608293499 -0.02889137396097525 4.985094218170427
3.740502512108758 0.9602975132185873 0.007279908298485844 -0.029103314848409226 4.957499569516393
2.079443365775772 0.7659832353017261 0.009660490428222372 -0.02840202324987119 5.040247491345198
1.1316819266098619 3.9718321800045464 0.007730681601313758 -0.02898683428695015 4.973019042678473
0.2675580962741988 6.954458511662386 0.007266739156790861 -0.029106605814267703 4.957047098826847
3.263270088060715 1.48396484956642 0.007057255262002593 -0.029158106045608253 4.949856365861449
1.0352114534225807 6.283312655743429 0.0074976398704403036 -0.029047984377116146 4.964987985334678
2.109225238406532 3.76029045552871 0.009085100295648171 -0.028591274064266765 5.020056675506817
3.6851757472513027 3.0588250061160718 0.007720243083352939 -0.0289896161881102 4.972658947579084
0.808472545660173 6.763787537599356 0.006611885220690138 -0.0292623132002311 4.934609593608958
4.789353432354869 1.6062706410752985 0.007301135627742193 -0.029097996813274164 4.9582290145309145
2.6557882163093813 6.969367281799261 0.00989139187568832 -0.02832243574909416 5.0483886063505015
0.5828612847242103 3.2266585301248365 0.009371322038905144 -0.028498742485294513 5.030083624612717
0.9709043117347542 1.3727640032262358 0.006848600478070373 -0.02920781867055077 4.942706512721288
4.542320051977605 3.061188760218929 0.006752304878883663 -0.029230230563965856 4.93941086841795
3.379904912807333 2.204623991362245 0.008108748954341603 -0.02888335490200998 4.986084905423164
5.353092079229246 1.439904983288708 0.00860091139809076 -0.0287406388781146 5.003166348226864
4.156030216909669 0.5360048049504137 0.00798393651940317 -0.028918104323315184 4.981766251789715
6.776020971563265 1.845503590825856 0.006899582723820509 -0.029195817478487523 4.944452370895956
5.136664970562177 6.499482925971418 0.008462460550437591 -0.028781708799727086 4.998352546778008
4.2358345645270985 2.28465275319027 0.007216198468644311 -0.02911917718035892 4.955311074926302
1.8714068934813413 2.870540786092861 0.008835292679988315 -0.028669454184880202 5.0113314623113645
0.692005414371029 4.884346159081478 0.009373567722728644 -0.028498003932686578 5.030162425034266
4.6118434652326545 1.0908111991317988 0.00838428632121555 -0.02880457850557577 4.995637519126143
0.8475355580102248 2.4814193932656483 0.0065469619969265504 -0.02927690708751181 4.932391484217479
5.809177797101484 1.2520365694204079 0.008509712526889087 -0.028767773509774906 4.999994680258169
5.21415248116739 0.2738683609847284 0.007958263272152988 -0.028925180132388126 4.980878568947846
4.2000450503292805 6.2657591375326485 0.010071825352901704 -0.028258774461406608 5.0547664432656285
5.950945006569847 1.5946740189296331 0.008241085669466408 -0.028845875042863848 4.990669636016106
2.261285109389021 3.2701069702452306 0.008173703536984517 -0.028865040628578486 4.988334476329986
1.480456386749797 2.6403122511481953 0.009063308340243494 -0.028598189486918096 5.019294578679997
5.371882922792699 3.870892669546106 0.008980177135611667 -0.0286244025022888 5.016389042832765
4.157410759365761 2.839297250817109 0.005742449422918065 -0.029445275930533032 4.904992562617268
4.103820975003931 6.3853672555045975 0.009781099861200494 -0.028360713769318705 5.044497083870301
5.849362017489882 1.0913893498508018 0.008495222719405641 -0.028772055730303562 4.999491035830699
6.710536229556998 0.29352312275785103 0.008586611017124608 -0.028744914528322993 5.002668818679917
5.612979876940939 0.13045591655771827 0.00820899580804627 -0.028855023615022023 4.989557353231673
1.2986176416463209 6.543960645066704 0.007441475893322752 -0.029062423101474114 4.963054976702788
0.4733039503394677 4.3837810413910825 0.008235177362726635 -0.028847562354632927 4.990464818727151
0.6943669945721838 1.8397048431924485 0.007309836067445992 -0.02909581235619768 4.958528030517774
4.471649110183834 1.1149630897268323 0.007190798853843025 -0.0291254598563451 4.9544389049040145
2.5146745491220965 6.3996096919078305 0.00921636541561074 -0.028549231312347698 5.024651135712946
6.632975082898658 0.8860631579860736 0.00711718899292978 -0.029143534803433145 4.951912352929473
4.283198918681378 2.312562172324036 0.0075649178500369774 -0.029030535956509517 4.967304778156436
3.6707672407033765 0.12514361053510578 0.007210426327520624 -0.0291206070021797 4.95511285506042
1.1018659393796788 1.9511012529017953 0.008956348888667476 -0.028631867116631862 5.0155567061916555
4.4206385889169955 4.19394992037174 0.009193177671933539 -0.028556706467873054 5.023839040042892
0.31171105958200074 2.63963203392503 0.007404158727195796 -0.029071952695725312 4.961771152442539
1.5619009885328485 6.373545569773485 0.009567957132697584 -0.028433328969835053 5.0369913062367395
4.7999502748165135 3.8009565762642414 0.00673188691570659 -0.02923493968788269 4.938712402570367
4.958122405092745 2.9782635974019365 0.008694647741861636 -0.028712420668500598 5.0064294037138595
0.8769323882255696 0.9958583526061237 0.007502141153980036 -0.029046822168797726 4.9651429487057035
2.103694535343434 6.105189423738394 0.009662003832379291 -0.028401508444853556 5.040300776910775
6.820980071001589 5.845609153938609 0.010888529922326747 -0.02795424683533067 5.083821886055751
2.085401580507663 2.114495675978898 0.008450046074856226 -0.028785356022338976 4.997921241988463
2.0604607125166488 6.139300867515221 0.009103792605261538 -0.028585327708465846 5.020710520204399
4.855869736274008 1.7679535619437239 0.007354160820090531 -0.029084640596580273 4.960051729348546
1.9807728698042517 2.8103332478296803 0.00693429249757523 -0.029187593041531738 4.945641399401012
0.8290593122849819 6.553060210995863 0.006466246189442108 -0.029294840163713563 4.929635351434097
5.499166524395562 1.8549778797441991 0.006749335735021418 -0.02923091628970879 4.939309291763385
1.664354155657013 0.12920067855256634 0.00912487455314773 -0.028578605011254782 5.021448116304855
2.3575601408422155 6.526149501941156 0.008606458038031181 -0.028738978409811444 5.003359343246139
4.860251979082835 0.8578385779346585 0.0061897093820087795 -0.029354514095216642 4.9202052473305296
1.6587144144893275 3.8724266187286664 0.00820829974422164 -0.02885522162987162 4.989533230519262
0.13234311631553472 1.3448359390973679 0.008313470182044464 -0.02882509693881805 4.993179892808406
5.947000545545815 1.9404506468778948 0.0064459093479861266 -0.0292993217101957 4.928941192153071
6.680086836249665 1.1053974007601024 0.008323492071927735 -0.028822204629912612 4.993527589561232
1.7866139556836458 1.9796138687366052 0.008370632583402359 -0.028808549254582098 4.995163539042492
5.8689199998987664 6.590356328408871 0.008198932132195691 -0.02885788474389017 4.989208603669928
6.0906669318189355 3.5814391300315016 0.010069289495558171 -0.028259678148461666 5.054676707711142
3.265680299493502 1.7574051469818839 0.007942152989834587 -0.02892960777276563 4.980321647645899
0.9349183820565409 6.1680306393208335 0.008035530313246636 -0.0289038103471652 4.983550827082487
0.10932750470736052 4.225591624303912 0.008671527681213808 -0.028719411687462237 5.005624273233063
0.40411148305831407 1.23876436448472 0.007613342622375317 -0.029017874045393525 4.968973204943788
4.097408024009061 1.5829331791606878 0.00653226733946577 -0.029280189265196845 4.931889592625594
5.923290173176537 2.812541212055736 0.00902408637134552 -0.028610590087631817 5.017923391843137
2.7750568443771706 4.318947449998 0.006968578194580438 -0.029179426278561717 4.946816230442963
4.37304885044209 6.235167995159182 0.008982930794039844 -0.028623538466609796 5.0164852439669705
0.0014992886060483102 5.07071417392624 0.008941322192967763 -0.028636563296623813 5.015031925077649
0.2739190910024926 0.27328549243278677 0.006560243334927657 -0.02927393392399691 4.932845152774373
6.829443822503973 0.6859139639669883 0.006874843218982444 -0.02920165287641114 4.9436050909296245
4.878925460446748 0.4337559731816437 0.0076657725458833354 -0.029004067495349357 4.970780449163666
4.584667735304199 1.434696783669736 0.006681738345217794 -0.02924644205174445 4.9369973761224575
4.734127965015201 5.154295402127462 0.008188001181311598 -0.028860988144116615 4.988829838451327
5.180302314224809 0.4058682102302507 0.008830863876715344 -0.028670818669701847 5.011176987871545
3.8132137400024093 6.996679885040902 0.007301366369344937 -0.02909793891567921 4.958236944349375
4.0267909994713875 3.6695218713515168 0.007228814577063477 -0.029116047805470346 4.955744355925039
6.060648059729595 0.9495960357663044 0.009113955425832602 -0.02858208908557834 5.02106606610918
3.6377690427299694 0.37739495366631837 0.007104347050477002 -0.02914666795684163 4.951471731979918
4.732805097688311 2.352148455290107 0.007253642106193936 -0.02910987248675697 4.956597155760616
3.608125765040953 2.197435214352659 0.006591114237910601 -0.029266998703365743 4.933899830202144
4.341830527580824 1.0251520281525897 0.007812310133670097 -0.02896494105596204 4.975836160114087
5.691883147245095 5.564940239136961 0.008300971996161196 -0.028828698616464594 4.992746332951085
0.7615770001098591 2.4324874892690778 0.007155153542070831 -0.02913423720967122 4.953215235399384
4.204413442377896 2.858062829164435 0.0070341032016954025 -0.029163699904982878 4.949062424085687
2.747891492095808 3.6355193450334973 0.006354557073034769 -0.029319270188828774 4.92582435846474
5.34657327713124 1.4820894111727991 0.00879878945003347 -0.02868067823838864 5.010058466993554
5.914128676567541 6.535562311369895 0.009173291621570216 -0.028563100686473615 5.023142747441408
4.721719999219995 1.3756270238266328 0.006507973861105333 -0.029285598443999222 4.931059979367843
5.527447759939204 4.829419126398552 0.009174862643153224 -0.02856259609137922 5.023197749714334
4.705087036831313 1.864745844411659 0.00717099473927469 -0.029130342161555443 4.95375900305323
3.780463226381554 5.48192168602544 0.0067367012187908365 -0.029233830687898945 4.938877082040875
4.408328211048536 0.685144625694168 0.007338671393028841 -0.02908855276883228 4.959519201364451
4.845509630488705 5.724613793568667 0.008720124993727166 -0.028704693346102386 5.007316848185102
2.3611334865525944 1.7926493584123588 0.008349572302353789 -0.028814660198721177 4.994432573852922
0.34169394918798335 1.4844537083496046 0.00863354952175131 -0.028730851408468 5.0043021503433245
5.421468370081615 3.4785639755258826 0.009698549276669792 -0.02838904968342561 5.041587802094199
6.855097488241307 1.8304133362467419 0.007216490682862833 -0.029119104763439308 4.9553211100512655
3.3577851797935345 2.412604733830629 0.00788446467690171 -0.02894538334102157 4.978328099388971
3.0338860786803767 3.2678402362297434 0.00885170019275975 -0.028664392609952453 5.01190381226661
5.698528997388158 5.095483036542612 0.009995450278083292 -0.028285879405427095 5.052065037450957
0.7611500091084811 2.1892041059634373 0.00856392771891515 -0.028751680681747924 5.001879787713831
0.13292878715177245 3.5011081177000314 0.008413773464013246 -0.028795979165436733 4.996661368248933
0.4631766778097264 1.2078798374354405 0.007601042447453374 -0.02902109842359541 4.968549345794857
4.517019255209766 3.411941968128026 0.008934670813196243 -0.028638639238969074 5.014799664712005
5.052606503637679 2.766798499459132 0.00868564303844788 -0.02871514591654832 5.006115801592947
4.489661720749795 0.8588009144998078 0.006074193304109129 -0.02937863468073892 4.91627166190704
5.399639088850485 3.815602003880921 0.008834694115310777 -0.028669638642454025 5.011310584245528
1.0233087912689085 6.680647061818792 0.0076935138370482475 -0.02899672127739871 4.971737032328705
3.494437908350399 4.63074665882629 0.009245025377893934 -0.028539963310454643 5.025655177198026
1.9564276702099659 0.24201075680445464 0.008312072285516467 -0.028825500070603267 4.993131397333936
4.875692412760946 3.686422924734775 0.007468066877118275 -0.029055601475772082 4.963970045036009
0.1489322722234167 6.845246692806811 0.0065980647802483874 -0.02926543252978923 4.934137323918318
0.6484739665082881 6.1326059908405055 0.006509098065862688 -0.02928534859565415 4.931098367162955
5.291378947743813 0.5608809528797666 0.007572226506054388 -0.02902863044893795 4.967556543947483
3.2653156038468687 0.14450516797191135 0.007646540944345623 -0.02900914358588419 4.970117441532307
3.8501806076698024 6.346840932231489 0.008156582639832653 -0.028869883263352148 4.987741390014256
5.255880967834817 1.0726924128795257 0.006542527232861864 -0.029277898445879972 4.932240010260191