300

5.505476570810577 0.14076874499869568 3.3179627449957424E-5 0.029999981651866427 1.5696903389877557
3.749130825269592 6.2321203602006365 0.018554813288478043 0.023573690925048595 0.9039719009755562
2.4638745719701483 4.971060232414813 0.023103787562957924 -0.019136744766174593 5.5914280293768766
3.171680509072214 0.9177198373019366 -0.01778881790666024 0.024156944291107763 2.2055269148363483
5.9829051012390275 0.5477081756916017 -0.01622545085075685 -0.025233603482056895 4.140943588223525
1.0579637912029036 0.526013696857853 -0.0034244737198925517 -0.029803908799715603 4.5979904972073555
0.7199681919010325 3.2170410954858295 -0.00965524469323 0.028403806961635508 1.898470147734753
1.80097351263312 1.385730081053212 0.027857675986256596 -0.011133278432013748 5.9029819837028255
6.813240969819999 3.7876652952433014 0.029995865624577355 -4.980415969561263E-4 6.266583157946067
0.9983327981543941 3.3059061601022384 -0.016275519753326015 -0.025201338392218272 4.1389581041816985
5.82980877256021 1.4791200508013236 0.0015718129956041828 0.02995879510105254 1.5183785595343213
0.14422070985373897 4.857346074573879 0.027118575292043777 0.012828985701517982 0.4418724910151737
6.779518711856875 3.7490416208562536 -0.028840729172420972 0.008259076268146807 2.8626882622283283
1.8300553358934726 5.1888778131818105 -0.014340867985454177 0.026350322681587324 2.069205593537088
4.22707846450778 4.779894138158333 0.006584919104431422 0.029268393197920756 1.349497148352821
3.1733543802871935 1.7298613686150932 -6.29588916399947E-4 -0.029993392902376785 4.691401142385462
0.08090137984978855 4.074567222800141 -0.02643925130781193 0.014176247397755347 2.649420226497476
6.820062219089712 3.6344983465886567 -0.021767464841110012 0.02064406632403218 2.3826763423001864
2.9881215247146145 1.8437993396388392 -0.02978993428492699 0.003543982971140157 3.023183383899779
0.7203920118011898 6.398884498161025 0.005672007962417752 0.029458926078088275 1.3805844729796135
4.9938825655341805 5.464890506914727 -0.008240548359880107 -0.028846028543431716 4.43412695161607
3.882011651022845 6.069507092029869 0.029884056100499514 -0.0026349935450011323 6.195238861417989
1.1387248859592207 5.163270585666238 -0.003105905595177332 0.02983878935938665 1.6745123591409143
6.5128963718444295 3.629673394380317 0.013006851603543675 0.02703371619595414 1.1223547596604755
6.2647204144411655 2.3108180128048246 0.007087483000324898 -0.029150773312557346 4.95089318001213
5.151426414217529 2.9740603513673816 1.9174143544670508E-4 0.02999938724744112 1.5644049020981488
0.9721616255741584 2.5592671901257207 0.014117921011404393 0.026470442125430135 1.0808286511928842
2.740289179109521 5.593574671037324 -0.017122928356345078 0.02463341885535732 2.178232663777626
5.8628413237116535 0.12425146217893605 -0.02463222048036587 -0.017124652236078963 3.7490989736177616
1.0196745845732502 1.8941006285984505 0.029732434977269386 -0.003997788178786875 6.149528108995216
5.654863735710252 5.1122736041417 0.026021314565581957 -0.014929540792637672 5.762296391215545
1.3623719570728576 2.9047801273668816 -0.01466080471253061 -0.026173666254100517 4.201797365091205
6.198923966563716 5.401317501401118 -0.02937026174789566 -0.006114550258203539 3.346849214459664
2.376918087737941 2.745432816049594 -0.029870467749925307 -0.0027848081443202053 3.234553423816239
6.120953679483918 4.438912867533208 -0.0023857166295995907 0.029904988817306917 1.6504042727066128
4.692321041032994 5.61135172797113 0.020090055602280433 0.022279803991446617 0.8370339705595207
3.0956813525464617 1.8117333867041239 0.02581934051567513 -0.015276179343527511 5.7489233586287085
2.6628447492177507 6.105266987245374 -0.01643883241200509 -0.025095114841937084 4.132464124020263
5.564518011611107 6.349485983645098 0.029703024213382632 -0.00421074252112439 6.142362237511271
6.73060583803782 4.571990928232429 -0.01824326348251197 -0.023815611214236036 4.058712894107196
0.3149033175955913 2.481682410625083 -0.003943702706483412 0.02973965717628358 1.702634673298272
5.961385861059679 3.741603306774237 -0.005034559525163069 -0.02957453652024981 4.543772460324803
4.826160049342092 4.753475379172094 -0.021810354183441665 0.020598748757942282 2.3847561870821528
5.253146825702658 2.4889648432386533 0.0020904291780187386 -0.02992707980828881 4.782126465155072
5.330002610066325 2.693079665746275 -0.024140678250349813 -0.017810885817754474 3.7772370716873547
1.189655178531014 5.260893811340734 -0.007027876341791283 -0.029165201081502768 4.475929045245492
4.104633803494193 5.737973650967765 -0.019787481468303808 -0.02254895955784952 3.99212552598866
2.721329260051906 0.0868948229988375 -0.029904342309802448 -0.00239380680468558 3.2214711317038995
1.5816820812055568 5.536936872652894 0.029272045959175926 0.00656866237249961 0.22074377668055822
2.3488330396077783 1.6558783069823548 -0.011425043946864255 0.02773929290396964 1.9614952885159869
4.686158755823409 5.150862378455351 -4.3210140799042335E-4 0.02999688797814221 1.5852002051222907
3.7928417950053883 5.0438236415307305 -0.026881212074240452 0.01331917555330319 2.6815654100491058
4.235065827422865 3.5127761233654495 0.02999149935265144 -7.141194437264431E-4 6.259379077142157
3.1255737690509777 0.6942315362817355 -0.009774301946104633 0.02836305733637287 1.9026647454030459
4.558439972560487 4.519782358717774 -0.017315697668525885 -0.02449829819093986 4.09710564213214
2.958780928921464 6.096232430397907 0.02419684898774604 0.017734500248504703 0.6324839127911897
4.2951741842202065 3.5408772397777404 0.021893431913591298 0.020510427568555027 0.7527946624884085
2.478587832006775 2.2247679095308848 -0.012841563810598268 -0.02711262139481044 4.270052619507769
3.3162857618823813 0.5094247598783386 0.02218354976718213 -0.02019628975151014 5.5446444563816835
6.196698003906339 5.380136624713725 -0.012056036064018552 -0.02747092998831827 4.29883321378553
0.8851351795469412 0.6540511202358341 0.029921991963586546 0.002162035367671405 0.07213037586677062
1.104820204522299 3.2270942498956643 0.006908738495913409 0.029193652262008672 1.3384193258994794
4.943587770342589 4.477408945678848 -0.014728534056047682 0.02613561333812244 2.083977513430075
1.9513317991481953 4.165257384169613 -0.02786264157439387 0.011120845493794898 2.761835592394254
2.8028959937408344 0.9573930601890919 0.028008962088267673 -0.010747001569646496 5.916810297711538
5.434856308091248 3.9611045375846943 -0.019035091541039245 -0.023187610701067413 4.025023579498722
2.0657899131717707 6.268543829976574 0.02737730650697372 -0.012267154862608293 5.861931289207194
5.975084014488324 3.223549909088454 -0.029415427724972618 0.005893438025203309 2.9438587123321813
6.473585445195939 6.561854651899079 -0.01599636786320566 0.02537944473752334 2.1331894515552703
6.848672745018007 4.612483918488944 0.022490515216269255 -0.019853884388369977 5.559973200638423
4.256580109926155 6.3789661538266955 0.029628121538057592 0.004708971663334558 0.1576175348759441
2.64452315205381 0.7214655828676154 -0.02333256892886308 -0.018857126694696972 3.821307010150144
2.6516943422601384 4.033622645259614 0.009827542101759701 0.028344654103342668 1.237050204479062
5.395197848718494 1.1705885421790954 -0.020855690182814534 -0.021564790446430344 3.9437052487325084
4.991624632810343 4.6523637469526005 0.023580788244119473 0.01854579267073793 0.6664418272713757
0.41766411533367165 3.5775327655696576 -0.027007029680952935 -0.013062172400183947 3.5920815935507147
5.935587385607087 3.656589970547901 0.0030067988981802617 0.029848939016084004 1.4704011313651344
5.1920945865006765 6.381396257568353 -0.004529755268457013 -0.029656050263106276 4.560817438680575
3.7657192767520695 1.8583306752503725 0.020599258333563405 -0.021809872904423783 5.469248811081612
2.894346579257632 5.904040230713706 0.026721865589413377 0.013636051460057096 0.47185015481548065
2.7421577851273633 1.683066977453424 0.026019015223520982 -0.014933547696317285 5.762142398968074
2.69850022192115 2.020404564913574 0.022162550968628115 0.02021933071501035 0.7395799934077183
2.1257709167786145 1.3694416156794917 0.026238531811957115 0.014544395771324235 0.5061495672936458
2.50394166325638 6.188798638698794 -0.02392007145120096 -0.018106081347697537 3.789521183762075
2.7895937610713086 4.042060997888981 0.02988251170817032 0.0026524505671291143 0.08853061923086591
4.420386261035134 2.871122512337572 0.009406575645141777 0.028487125769937293 1.2518644073328966
4.8753612230894845 2.214660018050017 0.01761847363411567 -0.024281461792980484 5.340086159026981
6.154391541704727 5.666840291114031 -0.027324084681054375 0.012385249143338597 2.7160208625335907
3.5386071883715875 4.554968807291803 0.020420025806675835 0.021977773910355273 0.8221228928995359
4.324081430427545 5.4761073992037685 0.01835363682364657 0.023730655602947102 0.9124774725247828
4.326873721331703 6.565260286129907 0.00405929594768253 -0.029724099925971317 4.848115177277247
1.4396475488245044 4.244881555880885 -0.026178094899240313 -0.014652895531135416 3.651882113572328
3.657143778944049 0.07491130948150088 0.016712305956268454 -0.024913828080487227 5.303250713327952
3.971821703188685 4.953996864727001 0.015327853158740043 0.025788697476687397 1.0345318298056667
1.1609043415353157 5.885267263116492 -0.027254734165746017 0.012537123496022392 2.710455554822775
6.023728723337509 5.6378069727501945 -0.029885488950153756 0.0026186924619430946 3.054191672333239
5.510417633921747 1.7306583274632397 0.0026470109166862113 0.029882994046898044 1.4824477406735697
0.15263932020085305 2.196292544529924 0.01675154456075145 -0.02488746179965242 5.304826519756169
4.171455731645761 5.067229962289996 -0.029696801247193066 0.004254408970081785 2.9992993290595207
2.2346872644102094 0.28140536923135706 -0.019605762837059334 0.022707136842345033 2.2830291435931525
5.426818544583296 2.5086614665023994 0.004804110482995162 0.029612843876723086 1.4099668679672348
5.630114817292498 5.504354896671957 -9.015538513576427E-4 -0.029986450284305112 4.682332660152125
4.971589870706253 2.538501422576661 -0.009205483034894378 0.028552742111647905 1.8826773260988663
4.041631006812542 2.547809145021354 0.029334474639345492 -0.006283995355949598 6.072155970972958
6.852397882421342 3.005670771393459 -0.027374140135923847 -0.012274218990176246 3.563104715064664
4.544574111732724 5.193727976738716 0.004836896073834557 -0.029607506419334333 4.874325679791847
1.0588570217936337 4.415677942035054 0.02972180256279798 -0.00407608297487369 6.146894326978437
2.7773304282218843 1.9832013200656897 0.02880785059077497 -0.008373036745386107 6.0003272944361825
3.655966219535418 5.627008092887203 0.007842600447057988 -0.028956754276469 4.9768820656406
3.1943234492373502 2.727313357602199 -0.022841333385098687 -0.019449254206544173 3.8469533179848088
1.4987190860770352 2.8159230083528457 0.026658040130323024 -0.013760410473895285 5.806675766508082
4.767952524989744 4.6325342053568965 0.018251140855342386 0.023809574911754554 0.9167894335054267
3.771551999087714 1.1499110722592207 0.029129992376736247 -0.007172415501857652 6.041766511616282
0.9748235691691919 1.9928291954240946 0.018668476611012178 -0.023483781233525645 5.384044226742198
4.247971293382567 4.019335631597836 -0.018542478443429603 -0.023583394437081115 4.046087693121196
2.657765834152171 5.1786551338800315 -0.010636775304771777 0.02805100731018045 1.9332389001944965
4.2214638468949754 8.071827288871347E-4 0.015275358327754883 0.025819826257329644 1.0365661764245029
1.498991566256755 1.087135957648397 0.027921253407236578 0.010972857794069858 0.37445132366650324
1.0379568620569393 1.2969168863565566 0.0018788936807841929 0.029941104831590785 1.5081255208691176
3.3072581995497337 3.041020520395847 0.006927526494265194 -0.029189199657942897 4.945409594844206
5.795145558770733 2.6283357935827847 -0.02991448854020538 -0.002263487437102524 3.2171140033695673
5.7049043608056795 6.433780237340574 0.02956572627707029 0.0050860426373906045 0.17035757080222447
0.8274909139890868 5.653986264265633 -0.024051006057790165 0.017931790418364273 2.5009305919431393
1.3546262754539808 0.976935727404057 -0.01921020665676984 0.023042742028764624 2.265737455222511
6.844927720178797 4.525021974043618 0.029523378071633345 0.005326363416009012 0.17849170843092071
5.624278280369981 5.334127756823706 0.019025508978509683 -0.02319547387118115 5.399341189156265
4.278791586166576 6.769831135240264 0.02757837141804876 0.011808193338870737 0.4045514361439072
1.7900895279890647 0.2270173509487283 0.02980789172803542 -0.003389629880933558 6.1699558487484385
3.9295107107667766 1.1954891038482462 -0.0074891529223270765 0.02905017363985971 1.8231031728075782
3.8065726938311784 1.5991125871776901 0.011919616258790795 0.027530396805043874 1.162201150546395
2.100630669892147 2.464527366526174 -0.029851851832422383 -0.0029777411195569398 3.241014402071341
1.1630974695385756 2.0023213128716293 0.022579611485106576 -0.01975249718849855 5.564472279574777
3.1429344793871405 6.43744941686886 0.012470473256264651 -0.027285294514899194 5.1410819951205164
2.4170234442152205 3.0199679302463696 0.026563437571937448 -0.013942158525916348 5.799845916854546
6.476942806274531 0.3701184257972838 -0.02315448071465877 0.01907537739690869 2.4524886239760044
6.652098136326857 1.2555676144933348 -0.023307818256692096 -0.018887710504796776 3.822618483212944
0.9791725849072872 3.2830824781582035 -0.02954656551581227 0.0051961972845354105 2.9675081246102497
1.5054610825100403 4.9841248556631506 -0.02730815294113245 -0.012420337473020578 3.568448972843429
2.552225899734321 4.441915430375889 0.007359590231534264 -0.029083267210268954 4.960238409998845
4.568796693819124 5.822871548801363 -0.023106760938119624 0.019133154443232537 2.4499907655433746
5.504268971244221 1.8455552089671763 -0.024726873396074146 -0.016987693547227668 3.743549506372451
3.122182668439614 1.5909853367029723 0.028003828469840182 -0.010760371324065375 5.9163329155268
3.477861845702572 6.326842850575898 0.002265970978521052 -0.02991430051872349 4.7879933517818545
1.7844968879251424 3.771175401941798 -0.022118257924176318 -0.020267774085962458 3.883360653623271
2.81306524521948 5.369950876549737 0.008208767637583447 0.028855088526500185 1.293635861416964
3.906768668656546 5.543955576638987 -0.027072431692840657 -0.01292607605719836 3.587048405267487
5.14174301053346 3.9059699697315913 -0.02782966952317351 -0.011203101991455194 3.52430367507988
3.5984066496914795 4.395247547567882 0.013536399896246654 0.026772483595081227 1.1026718532919322
4.861274145265866 6.585948238491964 0.01204555022861987 0.02747552947059976 1.15762223484319
1.9196102970216238 0.9217093344483884 0.027082776920276448 -0.012904386629613254 5.8385305653024595
4.164229810769024 2.9046091277864963 0.026207546756053454 0.014600153870054658 0.5082758684107265
1.0370668711059625 2.3304190614988687 0.02955907176420268 -0.005124575732557378 6.111524287029956
0.09650360872027072 5.463546721147126 0.026829170530908872 0.013423695788545374 0.46391923232337173
6.420375001790822 6.500672490796835 -0.006941776006115946 -0.029185814120577705 4.47888016007663
0.6823614117452913 3.2462552925399466 -0.005097745083207657 -0.029563710779714918 4.54163558488848
6.291878916451313 5.840877592510747 0.02770824017206853 -0.011500148980207502 5.88977729842812
6.304444512317886 0.9348987041529834 -0.027334971578823076 0.012361202562248328 2.716900737935192
2.2141656308159923 6.517378551344327 -0.025709422801979454 -0.0154604521017032 3.6830068006716496
2.4128360813100125 0.5593787396951745 0.0261575422107094 -0.01468955361796116 5.771494963101433
3.611803847114319 3.380865175361019 -0.012848701559486801 0.02710923953627695 2.0133959670475052
1.1088454708636712 0.9669903909536449 0.02652376874849985 0.014017478067616254 0.48617696632053975
2.157802962169258 6.5258826417570175 0.029979114193688306 -0.0011192462471664878 6.245868438617716
2.921332974096635 4.222180875520395 0.015356939501747442 0.02577138741200537 1.0334035795328156
3.3217265307839416 0.26757034617083897 0.008307817650326794 -0.028826726589901226 4.992983800773374
1.9176692691820219 5.33731973850758 -0.009107336366564103 -0.028584198857170354 4.403943466779962
2.148948284630083 5.304692372995474 -0.013866538339313329 -0.026602990705639724 4.231894247414269
1.6786073016618281 1.2958495608004093 0.026157611200946045 -0.014689430767056361 5.771499659671997
2.866003023334406 6.414968347735461 0.029990205272214528 7.665427127276996E-4 0.025554204890135157
3.48642094260501 4.3688819664560485 -0.02050495418532572 -0.02189855825979631 3.959844289782881
4.246994159073516 5.345253681340068 -0.02586722789315544 -0.01519495051402146 3.672711473659393
3.7263972127483074 4.189186605207354 0.0077506253134156594 -0.028981508022375927 4.973707132436451
1.9023176532581076 4.388432743953614 -0.005358145691609209 0.029517626509384012 1.750364652155215
3.572346720125417 0.3163209622314444 0.01641857647389422 -0.025108372041430467 5.291506883357263
3.0651513481031123 6.9032045843033725 0.014880483265642208 -0.026049399566610787 5.23139363133342
0.776405461734716 0.6534001534208131 -0.013289272506521146 -0.026896007812450926 4.253473845047553
2.7458016104009175 4.889808203246367 0.02716402245779494 -0.012732473597554092 5.844868725655447
4.537162159709456 1.3412127693901061 0.029998137000073036 3.343299640312158E-4 0.011144562827770432
0.688762611344502 1.3195010552226312 0.014804609024611474 0.026092595724235494 1.0547019667567552
1.6027694712033755 3.233281691965596 -0.029878085865761034 0.002701848441014165 3.0514088426359565
3.121613141492712 3.8953738733195826 -0.005588148956463825 0.029474948536687424 1.7581623148019474
0.858729115189121 1.9560315304744438 -0.024666114710966257 -0.017075795298183157 3.7471168814553844
4.124313913635757 1.333394696787902 -0.017304260092942947 -0.02450637840717763 4.097572437392072
5.456330764402096 4.984292147750785 0.025838438905546064 -0.01524385367695333 5.750174889868222
2.6823015103106522 1.4653960456961357 0.024815494282625302 -0.016857972698666675 5.686465206622877
0.8770391564250188 5.18829886734856 -0.02706830523454691 0.012934714984467197 2.695817773370975
0.39395950507534716 2.6078599296840905 -0.015597196579089664 -0.025626694263467413 4.165647427889718
6.798860263256298 4.107154960968534 -0.023718037831675337 -0.01836993961381521 3.800598683347661
0.2534144076574499 3.338854465751763 -0.016387601555169003 0.025128599548502942 2.1486810776159886
4.150822879087541 2.8546282198537836 -0.014172269396056286 0.02644138385496505 2.0628183017725856
6.879230427728105 2.8700962854405425 0.012539377168434514 -0.027253697368022255 5.1436087699335715
1.7604558820306653 2.2647920681599447 0.01344959725096569 -0.02681619536375017 5.1772738678014925
2.553539007453151 4.494322891825661 -0.02289066348565663 0.019391171320640384 2.438772129956056
4.32994939362125 4.47960113993803 0.02581168590267179 0.01528910955097825 0.5347628182053241
6.007162598703208 4.859173210746694 0.009335308347789202 -0.028510559763913743 5.028820192684787
6.87782107218833 2.725244127609636 -0.008585832004931028 0.028745147221454652 1.8610490643297544
4.72230065943055 0.2657333493973164 0.0017495764295939336 0.029948939585851937 1.5124440032304238
0.32716482689445525 1.264692150972342 -3.277998138124923E-4 0.029998209067910446 1.5817232046928036
3.4619045735453144 4.418656482692333 0.007256673343693707 0.02910911699078014 1.3264840191581992
1.6397286957707031 5.084420553962761 -0.029954239139855825 0.0016563687851228182 3.086352270701389
4.469941542081963 5.054480886657333 0.022173351561805364 0.020207485754457022 0.7390456652630109
4.668282070008145 0.7849891124534073 -0.02866718068759501 0.008842666533618673 2.8423929590239005
1.7877799028302694 4.300579976124516 -0.008758473421163208 -0.028693015584472428 4.416124877307834
3.5836556446263685 4.116457977982028 -0.02928803399381133 0.006497004292545291 2.923296211142584
1.4796577471608527 5.135006249789787 -0.009132884521397119 -0.02857604626813907 4.4030495534289695
3.7126999514358308 1.6254172973015608 -0.011276871934301217 -0.027799858981249696 4.327025773927831
2.1044488833951243 4.052388980187592 0.024902886268559417 0.016728605904115106 0.5915161296644409
4.942454519865465 2.19717271042201 0.003970177205120242 -0.029736134465662204 4.845117588157647
2.8840906671135875 4.216911470527044 0.0064416745454696925 0.029300253054372206 1.3543886485841754
5.23246512512082 6.73676030372573 0.013280736920474741 -0.0269002235464529 5.170986785464327
5.383666612083014 2.068870681821113 -0.005751747034410648 -0.02944346117650145 4.51946962940338
5.9071926435049145 0.22865395204209576 -0.021829465573033148 0.020578494424902918 2.3856844370931767
1.2153100649609356 1.2587796349391647 0.028361127417307664 -0.009779900389024388 5.951119496826597
0.764478463643653 3.3928299911236017 -0.028848156389368662 0.0082330961936885 2.8635889581751797
6.553171392685961 2.010845872075189 -0.007941725861694473 -0.028929725030454285 4.444471077487997
1.699788075861624 1.4524854725446008 0.02403389841981489 -0.01795471321815025 5.641569815415994
2.61671326630641 2.211072561496203 -0.005027152602624634 -0.0295757964678878 4.544022904307973
4.969603961731666 0.5068462562514171 -0.025187361803683035 -0.01629714101830038 3.7158817088513176
0.5372860343534032 4.594856868558173 -0.00424818708580613 0.02969769193866739 1.7128801408497303
1.1813870234136836 0.8755824157996812 0.0281751726670627 -0.010303380279364779 5.932601662069433
2.82160295566168 5.154001918199832 0.020619876372016083 -0.021790380868694628 5.470194587086636
2.273564916546105 4.129560318433977 0.010247825117758751 0.028195426585810555 1.2221837497363826
3.350435039174937 3.5975652310784785 -0.002025162571668614 -0.029931567225227492 4.644832185747496
3.4323963211243393 0.9315400461461835 0.02795692290378567 0.01088165712342492 0.3711870585925876
1.8046391938395125 2.739857511199308 -0.026628446025948622 0.01381759249084807 2.662936902907905
5.643201283399245 3.407665311203528 0.029569580438025607 0.005063586941994119 0.16959810253987762
6.442813717008408 3.6240432243288088 -0.005716474418618781 -0.029450329713286354 4.520667467445098
3.9446244514624857 0.775935813702649 -0.02775901979152047 -0.011377030377650173 3.530561344428639
6.228685823684618 3.1463270187231163 0.0024833201028332383 -0.029897042015337643 4.79526114275227
1.3056031211266008 6.330061444220393 0.02775529624502503 0.011386111291872185 0.38929584659935434
5.3654187663100394 4.708501366047767 -0.029860078934650296 -0.002894077748861187 3.2382121709301344
2.0262074295699315 0.6110513179353445 0.014869010635998556 0.026055949852318985 1.0522320386721022
1.7043614794484268 5.978334754172974 1.2084311417084531E-4 0.029999756614708686 1.5667682120960418
0.6963416533365573 0.8163901494148459 -0.011143178510560974 -0.027853717394304336 4.331830251026213
3.77156589088145 4.955987799275366 0.019708836467062237 -0.022617731210592226 5.4291700046790625
4.507941508079978 4.823098351674844 0.021577883850453932 -0.020842143088855312 5.515129589146623
0.8001011770068505 3.6300592536508463 0.004188507583087133 0.02970616778089058 1.4307217923701252
2.1772340385928612 0.9180090573023219 -0.01794392130423564 -0.024041956830245705 4.071222442204022
4.001005884622265 4.724247650705409 -0.027920332653914658 0.010975200430732315 2.7670574269819044
2.9071094398826154 1.5718232153169232 -0.013707019067978376 -0.026685532190122745 4.23788123246029
0.028701562142641565 5.301921143276113 0.01989361067821875 0.02245538363474249 0.8458164825726858
4.162748137161788 1.4516822591151695 0.02225957292585439 -0.02011246909652244 5.548416493561942
2.4792881717788617 4.434155040449389 0.02425892039543607 -0.017649498045210685 5.654209835888093
2.6094370850637074 0.20320929114054448 0.010676398997519652 -0.02803595021478247 5.076244491404884
1.5997553793038912 0.2082292785878737 -0.010745472990651624 0.02800954855414804 1.937116762195303
1.6175304988978485 4.987029910887685 0.003570422135130508 0.02978677702902699 1.451499490078386
2.940923278837636 4.696840332913847 -0.001365679103324973 0.0299688992221393 1.6163347010920666
5.4520235211549375 4.343817893141052 0.027600331856070165 -0.011756771726745333 5.880497691465968
1.317236721814663 3.4542944774153725 0.0291044010090953 0.007275564713599373 0.24496134483257803
5.979842401917112 5.558250044831055 0.020374002626258013 0.022020445431126766 0.8242149395469232
4.0943056062906455 6.062253471972193 0.017903383431762482 0.024072159473036325 0.9313148601065735
4.1904112742244655 1.201664395720156 0.0018921240710313744 0.029940271650401296 1.507683634232264
4.105927036386367 4.742730727904988 0.02347796050109712 0.01867579638754191 0.671966979960227
0.6370187684041313 6.572468747022192 0.01995267829262123 -0.02240291563504986 5.440002343096266
4.2751023584971675 5.9697269200278225 0.025662349867265066 0.015538461934505634 0.5444512146692477
6.7626036249018915 4.238474907613577 0.024932164222711498 0.016684938932215027 0.5897636698878745
2.1674965823453785 5.802925423896841 -0.01482087707462207 -0.026083358731937532 4.195671036182042
0.9506936603153942 4.974349309040986 -0.02219107679949339 0.020188018983520555 2.4034245729325643
1.4677904560320751 6.689909870257523 0.02263413473679987 0.01968999605678958 0.7159483333637517
0.026122948066303678 3.0070206882750323 -0.022903755147783506 -0.019375706442098583 3.8437377727347126
2.23404199989189 4.527075826290296 -0.008960683978272632 0.02863051069473837 1.87411546404381
2.189239217507965 4.304410474530032 0.006519145130885504 0.029283113679430536 1.3517438521316512
5.2499371384499005 3.017028198497428 -0.0015447396704699157 -0.029960203259498698 4.660874877205046
1.6563710151596351 0.5558177652943861 -0.025382108859315775 0.015992140252444123 2.5793660962589877
4.315432024798958 4.227039322012168 -0.01692507431933071 -0.024769777134345236 4.112962367277564
5.119581992626324 1.7437539243202906 0.026484829376473902 0.014090912422517745 0.4889476227997607
2.5178132095342627 5.089233052672497 0.02563030148515283 -0.015591268254384326 5.736675072364955
3.0091149062696467 1.588400865843366 -0.023421177618501796 0.018746958125589082 2.4665910044954042
5.134990486988023 0.22644619894777948 0.024417931468793893 -0.017428844562543 5.663275827745906
2.6373957226577946 0.1387870277676444 0.026106358071628682 0.014780327067961244 0.5151639982920533
4.009060290998984 3.5176184464125506 0.015254461498104483 0.025832177693776572 1.0373753155444516
6.9324572883937075 2.5854251014497462 -0.029802084265023416 -0.0034403158954438534 3.2565226999326313
5.659781761004078 6.508025674216337 0.02973096506613244 0.00400870505729873 0.13402437794137234
6.210237970357432 1.3829474185206465 0.02994318243821117 -0.0018454878682890666 6.22163017985843
0.3767837260793031 5.594294377134269 0.0024745943753529133 0.029897765513119397 1.4882160201177705
5.464616863522372 3.228418824094061 -0.014356341523471235 0.026341895491051048 2.0697929112894577
1.5033956280237746 4.363234606519563 0.029983432335319294 9.96887853938068E-4 0.03323571355830435
5.7897230371144675 4.3147057748280195 0.008612204691090409 -0.028737256834269347 5.003559309476206
3.223251051042299 5.45118831935848 -0.023134364883063228 0.019099768623134967 2.4514347534958136
6.702427913270552 2.868546095633643 0.019220964404207244 0.02303376928277693 0.8753882469017431
0.07762269712874931 6.1386881077701 -0.021055728027144508 -0.02136951841401488 3.934386994767365
5.984948097169894 5.573178905958107 0.0028177550850867258 0.02986737779384839 1.4767325058264624
4.2865467622843525 4.007526220465922 0.02966153180260504 -0.0044937213001086185 6.13282871600653
6.082401016035964 5.624818815205432 -0.008149980037015954 -0.02887174787566976 4.437265265464908
3.8886350719409744 1.308705674831306 -0.029564486726856763 -0.005093243031459453 3.3121937680448292
6.667418630180591 5.851363337735287 0.028666598027718874 -0.008844555246997114 5.9839197277751195
2.682304826313606 4.156312997528351 0.029373433826062233 -0.006099293833382921 6.078448169690507
3.73358152603925 0.9261808589852615 0.02072440389510722 -0.021690990830122645 5.475002499884789
3.7899472341251323 1.7549444390802784 0.013126203110129638 0.026975966931912246 1.1179351332009775
2.4433219555999974 4.336722850274876 0.0027081721961669373 0.029877513339565398 1.4804008618634155
3.127701014051467 1.1954796993356225 0.008700485366495262 -0.028710652280772058 5.0066327235403225
6.828096387757119 6.271264256610384 0.0186237714069663 -0.023519250383059926 5.3821420009057785
6.606304298928666 5.967106328363123 0.005881577549691483 -0.029417801507369053 4.90971973196511
3.089145811030779 1.229153785757893 0.010222729645910894 -0.02820453507127204 5.060111646547723
6.784598359644577 0.06841979681145421 -0.0036842544831711507 -0.029772911663175188 4.589269685494271
6.370295132016868 6.50108990444827 0.025390093399735893 0.01597946047752201 0.5617270802904435
1.2319182387281573 3.574345368409462 -4.718770664580142E-4 0.029996288637665673 1.5865262110077336
0.44548562701597094 2.917412137402227 -0.019604449964257413 -0.022708270334812545 4.000213979771872
0.5799883447569378 0.7231868767428679 -0.02491611733921685 -0.016708892744235846 3.7323173921214208
1.5353470594247804 4.89456530977548 -0.02948783040187952 -0.005519769758784329 3.326639240501579
1.7597581024172877 6.870944582296187 -0.027480266037863122 0.012034740482796737 2.7288119594802507