300

5.857367485779755 1.3681481712595467 0.0077027965622777856 -0.028994256760954597 4.972057176098107
3.6562737910371705 4.853187706232773 0.008289424472243538 -0.028832021120951092 4.992345799492055
2.217813101276468 0.9885487292901404 0.008093206333135549 -0.028887713846015826 4.98554682914492
3.5552284346423377 0.6368609027004013 0.007591150861305188 -0.029023687370851165 4.968208519795861
0.43644092065413714 3.535500349727644 0.007584946212758226 -0.029025309489298552 4.967994746988097
6.089606237355574 0.3395967905000771 0.005975184346925733 -0.029398931477525737 4.912902728145028
0.09826281401970223 1.3451495342857032 0.0067908633225819805 -0.02922129660596892 4.940730198809205
6.847979664800714 1.5298460409847823 0.00733463254642026 -0.02908957142016693 4.959380357197217
3.519438333598274 4.369880767142175 0.005410216391857682 -0.029508126992292723 4.893721643636585
0.6141405587264513 2.573499114319781 0.007844490460968573 -0.028956242321954914 4.976947336444079
0.3579701599849216 0.988401858433158 0.005698940592077191 -0.029453727711920858 4.903515158239054
1.393528026329288 4.480471625937631 0.007490028632091206 -0.029049947867258796 4.964725971248754
3.295165447874434 5.7305387715038965 0.008732847182890715 -0.028700825425068834 5.007760087414625
6.25035252348127 2.7876960012117395 0.007362333791234594 -0.029082572808237672 4.960332745770405
3.9055717516735275 3.3681099189700867 0.007510956250968141 -0.02904454400048385 4.965446439482449
3.817988437366572 3.041584430672232 0.007022484420579675 -0.02916649983393132 4.9486640444808145
0.4811703789565561 0.5556367100052835 0.00816090948469735 -0.028868660453553723 4.987891267187391
2.035651480235978 0.3492756965112989 0.008385656179190905 -0.028804179739135037 4.995685076407947
1.3126001147998712 1.9928865103524742 0.007776659951756825 -0.028974532955592942 4.974605559456332
6.255805423289301 1.1668565363508066 0.008336599378233726 -0.0288184161745026 4.993982383624764
0.7360827037208153 5.4046157439245235 0.007190694278378399 -0.029125485674832894 4.9544353143884035
1.0569396696227455 5.424185366335225 0.005800080475675636 -0.029433978094638963 4.906950163314058
3.0267277268683337 2.7274833862785606 0.00803553286050211 -0.028903809639004175 4.983550915211197
2.715267971715997 5.58007289909387 0.007512104848058202 -0.029044246947576045 4.965485985738143
0.69828874341544 5.151952121870007 0.007551209193855769 -0.029034104768541222 4.966832592132194
5.283253282504525 0.8311896814849318 0.006755406820817148 -0.02922951382909502 4.939516990740678
3.967994614613139 3.191715703535916 0.008340359949923801 -0.028817328049382144 4.994112878050935
5.541934639359268 0.6288252868358238 0.007579147716749355 -0.02902682414401708 4.967794978413657
6.805396008581615 2.247561497142696 0.007797971340069197 -0.02896880465223685 4.975341153511878
0.010438140293379996 2.086786883098448 0.007609645791354837 -0.029018843721453056 4.968845808662341
3.162416458991008 0.4347198414613563 0.008239605401235472 -0.028846297905137343 4.990618319930926
5.032722773347428 3.489400915881109 0.00602684893899319 -0.029388383621195578 4.914660405925669
0.12505367229968825 1.0518779512286447 0.007883751561253299 -0.028945577577938156 4.978303462877949
0.732608212634257 2.4080976308112603 0.007347143321427632 -0.02908641409686662 4.95981045819863
3.1191239855640966 2.6787232758881467 0.007125675862760253 -0.029141460901932762 4.952203572639376
0.6042235085649038 0.9820320511009389 0.007838691255545443 -0.028957812752351226 4.976747067082996
2.153222376285977 1.1514128484196136 0.008421449659202725 -0.02879373518037412 4.996927950406223
3.795084757849923 0.2869885792557621 0.008438660739449816 -0.028788695783665996 4.99752573967793
6.888916156396531 4.892596754772807 0.00653048763619251 -0.029280586251534253 4.931828811214931
0.43311287508129886 3.7495666222518507 0.008229233712039152 -0.028849258439561983 4.9902587882878775
5.231259505647873 6.2398930587626875 0.005739417902522083 -0.029445866978919284 4.904889609261516
3.1520356564707472 3.58698766228139 0.00837817569244564 -0.028806356452465712 4.995425384789096
0.6394108359775059 0.4668594306527778 0.00793270176674642 -0.028932200792194468 4.97999496504684
5.851716242574941 4.200290146342837 0.00654425443426903 -0.02927751242676792 4.932299004002389
1.6828585453875458 0.803822958640007 0.007399018289389663 -0.029073261398633577 4.961594338654068
2.300695013539152 5.377882856582255 0.007745812253897956 -0.02898279476736783 4.973541062656432
1.1889938335589607 0.613124760027451 0.008375742887136623 -0.02880706390954448 4.9953409320594275
2.8455870014808435 6.438148052855256 0.008275247130986407 -0.02883609344070554 4.991854112150471
3.1836798804693585 2.3001909035199626 0.0083908997930819 -0.028802652667114848 4.995867124739975
0.4313857762105957 5.0165490745439 0.006370698109200668 -0.02931576718425474 4.9263749178736305
3.0303031947447345 3.387810543271921 0.008289248844306962 -0.028832071614734098 4.992339708077859
6.13082823955155 5.384052680312921 0.008134840260037725 -0.02887601727980625 4.986988353744565
2.865463667517304 6.959449169522543 0.007811133542573288 -0.02896525837585583 4.975795539121645
2.0350696627884375 3.099847542822088 0.0069232135858753804 -0.029190222911864693 4.945261840440612
0.6220837242972654 3.9997351668411447 0.0057106674907441346 -0.029451456276560553 4.903913320088929
3.591521857871528 0.8711637821696645 0.00819763285698853 -0.028858253854695055 4.989163580727005
5.607881050935376 0.7965067122393428 0.008587641130643265 -0.02874460679521089 5.002704655246123
0.27915840602451053 4.291550415917821 0.008129272481736852 -0.028877585233493396 4.986795542282031
5.804185787529384 3.0952709225384067 0.007186174779175781 -0.02912660110694583 4.954280144009341
2.0121183080979703 3.9738267944384567 0.007675845568469224 -0.029001403324822254 4.971127762006478
6.843901348658385 6.708965360039349 0.006660937186361045 -0.029251186570793203 4.936286196593651
2.4519131595646604 6.3337576514727845 0.008285797704329047 -0.028833063597247785 4.992220012183238
1.4296787339607344 0.5626836852516769 0.006326831189423653 -0.029325265678260035 4.924878801265407
0.5140171707096508 1.0757227730142849 0.0064402168311112435 -0.02930057349555246 4.92874690795386
0.6013326640059478 4.103585821208365 0.00657279437791435 -0.029271118428677398 4.933273918051371
0.16070801105832686 4.823248047061962 0.008102056878768926 -0.028885232807322032 4.985853219802722
2.3655398424271223 2.1512701846193987 0.006918344194606034 -0.02919137738451135 4.945095027909495
3.9501544890629114 5.012692850557463 0.004895718436942917 -0.029597836761935444 4.876312741789736
5.472966102718852 2.935015274554099 0.00818998904134589 -0.028860424104691085 4.98889871618512
0.5847180835202325 2.676078066958158 0.007105127486177692 -0.029146477718674037 4.951498508222359
3.038366077990938 6.809685859949113 0.00873114040781983 -0.02870134469286998 5.007700620148253
3.9890967625847646 0.5152878785158301 0.006741117069198247 -0.029232812739443392 4.939028137416733
4.519258022435887 3.933200083733139 0.007709837071910784 -0.028992385419702706 4.9723000082171485
6.503796004669595 2.0615515375361007 0.0075974721390710065 -0.029022033303957872 4.968426323198674
4.512551641345722 1.7319103298292768 0.0065543211347449835 -0.029275260450807868 4.932642854511324
0.021448561559304184 1.8020556423276273 0.007044378098645719 -0.029161219748208757 4.949414757081776
1.1591402874376133 0.7778406796510752 0.008783113964540379 -0.028685482549294785 5.0095119606599345
3.9356996880785498 3.1485844096496893 0.006623557935134319 -0.029259673277053505 4.935008510836209
2.6892183505920473 2.667957302692703 0.0057109393751618226 -0.029451403556591767 4.903922551709209
0.7705579322634293 5.6419999756136665 0.006601207135189644 -0.02926472389000657 4.934244699504868
6.621993579826683 3.197744705335124 0.0069305056990022675 -0.02918849243719341 4.945511661391462
0.03969851177685724 3.7923572159935004 0.0082102776273964 -0.028854658918120554 4.9896017762571905
3.4506767960056055 5.212401808644126 0.006185170810634808 -0.02935547073448612 4.920050637467212
0.17822589799009234 1.1465011996502321 0.00587442125988382 -0.029419231377815172 4.909476473954927
4.287647476318444 6.972325631262858 0.008630650283081156 -0.028731722463005087 5.004201241578807
2.3573666662955164 4.408607400234795 0.007548104652990378 -0.029034912022382727 4.9667256662349075
1.2602345257003755 0.10398626596273136 0.007917364675274915 -0.028936401583450365 4.9794648989839745
4.187581211674572 3.837073996347752 0.006467039277867966 -0.02929466509415175 4.929662424146944
3.562035107685221 6.805578599924739 0.008879904385545017 -0.028655667818139892 5.012887907199464
0.21928919845227332 1.8657680760940867 0.008068839130577059 -0.028894529501012272 4.9847034142927935
0.6568140342067847 1.7116446617199415 0.005669163275637264 -0.029459473650324537 4.90250427058686
3.9588742578977327 2.754156411670931 0.0072049722350354065 -0.029121956924155507 4.954925566174026
2.096143629697656 5.931654627960168 0.009301364958963394 -0.028521651598393944 5.027629869391784
6.673667186188886 5.31327553068579 0.006796032887107849 -0.02922009474654982 4.940907113300552
0.6184900856756403 5.051973094267788 0.006225496355957221 -0.02934694524344848 4.921424534548191
3.5266850435536727 1.323742340338396 0.00646733891233264 -0.029294598945761793 4.929672652453087
6.07550387476804 0.3718711953285828 0.007765367390095049 -0.028977561479476638 4.9742158388904425
3.073961198755527 3.258206819172114 0.008784940033695673 -0.028684923367587562 5.009575619583921
6.394387710709251 3.939652580784241 0.006559846739142996 -0.029274022797677723 4.932831605050188
2.840744358386816 0.46981615262886384 0.008736001042336426 -0.028699865605753223 5.007869976664594
5.0065064344658845 0.3656113352024849 0.007508124182956517 -0.029045276229592024 4.965348932965879
4.691054441522566 1.4322627883806247 0.007310018421516808 -0.029095766542180754 4.95853429788753
5.058363388367682 4.709641161098741 0.00689032785658012 -0.029198003048647624 4.944135389849696
4.678635532861229 4.343600413007145 0.007128260526156183 -0.029140828778043422 4.952292267280868
5.967382496530005 1.8398092919750302 0.0074692075888382154 -0.029055308258472176 4.96400930484884
6.588775011266754 4.169440399298205 0.008386855173810694 -0.028803830653118426 4.995726702376677
0.7778948187704092 4.07859557842773 0.008202101947623932 -0.0288569839664644 4.989318447649335
0.13408298775812008 3.217155577912897 0.007657154073561878 -0.029006343987026954 4.97048331380338
3.2075669063289904 2.111814690737447 0.007138576513939558 -0.02913830340556276 4.952646287228973
0.010723982076930235 0.18536360804604146 0.006765062614678215 -0.029227280540951514 4.939847347335744
6.327231632638165 0.739841690967092 0.0066629211232499454 -0.029250734727615812 4.936354021268263
4.160581008566347 6.424650163021124 0.009413862438621396 -0.02848471860466087 5.031576703165675
5.343590765830002 2.954490625099575 0.0056260515302072505 -0.029467737344076025 4.90104105055623
2.484978339876149 0.8632659105657859 0.006910203178444763 -0.029193305603042143 4.944816152845285
5.510142665997283 1.1495309472305806 0.007908380068291462 -0.028938858386181203 4.979154417202433
6.396427197622744 3.1098997217108146 0.008258667407613333 -0.028840846254061706 4.991279195277137
3.6435199989003784 4.955331151062396 0.008548785547167984 -0.028756186563390698 5.001353175543267
4.531008468613733 2.9899102914361277 0.00855298854484205 -0.028754936740528585 5.00149933849141
5.1029694870342395 0.9885991158941807 0.008965144206126034 -0.02862911436568314 5.015863907261624
4.322919595158284 2.5846095608899886 0.006677381842643881 -0.029247437011258436 4.936848420278336
2.521256674466916 0.5911955782234608 0.006196173159375849 -0.0293531503961505 4.920425449493124
4.519445319586449 2.7308602401826567 0.007993280018908623 -0.028915523072206666 4.982089368282487
0.1258547561536215 0.12847528597905566 0.007855340071956296 -0.028953300888740086 4.977322045352464
4.068343756284483 3.1711663484828203 0.008686912736832501 -0.028714761832595047 5.006160018915739
6.802833957835591 0.4151453143078803 0.0073530506565844846 -0.029084921283058382 4.96001355943734
4.5266346018618355 4.45295765547122 0.005696268983841846 -0.02945424451015034 4.903424453767903
0.21515227181161786 0.646730413201918 0.007078145958698987 -0.029153041861654044 4.95057289079887
6.176067325882024 2.401702235942964 0.0070452506183950134 -0.02916100896272289 4.949444677740451
0.22337650933038447 3.0425500029388717 0.007568358622322023 -0.029029639125623383 4.967423302507289
1.0121947367674926 1.2462085774810672 0.008119732928491729 -0.028880268994072183 4.98646521307275
6.351451193761888 2.9538506031706913 0.008596198917760598 -0.028742048712057593 5.003002386501441
6.849169102610931 6.138019017067906 0.006589507556700844 -0.029267360491854785 4.933844933173067
0.04355447809508329 6.520755452379435 0.006144865116315804 -0.029363934217033746 4.918677814019082
6.624407951893428 3.298167785268637 0.007935695606681566 -0.02893137976727164 4.980098444295913
6.540477417476936 1.935048001556962 0.0069507434142132875 -0.02918367978836409 4.946205064210941
0.45409488530034536 4.520742252469112 0.007036365642171732 -0.029163154125534246 4.949140002090289
2.182272515878968 6.104227547220389 0.0076831831141308225 -0.028999460292128455 4.971380777053665
3.628192037409462 3.3576816705622052 0.008218822206532621 -0.028852226283900627 4.989897913504726
0.1260033432624854 2.8924519280427328 0.007623795814496596 -0.0290151294565243 4.9693334548490995
6.210404882327359 6.430308300266026 0.005093257195140828 -0.02956448428679496 4.882990573917279
0.6057990204525187 2.8844396726178885 0.005633004959620339 -0.029466408928216763 4.901277023411378
2.8725175043927247 0.5974828901922005 0.006008188931884253 -0.029392204166390507 4.91402550222074
4.030838653084544 1.2887441803708204 0.007903414731527232 -0.028940214850299198 4.978982840966864
0.20154043826071666 6.187558377010467 0.004639928836163801 -0.029639012473348967 4.8676766305078125
5.774825468251386 1.3618537587886108 0.006516593958425421 -0.02928368151686214 4.931354334950278
5.844448483767745 1.7469257218070697 0.005835734977030845 -0.029426929797004966 4.908161646394137
3.2760946289299526 2.062536738967879 0.00839083485730406 -0.028802671584376528 4.995864870233863
3.5270544305290956 6.757990520509847 0.008636959165838821 -0.02872982659828689 5.00442082781814
0.6846028499114877 4.0208224107614825 0.006944248764671797 -0.029185225870195935 4.945982526219474
0.5047445337806035 4.499476194287823 0.008338571999215349 -0.028817845460996933 4.994050834316217
0.21905801363054256 1.1241947267914056 0.007396770522141699 -0.029073833353081866 4.961517025513784
3.62666532108865 0.8991163004675075 0.0065949011865816965 -0.029266145601004982 4.934029225221353
6.2514158228789585 4.281524830339415 0.0067298552291454716 -0.029235407447045152 4.938642907974907
5.215624229493369 5.3199265351464575 0.008617636132558124 -0.02873562853822461 5.003748318307634
1.3328942815570033 4.066496899567913 0.007438842492240617 -0.029063097260540478 4.962964365863902
5.952386367287509 0.0933424648959803 0.007923492805066597 -0.028934724152271742 4.979676684384409
3.197395134307451 6.833108965309835 0.007824562332110369 -0.028961633660947367 4.976259185239167
4.139217301199028 5.5336948073505985 0.006767879266806524 -0.02922662844444994 4.939943719064342
5.664094261131599 1.0926677788219998 0.0063148958884444075 -0.029327838139182844 4.924471821922875
3.3643388757826176 6.113522981509673 0.007431217966448737 -0.029065047729792726 4.962702030785106
6.518201199946818 1.0866190520258567 0.007327397756651366 -0.029091394640268116 4.959131657657781
0.0788869563471488 4.8395182238231955 0.0060131321843835015 -0.02939119326147088 4.914193687548703
5.491307666242179 0.5629673144921101 0.00655018105580832 -0.029276187049138244 4.932501437719544
6.579875185998002 0.7710296659077497 0.007566322775366515 -0.02903016981794922 4.967353173204705
4.428043018487914 0.11743177410553128 0.007885462601072382 -0.028945111496884734 4.978362575659156
5.330182300961825 6.049847477382917 0.008371407156812012 -0.028808324182688527 4.995190426076217
3.6149863333382704 2.062404602763594 0.00620998877156208 -0.02935023065423972 4.9208961416980355
2.84703930002419 3.2475619107785487 0.0066498055987325 -0.02925371917379166 4.935905661411087
0.14036714804570394 1.161770932707159 0.008010186212095009 -0.028910844277667904 4.982674090909188
0.5828107869474087 0.9286982494562744 0.008028881601101776 -0.028905657927739498 4.983320805519794
5.517942997642118 0.32625816873716895 0.006623117819183877 -0.029259772903308886 4.93499346913711
3.130895952109217 0.9223851229979703 0.006849189416540319 -0.029207680570979135 4.942726676495545
2.91925328794723 3.860559247334289 0.006758474319658045 -0.029228804711628607 4.939621937270605
5.948872164819055 6.800289832942514 0.007065852113082136 -0.029156023973032616 4.950151212102472
4.2700374678236654 6.60857484510224 0.0078084886022090445 -0.028965971513988123 4.975704226012379
3.3678259168893576 2.819039958774081 0.007050386422696604 -0.02915976768238484 4.949620800370627
2.4735938212545903 5.795718159562476 0.00673448009935113 -0.029234342438157278 4.938801104998328
5.470902695494843 0.32195657326940263 0.008823179660995087 -0.028673184348268724 5.010908983711743
3.261892707392643 5.128779115077131 0.009097109660300813 -0.02858745521777798 5.020476739563043
4.3141011633936035 2.599246424369162 0.007473364344477152 -0.02905423937009361 4.964152371033365
5.841515750131658 1.8848255167057781 0.007160532204558952 -0.02913291572341282 4.953399856140301
3.032607865610857 5.6099212215429395 0.009171767676473395 -0.028563590070031425 5.023089394268792
6.948628534167992 0.4327087916182334 0.005545494828822122 -0.029483003359622423 4.898308034811858
4.845938910937364 5.806372848436865 0.007022389820545208 -0.029166522610834206 4.948660801033775
2.8034165942800007 2.070688472653684 0.006032602338355099 -0.029387203150815024 4.914856181064957
3.1025094980575907 0.19305622629616354 0.00845926323038777 -0.02878264868977505 4.99824145998104
6.7644550889759 1.9043205454700276 0.006223991119276782 -0.02934726451557562 4.921373243741609
5.575250117289996 1.0388477440526438 0.007353836101536598 -0.02908472270095998 4.96004056475827
0.5442729484045934 0.2745091977775502 0.008917742389842553 -0.02864391507228726 5.014208614851732
6.316741099156516 6.36235845404836 0.006009438344241364 -0.029391948740884154 4.914068010696073
1.9451289228412405 0.6765113636425765 0.0070679664675984705 -0.029155511486045026 4.950223731356124
0.38014097554245385 5.348975798397709 0.006648210951660465 -0.029254081615087867 4.935851150831295
6.400156504567233 1.1126153626220088 0.006772114523036551 -0.02922564738182676 4.940088632368837
4.054816731902218 1.7031006515721716 0.007883362985733819 -0.028945683409364546 4.978290038554041
2.93763522616046 3.735530701990208 0.008547196247676274 -0.028756658990635692 5.0012979079078015
6.7692876983398556 6.917107590691769 0.006636101387035131 -0.02925683096955291 4.935437225841324
3.009986760577651 1.3112082997631107 0.006440680566402641 -0.029300471563467427 4.928762734814658
0.9898569973251587 0.08456268118525523 0.008435408030249983 -0.028789649031608463 4.99741275590923
0.38401696776934324 6.10437141003171 0.005990480056541693 -0.0293958185579544 4.9134230368209435
6.480213335402888 5.124771380197514 0.006068400773997547 -0.029379831722563456 4.916074497806362
1.1159455481341671 0.4230535734175858 0.006892129614903606 -0.029197577799731412 4.944197098571374
4.461625075743299 2.1078642767922386 0.007401730060086476 -0.02907257113014967 4.961687613462491
3.6476767926261853 1.4694876573654305 0.007270794329658585 -0.02910559310194184 4.95718642264339
0.7054997906301436 2.7469508851412914 0.006371599807921788 -0.02931557121885383 4.926405676124954
6.328638719933895 1.6685685964603063 0.006273231341308097 -0.029336778428082893 4.923051390236145
6.358307463675878 5.236961596581852 0.008142927074490701 -0.028873737871282376 4.987268417768351
1.0102210112573125 6.91881798997701 0.007911728526279317 -0.028937943114991052 4.979270127051535
1.8967878119510506 6.12941766357988 0.009302735410903025 -0.028521204635757073 5.027677919297761
0.7938318758222374 5.963388739338003 0.005912962694426282 -0.02941150917879467 4.910786721919306
3.492232933342978 5.3826069152201645 0.00809832535018828 -0.02888627920869176 4.985724037496591
2.6898445111951093 3.2269675818612336 0.007089758119456387 -0.029150220064479825 4.950971227365994
2.836395962712901 0.662886460589206 0.008159249653650226 -0.028869129621265144 4.987833771704986
6.655845468775281 6.948332390255249 0.005965849605878353 -0.029400827173398387 4.912585218645563
4.654323077231063 5.22408695222731 0.0057649590287171615 -0.029440877150608346 4.905757075275166
1.8068241363414181 6.718004860125807 0.00790404619470954 -0.028940042393747416 4.979004660606664
6.462910358669093 1.1438410291292351 0.006057876954914246 -0.029382003451077308 4.915716312295658
5.898998380258471 5.970486026743816 0.007555713689300878 -0.02903293286330734 4.966987740237548
3.2491516669091216 0.7753996211049732 0.008001683867696497 -0.028913198634558674 4.982380014469388
6.688511896252832 3.0498848938027283 0.007588334605401868 -0.02902442381713133 4.968111488011589
2.457921555949256 1.4664809753940045 0.007233766568769061 -0.02911481789791169 4.9559144372602155
3.7374628004786725 5.20744464600166 0.00826625698576433 -0.02883867187381039 4.991542358991174
0.10513429397521386 2.66793374261158 0.006262531769256077 -0.029339064331349397 4.922686689145194
0.169219979263875 1.8180017436801623 0.007493758305748917 -0.02904898597980692 4.964854361682299
3.0319132881062063 6.821876036918815 0.008508247819430374 -0.028768206740135163 4.9999437657711985
4.241384407849918 4.930177489776482 0.005251366056585641 -0.029536810161893585 4.888340997651215
2.0840516835951304 4.703227496499023 0.008267323422795196 -0.028838366171177274 4.991579338595775
4.243063351125668 0.9401297971704508 0.008020728478487641 -0.02890792131361882 4.983038756815421
4.198336854951447 4.963861038908098 0.004797702748260216 -0.029613882696116298 4.873002059375723
0.0023580686727449063 0.5907674670055892 0.00744278339420867 -0.0290620882826216 4.963099966358771
4.140873114535448 1.6369876960495504 0.00803199233625422 -0.028904793704684236 4.983428423954233
3.047748282866445 5.398018674904426 0.0063764409243932275 -0.02931451860661749 4.926570817146394
0.6757106189533317 0.6869055744030451 0.0073137683265837765 -0.02909482415937687 4.958663181441265
3.861849159676891 5.971359276905147 0.006500694199360269 -0.02928721521289458 4.930811411431523
4.500092351259771 5.3519859189164025 0.0062683009765992686 -0.02933783227961406 4.922883332378146
0.026144632654334737 6.686982058317081 0.006976115661520128 -0.02917762516513456 4.947074552846557
3.8847507881845793 2.7173988959839415 0.007555767232085908 -0.029032918928942313 4.96698958444661
2.298018830129406 0.17386058005967622 0.006351932899886501 -0.02931983882007777 4.925734855974308
1.11575716654668 0.7697461146647713 0.007017235309928816 -0.029167763174523482 4.94848407784145
1.8354687461315387 6.932203169523645 0.007860540914807134 -0.02895188934295382 4.977501678398001
3.9502895094303656 0.8078727248104394 0.007354939324376108 -0.02908444373775689 4.960078496291654
1.1037831713304302 5.440324781922828 0.004327631780364129 -0.029686219078447533 4.85714842310062
1.4375253626213695 2.4632376607159148 0.009651353570969965 -0.028405129365101037 5.039925811530138
5.462341712585779 0.5922191613039045 0.008343353564084902 -0.02881646146397353 4.994216762046199
3.150266043268172 5.011865649891537 0.0060944230156876915 -0.02937444481357658 4.916960296816163
2.3299617719166728 3.068486809347122 0.007827092647646135 -0.028960949927189263 4.976346554115947
2.5397498110473986 0.06047722183673539 0.006203473986660672 -0.029351608311927718 4.920674179831443
6.245847632181959 0.4061229450895672 0.0063204301382871995 -0.029326645953245842 4.924660528716977
1.1711338342762274 1.6680555657034832 0.007295999167742483 -0.02909928514833828 4.95805249563473
5.068736605235114 3.1831298409921165 0.007564629348894399 -0.029030611134005523 4.9672948403182415
6.674855179585538 5.100372148513325 0.007240937389589605 -0.029113035323030872 4.956160739343758
2.2567650940775272 3.9250992472708504 0.008415341737241875 -0.02879552089206644 4.996715830217337
2.459664081931904 6.108983664198424 0.0084785356183921 -0.02877697749534611 4.998911109475363
1.9965378881896734 6.51689379604618 0.009293798959002295 -0.028524117881358713 5.0273646087077495
0.054694822359462034 6.2646980738337446 0.0054771270366379635 -0.02949578070545903 4.895989649899542
6.741032434689606 0.2612078382470269 0.006561078354789028 -0.02927374678482956 4.9328736772129576
0.014089126218653216 4.013473671644157 0.007161610765730077 -0.02913265060443658 4.953436878389941
0.32773262007722787 6.231136058674534 0.004620590475645892 -0.029642033392740963 4.867024200728634
6.02846717584097 5.837528975125091 0.006423311658176314 -0.029304284112428615 4.928169987433751
6.291252406357853 2.5243040288760867 0.006982537434046042 -0.02917608902821188 4.947294651004446
1.21617462745618 6.775944786432896 0.009357108721668417 -0.02850341236362546 5.0295849305903655
5.844330928362346 6.2159214325887 0.006310229785352453 -0.029328842460213982 4.924312723145569
6.9060350969110775 1.1816139826107068 0.006247983659453294 -0.02934216590831707 4.922190853954101
5.768239609643759 1.0232007258029094 0.005868737436353149 -0.02942036575066916 4.909283276727536
6.478703777729416 6.845483704334729 0.006228961276409982 -0.02934621000090105 4.921542603526909
0.9233578193159148 4.412730956314019 0.005860287275650864 -0.029422050116313183 4.908996063481116
2.9038151054724457 1.2559625434101638 0.006036766593210683 -0.029386348005478586 4.914997886126731
6.377809289375574 1.68852863667323 0.006534001250317744 -0.02927980238425195 4.931948810900824
4.98591247351203 2.484166269940311 0.006288338737004562 -0.029333543869241026 4.923566382987881
0.5440498220181524 0.31942457874415103 0.007703262422010036 -0.028994132993722162 4.972073243443113
1.1500128098645392 5.384159236866579 0.005691064318430574 -0.02945525058327439 4.903247753377261
6.889855175030416 0.20502719924647558 0.0074041225133651915 -0.029071961918781447 4.961769906780604
0.8149453470373053 3.6932553185854102 0.006071256932323891 -0.029379241638641883 4.91617171371399
6.8760584316973965 0.6945220756393541 0.007473424801982961 -0.029054223819078455 4.9641544518836405
6.051954749119941 4.339624965525383 0.005873082601035037 -0.0294194986490494 4.909430971312434
6.583222709282666 6.516376831736638 0.006625866177120808 -0.029259150660996405 4.935087399707514
0.08324372845783412 4.571875640065088 0.0077763476146082994 -0.028974616783950323 4.974594779758962
4.558944097647866 0.6287650277108132 0.007656577273768505 -0.02900649624568282 4.970463428557595
2.468925116545456 0.3035010987902916 0.007679149652238692 -0.029000528626535797 4.971241692134484
0.7204690813910145 2.3440482584603677 0.006376777000806217 -0.029314445501867997 4.926582281664593
2.040213123184422 0.6655036120544766 0.008003682236763785 -0.028912645514599863 4.982449131283708
5.549385376372046 1.2463964479289438 0.008976229181865714 -0.028625640773170865 5.01625112315572
5.153429234329805 2.084279091683346 0.007709307072988444 -0.028992526355155226 4.972281727636697
0.9780288645675539 3.956913680946446 0.005366203557611536 -0.029516162680441323 4.8922302974015786
2.902798585030852 1.0119604045090347 0.007241029125293588 -0.029113012506551943 4.956163890363188
2.3587730236000106 2.3464347691620953 0.007844057920607184 -0.028956359497322164 4.9769323987501135
2.6028294037717212 0.030729465825954556 0.008487688249587056 -0.028774279281640083 4.999229178328429
6.80370810338219 2.272452628700933 0.00822907086990536 -0.02884930488968625 4.990253143705954
0.2246219848885266 1.5964270472416848 0.005437641757996562 -0.02950308546765392 4.8946511403549575
6.643153581185197 6.683548648480506 0.006532928078597849 -0.029280041849694613 4.931912158763721
0.7303731902584152 2.690413522695296 0.007799276173195829 -0.028968453379050456 4.975386196483215
3.230689555251512 5.521450618820538 0.007412565392415958 -0.02906981035891286 4.962060330641476
5.767896537964715 3.488293169382499 0.008343146934818713 -0.028816521289427445 4.994209591524865
4.151341738282589 6.08385306909834 0.009172091756125485 -0.02856348600603951 5.023100740190003
0.1879590833157361 2.5554037160053666 0.006670277526654289 -0.029249058065472993 4.936605523128846
2.325062847868703 5.678891706839801 0.008133216149723633 -0.028876474768604887 4.98693210992699
2.8627088051337446 4.975856651365336 0.008010638235041853 -0.028910719034076018 4.982689726008655
0.43895993092928265 6.385843896633272 0.005087712345318454 -0.02956543899710089 4.882803025904423
5.484802159191405 5.986973312560316 0.0067195295442519145 -0.029237782451887927 4.9382897312522385
6.126755351728685 5.205766621046808 0.007243918117850891 -0.029112293800074764 4.95626312530889
0.4009657007445629 6.896966012808148 0.0052565153570616795 -0.029535894201817806 4.8885153353768525