300

4.100307375951369 0.9116124992790028 0.009653035705994012 -0.02840455776207059 5.039985031536747
1.9625004961219168 4.413098922807051 0.010037374242987852 -0.02827102966476821 5.053547578060583
0.5134730349599338 0.5451925664880883 0.008072244545312794 -0.028893578317693153 4.984821272961656
1.8876408792694266 0.20316794388693388 0.009328675622145396 -0.02851273068537614 5.028587560524782
5.598085612484649 3.0560928155874008 0.007716647031546557 -0.028990573616100176 4.9725349034249025
4.368394813579587 6.893469714290303 0.007828962707287206 -0.02896044445321767 4.976411126444029
5.347091329573439 0.8899451095931189 0.008534287183070996 -0.028760492733555004 5.000849030868465
5.082217507823101 1.0708487355170826 0.00922371947519037 -0.02854685620244362 5.024908738636686
1.7828407021571395 3.918285949612726 0.007440521047681437 -0.029062667574381564 4.9630221218502575
5.772978539883712 2.0930673263693063 0.007079694591997433 -0.029152665821225377 4.950626011954916
5.635233495738741 0.5408317814295944 0.007683217244257453 -0.02899945124959341 4.97138195397667
6.633154897225987 4.020921689164343 0.0071352195585212405 -0.029139125619203055 4.952531081205962
1.5689361754749693 5.280696267775571 0.00957789751803263 -0.028429982045968024 5.037340930099868
4.411860550705185 2.308606432322185 0.008868599327212554 -0.028659168619716884 5.012493417434214
2.138411691084968 2.9076538223455053 0.008884386522533011 -0.02865427849585876 5.013044324619725
2.0532718802275944 2.582008728627611 0.006656025792873042 -0.02925230453561922 4.936118295725392
5.7499302267620065 0.10585463354907118 0.008377648446382087 -0.028806509793948165 4.995407081722511
0.3250556359560431 6.902676243411077 0.009061832530136427 -0.028598657157212142 5.019242974083124
6.431949454992056 1.5005993975038352 0.007328890235250573 -0.029091018681367084 4.959182961084837
4.519412760687612 0.716314753160008 0.008270737114299008 -0.028837387322470057 4.991697713867637
6.008805898914301 4.955228595720828 0.0068386531452158715 -0.029210149317650348 4.942365955420138
6.316413521689297 4.971234924765204 0.0069541241432862656 -0.02918287438549813 4.946320908948293
1.2278663373310943 2.2589124011136343 0.008932383746390205 -0.028639352656916393 5.014719806227825
0.9883011479576376 5.130491102018067 0.008888375424646388 -0.0286530414146656 5.013183535530763
5.932377111308033 4.693495605418572 0.007883334917006735 -0.028945691053873672 4.9782890688507875
3.553678185299474 0.3831720564286182 0.008135766837896906 -0.028875756231818015 4.987020442035634
2.182628518026161 2.7265633630110306 0.0065133015893734 -0.029284413984334155 4.931241906194644
3.815886454509559 0.1814825666519611 0.0073949429195099975 -0.02907429825837915 4.961454165278021
4.98555618536994 1.773834008361423 0.007518789181173794 -0.029042517267775944 4.965716135693176
5.192421756462764 1.6134713618253855 0.009207233325985355 -0.028552177753734732 5.024331280574627
1.4892196884833862 6.999026479299646 0.009071254352591542 -0.028595670030104013 5.019572441106629
3.233528695072484 3.021629300831096 0.007039158386921381 -0.02916248016208214 4.949235765978042
5.393255066895205 0.6020932608447006 0.009859678261728818 -0.0283334915704929 5.0472690902769815
5.865184592364727 1.9198163694204018 0.008601882337631359 -0.028740348297290094 5.003200131207575
1.3748049649165441 2.224701476144052 0.006136948480024847 -0.02936558978385281 4.918408217546858
5.865985640579323 0.5300092502949892 0.00843266025481805 -0.02879045399132865 4.997317314071317
0.4709634412840912 0.7128189758883882 0.007866825328031615 -0.028950182370034223 4.97771874880719
2.1251500316070406 6.852945393987624 0.008095754468603961 -0.028886999837021476 4.985635038512109
5.121787311749336 4.434473869880267 0.007865522196205807 -0.028950536447205837 4.9776737361768735
5.639744762126256 3.2832424609392907 0.008039585835895355 -0.028902682567320124 4.983691140823646
3.5078197799653283 5.792130780581999 0.010242523000976382 -0.02819735311291593 5.060813515045043
1.373789132721771 3.1234191049318105 0.007554213192864811 -0.029033323320569886 4.966936058020221
5.925200966886458 0.021331559751911776 0.009642684803650084 -0.028408073320404105 5.039620644180197
4.052794597026988 3.732249865371775 0.008397456456201548 -0.028800741745069674 4.996094773237369
6.956415097451786 0.35481225889993473 0.00803760636080135 -0.02890323310615623 4.983622653885236
0.5843049539984702 4.930667923310234 0.009131092986461972 -0.028576618779564963 5.021665714378216
6.472786370068259 0.1666804709136775 0.010226833850005376 -0.028203047165233478 5.060257166136562
1.148673441447543 5.996627933246631 0.010012238172029703 -0.028279941421200844 5.052658607674395
1.4231225649199144 1.842074699594546 0.00677908020311494 -0.029224032432224937 4.940326980297091
5.657310808056581 4.5564083154123045 0.006504011534586805 -0.029286478688260932 4.930924681911906
1.2387387461409378 2.9205719960406453 0.008703617659289772 -0.028709702883187405 5.006741823972825
4.345983239491491 4.920291982241397 0.007751913046658551 -0.02898116360874844 4.973751565627898
1.2043662885095863 6.526797065810215 0.008455453721229236 -0.028783768036310855 4.998109108190894
0.22070755572459308 2.6261684016681603 0.008166890907886607 -0.028866968890042456 4.988098467601965
5.848394188222638 3.5380623083423073 0.008474949752289827 -0.028778033753127794 4.998786502911317
1.9187646487772385 0.43633564834605354 0.007836365336520294 -0.028958442263225817 4.976666747006248
3.8650974055836134 0.34459158228434766 0.008164909943168337 -0.02886752926074469 4.988029844342703
5.479637986054555 3.823772778293824 0.006930765666148094 -0.029188430709459916 4.945520567895327
3.967084064458558 2.6160076226166398 0.0075715554228465475 -0.029028805495210495 4.967533426040297
0.22397810007492092 3.5067984661319547 0.006650739831464869 -0.029253506793103737 4.935937597046962
5.14671906442063 6.267998560208691 0.008895097553364662 -0.028650955298490936 5.013418148439914
0.7388537994811671 5.8872241963973515 0.009276208793651802 -0.028529843154433517 5.026747993683172
6.707569828998793 0.11443912425875344 0.008626211257818414 -0.028733055516869187 5.0040467460631195
5.782065522076346 0.6255271594550121 0.009247531622646571 -0.028539151334406418 5.025742993723093
5.819580465965714 3.6404147467688763 0.0064703325662191155 -0.029293937879406453 4.9297748449312095
5.376521972231772 4.359323398606944 0.009194396398238608 -0.028556314098147486 5.0238817177473045
0.6198514551294616 1.6963261410747852 0.007280248090286482 -0.02910322985072069 4.957511244897654
2.271179494846758 4.575296672190428 0.009749070394289065 -0.028371739926328035 5.043367943090308
3.65269631768809 2.460201681521898 0.006504394262269163 -0.029286393688553732 4.9309377503398935
5.711017558808752 2.1866201043848963 0.00876465998028747 -0.02869112642316344 5.008868702581527
1.3663541351658428 6.374692252632487 0.010601630658541425 -0.028064308781437577 5.0735789673575145
2.2861882087638774 0.07231912961548512 0.009548570583426154 -0.028439845284623625 5.036309559568836
2.8321723791293154 3.49354325907195 0.009535941851123867 -0.028444082214267072 5.035865541982496
4.724823489017049 1.5991423571932641 0.008075282505868956 -0.028892729404651384 4.984926417611768
2.7961938092216476 1.2857636994119281 0.007729469309147215 -0.028987157573638556 4.9729772207466905
5.230557845074085 1.3373463068847038 0.00889571022998131 -0.028650765077118022 5.013439532671054
6.401421818806972 0.32023852831409627 0.008867038166776066 -0.028659651675289714 5.012438944560277
2.1626556830771966 2.6870426893966557 0.006888043073413055 -0.029198542131736758 4.944057139221723
0.9253830049736342 2.2092748839430234 0.007375332908786933 -0.029079278954000292 4.960779743826418
6.031909831740608 5.189910282420418 0.0066122198872882445 -0.029262237579552076 4.934621030402359
4.782108396591105 2.7173289032499413 0.006585211918222622 -0.02926832731797461 4.933698163274865
5.218400480056662 3.3188123896668547 0.00826766938533218 -0.02883826698910392 4.99159133522311
1.7244325598205208 4.762125148858976 0.010285052445396408 -0.028181868216912896 5.062322206912363
5.46190535441338 0.7002089474755523 0.009636500590034873 -0.028410171706243832 5.039402960103969
2.6087240083363192 6.534996439827057 0.009267751279921367 -0.028532591649086413 5.026451563511637
0.5990620557719828 3.949244906149323 0.007781410958013441 -0.02897325738508717 4.974769534863092
6.537597070460454 6.654636403421256 0.008837370240599586 -0.028668813844150664 5.011403929118674
2.5019660208046623 3.397610978542246 0.009504575788237197 -0.02845457852588323 5.034763018327233
1.898007293780082 6.371518978243302 0.007417108261180237 -0.02906865158623516 4.96221660821068
5.414489505363853 1.3958951688137013 0.0078698397363804 -0.028949363076304253 4.977822874265268
5.867358093795335 1.2456369932677271 0.007168116033010278 -0.029131050659687865 4.953660182681019
2.192414275468464 2.293177412487973 0.0064371235665227665 -0.02930125321875017 4.9286413390745585
0.39992142697560085 5.489018266680458 0.008602532148318404 -0.028740153803296673 5.003222740985265
4.887113592886284 4.849213193476385 0.0077646461574569624 -0.028977754744794994 4.974190949624538
5.886812744092386 4.602827125576835 0.008423929314110717 -0.028793009827228308 4.997014069352732
1.8418789984976376 0.8853466459560185 0.009658475732100786 -0.028402708436563232 5.0401765572500645
4.362706208517629 6.927627845715038 0.009618564316928643 -0.028416249233160717 5.0387716948504435
1.3255018247481305 2.8019000093779485 0.008998272386753872 -0.028618719294437038 5.017021267280752
4.565149493374545 3.4635370500300726 0.006989158815147758 -0.029174503578581115 4.947521602635183
1.1767906837914621 0.03740644912293507 0.008630862653496413 -0.028731658668731272 5.004208633083138
3.262940505139238 6.913500882045018 0.008757325931880215 -0.02869336582771039 5.008613091768234
2.982924177855737 0.9893590687016572 0.008714685811925374 -0.028706345138303946 5.007127366094928
3.368038619182246 4.268378081845108 0.009542540902979199 -0.02844186901585353 5.036097551878894
3.053282675269738 3.9182266000042696 0.010214306092546342 -0.028207586763985514 5.059813003170097
4.203625009607848 1.381722447154614 0.007334140363183985 -0.029089695514616775 4.959363437656556
4.774393693649107 3.697317984000711 0.007831905708012421 -0.02895964870264835 4.976512749233715
6.017888986021766 3.6192169868708053 0.007588341033930123 -0.029024422136414228 4.968111709498447
5.268519962009987 2.730483003913244 0.008299941632832647 -0.02882899528064707 4.992710592245594
1.4635694021470704 1.6579271313459112 0.007976725026262635 -0.028920094361108078 4.981516883957825
5.3060416241856405 6.742309119108809 0.009227105820578127 -0.02854576182510905 5.025027365019598
4.610639073512649 0.29419192300441055 0.010041020481064623 -0.02826973483601926 5.053676555378237
2.490370939688112 5.987457003936985 0.00922900628112915 -0.028545147452113093 5.025093941662863
3.5096934044481825 2.4757498334084205 0.008327786493029744 -0.028820964108206223 4.9936765897355135
0.8142653377643976 0.42822875589883 0.009972165813298734 -0.02829409671631303 5.0512419737077
3.750281360518145 0.6932521559126713 0.009990816321197938 -0.028287516491132356 5.051901216389783
4.553513911798874 2.6282651473087424 0.007776300227530699 -0.02897462950188157 4.9745931442906635
1.9469637017983883 4.513444073387046 0.009259031001450398 -0.028535422634230957 5.026145953494796
2.745637325886806 2.5250591720543984 0.006113094424657731 -0.02937056479802897 4.917595973223904
3.3643084328598216 0.5379932537813514 0.007806923756713374 -0.028966393311160854 4.975650202825167
2.5438186874508677 2.1207434308633797 0.006391077678212453 -0.0293113310190966 4.9270701447845795
0.8402729990796495 0.15383413653833883 0.008190506198929616 -0.02886027734110148 4.988916635495549
2.7248677558518457 2.2637902443808713 0.006560947970993606 -0.029273776007237514 4.932869223265491
5.430234841979727 6.687816525844931 0.008118822570177375 -0.028880524927258133 4.986433691403725
2.3163781259621476 2.7149319725949876 0.00863490070899862 -0.028730445345412508 5.004349179816149
5.0790903816066315 6.967512631715434 0.007584354549772638 -0.029025464097294687 4.967974362660757
2.887278987662782 4.02427619192006 0.009625009646263883 -0.02841406675063123 5.038998522000567
5.494598776326441 0.1987005789624848 0.007330722872060532 -0.029090556924422202 4.95924595823781
4.360161990501612 1.9283188189625304 0.007667404686546673 -0.02900363607158113 4.970836722401961
5.3268036211343315 2.546978232393654 0.009055096366097222 -0.02860079071985061 5.019007441599574
6.269125014869259 0.7928795905005149 0.010535207281063379 -0.028089311268613 5.071213194805771
4.524993454145684 2.477667501434479 0.008212007013124254 -0.028854166784303407 4.989661711135653
5.134854994836048 5.69334508979763 0.00827218878997615 -0.02883697093356015 4.991748054286525
5.344340194580131 6.078954828801758 0.00806511686729848 -0.028895568689970744 4.984574594187276
4.756077530493192 2.8105321882810945 0.0068548680579812084 -0.02920634834942001 4.94292110381131
4.745856652462604 1.4677624157046931 0.009507059238267156 -0.028453748867944956 5.034850297294727
5.669690240336544 4.056238824668912 0.007929193278109656 -0.02893316252949858 4.979873701187735
0.4764172604112377 5.658899992834244 0.01102757903047146 -0.027899686391189168 5.088800902316661
1.8717278890206759 2.9003922063454572 0.007337305752307946 -0.029088897268496595 4.959472253939984
5.25029832957997 2.4022814056134583 0.008105562185142532 -0.02888424936990379 4.9859745747547555
4.507233895610537 5.988839704480306 0.009597733517687812 -0.02842329170457658 5.038038726287906
5.731611253413322 2.3945923714382267 0.00787128789647666 -0.028948969357315293 4.977872898507249
1.21444875977276 0.16595667432235917 0.010021085582031658 -0.028276807524145953 5.052971476079838
2.3168499198858394 0.8429052393151206 0.008828210233611855 -0.028671635880625136 5.011084433650684
5.49715595434346 5.744221347874773 0.007558596181211132 -0.029032182552632527 4.967087025045208
4.0334663351841105 0.9102595030239568 0.009532196195602406 -0.028445337679284862 5.035733860009888
4.089707732564215 1.2921262273946543 0.008066439401827998 -0.02889519952131559 4.984620363938058
1.5248161461994612 1.6069095209606874 0.006938610841108049 -0.02918656676616244 4.945789353342933
1.855867832775839 6.322804389589204 0.008075387492423241 -0.028892700061559046 4.984930051280506
5.914305619383104 3.5592214925093604 0.007774631226033417 -0.028975077382108683 4.97453554256715
5.723207128479549 4.036351817679835 0.006773175584964245 -0.02922540149416675 4.940124938370114
5.474590979092096 0.6713850193037416 0.007707342500536889 -0.02899304867687111 4.97221396690656
1.9135558661180152 0.45395072057974356 0.008175435908800379 -0.02886455001729799 4.988394493101142
4.420390756957277 3.8044907137486255 0.0077959814750535135 -0.028969340221009908 4.975272464221972
3.516457626288703 4.877954803667049 0.008497542414113822 -0.02877137071674439 4.9995716599732
6.577210207700882 3.608911266627953 0.007908187176840168 -0.02893891109865851 4.979147751726102
4.212154982358946 6.641651543222602 0.007679239703253788 -0.029000504781468383 4.971244797286575
1.5444847271671485 6.402847031222289 0.008574995412172229 -0.028748381757608986 5.002264750534769
2.4839546737427436 5.101661676194579 0.00950985018698885 -0.028452816194904647 5.034948386108078
3.900749448780873 0.6352024561424114 0.009248061030733374 -0.028538979785055926 5.025761544018151
1.655351801653471 5.668628954436942 0.010042172153768987 -0.02826932575131686 5.053717294389188
4.7714370327134334 0.633166077258935 0.007424267111160469 -0.02906682400714156 4.962462889844089
5.272929572054285 4.369715779466591 0.009117072351221597 -0.028581095006010363 5.021175119704966
3.7360684207214105 0.10803372406105177 0.007716643234468152 -0.028990574626797876 4.9725347724485935
4.851536191532974 0.3220959185708377 0.009858878999111496 -0.02833376969061615 5.047240881304129
2.7264066723385243 6.675196304674105 0.008028806703783335 -0.028905678731233484 4.983318214425286
3.6198525324618678 5.60528052004905 0.010245064567903254 -0.028196429773988996 5.060903651467714
1.8645294531456136 1.607583039914821 0.008037168654924709 -0.02890335482279342 4.983607510079234
1.0742428568589066 2.785150701681675 0.008029072179632927 -0.028905604991666313 4.983327398647898
5.410492144303318 0.71238442556128 0.00970201645293504 -0.028387864955769 5.0417099354042945
5.844465557702525 0.4769570696452111 0.007114515906554531 -0.029144187472211033 4.951820632537288
3.7696924183056657 6.872833150591698 0.00801098421443327 -0.028910623167204486 4.982701693195103
1.4314961858365547 0.4808334684965589 0.007652775362616573 -0.029007499534591547 4.9703323598009845
1.1317841229917278 3.394173608197571 0.008666889887457651 -0.028720811612464647 5.005462790791679
4.215823423025956 6.350112677742737 0.007555536049782471 -0.02903297909275652 4.966981621690111
2.608376490772063 6.1728252268011605 0.007952523607951243 -0.0289267586892306 4.980680142955569
1.600825484108137 2.3594357445264014 0.009268879420979568 -0.028532225189762915 5.026491102447204
0.7311455947635381 5.341535901132286 0.010955916088180312 -0.027927905447218054 5.086233608956141
3.7175779561383075 6.867433356710044 0.008859308391748475 -0.02866204205599969 5.012169246493887
1.52493854212218 4.67735902736627 0.009280584295556836 -0.028528420130337812 5.026901363296776
2.552556340889208 2.1407566047449484 0.006959943518962711 -0.029181487045948307 4.9465203243283105
4.101341605278561 1.4322132448255356 0.009153834643016789 -0.028569342157780002 5.0224616290843915
1.2828047961246707 5.153789010401176 0.009991247120977155 -0.02828736433405498 5.051916445755641
5.241172974272384 6.988789539669254 0.008944463424385518 -0.028635582306805452 5.015141619987155
3.1559005291063387 5.366577680344539 0.008249876995612549 -0.02884336196696326 4.990974418208895
1.040535594419644 1.6110719414086836 0.008663804931646103 -0.028721742358470952 5.005355380671643
1.4514419490222918 6.76367476475055 0.009734786432446189 -0.028376644148219176 5.042864529230189
4.985428766705435 1.4416750813477879 0.008419089801483363 -0.028794425274947907 4.996845994056189
3.8139957653514354 0.5823903962786117 0.009023228315203658 -0.028610860713577053 5.0178934011270755
5.812170934440474 6.824538257785799 0.009270520466077434 -0.028531692033387002 5.026548618481057
4.6090872955788935 5.9191648833585075 0.008334807916297702 -0.028818934348764893 4.993920220394873
0.22878172518115394 0.22850099970670962 0.010155933662005064 -0.02822865585629171 5.057744388853634
5.628200192920546 4.893992884168205 0.007184452759656066 -0.029127025913132126 4.954221022556917
4.664917541406867 0.6611794428656215 0.007818435296300452 -0.028963288306364025 4.976047634301196
2.3132966594670386 1.2505268918456753 0.008185928943909668 -0.028861575967456487 4.988758038543166
1.137702215666677 3.2659997018018156 0.0077447194275531836 -0.028983086809180283 4.97350335680896
5.077357571421124 6.477410456578231 0.007696910534701061 -0.028995819840466796 4.9718541748985405
1.311413224764393 0.867757727178096 0.00994330607759092 -0.02830425169912364 5.050222165391218
6.255698713364188 6.633286348519763 0.008556980951893502 -0.028753748920600453 5.00163818385013
5.694016712673124 5.664841101392674 0.009181202435049106 -0.02856055885039101 5.023419718962227
4.696798123190402 4.661478228723342 0.00827993522954027 -0.02883474765963139 4.992016693394444
6.39398631380561 6.975068588806293 0.009034070344793295 -0.02860743912001433 5.018272371823214
2.6988089154589794 1.649185703645003 0.008877280705898662 -0.028656480720225908 5.012796349660219
1.9409130889994892 1.0253217639385048 0.007923840807903508 -0.028934628852829665 4.979688711573892
5.81817177472409 2.252036359921481 0.008007316805957423 -0.028911639136670057 4.9825748421061
4.582452849022177 1.2152325695734394 0.009346629514587519 -0.028506850347189208 5.029217305308018
4.578155960347276 4.774589613800722 0.007256622078753104 -0.02910912977067767 4.956699526891725
6.297693865206707 6.473333029744814 0.009117549087380269 -0.028580942927748397 5.021191799871591
0.17482829639045303 5.680835880265897 0.00989463102392326 -0.02832130429377177 5.048502975501584
6.082782662738818 5.518336107998231 0.00660994857915244 -0.029262750721368636 4.934543411996936
1.7922933599949704 4.939597825953604 0.00987836735479078 -0.02832698110289559 5.047928777409911
0.9248676066213855 2.766558117009258 0.008220154604184113 -0.028851846704904534 4.989944093872324
1.1588646381313275 0.2260027699568412 0.009809737961380544 -0.02835082081931755 5.045507040590869
4.939025689713154 6.502235423425303 0.008090505115914092 -0.028888470485115128 4.9854533228931395
2.9985059262957248 4.7914303319340945 0.007857868135072745 -0.02895261487969279 4.977409361581948
0.09741092110791102 6.272671432122117 0.008859089489579369 -0.02866210971676063 5.012161609148638
4.717961486236376 0.6906334184169295 0.008292490371829372 -0.028831139475107764 4.992452137734748
4.162973837538859 5.5199666412305985 0.010048601222935973 -0.028267041116155217 5.053944725669106
1.5590294653576928 0.33547439640655036 0.009189046079810841 -0.028558036209499996 5.023694363137357
4.851419520748483 2.5708829137553995 0.006749531640130383 -0.029230871055082822 4.939315993751739
0.770832946446672 1.0243956064170248 0.008961603164052742 -0.02863022299476621 5.0157402229078745
2.0595765331536513 4.769742941372022 0.009268853663706536 -0.02853223355716818 5.026490199704109
5.236199141018256 2.179283300395285 0.008556078787479347 -0.028754017385096746 5.00160680845609
5.391599793815269 1.3560763983400914 0.009645472034270415 -0.028407127085224707 5.039718759846364
1.346456325843931 6.3835754336413215 0.00850781552687757 -0.028768334587887093 4.999928739057989
2.5998739454792235 4.500733303391655 0.008111568267631713 -0.028882563256046895 4.986182517073001
0.29690400976064246 4.235518171544718 0.00994750421522952 -0.02830277654026175 5.050370491058947
2.5326809913425294 0.49656476827063745 0.008149030555340414 -0.028872015880574187 4.987479809270944
2.5617234254324317 4.536622089154534 0.009462115750627293 -0.028468726095871075 5.033271185412146
5.312429970165036 0.15202388466796712 0.007385189345876494 -0.029076777302953508 4.9611187089361435
2.422385754777435 1.1905102381625212 0.006511499420427915 -0.02928481475607737 4.931180366407158
1.3188182850361418 4.947707972803472 0.00839926424294924 -0.028800214585608806 4.996157542568374
5.940036685622363 0.23485067688686267 0.007798321296250948 -0.02896871044697086 4.975353233981023
2.1880012422072546 5.534106724031048 0.008770448300081873 -0.02868935754971852 5.009070454793219
2.8556929638613933 4.922691113172509 0.007982219325346191 -0.028918578364817135 4.981706870996189
5.337542716250298 6.248087959191503 0.009071517398098873 -0.02859558658422641 5.019581639908085
2.102778121087404 2.253115451141145 0.006684646258046382 -0.02924577754830236 4.9370968051694675
0.6012488697394938 6.732370866961094 0.008962666515172918 -0.02862989013143079 5.01577736398434
6.386472140396202 0.32036545618348033 0.009717161637373519 -0.02838268432888539 5.042243493182756
0.13954894384759023 6.490523052047163 0.0085430991820023 -0.02875787642310314 5.001155437291024
2.247323670481051 0.3649960660753466 0.009210631203154719 -0.028551081815571762 5.024450288743022
6.337153778395476 4.978110708167062 0.007615146608859598 -0.029017400678309803 4.969035373564245
6.5518414789054 1.9674276705691813 0.007412665909100921 -0.029069784727790003 4.962063788411858
3.7059065569263314 0.13693495995264515 0.007928669154227715 -0.028933306161633136 4.979855586245048
1.4231887929644647 4.5622086382825175 0.010022384068251693 -0.028276347316944152 5.053017396991711
0.5645670270801472 2.609617995313189 0.007671011794606119 -0.029002682256077862 4.970961091889934
0.8743407441408589 6.626999171549047 0.009508620421428443 -0.028453227192731478 5.034905165195605
4.5494631104067675 6.965759616477658 0.008599527555051056 -0.02874105297009693 5.003118199225158
6.378588143079234 1.196705281710722 0.010142778229836506 -0.028233385375833954 5.057278396776713
3.2240299118778863 2.7010991332317 0.0066459516208531785 -0.02925459497332477 4.935773920207125
4.868005909774704 4.630579848019948 0.008197406439370706 -0.02885831817115758 4.98915573488274
0.4624112959414973 3.4566388395426704 0.007307270145709709 -0.029096456880823473 4.958439842799087
0.7370642112768513 5.660107628895598 0.010164987160252902 -0.0282253970039731 5.05806512749724
0.2904690765775897 6.071787657232577 0.009438224194428857 -0.028476655773733293 5.0324320812034395
5.347107245034328 5.821102709001638 0.007948666352435482 -0.028927818846530062 4.980546799815775
5.04363380350602 6.819576902696896 0.008970462421604595 -0.028627448435768418 5.0160496751527806
5.216919541222243 3.5461731945793207 0.008003172027899576 -0.028912786747248106 4.9824314847623
5.659703243673824 5.796420538422075 0.007943811129671479 -0.028929152506357796 4.980378964457681
4.284169029782038 5.3848736116136084 0.007381066988995384 -0.029077824026291284 4.960976936598961
4.461152901782966 2.0473659118539587 0.00692260851312068 -0.0291903664138371 4.945241111881286
6.514556140924577 6.332950729693302 0.008437089052149942 -0.02878915643651428 4.997471146210516
4.116509468594339 5.768495837477186 0.008280802750279483 -0.028834498535798465 4.992046779473121
5.171526855089447 0.731364492401826 0.008912651904021648 -0.028645499402833584 5.014030903633904
4.044640237431581 0.5761158844416081 0.00842145007335541 -0.02879373505924478 4.996927964789654
4.793305796079628 6.407867431180736 0.009141228759299767 -0.02857337811267948 5.022020422104644
6.177819918519732 3.9575309967410286 0.008284331013196002 -0.028833485041940367 4.992169144178568
1.2292828175141672 0.8195968282642071 0.008449866946110616 -0.028785408605629125 4.997915019081862
4.622701192188452 1.2317043930535545 0.00856009569737726 -0.0287528218032899 5.001746510444517
3.1870660671033244 2.0146526254224955 0.007519040489229701 -0.02904245220571645 4.9657247888114675
5.806013781583878 6.867154270983212 0.009263125034827091 -0.02853409389816259 5.026289428807658
6.3874612364798535 4.924760915211902 0.007250233318403395 -0.02911072168168823 4.956480056722541
5.183020139805474 6.761124165436626 0.008952601920652375 -0.028633038938441924 5.015425841818765
6.015495008807292 3.2231660294733055 0.008608110241095594 -0.02873848357302704 5.003416833713079
5.162774375665835 0.24916811499996647 0.008853366917377148 -0.02866387786441834 5.011961958957698
4.232879396594787 3.8650576328937256 0.006628910064248372 -0.029258461192620957 4.935191432904645
4.876676465906771 6.072696072857189 0.009218517402319645 -0.028548536510706282 5.02472651472652
5.327785810673617 4.116187306105301 0.006789928755571184 -0.02922151377828102 4.940698216534411
2.819782696998164 0.177780606909124 0.007238209248597889 -0.02911371372521053 4.956067031862771
0.8088017490441171 6.871808731528408 0.010671945067213922 -0.02803764591548956 5.0760856312423925
5.860014209193154 1.8576262237058647 0.006922072753497584 -0.02919049346611472 4.9452227579336325
0.3314826132846966 0.22049200299465177 0.008202187131398274 -0.028856959754304065 4.9893213995798
3.7951528684581928 0.7914941664836961 0.008312855261732822 -0.02882527428139203 4.99315856006419
3.461891988161848 1.6443069896450082 0.007709463803525694 -0.028992484679001333 4.97228713353503
6.191602181655638 3.490729849429867 0.009193411769959251 -0.028556631104315763 5.023847237708645
1.2317105549632303 0.5771834363341011 0.009238744919253295 -0.028541996992449064 5.025435126639777
0.5845145424299675 1.8841119112399538 0.008378445758224181 -0.028806277903896144 4.99543476001665
0.9425434598901078 6.598723079261697 0.008172958314790741 -0.028865251642497296 4.988308658958744
4.962529100375248 1.7930046532148052 0.006792934909481341 -0.02922081510354476 4.940801092445246
5.488642168387977 1.1451818229977604 0.008205985847308734 -0.02885587975220594 4.989453041548465
4.957980023010677 6.246154416672189 0.0072899509184524555 -0.02910080094441653 4.957844652324718
5.835306804372921 2.194007388947012 0.006832776005285764 -0.02921152464459175 4.9421647581756325
1.4988548194500924 5.071022587177441 0.00962992934035961 -0.028412399773684746 5.039171669985453
3.939454327881344 3.0120100699247536 0.007628421029221549 -0.029013913775996 4.969492865187699
2.4843459333401707 5.648055426437163 0.008891117397284369 -0.02865219069159821 5.013279232643752
5.319868570395517 2.0671968752281624 0.0061792943437470205 -0.02935670828640936 4.919850458663899
0.6099051281336813 5.231906795114186 0.008644260546016845 -0.028727630595170507 5.0046749769049725
1.1256779938640162 4.523457734417483 0.008838435776021242 -0.028668485363429086 5.011441096388017
5.756476836858484 5.947551970329393 0.0076276737477274 -0.029014110243090863 4.969467109304857
3.7483157014646293 5.536671674049625 0.009788836801802871 -0.02835804425674785 5.044769901570252
4.335275673263043 4.739395310624977 0.007225433028761152 -0.02911688715413939 4.955628217238199
5.721101467218017 6.459223410770493 0.007285286583165765 -0.029101968995261213 4.957684373517317