100

23.42411129208097	25.859001765458014	0.005	0
42.574125148024	20.712682669607492	0.005	0
37.61414843736081	20.403958693376612	0.005	0
17.093447185667515	37.36334589484185	0.005	0
28.428745190947815	3.4347331317119534	0.005	0
40.42567776274684	1.586744251066221	0.005	0
43.91684066582143	32.726140925686636	0.005	0
46.58379949997715	15.433439601111942	0.005	0
13.398509725894542	46.34081503742736	0.005	0
23.863694540329323	13.512652683155515	0.005	0
21.7344648152448	6.961910649369785	0.005	0
21.749622184188844	26.064149056609256	0.005	0
9.468470110564455	9.382145028511042	0.005	0
48.106959937715814	6.593069711557415	0.005	0
5.444207442809128	15.736330763761782	0.005	0
44.590658103232066	40.83527406434996	0.005	0
1.517833719718659	10.910946723120283	0.005	0
26.407250831462907	30.780155494018974	0.005	0
3.712393691151736	44.04530342733997	0.005	0
29.006149194361626	10.94797391782361	0.005	0
18.356494742092906	19.123094074664433	0.005	0
17.73165231239033	49.06016177439022	0.005	0
7.61392965197477	45.53047495982533	0.005	0
35.0853428492727	28.633340301050083	0.005	0
16.90417100991675	12.259865377432666	0.005	0
25.439528035131712	24.988153546313463	0.005	0
0.005	4.583037007007568	0.005	0
31.005086074637564	6.628016538720971	0.005	0
2.614658564408219	6.391114037298068	0.005	0
15.122698923286213	8.264105241631325	0.005	0
7.9889856351626625	0.6464911798965222	0.005	0
35.66060216157008	0.008338040457244598	0.005	0
38.360686545488164	15.880799301332871	0.005	0
13.05696538259425	24.452898280266133	0.005	0
2.480983768720976	10.734367783875818	0.005	0
15.702870042792393	41.26344262067715	0.005	0
9.450449331750413	31.518632510677886	0.005	0
19.87236315380089	42.96490016328075	0.005	0
43.88262097129661	11.63494344405321	0.005	0
10.88397705602887	1.814492808292871	0.005	0
43.77335371529463	26.771806038852045	0.005	0
11.423328530764822	11.045238355033867	0.005	0
42.0498577185182	48.40153367683381	0.005	0
16.842744206816946	11.101368400169209	0.005	0
49.770383910810324	15.627466762547089	0.005	0
24.30026045754627	47.91306237630366	0.005	0
44.80467911737805	40.622720639955126	0.005	0
32.28741890915459	11.937780625994378	0.005	0
12.214348031796314	48.406891797509076	0.005	0
0.5362974364743307	2.0326213846646066	0.005	0
16.064066173588234	40.126590611627556	0.005	0
42.94059296816929	2.3834721354790047	0.005	0
34.35564415801333	27.98960452845133	0.005	0
44.5230827411993	25.4575500698295	0.005	0
32.253497257613844	32.18538151949324	0.005	0
40.364240950658335	18.305765920966117	0.005	0
14.997450707327785	30.449047470971397	0.005	0
23.42520339383574	23.591266881103735	0.005	0
21.365063457853445	7.091219274688975	0.005	0
7.185956838150715	8.697102916541	0.005	0
15.510873059744318	37.213567144925605	0.005	0
33.05142572194961	7.332054799567591	0.005	0
7.596024643911487	39.81632082102166	0.005	0
28.07117711610287	42.60981111404712	0.005	0
45.98062125507795	24.461837529793115	0.005	0
39.26875211944427	11.982465860588219	0.005	0
22.78845952000705	15.517379986913054	0.005	0
36.96112273685785	11.985456242644904	0.005	0
33.78049348956637	27.641984451812412	0.005	0
27.64973738248597	3.0352934646717964	0.005	0
2.803821302942601	39.261532511688735	0.005	0
43.88001472646865	10.23319463073482	0.005	0
6.0611984331817785	12.218166334563184	0.005	0
23.578306618911732	28.97508586890369	0.005	0
18.013434882086873	23.319535651803783	0.005	0
17.238352700209415	32.106659470862766	0.005	0
34.91710774015943	14.139058946731092	0.005	0
23.5893997148053	7.721277100395872	0.005	0
44.28454214849419	33.75132236171069	0.005	0
14.784694384762872	41.55940425654655	0.005	0
49.70872898603815	48.684454446402526	0.005	0
43.421573164601156	7.786275673850172	0.005	0
19.169078022807472	39.910637954499514	0.005	0
41.44752607628938	38.78428834417502	0.005	0
21.422586239568385	25.413378519131637	0.005	0
40.653083562161264	49.85290462208722	0.005	0
41.728632092285196	18.073057817045694	0.005	0
19.312881637134694	6.848658941209238	0.005	0
15.500451476703784	35.92033037415496	0.005	0
31.53823844420526	14.657055503062889	0.005	0
28.525573377205337	18.140457752323247	0.005	0
39.777812827544714	10.809658276355018	0.005	0
25.0	25.0	0.05	1
22.248478069694173	5.313291089141994	0.005	0
42.65846384202201	16.63275594700147	0.005	0
13.303210665375872	41.16259193136968	0.005	0
29.655300327681903	15.628377044093506	0.005	0
44.88934032419232	13.799809110141204	0.005	0
40.95955269569	13.243950106421872	0.005	0
43.18085994314498	40.64474264779254	0.005	0